0.0075 -46.633384367015736
0.012499999999999999 -158.75225342357595
0.017499999999999998 106.9301193475283
0.0225 354.6797883880248
0.0275 9.309813953120523
0.0325 -224.84261988824016
0.0375 -185.68795845679065
0.042499999999999996 -158.64431940697463
0.0475 93.1878564652644
0.0525 -115.6914462675915
0.057499999999999996 109.13116988395927
0.0625 76.68234938397185
0.06749999999999999 -6.517313785873008
0.0725 -140.74403177759496
0.0775 196.90466109145532
0.08249999999999999 162.74284770253053
0.0875 -137.1307320630895
0.0925 -36.2704908268677
0.09749999999999999 -232.5437453425703
0.1025 96.1488360921934
0.1075 5.56870385910657
0.11249999999999999 93.39111265184796
0.1175 -81.83922985689836
0.1225 -102.17222066765068
0.1275 269.57021904120904
0.1325 143.38496451277368
0.13749999999999998 -304.3343698876375
0.1425 0.5611123012939729
0.1475 -91.53400790780316
0.1525 84.96297265027984
0.1575 26.692233206595954
0.1625 85.45132267850072
0.16749999999999998 -21.956837842298576
0.1725 103.40760345409231
0.1775 160.7109361272235
0.1825 -79.9006492493433
0.1875 -157.92881541000247
0.1925 407.34190176597014
0.19749999999999998 -67.78361299616628
0.20249999999999999 -82.92635482425626
0.2075 -70.22956015602742
0.2125 18.057692675573332
0.2175 -89.89889908646133
0.2225 216.04545830200965
0.22749999999999998 20.691670907512357
0.23249999999999998 279.57825080320384
0.2375 -97.23835510768464
0.2425 -242.1331471161073
0.2475 -195.66114217309217
0.2525 67.53702945962908
0.2575 -216.1791294545125
0.2625 338.5768898313768
0.2675 -39.759704529148685
0.27249999999999996 -318.7749668994611
0.27749999999999997 -75.63343181422793
0.2825 -197.85824728030306
0.2875 219.5100349146898
0.2925 -231.67044990156216
0.2975 181.41101370436007
0.3025 115.60411153906195
0.3075 -56.2792622018273
0.3125 98.4741454112786
0.3175 167.89939802998236
0.3225 -183.21454599618465
0.32749999999999996 -58.358753082367556
0.33249999999999996 190.79232086398108
0.33749999999999997 10.619762312219938
0.34249999999999997 166.34707914061755
0.3475 -247.17015149084577
0.3525 151.27020219002776
0.3575 -102.50377909655039
0.3625 286.69322079691625
0.3675 -95.5323170509482
0.3725 68.78662554167339
0.3775 92.03069776072947
0.3825 16.493701321233026
0.38749999999999996 72.71766777462278
0.39249999999999996 -83.33912956626814
0.39749999999999996 -137.6763381854163
0.40249999999999997 121.44130854108639
0.4075 118.20518233330317
0.4125 -146.25210703222638
0.4175 -58.87977981489051
0.4225 -1.4701621419331525
0.4275 89.14717034111389
0.4325 -119.71179561471928
0.4375 89.02249904109694
0.4425 94.46862089865093
0.44749999999999995 -41.95118032047566
0.45249999999999996 -217.93883588855925
0.45749999999999996 217.2310575457054
0.46249999999999997 -7.917708846589446
0.46749999999999997 24.87011006649749
0.4725 -146.7549518152649
0.4775 -126.04337908324734
0.4825 19.75634285556635
0.4875 126.2630243806973
0.4925 -281.4820451439816
0.4975 284.25182672343027
0.5025 16.287546328428885
0.5075 11.941124178026927
0.5125 2.2702673971206146
0.5175 143.99053421158476
0.5225 -213.52794102451608
0.5275 75.83371840213756
0.5325 -35.125214793524194
0.5375 95.18237995375785
0.5425 -150.7401843553872
0.5475 -60.96615447200939
0.5525 -29.201310918343868
0.5575 -44.997376823636415
0.5625 223.27818062031042
0.5675 78.27479983088544
0.5725 -93.75953684294515
0.5775 54.93078044455053
0.5825 65.10609503691363
0.5875 -103.00983671218465
0.5925 19.979592252080405
0.5974999999999999 159.06163565592695
0.6024999999999999 -136.38199528577854
0.6074999999999999 231.8656881190923
0.6124999999999999 -367.16625657208294
0.6174999999999999 46.33914224559265
0.6224999999999999 -11.401952537052239
0.6275 119.73373088007465
0.6325 154.4030495771457
0.6375 -218.51005703638478
0.6425 -167.89131466343957
0.6475 99.51478131665978
0.6525 -87.45153117601167
0.6575 -60.54794427095719
0.6625 47.32186623979103
0.6675 -314.19284088097083
0.6725 229.16866118081666
0.6775 183.75600740458776
0.6825 -108.91190776053178
0.6875 19.51836336538194
0.6925 -38.12583128612788
0.6975 113.02289289618254
0.7025 41.86485129217053
0.7075 -58.32932164623697
0.7125 -95.5593602286628
0.7174999999999999 355.6993413007646
0.7224999999999999 -130.18058348035535
0.7274999999999999 -43.05150729087115
0.7324999999999999 80.07328263386248
0.7374999999999999 90.1922074843737
0.7424999999999999 -155.3127649721137
0.7474999999999999 0.07013005702059566
0.7525 252.2508679685741
0.7575 -274.1172093703201
0.7625 65.56151920560869
0.7675 34.84864966612159
0.7725 70.60308903566397
0.7775 41.32591939812883
0.7825 -52.178564078101765
0.7875 164.06078264778347
0.7925 -230.36899380779488
0.7975 -13.627740956800105
0.8025 -130.58629608301823
0.8075 -12.608376209874837
0.8125 8.951562558614972
0.8175 -69.69687062998868
0.8225 165.5439448105686
0.8275 -148.51634391236607
0.8325 38.6216968938356
0.8374999999999999 173.122628269239
0.8424999999999999 -113.69986112645663
0.8474999999999999 -184.62957048843992
0.8524999999999999 280.78984416730174
0.8574999999999999 -119.649024683232
0.8624999999999999 -248.2982344979073
0.8674999999999999 340.95644340727404
0.8724999999999999 -185.88529202567156
0.8775 349.3131298750641
0.8825 -239.64332153046632
0.8875 -140.0880273244181
0.8925 35.382975839993826
0.8975 121.84158012526437
0.9025 -303.77834095819617
0.9075 121.17786324221002
0.9125 195.3399760237063
0.9175 -196.94465303786475
0.9225 483.8734055903619
0.9275 -47.35387995566178
0.9325 -196.867342152289
0.9375 43.01823510097889
0.9425 14.202391459492707
0.9475 15.059948080162911
0.9524999999999999 -87.6161409004485
0.9574999999999999 -199.92997079444302
0.9624999999999999 91.48312313449618
0.9674999999999999 3.0897663633216075
0.9724999999999999 278.5523923619079
0.9774999999999999 -306.6143990114163
0.9824999999999999 19.99724036330627
0.9874999999999999 -103.64897098161528
0.9924999999999999 -28.039338063814075
0.9974999999999999 259.03528562836465
1.0025 70.903730110628
1.0075 21.59998571721426
1.0125 -237.33491463332638
1.0174999999999998 181.73660319781817
1.0225 -157.93918841238917
1.0274999999999999 -87.24065351732638
1.0325 24.772246342173425
1.0374999999999999 -177.28862808886578
1.0425 102.12207592549144
1.0474999999999999 -16.507366633244864
1.0525 181.7209920144314
1.0574999999999999 65.36536463371989
1.0625 -45.68881776832676
1.0675 -355.04242312491886
1.0725 59.802934986061814
1.0775 16.401567969677938
1.0825 171.48737470496286
1.0875 -15.288779553730528
1.0925 -145.26305145574375
1.0975 176.5786550483745
1.1025 76.42964953736903
1.1075 81.0713638533902
1.1125 -215.3914702494921
1.1175 -123.12896615314166
1.1225 -121.80964003091339
1.1275 172.43952787296874
1.1324999999999998 66.77811541185396
1.1375 204.2715172133108
1.1424999999999998 -223.91493926343568
1.1475 78.98713297071279
1.1524999999999999 -13.956177346399183
1.1575 217.19851676817703
1.1624999999999999 -132.46109551919685
1.1675 278.7748530410145
1.1724999999999999 -92.9109340201908
1.1775 82.47075249016754
1.1824999999999999 -73.822713233092
1.1875 208.2092821634283
1.1925 -286.410237833599
1.1975 103.71841285177551
1.2025 13.366355218294368
1.2075 7.1016962771300625
1.2125 -215.96144845026544
1.2175 157.47202190735666
1.2225 -29.998949753930845
1.2275 -137.78934188908374
1.2325 194.7965455192665
1.2375 322.02710970243163
1.2425 -112.44127249486542
1.2475 -353.62103382529676
1.2525 224.562807584691
1.2574999999999998 -1.6598719688799584
1.2625 -93.41970253940006
1.2674999999999998 -192.9259638921934
1.2725 -71.94525894832933
1.2774999999999999 21.170333159555977
1.2825 118.70349883364206
1.2874999999999999 168.2786385973909
1.2925 -81.51991431171977
1.2974999999999999 -134.93326036150137
1.3025 302.17571455666325
1.3074999999999999 113.67253892384004
1.3125 -195.70232811712506
1.3175 -132.2899620004382
1.3225 186.87010347615154
1.3275 21.947966416270788
1.3325 -96.60993155222334
1.3375 199.2093659906738
1.3425 -311.2170237874312
1.3475 -295.41270516636274
1.3525 -80.21619417529111
1.3575 275.7041956398793
1.3625 -62.282303026284076
1.3675 227.29526811962148
1.3724999999999998 -41.412717525125586
1.3775 23.912025135667218
1.3824999999999998 -274.6598708950252
1.3875 124.51064772884355
1.3924999999999998 324.89532081949295
1.3975 -47.19250079483019
1.4024999999999999 -154.0169014821589
1.4075 -232.76002911695562
1.4124999999999999 58.64250028837794
1.4175 160.2433172347291
1.4224999999999999 -9.115108652757533
1.4275 82.63386080272609
1.4324999999999999 -300.68431375764214
1.4375 50.212200788022294
1.4425 122.40864372967886
1.4475 -60.86980265342634
1.4525 219.40451234827006
1.4575 -48.700583315717815
1.4625 -136.77448634510768
1.4675 -20.764363309223537
1.4725 92.96250329599253
1.4775 49.01262306123867
1.4825 -118.41838749126812
1.4874999999999998 164.30865864003562
1.4925 269.50187968455856
1.4974999999999998 -329.8381214923778
1.5025 393.19750524747076
1.5074999999999998 -147.67339691976954
1.5125 45.06450826760399
1.5174999999999998 -217.639457432528
1.5225 52.00220185242601
1.5274999999999999 51.7654260313248
1.5325 -56.218926010975565
1.5374999999999999 -25.998943434088886
1.5425 193.8102434468361
1.5474999999999999 -302.531175175811
1.5525 -65.76310992735638
1.5574999999999999 310.1195327258721
1.5625 16.285626773951083
1.5675 77.64392538279297
1.5725 -151.06951716429532
1.5775 7.05548625650338
1.5825 -40.85426936556997
1.5875 127.4387901841901
1.5925 143.8794647998575
1.5975 -6.629395871802428
1.6025 45.3487239801758
1.6075 121.8953105446597
1.6124999999999998 -182.9296639397771
1.6175 -14.102601733051042
1.6224999999999998 -87.89953151250256
1.6275 -84.80934276298177
1.6324999999999998 219.5996663846255
1.6375 -76.9102208171316
1.6424999999999998 7.310124687990251
1.6475 -55.32173259042293
1.6524999999999999 79.69384251858133
1.6575 -174.22009906678727
1.6624999999999999 97.78400544239865
1.6675 46.43374043773439
1.6724999999999999 -415.5981771653769
1.6775 -45.31505670786515
1.6824999999999999 74.33759799657463
1.6875 84.48501026321969
1.6925 184.8567839662749
1.6975 -280.4600356146855
1.7025 101.93269821778662
1.7075 78.99372166908218
1.7125 -94.01276684344097
1.7175 -11.45832714668827
1.7225 98.05535706089222
1.7274999999999998 61.20267498631217
1.7325 141.3282225831524
1.7374999999999998 -266.02698760480814
1.7425 66.10591521121249
1.7474999999999998 -288.72442786888666
1.7525 99.55349992000079
1.7574999999999998 243.41252333316936
1.7625 -49.97561898824529
1.7674999999999998 44.272757640376625
1.7725 -283.18040557493714
1.7774999999999999 284.954826049347
1.7825 21.906612833603056
1.7874999999999999 41.45442375421507
1.7925 133.99371923749132
1.7974999999999999 70.8413448532684
1.8025 2.898529893171383
1.8074999999999999 -69.9896105829227
1.8125 11.961933211768951
1.8175 -40.69247799988877
1.8225 -204.37931990859536
1.8275 60.0661154053684
1.8325 -79.3980138172216
1.8375 138.76418384100253
1.8425 16.790498155446524
1.8475 21.00886188958438
1.8524999999999998 -94.85055934277032
1.8575 103.2851490894909
1.8624999999999998 -21.36032089293664
1.8675 -61.63324018106734
1.8724999999999998 21.552013698083375
1.8775 95.30059644261968
1.8824999999999998 -220.0877579809164
1.8875 -74.75485055863582
1.8924999999999998 13.25305308101328
1.8975 67.79721751614571
1.9024999999999999 -79.76289167484391
1.9075 131.03597316771462
1.9124999999999999 -183.49971688053841
1.9175 38.28137783304508
1.9224999999999999 0.7827134705397994
1.9275 -75.1764594224738
1.9324999999999999 125.09724741868514
1.9375 -8.654330048169227
1.9425 -131.62221836895162
1.9475 -8.668867502152475
1.9525 231.08608925332973
1.9575 32.36465248369141
1.9625 60.786731130649905
1.9674999999999998 -22.125816796687886
1.9725 -138.33483669093565
1.9774999999999998 322.03819872179736
1.9825 0.5570373929399433
1.9874999999999998 -137.8240578239534
1.9925 -38.32197533125782
1.9974999999999998 174.5814438809678
2.0025 165.8404880814781
2.0075 -198.9136285431549
2.0124999999999997 -4.183970312842713
2.0175 -83.9893464074247
2.0225 -85.0717693347696
2.0275 2.153301421418908
2.0324999999999998 -53.7811117921122
2.0375 -84.35848010206895
2.0425 102.15253299689601
2.0475 60.36448651636915
2.0524999999999998 149.957373512328
2.0575 -136.77130298743668
2.0625 -49.534672007839006
2.0675 -103.95331826520433
2.0725 80.20061430901191
2.0775 180.15347656439434
2.0825 -266.45051010182203
2.0875 281.1955865080584
2.0925 -3.90106840556865
2.0974999999999997 96.69063942288265
2.1025 139.50718892969965
2.1075 -0.4449660969383532
2.1125 -67.45578525060594
2.1174999999999997 -182.7814619125153
2.1225 -48.22479608599899
2.1275 179.5829833419438
2.1325 -90.73892154807034
2.1374999999999997 137.55184426128608
2.1425 -66.90404913342701
2.1475 114.86273770323439
2.1525 -128.9413010560947
2.1574999999999998 -22.065282933042468
2.1625 -80.42962684283188
2.1675 148.22307735832018
2.1725 -112.16954039983135
2.1774999999999998 37.16913759806521
2.1825 80.07199126371954
2.1875 228.45236392677225
2.1925 -23.330112748376255
2.1975 -51.05011105546637
2.2024999999999997 -203.59379921463707
2.2075 -79.94801657197002
2.2125 -110.28882255665364
2.2175 9.508625215776176
2.2224999999999997 329.1465244884874
2.2275 8.748652176059917
2.2325 -344.5951078735864
2.2375 75.81517893760538
2.2424999999999997 72.41863913594685
2.2475 -50.08614837724312
2.2525 215.26758187716518
2.2575 90.15044441078638
2.2624999999999997 0.9312499855643206
2.2675 1.3221222267577692
2.2725 -20.214088437758623
2.2775 -149.56816370952723
2.2824999999999998 36.52071083225249
2.2875 0.7854383220702582
2.2925 17.139502976555473
2.2975 -203.26507143119431
2.3024999999999998 172.25437988276542
2.3075 -54.64847356232093
2.3125 -31.570376158052728
2.3175 -110.2869164237934
2.3225 -12.668326101572585
2.3274999999999997 70.39071878126093
2.3325 -77.0830859877224
2.3375 157.2920177520772
2.3425 13.573547360015018
2.3474999999999997 -98.52954787473408
2.3525 55.172340085422626
2.3575 67.29760175059474
2.3625 -82.28236929800585
2.3674999999999997 149.07670565575347
2.3725 -58.69253377585448
2.3775 -79.70474633278343
2.3825 8.317585348349029
2.3874999999999997 -147.09692943270576
2.3925 76.77897529303867
2.3975 -216.98395964541348
2.4025 24.60989977220276
2.4074999999999998 117.17372523530844
2.4125 222.00405620324275
2.4175 -159.71995968041819
2.4225 67.70445834877651
2.4274999999999998 86.82842958797175
2.4325 -133.30791984604207
2.4375 -12.848194988000753
2.4425 11.688650130401617
2.4475 99.91672889243247
2.4524999999999997 83.174998710671
2.4575 -136.87600884184965
2.4625 -56.237563473053505
2.4675 59.71775482190158
2.4724999999999997 -6.713951009655458
2.4775 -90.55243027764445
2.4825 -73.20014413456971
2.4875 73.8995340980429
2.4924999999999997 -53.1547793772981
2.4975 102.96587933571335
2.5025 26.06574394307486
2.5075 -127.72717179578783
2.5124999999999997 63.27171809158174
2.5175 330.80807889660184
2.5225 -163.28677401731252
2.5275 109.52884556940282
2.5324999999999998 -181.33313990035433
2.5375 91.85689307691055
2.5425 77.06117111796232
2.5475 -219.36133523490295
2.5524999999999998 -124.28914735331378
2.5574999999999997 16.654157285312746
2.5625 -12.344116403031824
2.5675 92.62265136012635
2.5725 165.23238274962708
2.5774999999999997 -53.38903055266388
2.5825 -251.88735293147047
2.5875 -94.95401369713953
2.5925 75.36083244584843
2.5974999999999997 31.481497943505588
2.6025 13.193529786218258
2.6075 221.00008631480972
2.6125 -328.7397407881107
2.6174999999999997 372.0516919357388
2.6225 33.997565949473326
2.6275 -397.3275421060567
2.6325 383.5568738176896
2.6374999999999997 -13.033058558338192
2.6425 -131.88268512140903
2.6475 -9.210332134375461
2.6525 163.7195927608664
2.6574999999999998 94.06040950660409
2.6625 -264.53725036264785
2.6675 85.92111245184066
2.6725 -69.80187583910666
2.6774999999999998 67.37000269267004
2.6824999999999997 -101.90537285714237
2.6875 -5.46389155284466
2.6925 41.38805780299321
2.6975 68.96206864971633
2.7024999999999997 -147.8031831061235
2.7075 75.1002267401741
2.7125 -133.75299200007592
2.7175 48.81222633711449
2.7224999999999997 66.80716637144405
2.7275 13.788396666129163
2.7325 -83.85402413279495
2.7375 211.6684306529032
2.7424999999999997 40.54469441129159
2.7475 -98.99952528755067
2.7525 -45.230059248763354
2.7575 62.04669442536351
2.7624999999999997 74.86243357362147
2.7675 2.629013549292504
2.7725 20.999793086827996
2.7775 -145.31546839880252
2.7824999999999998 23.224568569204724
2.7875 73.36579373830112
2.7925 -287.7489131254924
2.7975 222.08140472198141
2.8024999999999998 -37.98538853282049
2.8074999999999997 70.40173792926478
2.8125 124.0353943044872
2.8175 8.792127426975531
2.8225 -148.31086894818418
2.8274999999999997 78.69652047574402
2.8325 -258.08056360223617
2.8375 181.98969911372302
2.8425 -154.76804178168615
2.8474999999999997 116.8396653195428
2.8525 -4.76417203602697
2.8575 -124.6426324945773
2.8625 110.83312283454407
2.8674999999999997 91.34245629280959
2.8725 -65.91679363270913
2.8775 -22.26310020649293
2.8825 -80.06030787723175
2.8874999999999997 321.1175111544869
2.8925 -179.81845193697154
2.8975 -62.81663604254956
2.9025 -0.19903600895727536
2.9074999999999998 54.9940446862748
2.9125 -69.04067537930753
2.9175 -4.343714404854644
2.9225 -108.01700667330499
2.9274999999999998 384.4018635936348
2.9324999999999997 -189.58923555535367
2.9375 143.285967714443
2.9425 -58.0841226416586
2.9475 -93.4980000454498
2.9524999999999997 103.1693447416292
2.9575 18.420606634746175
2.9625 -24.12548754130179
2.9675 38.35666652824416
2.9724999999999997 -267.480563456523
2.9775 91.10213315134989
2.9825 -83.77368575137156
2.9875 -111.69484463052554
2.9924999999999997 239.51818652672162
2.9975 4.560782225398165
3.0025 -168.0632605848131
3.0075 161.7985229561263
3.0124999999999997 -202.51731206344337
3.0175 390.91741059461805
3.0225 -142.28346433510345
3.0275 -162.99751710571573
3.0324999999999998 65.311473418083
3.0374999999999996 -78.96142267804638
3.0425 33.673290351777304
3.0475 -2.4799851837963764
3.0524999999999998 -146.34216570353104
3.0574999999999997 56.11008560754043
3.0625 149.65548659545306
3.0675 85.82500419614068
3.0725 -359.4725924844315
3.0774999999999997 87.44158776407477
3.0825 233.129665924881
3.0875 -188.9255661506546
3.0925 131.87074814797316
3.0974999999999997 -29.820027881046457
3.1025 302.54494193946135
3.1075 94.79775606766145
3.1125 -346.77487514578877
3.1174999999999997 -115.99599908614728
3.1225 -6.944348601772212
3.1275 111.52764022451075
3.1325 -62.87647514011034
3.1374999999999997 2.8661406351783674
3.1425 10.703913156740569
3.1475 -43.97658675356173
3.1525 102.71054043066475
3.1574999999999998 -75.9666703138414
3.1624999999999996 65.6920107505984
3.1675 -68.0200674221611
3.1725 163.0249890514771
3.1774999999999998 -77.94471435871898
3.1824999999999997 213.0571298923979
3.1875 -262.6001651469808
3.1925 269.1205172186293
3.1975 -96.6212467653201
3.2024999999999997 149.32768121925528
3.2075 -139.9072199774377
3.2125 45.15988261083481
3.2175 -118.55377358437347
3.2224999999999997 -25.843884341899063
3.2275 19.83808840148011
3.2325 24.520343897554117
3.2375 -226.89463520444568
3.2424999999999997 -106.94189668533892
3.2475 98.6094157100365
3.2525 182.1614258153433
3.2575 -78.76154321253559
3.2624999999999997 -46.641937884926016
3.2675 -0.18756394715355126
3.2725 68.9396637593314
3.2775 80.5865369997747
3.2824999999999998 -208.71860925877948
3.2874999999999996 207.54133141796115
3.2925 -93.77263436790108
3.2975 76.74282521885905
3.3024999999999998 -17.414574554252823
3.3074999999999997 -40.821023410334554
3.3125 56.41305928068299
3.3175 63.28307185893278
3.3225 25.72376000957867
3.3274999999999997 174.20065555104588
3.3325 -130.2105290828639
3.3375 -39.555528961763365
3.3425 73.38943447017603
3.3474999999999997 4.132526831809345
3.3525 92.44459676058742
3.3575 -12.210163133391584
3.3625 -206.00165161320402
3.3674999999999997 26.010743207054315
3.3725 -79.01922155815592
3.3775 -74.71925938955935
3.3825 76.4468393398311
3.3874999999999997 -56.97587389046882
3.3924999999999996 132.1663339022241
3.3975 -136.75256351448618
3.4025 190.92603418931162
3.4074999999999998 53.083641646285784
3.4124999999999996 -72.80585349291765
3.4175 15.173462232946633
3.4225 -217.81774210754023
3.4274999999999998 22.112983624963785
3.4324999999999997 217.93676580142974
3.4375 -50.67219093837212
3.4425 43.49271665074197
3.4475 -132.2281096602458
3.4524999999999997 16.571466962791455
3.4575 63.94568777459504
3.4625 290.18481881007864
3.4675 -162.95272048339442
3.4724999999999997 -47.26337614637795
3.4775 -160.57284952571757
3.4825 -269.81053547185996
3.4875 375.1111307067897
3.4924999999999997 -114.40660192564052
3.4975 28.532771200718624
3.5025 -156.56815281108962
3.5075 104.35790082030374
3.5124999999999997 181.29707759302673
3.5174999999999996 67.60601657380664
3.5225 30.406518224180395
3.5275 -49.70516944719362
3.5324999999999998 31.00922096021641
3.5374999999999996 -115.00077509214266
3.5425 -152.67146064234728
3.5475 -21.350606536693277
3.5524999999999998 157.3765538101798
3.5574999999999997 -66.4953060742656
3.5625 -35.620255761259855
3.5675 -79.46388076717743
3.5725 179.8255293072248
3.5774999999999997 54.543719153232736
3.5825 -67.34382178809041
3.5875 -34.753589135441175
3.5925 123.47042958775651
3.5974999999999997 166.31347581836692
3.6025 -180.14632215142467
3.6075 -233.07234874267758
3.6125 64.70090891200222
3.6174999999999997 162.63386159394952
3.6225 -224.04417911100492
3.6275 162.94357101934827
3.6325 -202.43468726999595
3.6374999999999997 216.37404348898997
3.6424999999999996 -51.91824921526105
3.6475 121.40886291558928
3.6525 -141.56092737764192
3.6574999999999998 -212.23538653896804
3.6624999999999996 97.0064121873675
3.6675 85.14826715980804
3.6725 -82.70071861675558
3.6774999999999998 -43.02296457635718
3.6824999999999997 -114.45572353263097
3.6875 42.10483678783986
3.6925 116.9327248285007
3.6975 -130.84281204418775
3.7024999999999997 20.18497507422617
3.7075 -98.74463656592388
3.7125 152.7545081509551
3.7175 64.51953938418461
3.7224999999999997 77.93919282132289
3.7275 -195.84984508265805
3.7325 218.95206389692748
3.7375 8.110765253537746
3.7424999999999997 174.06475974076298
3.7474999999999996 67.46069399750998
3.7525 -316.52230901407984
3.7575 -230.26023467422777
3.7624999999999997 87.02092584798834
3.7674999999999996 345.8047224537398
3.7725 -54.44156333213692
3.7775 -189.54956833478295
3.7824999999999998 -12.820110220393243
3.7874999999999996 130.50087932995262
3.7925 64.49435879565954
3.7975 43.142558623200095
3.8024999999999998 -351.58883407996603
3.8074999999999997 100.52994552494324
3.8125 -38.74324635192867
3.8175 69.07697493346292
3.8225 137.93655037946206
3.8274999999999997 249.21787749000183
3.8325 -24.257153675203348
3.8375 -91.79328046526032
3.8425 37.14056751397822
3.8474999999999997 -94.95299408185573
3.8525 44.67075205634071
3.8575 -110.06443528329926
3.8625 126.73637209984297
3.8674999999999997 -72.67159882901285
3.8724999999999996 -2.093599698061241
3.8775 40.494589341854805
3.8825 -63.11212729549567
3.8874999999999997 -75.04795664540138
3.8924999999999996 -62.57584419715169
3.8975 110.77876844151743
3.9025 -268.0545039293306
3.9074999999999998 107.77711736589472
3.9124999999999996 80.21162582511559
3.9175 -78.03160064732117
3.9225 272.69675984709505
3.9274999999999998 -13.688227450030656
3.9324999999999997 43.256004319155124
3.9375 -135.89896679732948
3.9425 -126.36564870013054
3.9475 173.59390678945044
3.9524999999999997 -162.58468525603703
3.9575 108.31033638790404
3.9625 -66.52745854597656
3.9675 59.08226465321873
3.9724999999999997 -75.45835984022698
3.9775 -20.612558761911473
3.9825 73.70160655679341
3.9875 -9.199549575276954
3.9924999999999997 -62.45206938223597
3.9974999999999996 -157.1485509241188
4.0024999999999995 96.90063957752875
4.007499999999999 107.29045740880855
4.0125 -72.50989666116493
4.0175 51.96212628407592
4.0225 -96.82509271356867
4.0275 53.520420293353155
4.0325 43.47004701237175
4.0375 13.365589922925375
4.0424999999999995 289.7781266267118
4.047499999999999 -90.7360121164025
4.0525 5.151589954197204
4.0575 -150.95716085629766
4.0625 17.16713440271353
4.0675 -66.49519192472424
4.0725 227.34166296710643
4.0775 -238.682378847775
4.0825 -128.35723923622933
4.0874999999999995 168.88681498486423
4.0925 157.85833632513348
4.0975 79.97299657074065
4.1025 -167.2391959001263
4.1075 172.05787292762383
4.1125 9.750011428296087
4.1175 -128.33913334257764
4.1225 -171.71831495149877
4.1274999999999995 205.04183700430883
4.132499999999999 -116.27556243184945
4.1375 -52.643267584730374
4.1425 -225.21001482548996
4.1475 101.83076576957934
4.1525 263.2659479064611
4.1575 -87.94939124266571
4.1625 79.55027562062156
4.1674999999999995 -6.953623992171191
4.172499999999999 119.0790054280991
4.1775 -99.68299800212327
4.1825 -89.02337618327878
4.1875 16.885408860741876
4.1925 -186.53567755813881
4.1975 129.38666348550402
4.2025 310.82183004855744
4.2075 -96.68662030635058
4.2124999999999995 -46.199194776289545
4.2175 -99.9097501776474
4.2225 229.3767538867576
4.2275 -59.54248455008063
4.2325 -152.14942814380765
4.2375 28.312000855915684
4.2425 -46.55850568907418
4.2475 115.87754910061552
4.2524999999999995 -146.79112445618378
4.257499999999999 -90.02292088545676
4.2625 339.5587532630385
4.2675 -291.3218308771727
4.2725 128.81185139706295
4.2775 190.56374473010803
4.2825 34.32874909941973
4.2875 -79.33006635206576
4.2924999999999995 100.8229212443796
4.297499999999999 153.45829086510759
4.3025 -62.49735076180269
4.3075 -128.09324759856824
4.3125 -81.48842206516598
4.3175 -59.69186583750353
4.3225 148.5428284481465
4.3275 -72.89867276150072
4.3325 -122.87711660548563
4.3374999999999995 -16.781161446677196
4.342499999999999 -131.45719181776013
4.3475 161.34104896431256
4.3525 79.52458980266947
4.3575 -57.8584870756323
4.3625 40.94222665319762
4.3675 85.43362732844449
4.3725 -25.748137811950365
4.3774999999999995 -49.23926417945686
4.382499999999999 -76.40049870515428
4.3875 243.59578630982242
4.3925 54.21545823154538
4.3975 -156.0482956014758
4.4025 -245.54898095353144
4.4075 282.87724386756446
4.4125 70.58567494744597
4.4174999999999995 -321.18700421101215
4.422499999999999 163.15226322420622
4.4275 -90.45032499321516
4.4325 5.953167409507115
4.4375 271.88895624157004
4.4425 18.019408037866235
4.4475 -191.5549194747333
4.4525 -84.18927613820905
4.4575 -25.166765578973312
4.4624999999999995 50.49560179525072
4.467499999999999 -261.9202038959944
4.4725 75.60368911499637
4.4775 -68.07105114700134
4.4825 149.8616534308609
4.4875 73.32919456627172
4.4925 91.73809228713986
4.4975 5.981225432567903
4.5024999999999995 171.08469933539962
4.507499999999999 -315.6686762880062
4.5125 215.1551593821712
4.5175 -227.05695651019508
4.5225 83.51818276046927
4.5275 211.23143976006034
4.5325 -144.60040093336173
4.5375 128.0550279635971
4.5424999999999995 -166.43941776397034
4.547499999999999 67.66215235760107
4.5525 -15.186564988385864
4.5575 178.52559988955707
4.5625 -317.5272296456544
4.5675 -160.97767340676378
4.5725 416.3946509519272
4.5775 -132.79971424526275
4.5825 181.81249981334133
4.5874999999999995 127.5186759149826
4.592499999999999 -129.30090119157893
4.5975 -117.29255865803161
4.6025 27.38061639100695
4.6075 -85.7357133326463
4.6125 -75.44871509217657
4.6175 171.08468591378207
4.6225 -129.9395138601081
4.6274999999999995 -15.96389586395247
4.632499999999999 164.75893598025976
4.6375 -74.98164648600148
4.6425 -217.29314608004967
4.6475 130.31386145841486
4.6525 -90.9343821433814
4.6575 -107.81743406281493
4.6625 101.13084262577
4.6674999999999995 36.282233689543055
4.672499999999999 -152.6933402474652
4.6775 1.156637629971461
4.6825 220.33285744183132
4.6875 -201.6471599126303
4.6925 236.81035202829517
4.6975 218.07079091619923
4.7025 -361.42986749725077
4.7075 62.67941947766327
4.7124999999999995 -70.61004906545206
4.717499999999999 104.66428187370423
4.7225 -124.66099958343318
4.7275 142.28001037393756
4.7325 57.308256827756104
4.7375 55.001794749315216
4.7425 304.7583248370637
4.7475 -228.325196205892
4.7524999999999995 111.93087982834881
4.757499999999999 -271.9905819663411
4.7625 48.490213046809494
4.7675 -199.91063629644805
4.7725 36.05348695638425
4.7775 245.0152755294706
4.7825 -85.45491546129904
4.7875 -9.564503093978582
4.7924999999999995 11.34516014667402
4.797499999999999 -256.63816789214343
4.8025 16.06874817189804
4.8075 80.31233480077454
4.8125 -67.7417314965418
4.8175 71.33523774636608
4.8225 -229.1584873315491
4.8275 387.97852202907546
4.8325 -286.0362597245282
4.8374999999999995 151.89386528196437
4.842499999999999 -129.0569659244015
4.8475 240.9012484236788
4.8525 -92.26317254553793
4.8575 313.5214128838839
4.8625 -348.7001122311918
4.8675 -82.274282115513
4.8725 89.43931737435523
4.8774999999999995 -112.8965452098174
4.882499999999999 157.726266292653
4.8875 71.59532395649077
4.8925 -378.1602177263485
4.8975 59.353287113121254
4.9025 -21.680471999599604
4.9075 182.05825331494256
4.9125 90.67757317645824
4.9174999999999995 -20.04461683105475
4.922499999999999 -253.18011102756213
4.9275 -19.254674372038018
4.9325 -69.36239339402654
4.9375 -101.83292901852472
4.9425 237.2562842185277
4.9475 -150.2831691986752
4.9525 155.50172200421767
4.9575 29.825021249110872
4.9624999999999995 -204.86037712986374
4.967499999999999 80.72751464401657
4.9725 -16.13913698980982
4.9775 60.77810885984584
4.9825 199.52345473691034
4.9875 67.41060607928851
4.9925 -116.58368898634923
4.9975 -46.30370266184372
5.0024999999999995 83.62286257760212
5.007499999999999 179.85105425903106
5.0125 61.10722181163837
5.0175 -61.121769442859176
5.0225 173.90488606270466
5.0275 -61.34426367600964
5.0325 160.66707329420515
5.0375 -153.95044763250056
5.0424999999999995 -32.69782446734736
5.047499999999999 4.518496827194748
5.0525 -192.423561233027
5.0575 60.323696970599485
5.0625 -139.01221467529825
5.0675 223.64791598501566
5.0725 39.82813793581031
5.0775 -93.01949056299411
5.0825 63.649255100445785
5.0874999999999995 28.247469784555065
5.092499999999999 139.68921148407784
5.0975 -66.86197756412493
5.1025 -147.15060401504698
5.1075 -74.97922388403472
5.1125 162.99813219739426
5.1175 -7.303829587504651
5.1225 11.684832601301672
5.1274999999999995 82.33930037843201
5.132499999999999 -369.95142675976075
5.1375 159.52855267677447
5.1425 -85.34338491174155
5.1475 -161.49776266561818
5.1525 172.18842447513902
5.1575 71.92149479020682
5.1625 -100.34804237526185
5.1674999999999995 18.832364557644585
5.172499999999999 64.2256503476269
5.177499999999999 12.203994189531677
5.1825 124.66525186767396
5.1875 54.44351480407654
5.1925 -76.89022022202182
5.1975 25.2491667939314
5.2025 -0.5692958365265002
5.2075 -92.26797074091388
5.2124999999999995 73.28161325437509
5.217499999999999 499.8956809838633
5.2225 -91.9261029471744
5.2275 -505.5584664837649
5.2325 -229.38379920796456
5.2375 370.7809819633712
5.2425 -162.32705204389532
5.2475 249.03645869458833
5.2524999999999995 3.1230474022705246
5.257499999999999 -219.55528005917878
5.2625 226.31053399147495
5.2675 -41.78556986312874
5.2725 322.22119260817715
5.2775 -401.23345268911555
5.2825 39.85506893775083
5.2875 -304.4328153469729
5.2924999999999995 402.00791515447776
5.297499999999999 75.87145130609599
5.302499999999999 -138.7215487570283
5.3075 -216.3595517852876
5.3125 230.65909707080385
5.3175 -248.58981966539454
5.3225 -112.87426900905949
5.3275 184.93836164328096
5.3325 84.56867184372626
5.3374999999999995 -185.89052435116204
5.342499999999999 91.4742727619861
5.3475 178.02462827746518
5.3525 323.09107487920994
5.3575 -82.16324559990716
5.3625 -86.11555984661162
5.3675 137.2571126455761
5.3725 -210.76418285648617
5.3774999999999995 -124.23773018917758
5.382499999999999 116.20928701075378
5.3875 -345.0960781698334
5.3925 406.6963038034316
5.3975 -235.57392498737474
5.4025 52.23799921129135
5.4075 -80.00774855975939
5.4125 -141.16708353111116
5.4174999999999995 238.53415695125585
5.422499999999999 85.85913247469708
5.427499999999999 166.37738304768072
5.4325 -337.4327729915602
5.4375 246.54947826159383
5.4425 -71.61121357264935
5.4475 -8.749854068752557
5.4525 295.71329308119454
5.4575 176.72736841294778
5.4624999999999995 -70.73292397406988
5.467499999999999 -76.99183714708039
5.4725 -305.5138132143374
5.4775 16.015769099916227
5.4825 -41.17154395313461
5.4875 122.18253342327608
5.4925 247.1306727239307
5.4975 -276.2413927240612
5.5024999999999995 670.1354129455764
5.507499999999999 -189.29217199938756
5.5125 -503.8171044895944
5.5175 213.95742410135674
5.5225 -128.79185871347042
5.5275 -202.98858137274084
5.5325 -50.241103846650425
5.5375 -12.852816761477472
5.5424999999999995 -26.772315787779085
5.547499999999999 287.0903277742125
5.552499999999999 42.03815227057806
5.5575 -40.76116010122842
5.5625 -232.37476480916717
5.5675 20.99827249651092
5.5725 69.28793262841165
5.5775 21.535945916531105
5.5825 -16.964351130771686
5.5874999999999995 -58.45710649835526
5.592499999999999 -76.23829358850577
5.5975 -29.837701651247038
5.6025 23.90066814449627
5.6075 52.497067927932086
5.6125 128.1589668284908
5.6175 95.69072786315849
5.6225 -221.90070922181394
5.6274999999999995 -167.6905464763122
5.632499999999999 110.87983085310506
5.6375 48.47824938536709
5.6425 1.5685173343114105
5.6475 217.8797505069327
5.6525 -101.89838624728813
5.6575 -10.576935707026722
5.6625 98.04497695294332
5.6674999999999995 85.84022378409796
5.672499999999999 12.669516414830483
5.677499999999999 -53.18577068171473
5.6825 -19.282863716415562
5.6875 28.040019934619117
5.6925 -127.56758771051054
5.6975 150.5583382804765
5.7025 9.824459561800339
5.7075 30.823355505604642
5.7124999999999995 -25.04047328967665
5.717499999999999 121.91925036807064
5.7225 -142.24969265050336
5.7275 220.19751845597185
5.7325 -64.36391682512483
5.7375 -51.72291174190846
5.7425 -274.6396830716404
5.7475 129.030159006631
5.7524999999999995 99.3373123996668
5.757499999999999 -37.96596185989329
5.7625 -136.5116542299348
5.7675 96.84847843471022
5.7725 -146.9139698898768
5.7775 82.37333417932766
5.7825 -146.33265200129236
5.7875 122.50918480353403
5.7924999999999995 -271.1893442950694
5.797499999999999 32.51545777841885
5.802499999999999 152.98774605998852
5.8075 -75.3829133752295
5.8125 30.659099907915028
5.8175 11.073142908059392
5.8225 -238.43846739738947
5.8275 -5.948517213781481
5.8325 240.39393996592318
5.8374999999999995 -20.4149066269906
5.842499999999999 223.9025492024673
5.8475 52.25837605579001
5.8525 -46.61387999344971
5.8575 -151.13907272345122
5.8625 -99.27745803830568
5.8675 83.85596421445254
5.8725 5.245747108038913
5.8774999999999995 68.72297436754481
5.882499999999999 173.90280262797398
5.8875 -78.53194953583439
5.8925 162.99411854161832
5.8975 -145.84336114399852
5.9025 286.2840719969931
5.9075 -147.568194070754
5.9125 18.435551013751535
5.9174999999999995 -218.49425216063503
5.922499999999999 113.17154520555451
5.927499999999999 36.10348669244021
5.9325 -100.95505259523044
5.9375 -185.85195404353644
5.9425 321.6240412900095
5.9475 -236.33558336118423
5.9525 166.2534959911987
5.9575 -285.35732351668554
5.9624999999999995 96.67121676328227
5.967499999999999 -183.91553043466368
5.9725 226.56088878871728
5.9775 4.406735215280319
5.9825 -296.2578115261623
5.9875 183.45385231853092
5.9925 -90.46815909911162
5.9975 340.2141997979958
6.0024999999999995 87.60328470143939
6.007499999999999 -352.8629058632394
6.012499999999999 110.48530125402691
6.0175 31.81294988766022
6.0225 103.12761208050614
6.0275 -74.1469253823938
6.0325 123.94461976012397
6.0375 -54.773230655422594
6.0424999999999995 -238.57019952091062
6.047499999999999 34.32993257028437
6.052499999999999 15.31490223217523
6.0575 124.98246364009474
6.0625 -132.5182605568386
6.0675 114.0393304146383
6.0725 -82.09439928112933
6.0775 158.0951839255717
6.0825 -34.11037332908808
6.0874999999999995 42.11763482650626
6.092499999999999 288.2781875077885
6.0975 -231.32205832994893
6.1025 82.79368213483114
6.1075 142.46245581618075
6.1125 -170.0113679091349
6.1175 29.22729490674061
6.1225 87.71606892218466
6.1274999999999995 -149.31810213186327
6.132499999999999 -29.245248030804394
6.137499999999999 -141.75239843003408
6.1425 98.88167480093588
6.1475 -214.76084449607768
6.1525 270.00164114703136
6.1575 100.12327890186276
6.1625 -256.26890682371703
6.1674999999999995 5.676497080308166
6.172499999999999 320.6447416504677
6.177499999999999 -199.77701383020496
6.1825 -72.48353476212517
6.1875 73.6106222009677
6.1925 126.70541405340511
6.1975 -75.03866967556766
6.2025 14.29397228779222
6.2075 149.1918082635528
6.2124999999999995 64.45947597876585
6.217499999999999 -212.64920535453
6.2225 328.69164060569074
6.2275 -3.2206937161280433
6.2325 89.37332038603135
6.2375 -29.185582361595813
6.2425 -4.572868260412296
6.2475 -350.45669300736466
6.2524999999999995 210.37112473381583
6.257499999999999 -241.35801659631107
6.262499999999999 248.48228803415057
6.2675 -87.17168627240618
6.2725 177.16459615786496
6.2775 -71.30171436169057
6.2825 3.3691819396463023
6.2875 -230.410528713884
6.2924999999999995 157.1090345240408
6.297499999999999 -81.91544227518727
6.302499999999999 -157.36044352683862
6.3075 78.17540459473199
6.3125 42.730230084179325
6.3175 -157.10037363319017
6.3225 91.62411801630567
6.3275 80.54885922971577
6.3325 -25.61653082527514
6.3374999999999995 81.30784854381673
6.342499999999999 -205.3615299337925
6.3475 -160.6849013472153
6.3525 72.85046283761965
6.3575 50.44487137054551
6.3625 -57.02431013966535
6.3675 75.14031632227191
6.3725 138.6591521834029
6.3774999999999995 75.5098931934641
6.382499999999999 -40.49708503900337
6.387499999999999 118.1035301600505
6.3925 -126.08557454345478
6.3975 -29.107557761769467
6.4025 -175.55689151627436
6.4075 110.29527124913021
6.4125 -277.26324231241495
6.4174999999999995 78.90425500871484
6.422499999999999 325.71249389832417
6.427499999999999 -43.22780839555329
6.4325 -77.13732590224646
6.4375 4.129606445733094
6.4425 82.21385667748382
6.4475 -209.42956056412996
6.4525 111.31229556860008
6.4575 193.6788853193195
6.4624999999999995 99.43947748924484
6.467499999999999 14.01520805467188
6.4725 -297.5022589046568
6.4775 17.884951194399115
6.4825 -76.82383454957517
6.4875 225.11184174603994
6.4925 20.689092904267973
6.4975 -86.99529319016851
6.5024999999999995 7.047463862921687
6.507499999999999 67.32980534287839
6.512499999999999 -94.15521468114187
6.5175 -99.12087921109794
6.5225 4.964495796553824
6.5275 -53.478420466379895
6.5325 -36.39349781341307
6.5375 -123.44981373648758
6.5424999999999995 248.949533095121
6.547499999999999 -100.54870772911366
6.552499999999999 30.58838989227359
6.5575 -91.0246334420371
6.5625 380.287485946773
6.5675 -302.8610186641082
6.5725 25.214535089580664
6.5775 208.72830124566028
6.5825 -63.97179203121173
6.5874999999999995 -90.54676846039251
6.592499999999999 -202.51062336086483
6.5975 172.2386002712369
6.6025 -179.41610868665023
6.6075 231.00958682283425
6.6125 215.78429073058123
6.6175 -108.72596124987678
6.6225 -40.80607014937641
6.6274999999999995 -201.82239781466774
6.632499999999999 232.52846943645312
6.637499999999999 -15.268645285231322
6.6425 340.38264662472477
6.6475 -279.36942096097386
6.6525 82.34461086510703
6.6575 88.9631462797954
6.6625 -344.2343411100517
6.6674999999999995 382.4366116661218
6.672499999999999 -193.16308308301012
6.677499999999999 141.64229586821185
6.6825 -52.779613027425036
6.6875 52.80867717835982
6.6925 19.638999495559574
6.6975 65.03961671254098
6.7025 -185.12709195531602
6.7075 -40.34836351619192
6.7124999999999995 -331.8827107065468
6.717499999999999 232.36498887138447
6.722499999999999 205.17235855056126
6.7275 48.171190935034076
6.7325 13.834701772994846
6.7375 42.48872518245329
6.7425 -209.71565003977852
6.7475 159.7460415676723
6.7524999999999995 59.282937836347436
6.757499999999999 -5.81963626289709
6.762499999999999 -106.01974260893503
6.7675 51.936551523429785
6.7725 -117.4306160477817
6.7775 239.5359691172919
6.7825 -109.36677559002116
6.7875 -63.72115148181056
6.7924999999999995 -59.75025803205923
6.797499999999999 56.86857713753188
6.802499999999999 -248.9232418569501
6.8075 139.09854260158332
6.8125 40.57559523492623
6.8175 47.3382373235829
6.8225 169.47307742366888
6.8275 -140.41653562493863
6.8325 44.938838603197674
6.8374999999999995 -234.3496827027289
6.842499999999999 300.0199693481754
6.847499999999999 9.188772542726845
6.8525 -167.70183984638427
6.8575 -292.1716713835998
6.8625 339.0063002735813
6.8675 -0.5116883789475609
6.8725 -103.3132621148667
6.8774999999999995 -129.46791269473766
6.882499999999999 99.34804758835044
6.887499999999999 -69.29997497737654
6.8925 -27.13796644108611
6.8975 87.6280916666113
6.9025 218.74978344220173
6.9075 230.9391635955795
6.9125 -147.8592833621068
6.9174999999999995 35.59994602484893
6.922499999999999 43.17346031858195
6.927499999999999 -142.38250021402638
6.9325 -323.61439506352696
6.9375 296.45219286552145
6.9425 16.229065445929802
6.9475 -183.30738957500145
6.9525 147.33989808025106
6.9575 -138.010164867681
6.9624999999999995 46.33400466093188
6.967499999999999 259.54042215259886
6.972499999999999 -181.22716386090067
6.9775 -26.639851265010375
6.9825 14.880914228881174
6.9875 -138.50259848883195
6.9925 33.652373525669375
6.9975 170.04021195212118
7.0024999999999995 -13.85172512108247
7.007499999999999 -113.8349128633837
7.012499999999999 -19.246202962846837
7.0175 24.219777825746934
7.0225 403.5007914103374
7.0275 -186.8771045602992
7.0325 326.5304212194276
7.0375 137.78815447068453
7.0424999999999995 -178.65983606584163
7.047499999999999 85.06242815212775
7.052499999999999 -161.23747355221653
7.0575 -7.214522210157304
7.0625 -248.95159923471596
7.0675 -32.789408519466775
7.0725 -209.5581389364894
7.0775 248.43810012166026
7.0825 62.18112245182826
7.0874999999999995 -100.23016050574725
7.092499999999999 166.87063617700878
7.097499999999999 -235.20786721166888
7.1025 -20.172525635758582
7.1075 62.537922469456234
7.1125 44.860837392513666
7.1175 28.850078240307063
7.1225 -296.59479913094316
7.1274999999999995 -135.73851135958773
7.132499999999999 455.58227771824824
7.137499999999999 -229.70679277801614
7.1425 381.1350266195585
7.1475 -347.87085495952925
7.1525 -0.7834150790177019
7.1575 -263.70733595806354
7.1625 -143.7045158573507
7.1674999999999995 202.49567483694815
7.172499999999999 -68.3046091352963
7.177499999999999 449.7247022269192
7.1825 65.92063089948194
7.1875 3.1710650483218377
7.1925 -59.581600933322015
7.1975 -95.02620226185483
7.2025 -21.316253775004224
7.2075 76.86849909396892
7.2124999999999995 -107.09929334302159
7.217499999999999 -186.38022785740316
7.222499999999999 215.31199637813995
7.2275 -15.211699467342745
7.2325 228.73694985229469
7.2375 -209.92051839948118
7.2425 74.40982004954157
7.2475 72.89747850070826
7.2524999999999995 39.682332588371565
7.257499999999999 307.6498778576328
7.262499999999999 -258.80035758240433
7.2675 -179.78148590739593
7.2725 -39.08847259294545
7.2775 -56.19342937861785
7.2825 -105.31266653248151
7.2875 206.63729705158
7.2924999999999995 -146.5970602354353
7.297499999999999 22.543229628652703
7.302499999999999 264.47330714497724
7.3075 61.9629532691392
7.3125 -354.63220006925434
7.3175 -202.88999143364003
7.3225 197.9943156389669
7.3275 46.3473115368046
7.3325 104.34752564677305
7.3374999999999995 211.44046026821022
7.342499999999999 -215.41478570451827
7.347499999999999 106.23711807400622
7.3525 -15.763344264888575
7.3575 -90.44881170583704
7.3625 351.81865375302147
7.3675 -186.75038422667046
7.3725 -53.331528921907584
7.3774999999999995 -61.96162426583335
7.382499999999999 187.38548490527555
7.387499999999999 78.86115898428712
7.3925 -26.44075577986555
7.3975 -52.65046788778942
7.4025 65.8376579334853
7.4075 -125.30088151591168
7.4125 82.61630177419705
7.4174999999999995 3.448696207435573
7.422499999999999 -114.15918440663278
7.427499999999999 221.19108040633722
7.4325 -140.95816026389627
7.4375 59.612035372195045
7.4425 236.92058561536908
7.4475 -65.01979772046955
7.4525 -242.8258139018667
7.4575 95.00559113117936
7.4624999999999995 -79.8023870214042
7.467499999999999 -76.21506366339533
7.472499999999999 149.63646132099956
7.4775 -250.02313788815488
7.4825 35.11823785512968
7.4875 26.60588273001965
7.4925 51.28783764026921
7.4975 115.50714087864253
7.5024999999999995 -143.45294026859395
7.507499999999999 208.94380975715174
7.512499999999999 -121.44052544891571
7.5175 80.57493105075675
7.5225 -140.16753376293047
7.5275 -96.74928978619936
7.5325 -231.1377323480279
7.5375 -23.843010125578687
7.5424999999999995 275.2183842382455
7.547499999999999 -41.11721650203141
7.552499999999999 -1.4098994739128259
7.557499999999999 166.63053830818868
7.5625 180.16744912618032
7.5675 -64.68887747632563
7.5725 -80.50352982181175
7.5775 -86.49156738320582
7.5825 -87.57245728549974
7.5874999999999995 73.2909431865434
7.592499999999999 -71.29898770087344
7.597499999999999 177.26239461628413
7.6025 -342.46911299623025
7.6075 263.9310501521013
7.6125 -181.14396688876514
7.6175 0.8005888363965433
7.6225 305.7172519497228
7.6274999999999995 -155.7200877165602
7.632499999999999 -57.329725066875504
7.637499999999999 22.48249879125618
7.6425 294.36602580760086
7.6475 -89.5573870807232
7.6525 88.31935796579296
7.6575 -246.15832285058713
7.6625 77.75432221686948
7.6674999999999995 126.79528429983823
7.672499999999999 -6.8317117556509634
7.677499999999999 -111.56195691971466
7.682499999999999 84.06431474785724
7.6875 -302.12879133167587
7.6925 80.46233591691747
7.6975 -52.511424338111034
7.7025 109.81588235466027
7.7075 -78.89540424145132
7.7124999999999995 548.5428935992736
7.717499999999999 -236.57244987689222
7.722499999999999 -159.4566343536967
7.7275 36.9758297907329
7.7325 -71.27471414631056
7.7375 -12.512276243997473
7.7425 173.9541119504001
7.7475 10.590229687619837
7.7524999999999995 1.4164959357668645
7.757499999999999 -7.524566180887001
7.762499999999999 -26.67378374585201
7.7675 51.77268646849382
7.7725 -128.32128180173683
7.7775 -79.84351927896694
7.7825 11.075373791430428
7.7875 297.8080641443478
7.7924999999999995 -18.890916429973714
7.797499999999999 -41.638832568569825
7.802499999999999 -152.782193987298
7.807499999999999 204.97598923279176
7.8125 -55.84975780829995
7.8175 -135.97597056471557
7.8225 18.249987874495723
7.8275 -30.746723135429544
7.8325 -133.09580269439735
7.8374999999999995 34.03909585535193
7.842499999999999 78.63093876805712
7.847499999999999 36.02716532219713
7.8525 107.57747054175469
7.8575 -132.64631838097253
7.8625 -300.4706164079084
7.8675 92.77707506373072
7.8725 44.88756736625612
7.8774999999999995 60.70831546173198
7.882499999999999 121.94576556303626
7.887499999999999 -288.4445778005901
7.8925 -139.32478039690469
7.8975 120.96793736700613
7.9025 -1.9298241205755697
7.9075 19.194132876492432
7.9125 193.5588863212218
7.9174999999999995 -135.22617374278755
7.922499999999999 90.55387823332539
7.927499999999999 49.78009049533958
7.932499999999999 68.32808907092964
7.9375 75.00742546576944
7.9425 -53.76431937479703
7.9475 12.991432595785003
7.9525 -174.65946032255601
7.9575 449.7379367313247
7.9624999999999995 -49.527606825598745
7.967499999999999 225.68747508204058
7.972499999999999 -243.94853794570628
7.9775 -15.683370339594536
7.9825 -42.54451595172614
7.9875 -0.5601656825036445
7.9925 -155.80383432531664
7.9975 228.69970196875062
8.0025 139.5668780209467
8.0075 -334.38912462196566
8.0125 -18.85516255668063
8.0175 164.075898020828
8.022499999999999 17.091975449817376
8.0275 -149.03359568337024
8.032499999999999 -141.4981711507209
8.0375 -24.668745670065253
8.0425 -147.98419730391547
8.0475 -31.35097376556342
8.0525 21.19046611221033
8.0575 84.92105430699937
8.0625 84.81266842927405
8.067499999999999 -26.914153599804155
8.0725 -81.85500131018877
8.077499999999999 -19.338444213680223
8.0825 328.7983198326362
8.0875 -169.0532306076793
8.0925 238.65608004349613
8.0975 90.37182162323751
8.1025 108.88358985811165
8.1075 -173.68681787110842
8.112499999999999 103.06523841902933
8.1175 -59.15326517450853
8.1225 -175.45869435686348
8.1275 195.96854840122094
8.1325 -52.345208921090986
8.1375 -133.4269369607073
8.1425 -0.9765950520221313
8.147499999999999 153.53032850241777
8.1525 -142.1341786438094
8.157499999999999 -308.48675538424067
8.1625 180.36703765839317
8.1675 11.547573863587695
8.1725 58.662548105870016
8.1775 26.61208799119762
8.1825 -318.5784389236979
8.1875 123.73964327087015
8.192499999999999 -24.839304329101846
8.1975 -166.28217140866653
8.202499999999999 316.5071925349032
8.2075 -25.677068307493915
8.2125 -91.73375934160931
8.2175 326.35239293678586
8.2225 -297.32334453208813
8.2275 1.1160401975509653
8.2325 -108.59178389185733
8.237499999999999 236.94304728445957
8.2425 120.87811730771828
8.2475 -7.941147962248097
8.2525 -9.515303983726037
8.2575 -101.43040622117265
8.2625 323.11756777060526
8.2675 127.15759880943828
8.272499999999999 -152.780098833324
8.2775 -2.1615097932231166
8.282499999999999 -153.04551296506804
8.2875 51.68971652894036
8.2925 -55.494797078613495
8.2975 -190.7886174515264
8.3025 0.16699771968381816
8.3075 66.01275642176012
8.3125 -49.13859951487347
8.317499999999999 19.78727366401568
8.3225 -113.58935292256099
8.327499999999999 -67.14588306215963
8.3325 155.1913394666062
8.3375 -99.95535196543686
8.3425 -64.64306094265545
8.3475 -130.49929919765577
8.3525 356.0117031980027
8.3575 -229.1348422573862
8.362499999999999 377.6809199212388
8.3675 -317.1751687090722
8.3725 74.28699047177909
8.3775 -150.88703303621332
8.3825 168.74989369556388
8.3875 23.968129865523025
8.3925 -184.25559724799504
8.397499999999999 192.50931740827346
8.4025 156.3832868722314
8.407499999999999 16.42147459701684
8.4125 -30.967594471325278
8.4175 20.818280315419624
8.4225 220.41116350087262
8.4275 -210.12142448714962
8.4325 82.8209519668224
8.4375 296.6556127432052
8.442499999999999 -58.32764447038189
8.4475 47.87258441938836
8.452499999999999 -130.03058190366676
8.4575 -163.97909789390212
8.4625 34.5895084957734
8.4675 354.1033546523816
8.4725 -130.5203888353136
8.4775 -217.89348976942557
8.4825 36.735103260584125
8.487499999999999 -95.72278761715116
8.4925 4.746426618073913
8.4975 129.98980887175006
8.5025 78.84239635246713
8.5075 -132.54958950704565
8.5125 270.0249000207287
8.5175 139.32079318961038
8.522499999999999 -46.75339862891382
8.5275 -195.4084462740239
8.532499999999999 -57.87080866332394
8.5375 38.681086761962085
8.5425 -131.5004766659249
8.5475 149.39380216016474
8.5525 -54.24371942105213
8.5575 0.7492391668774693
8.5625 -312.71228803853774
8.567499999999999 61.5307027073947
8.5725 94.23323125431459
8.577499999999999 -8.739409944951342
8.5825 23.92609967542968
8.5875 -303.82756645113807
8.5925 307.3804409907833
8.5975 -231.7668318529924
8.6025 -66.64079542156188
8.6075 66.79433530507173
8.612499999999999 225.93209942838567
8.6175 -82.92088933105705
8.6225 -63.76756409320108
8.6275 87.82118150424301
8.6325 -14.179001659232098
8.6375 130.39813263694768
8.6425 -244.057876153811
8.647499999999999 121.86710541014386
8.6525 -13.870275901880426
8.657499999999999 -42.40739281182471
8.6625 -88.60607414545095
8.6675 -3.4696359045719243
8.6725 236.27892887134703
8.6775 -380.0096246463937
8.6825 48.43189835551589
8.6875 84.81902724954685
8.692499999999999 -40.27874295430006
8.6975 229.39801741331334
8.702499999999999 -179.27503419622693
8.7075 71.26362460060685
8.7125 -8.68837937603419
8.7175 -22.264114064955468
8.7225 -18.090936180047695
8.7275 75.13341155796782
8.7325 -63.47189388535438
8.737499999999999 -176.89357725074356
8.7425 71.40138539892612
8.747499999999999 -87.42324416304959
8.7525 65.09942923003562
8.7575 -10.888875612819032
8.7625 93.79808741289791
8.7675 -313.60955475164894
8.772499999999999 297.55754386316653
8.7775 -144.38291612158295
8.782499999999999 285.24902158986214
8.7875 4.900301647268912
8.7925 -128.7648594520779
8.7975 322.1041262252888
8.8025 88.41272907503708
8.8075 -209.68997382749387
8.8125 177.74664447192967
8.817499999999999 -193.7324136249447
8.8225 -241.76784095098395
8.827499999999999 160.8791374173022
8.8325 -229.22162183097046
8.8375 109.97290399655863
8.8425 192.67576599300227
8.8475 -8.909190512027704
8.8525 14.929626015990829
8.8575 139.3099801029112
8.862499999999999 -117.45950989549584
8.8675 220.83873662890292
8.872499999999999 -110.4341097243876
8.8775 -13.596439639335092
8.8825 247.45661249528982
8.8875 -166.3692245463966
8.8925 -185.4288754467851
8.897499999999999 -0.37120641346343186
8.9025 -149.60952045022262
8.907499999999999 131.01004891867439
8.9125 206.7863030600496
8.9175 -2.0418669943282426
8.9225 -153.73915058116313
8.9275 -174.3011662946771
8.9325 295.37624244744507
8.9375 -129.25225217026897
8.942499999999999 18.82854985761108
8.9475 12.915408869648642
8.952499999999999 -63.22669277542424
8.9575 18.111792321035608
8.9625 26.55264627878375
8.9675 -328.6523992171879
8.9725 318.6051386988009
8.9775 -171.11218628179233
8.9825 -21.919300999223875
8.987499999999999 2.1292788313664324
8.9925 -60.0595710509707
8.997499999999999 99.54159257671829
9.0025 -129.1110000407899
9.0075 146.75296837651925
9.0125 156.79555001376278
9.0175 -48.590193307586496
9.022499999999999 -145.03502791091847
9.0275 295.9691306914441
9.032499999999999 -260.53743701145424
9.0375 565.2781168953197
9.0425 -216.28631330796065
9.0475 -249.29351612591663
9.0525 -185.19741241508746
9.0575 -24.065983984179628
9.0625 465.4092629126677
9.067499999999999 -304.360862318487
9.0725 114.66772054764023
9.077499999999999 87.79889280295897
9.0825 20.811205149206508
9.0875 -51.35143400123547
9.0925 214.99005730148494
9.0975 -110.46659661806903
9.1025 28.941817627911874
9.1075 40.0997554207573
9.112499999999999 -224.09348730479613
9.1175 -138.35256927940134
9.122499999999999 74.1035016303563
9.1275 -142.91380731345805
9.1325 231.60315206901234
9.1375 -62.703084815836995
9.1425 143.9077104623949
9.147499999999999 -69.94113498996492
9.1525 -67.28275179168192
9.157499999999999 74.39681872106874
9.1625 -305.89522657056654
9.1675 100.04077628461037
9.1725 -3.9984277665589176
9.1775 76.57432720576509
9.1825 70.02712163543819
9.1875 247.9204357017089
9.192499999999999 -18.157578458689578
9.1975 -60.24500806649694
9.202499999999999 -23.55871052789722
9.2075 297.94513754531357
9.2125 -154.52266040101057
9.2175 -179.36543260633763
9.2225 29.588851703527652
9.2275 -145.47733679075205
9.2325 91.29036317917019
9.237499999999999 118.37660612743728
9.2425 22.645328399649927
9.247499999999999 -101.7657440854637
9.2525 75.94313879708967
9.2575 91.97751341694992
9.2625 39.76301835283727
9.2675 76.5044726866576
9.272499999999999 -5.415968746311434
9.2775 2.670514769753223
9.282499999999999 -155.80752000676188
9.2875 73.8627375492849
9.2925 87.51750016973621
9.2975 -13.225872200134354
9.3025 35.723496225047505
9.3075 -199.36108237638047
9.3125 44.91489361509566
9.317499999999999 -305.28936850435497
9.3225 71.55806923055346
9.327499999999999 -43.66228089292379
9.3325 72.44387625080259
9.3375 86.53205316619017
9.3425 -259.2849311358848
9.3475 -25.380970384276363
9.3525 304.06202816168104
9.3575 -256.946337178705
9.362499999999999 9.669723048977279
9.3675 -137.4281924778645
9.372499999999999 90.58464584411628
9.3775 180.49471461123312
9.3825 156.89043900761797
9.3875 -330.1571017602867
9.3925 7.529833639435185
9.397499999999999 -230.53417740507007
9.4025 -39.498842562688395
9.407499999999999 513.3891973767097
9.4125 -185.12091906392152
9.4175 396.72109184386704
9.4225 -408.5535185521065
9.4275 119.04753910368896
9.4325 328.69338094209894
9.4375 30.180778722858417
9.442499999999999 -190.29382889573043
9.4475 -202.8387411186317
9.452499999999999 107.43959000155341
9.4575 -93.28180331420181
9.4625 282.2719847081397
9.4675 -98.7336469915332
9.4725 89.65617439655261
9.4775 -255.72747508761546
9.4825 -11.505460051553667
9.487499999999999 211.17755420255634
9.4925 -15.360123082878511
9.497499999999999 135.62693666343526
9.5025 -62.22122729772643
9.5075 -211.06194749459223
9.5125 -3.965654018698604
9.5175 -122.80465355553306
9.522499999999999 233.20825883810122
9.5275 -173.68492035703198
9.532499999999999 121.33582673296108
9.5375 185.34040224928506
9.5425 2.6022690025682547
9.5475 -165.13635870799797
9.5525 65.45754772421058
9.5575 0.322603841476935
9.5625 -133.431789270203
9.567499999999999 -111.89465804062446
9.5725 292.365102682972
9.577499999999999 -152.2305291231181
9.5825 -137.4009819904763
9.5875 86.5339996296953
9.5925 -104.7826447503064
9.5975 36.82204114675278
9.6025 218.03149110418474
9.6075 -72.22572894403429
9.612499999999999 -46.52662536697585
9.6175 -215.6601123460478
9.622499999999999 246.7562485434533
9.6275 333.34304164521325
9.6325 -71.54938254914363
9.6375 64.62699460853254
9.6425 -218.3924320855786
9.647499999999999 143.09222166498097
9.6525 138.1220377342781
9.657499999999999 -83.89114701107755
9.6625 -24.95828917267196
9.6675 -286.6058389611408
9.6725 424.549360497504
9.6775 -113.9383085310723
9.6825 -88.69874357220088
9.6875 47.356013992851324
9.692499999999999 -225.25495355905585
9.6975 -17.686991809704068
9.702499999999999 40.05059729907205
9.7075 174.86227280625366
9.7125 -239.21927762992772
9.7175 32.20472022586488
9.7225 60.896755235222535
9.7275 -136.80496598325155
9.7325 301.74054413518047
9.737499999999999 152.62703614095165
9.7425 -11.894859336013878
9.747499999999999 -176.88307786145836
9.7525 -49.91215394859579
9.7575 -92.65312158997949
9.7625 240.77108162919984
9.7675 -92.01975256320661
9.772499999999999 -236.04584563987657
9.7775 256.0079092594442
9.782499999999999 108.26049297421712
9.7875 -130.01190217007277
9.7925 -83.35921251681792
9.7975 89.47521783276541
9.8025 -3.0156687708873364
9.8075 -20.02009500946342
9.8125 231.93049637317213
9.817499999999999 -416.94667418645406
9.8225 135.45826114287004
9.827499999999999 -101.6326092713247
9.8325 -44.33421312176007
9.8375 -20.633949793833867
9.8425 36.96601799617785
9.8475 -237.53045338982196
9.8525 210.33443397898435
9.8575 104.49859832117549
9.862499999999999 86.29172620878037
9.8675 79.67075016505072
9.872499999999999 -28.278544710912385
9.8775 127.45136255546349
9.8825 -230.23004453840053
9.8875 162.45817157584315
9.8925 -41.74717219434841
9.897499999999999 -75.46709955018456
9.9025 -11.562283495870519
9.907499999999999 82.65095191682384
9.9125 -7.5899299846655515
9.9175 76.33581611425834
9.9225 -297.66559262143943
9.9275 -74.15492800540652
9.9325 -4.480015668058218
9.9375 -74.55536117533298
9.942499999999999 192.97912823513116
9.9475 -281.51048291986825
9.952499999999999 387.6272093476713
9.9575 -11.756171130239194
9.9625 95.09870636616695
9.9675 -49.202284070341264
9.9725 74.22397933281312
9.9775 -4.679591436575951
9.9825 89.8281442663025
9.987499999999999 -127.46106770079287
9.9925 -32.482911671718846
9.997499999999999 -255.97912857438777
10.0025 146.71092502797734
