0.0075	31.50448181
0.0125	-99.77352208
0.0175	205.5851507
0.0225	-28.74633387
0.0275	-233.0619014
0.0325	-160.6614169
0.0375	-89.15459486
0.0425	-30.5886051
0.0475	244.3897921
0.0525	217.4664789
0.0575	89.45686838
0.0625	-9.584808685
0.0675	-24.99466728
0.0725	133.5722928
0.0775	112.9897383
0.0825	-61.6032405
0.0875	-112.9848605
0.0925	-110.3407705
0.0975	-7.150995721
0.1025	90.01520319
0.1075	-115.3512235
0.1125	-102.7867397
0.1175	43.45652144
0.1225	-59.70399503
0.1275	-82.06382352
0.1325	-75.30401532
0.1375	15.09759072
0.1425	-118.2344115
0.1475	-215.1361969
0.1525	151.2041223
0.1575	82.35937557
0.1625	-112.6620631
0.1675	111.3363316
0.1725	175.1242712
0.1775	59.81711743
0.1825	96.22503404
0.1875	-13.04616069
0.1925	52.18773446
0.1975	-99.56287084
0.2025	56.37345038
0.2075	-199.1369424
0.2125	104.5016816
0.2175	-38.12086213
0.2225	-140.4126497
0.2275	207.6549357
0.2325	-21.4009526
0.2375	69.0274035
0.2425	-144.3755207
0.2475	-5.502941618
0.2525	124.6538859
0.2575	13.72720804
0.2625	9.190623542
0.2675	12.95053288
0.2725	174.8907351
0.2775	-333.7948219
0.2825	328.7834777
0.2875	-51.35485394
0.2925	-27.4351962
0.2975	-116.3261952
0.3025	-149.11664
0.3075	-134.7323092
0.3125	220.110233
0.3175	247.2796044
0.3225	-128.209456
0.3275	18.11040035
0.3325	259.0270935
0.3375	-167.8710205
0.3425	-25.91128514
0.3475	-20.91247566
0.3525	117.8859582
0.3575	30.64770356
0.3625	-10.98391428
0.3675	159.8557299
0.3725	-238.3437969
0.3775	-60.2079824
0.3825	221.3254813
0.3875	-128.9770663
0.3925	74.29098913
0.3975	164.2659375
0.4025	-228.8402858
0.4075	4.684036147
0.4125	100.0207647
0.4175	150.9096956
0.4225	-120.6413212
0.4275	48.38938959
0.4325	90.53349724
0.4375	-81.34124439
0.4425	-119.1816158
0.4475	-43.05779043
0.4525	-206.7183458
0.4575	241.666175
0.4625	-76.33532889
0.4675	-73.16629726
0.4725	315.095423
0.4775	6.677930546
0.4825	-340.5822418
0.4875	17.8537378
0.4925	-64.4628674
0.4975	-231.586612
0.5025	58.5291867
0.5075	-12.89221594
0.5125	8.192654203
0.5175	96.86671353
0.5225	-148.2927138
0.5275	36.5396665
0.5325	66.81074254
0.5375	82.17388879
0.5425	-110.7351248
0.5475	-39.32882667
0.5525	211.9291457
0.5575	-67.41900247
0.5625	5.658184402
0.5675	-123.9166937
0.5725	78.1377867
0.5775	131.1645043
0.5825	15.23265199
0.5875	6.225620727
0.5925	-12.85357364
0.5975	-66.50847554
0.6025	-84.94254169
0.6075	92.69500013
0.6125	-112.5474272
0.6175	99.92734176
0.6225	97.30473121
0.6275	-12.06003431
0.6325	96.78136068
0.6375	-67.61516433
0.6425	223.9219422
0.6475	-60.00248681
0.6525	73.93329116
0.6575	-15.7404398
0.6625	392.2646118
0.6675	-252.5022032
0.6725	15.22451316
0.6775	61.88810486
0.6825	-37.33590903
0.6875	-196.826604
0.6925	-143.3647511
0.6975	-139.0200224
0.7025	287.0524076
0.7075	-244.7680336
0.7125	-41.67885896
0.7175	12.82413429
0.7225	183.2764338
0.7275	-367.5463308
0.7325	178.0832873
0.7375	-71.44398969
0.7425	181.2720573
0.7475	160.6840118
0.7525	117.5805818
0.7575	-75.52399987
0.7625	46.9642424
0.7675	139.0352742
0.7725	-54.1818384
0.7775	38.81400657
0.7825	-74.55081572
0.7875	-139.9698463
0.7925	252.6824993
0.7975	-224.5878342
0.8025	27.51017421
0.8075	-90.74385649
0.8125	241.0213756
0.8175	44.63163985
0.8225	-5.718767017
0.8275	96.49307637
0.8325	48.05838566
0.8375	-308.0371599
0.8425	262.9913763
0.8475	-113.5126325
0.8525	29.72582273
0.8575	91.57898638
0.8625	-167.1045621
0.8675	83.68213532
0.8725	-152.7996318
0.8775	87.06664751
0.8825	-56.49246433
0.8875	-28.39332717
0.8925	-72.18273
0.8975	17.12082035
0.9025	119.5215404
0.9075	159.3810049
0.9125	-260.4037509
0.9175	-78.39042786
0.9225	184.8821448
0.9275	-221.7987528
0.9325	-24.56315702
0.9375	-151.4793826
0.9425	217.4045952
0.9475	-124.4348561
0.9525	-150.4341117
0.9575	56.54106691
0.9625	3.977951378
0.9675	170.17566
0.9725	-99.43325933
0.9775	-114.1335439
0.9825	331.6642073
0.9875	-28.02190759
0.9925	-90.33167572
0.9975	-207.9287719
1.0025	-82.02985999
1.0075	150.0543459
1.0125	-20.60460619
1.0175	224.1336362
1.0225	-72.22108739
1.0275	12.67821494
1.0325	-225.7045609
1.0375	79.25112487
1.0425	22.68655935
1.0475	286.4190995
1.0525	-56.07928168
1.0575	21.48985424
1.0625	-180.345221
1.0675	132.1812603
1.0725	8.891422396
1.0775	-52.51492639
1.0825	-44.93381389
1.0875	-203.406469
1.0925	68.07329045
1.0975	157.8788303
1.1025	65.37103303
1.1075	-143.6631602
1.1125	199.8924084
1.1175	53.69165092
1.1225	34.10649396
1.1275	7.732924161
1.1325	67.34578483
1.1375	-64.01169818
1.1425	126.5044774
1.1475	69.12219434
1.1525	-62.86410988
1.1575	-160.7219532
1.1625	100.2161212
1.1675	28.27992187
1.1725	-135.3100467
1.1775	99.1955388
1.1825	-3.704821198
1.1875	-99.03411122
1.1925	71.85231214
1.1975	219.1734429
1.2025	-170.1853591
1.2075	-101.8275398
1.2125	188.7108904
1.2175	-436.8557027
1.2225	138.2483207
1.2275	196.4800974
1.2325	-253.7168215
1.2375	-225.4485543
1.2425	-27.45269627
1.2475	71.02817377
1.2525	-6.939370498
1.2575	-68.41965871
1.2625	-87.80907613
1.2675	283.8918589
1.2725	14.48797542
1.2775	39.91520216
1.2825	-105.1845143
1.2875	325.1121123
1.2925	126.5734498
1.2975	8.415918763
1.3025	-277.1706677
1.3075	-134.3522849
1.3125	-6.00844171
1.3175	-0.691943137
1.3225	91.52589977
1.3275	-76.29566984
1.3325	42.72067124
1.3375	32.5122585
1.3425	360.9008194
1.3475	-124.5558322
1.3525	-183.5254701
1.3575	-36.75554529
1.3625	14.5548131
1.3675	249.4737199
1.3725	-44.07885165
1.3775	-230.7564592
1.3825	-8.270949964
1.3875	-14.3838541
1.3925	34.01291107
1.3975	-51.89892941
1.4025	84.16479261
1.4075	179.7103326
1.4125	-241.3307422
1.4175	2.173850181
1.4225	260.6468779
1.4275	-191.9714327
1.4325	43.13990206
1.4375	-8.47677468
1.4425	233.0775647
1.4475	-182.0520715
1.4525	83.85526497
1.4575	-97.42466505
1.4625	91.31577214
1.4675	43.50726595
1.4725	-136.7128437
1.4775	-86.30401831
1.4825	8.437766723
1.4875	-7.012231196
1.4925	174.3519911
1.4975	-301.4409715
1.5025	177.4687741
1.5075	-106.3888221
1.5125	-58.40486009
1.5175	48.91178869
1.5225	-242.1496497
1.5275	395.8161022
1.5325	2.853694059
1.5375	-58.34614578
1.5425	-138.4151603
1.5475	168.5227728
1.5525	-68.51918132
1.5575	225.9721477
1.5625	132.5753274
1.5675	-145.4146486
1.5725	112.7667597
1.5775	-105.1785809
1.5825	381.7453255
1.5875	-254.4876787
1.5925	-16.19475532
1.5975	-54.23385664
1.6025	248.2002138
1.6075	-204.0787323
1.6125	-78.08511158
1.6175	122.121293
1.6225	-208.9405395
1.6275	290.1951661
1.6325	-62.53578475
1.6375	-297.2405447
1.6425	310.1002144
1.6475	-153.1204685
1.6525	-7.586617214
1.6575	-66.52129013
1.6625	242.6352285
1.6675	-136.1954848
1.6725	-89.77764477
1.6775	281.8521818
1.6825	-321.3674794
1.6875	67.63579704
1.6925	-153.0301757
1.6975	0.769996356
1.7025	60.87890527
1.7075	-59.04723871
1.7125	55.33382688
1.7175	123.2094909
1.7225	-87.73279686
1.7275	315.6705228
1.7325	-135.1532346
1.7375	-332.3465989
1.7425	243.8025455
1.7475	-18.06508976
1.7525	111.0456307
1.7575	-75.45982266
1.7625	-60.63849331
1.7675	93.44675947
1.7725	-3.172223518
1.7775	81.45335414
1.7825	-230.764442
1.7875	-58.10423849
1.7925	32.35627055
1.7975	138.6876944
1.8025	-125.6425125
1.8075	-36.1660109
1.8125	73.22142292
1.8175	-396.7396247
1.8225	235.8057266
1.8275	114.2092934
1.8325	102.7656678
1.8375	5.985774835
1.8425	32.79575931
1.8475	132.3857442
1.8525	-263.5290158
1.8575	-108.4034756
1.8625	14.86460038
1.8675	52.14050274
1.8725	232.892265
1.8775	-144.0172277
1.8825	20.21637538
1.8875	-67.03715553
1.8925	142.0061448
1.8975	-28.54258359
1.9025	200.9392249
1.9075	27.45698803
1.9125	-135.8764582
1.9175	285.4433369
1.9225	-161.5478779
1.9275	101.2986215
1.9325	-85.76630041
1.9375	0.418865262
1.9425	-327.8268353
1.9475	-106.1381334
1.9525	235.9083414
1.9575	-54.67482257
1.9625	-107.1762463
1.9675	466.9621696
1.9725	-244.551865
1.9775	17.47060954
1.9825	227.7177633
1.9875	-368.8351137
1.9925	27.96965303
1.9975	-42.96012818
2.0025	-169.6547397
2.0075	28.30412635
2.0125	-58.58018933
2.0175	132.9269009
2.0225	-16.34235048
2.0275	246.3894084
2.0325	16.25311817
2.0375	-185.1613269
2.0425	203.9513545
2.0475	-25.68999148
2.0525	53.74006447
2.0575	-7.891405305
2.0625	-41.12703445
2.0675	-41.85701623
2.0725	-152.454232
2.0775	125.8712476
2.0825	-128.993891
2.0875	-8.327176476
2.0925	336.6518168
2.0975	-234.8194861
2.1025	-103.8226057
2.1075	305.2380766
2.1125	-132.027761
2.1175	-0.04928839
2.1225	-18.96258313
2.1275	-109.966614
2.1325	188.597687
2.1375	-96.71239692
2.1425	-136.2394977
2.1475	46.87995343
2.1525	285.9773788
2.1575	-56.21594875
2.1625	141.580328
2.1675	161.4841081
2.1725	-329.8847045
2.1775	-5.384721378
2.1825	50.87582346
2.1875	121.2415967
2.1925	-63.39190815
2.1975	-448.3668148
2.2025	112.9718839
2.2075	78.47325529
2.2125	457.3435176
2.2175	-250.0208265
2.2225	151.5561184
2.2275	-87.32634107
2.2325	-132.8480144
2.2375	250.2457944
2.2425	-136.5877358
2.2475	21.20864319
2.2525	152.3720412
2.2575	-157.9414914
2.2625	328.4815133
2.2675	-273.4364057
2.2725	-62.90820727
2.2775	-101.2199701
2.2825	146.5579881
2.2875	-126.7456255
2.2925	121.9707492
2.2975	-84.70590604
2.3025	-13.60395785
2.3075	-5.076279449
2.3125	-146.2317706
2.3175	3.752946908
2.3225	254.2033517
2.3275	50.87898517
2.3325	73.78924235
2.3375	-199.8146562
2.3425	-3.845334481
2.3475	69.40061869
2.3525	16.77532975
2.3575	-154.6790478
2.3625	-96.55544189
2.3675	-28.51552034
2.3725	7.948085454
2.3775	57.13936314
2.3825	-251.8861711
2.3875	246.3084605
2.3925	-317.3805631
2.3975	44.86182816
2.4025	-187.6001918
2.4075	226.9547863
2.4125	-28.78520581
2.4175	257.3103605
2.4225	-105.2570409
2.4275	218.5335227
2.4325	-366.264887
2.4375	168.8335207
2.4425	151.3775822
2.4475	-31.47432037
2.4525	-12.24439076
2.4575	-58.09608893
2.4625	-9.248752962
2.4675	-156.2603038
2.4725	98.95675296
2.4775	114.6152978
2.4825	-70.62749217
2.4875	168.2120216
2.4925	-214.685814
2.4975	163.0041042
2.5025	-189.4442718
2.5075	-81.08996043
2.5125	200.3881156
2.5175	90.75643886
2.5225	104.3191173
2.5275	-50.5776667
2.5325	72.66920679
2.5375	163.633086
2.5425	-296.6123017
2.5475	-70.65222716
2.5525	-105.9630017
2.5575	254.3859005
2.5625	83.61319886
2.5675	-105.6457466
2.5725	-73.96494606
2.5775	-272.9554478
2.5825	10.25162649
2.5875	163.0762641
2.5925	-25.40995581
2.5975	-12.86364978
2.6025	18.44330798
2.6075	42.86449932
2.6125	-44.50790198
2.6175	31.27495563
2.6225	143.9152153
2.6275	5.514742164
2.6325	-210.2821559
2.6375	134.6815492
2.6425	-83.94417845
2.6475	-105.0025124
2.6525	164.762624
2.6575	-3.836355945
2.6625	-199.9177482
2.6675	178.3630388
2.6725	-85.19748357
2.6775	157.6587345
2.6825	88.881396
2.6875	-151.6273493
2.6925	310.0170533
2.6975	39.64253723
2.7025	-141.8332371
2.7075	-13.43730241
2.7125	-80.42656961
2.7175	-62.10656326
2.7225	49.67406287
2.7275	161.1473117
2.7325	-63.25512371
2.7375	141.9832141
2.7425	-215.4879933
2.7475	-72.14183249
2.7525	-5.39754376
2.7575	128.3889833
2.7625	-54.53192813
2.7675	81.79731994
2.7725	-108.7270739
2.7775	53.79460052
2.7825	214.6751388
2.7875	-154.3553944
2.7925	-30.13415334
2.7975	146.1843497
2.8025	36.7531093
2.8075	79.46727976
2.8125	23.72968851
2.8175	37.36864942
2.8225	-462.9415596
2.8275	92.7265331
2.8325	-1.96118623
2.8375	192.3833287
2.8425	41.24571102
2.8475	-170.2810145
2.8525	224.2989728
2.8575	-192.7892342
2.8625	138.4352622
2.8675	-226.5454716
2.8725	153.9618696
2.8775	222.5847833
2.8825	-263.5750997
2.8875	-107.5977428
2.8925	160.2867603
2.8975	93.46026203
2.9025	-26.51544136
2.9075	-270.2823878
2.9125	77.27946083
2.9175	212.0997857
2.9225	-209.5117065
2.9275	12.30243781
2.9325	-52.60557521
2.9375	49.19160494
2.9425	-50.64800387
2.9475	221.0560042
2.9525	-54.24088114
2.9575	-234.9839575
2.9625	133.0762661
2.9675	-158.5222545
2.9725	-50.62095326
2.9775	133.7265246
2.9825	17.70882904
2.9875	88.4140808
2.9925	21.3987204
2.9975	69.79403577
3.0025	-175.2788059
3.0075	-79.99378139
3.0125	-49.11901767
3.0175	341.8287809
3.0225	-240.3971538
3.0275	-4.45993377
3.0325	-22.02821953
3.0375	26.13948205
3.0425	-138.2787028
3.0475	5.577999185
3.0525	34.30228108
3.0575	160.8393123
3.0625	-163.9484495
3.0675	-56.93611774
3.0725	-55.78279025
3.0775	250.7106271
3.0825	321.3467567
3.0875	-173.3970088
3.0925	126.1695939
3.0975	-289.4078461
3.1025	219.8772448
3.1075	-194.6815145
3.1125	275.0141371
3.1175	-191.0711295
3.1225	-84.83656707
3.1275	62.71255587
3.1325	-120.7569803
3.1375	10.85099093
3.1425	-93.98205437
3.1475	47.89771469
3.1525	-8.686965106
3.1575	85.20785717
3.1625	161.4094824
3.1675	-441.4265295
3.1725	155.7462861
3.1775	-79.35145988
3.1825	99.68055711
3.1875	231.0962236
3.1925	-143.0727166
3.1975	30.78005131
3.2025	-55.52443859
3.2075	31.93779583
3.2125	276.0210519
3.2175	-148.2969168
3.2225	-3.649307809
3.2275	113.500313
3.2325	-347.1982074
3.2375	75.79837481
3.2425	-136.5017977
3.2475	-0.149231018
3.2525	245.8677959
3.2575	-9.618352992
3.2625	220.7473199
3.2675	-79.31328486
3.2725	44.00839493
3.2775	26.11991596
3.2825	83.97417735
3.2875	-148.6923779
3.2925	161.2248862
3.2975	-249.5198172
3.3025	75.0284103
3.3075	-136.3793778
3.3125	31.30369888
3.3175	82.7427921
3.3225	119.1733049
3.3275	-153.0740231
3.3325	-166.4738984
3.3375	150.3718196
3.3425	-11.06815007
3.3475	-78.2673732
3.3525	119.4760131
3.3575	1.772248541
3.3625	7.340842527
3.3675	-4.777301997
3.3725	-104.8929539
3.3775	75.70440618
3.3825	43.15818599
3.3875	-140.0697837
3.3925	-111.0853825
3.3975	299.5308877
3.4025	-127.2077836
3.4075	172.6163327
3.4125	-4.949366212
3.4175	156.2881879
3.4225	171.4335153
3.4275	-29.19633781
3.4325	-27.53017453
3.4375	-98.07518191
3.4425	-5.661639876
3.4475	-7.009738459
3.4525	-126.5810409
3.4575	305.9222136
3.4625	-286.3172142
3.4675	-90.95929477
3.4725	-21.77192281
3.4775	-59.9020547
3.4825	114.2065549
3.4875	-146.5750315
3.4925	18.01656992
3.4975	-165.2767279
3.5025	269.2321796
3.5075	-26.89237584
3.5125	-96.87037146
3.5175	-51.17973309
3.5225	-77.5476887
3.5275	239.5782856
3.5325	-19.24004349
3.5375	60.80832914
3.5425	-28.26193059
3.5475	-161.0483756
3.5525	-30.31160844
3.5575	81.39218209
3.5625	21.08562986
3.5675	2.713587898
3.5725	-89.73620224
3.5775	114.7209617
3.5825	-38.95834396
3.5875	-52.55744687
3.5925	54.10800134
3.5975	100.5471249
3.6025	-6.876292053
3.6075	-222.4299747
3.6125	-48.90307595
3.6175	85.51877104
3.6225	140.0365736
3.6275	-210.9736127
3.6325	107.9930854
3.6375	-93.96340858
3.6425	62.93076295
3.6475	51.3778338
3.6525	-71.08021201
3.6575	122.3650919
3.6625	16.49839994
3.6675	91.6403158
3.6725	-125.371525
3.6775	-151.2369518
3.6825	-106.4956242
3.6875	33.73001969
3.6925	275.8769905
3.6975	-74.12643391
3.7025	109.384639
3.7075	261.1147663
3.7125	39.55480854
3.7175	-82.88183716
3.7225	-279.7663174
3.7275	14.37133699
3.7325	-83.7730102
3.7375	-99.69499588
3.7425	211.5980287
3.7475	25.50917999
3.7525	-108.4398568
3.7575	-28.28468471
3.7625	-78.77893131
3.7675	12.77422161
3.7725	121.4585064
3.7775	-188.7844259
3.7825	1.245883755
3.7875	-176.592378
3.7925	509.838969
3.7975	-316.6177885
3.8025	-190.698542
3.8075	22.23939684
3.8125	216.6539473
3.8175	-48.39885736
3.8225	-126.5480387
3.8275	14.97164489
3.8325	-10.93713824
3.8375	123.6723038
3.8425	41.18102751
3.8475	175.472333
3.8525	-99.56480645
3.8575	89.92293562
3.8625	-333.0016652
3.8675	139.800856
3.8725	0.538632408
3.8775	4.434414538
3.8825	-72.71274204
3.8875	-100.3941727
3.8925	181.1016494
3.8975	-213.0682954
3.9025	306.7027459
3.9075	-6.380863569
3.9125	-24.06951992
3.9175	175.1526313
3.9225	-67.5476828
3.9275	-82.06285953
3.9325	-225.7973319
3.9375	54.00612389
3.9425	1.871989581
3.9475	-77.23399102
3.9525	69.24263651
3.9575	-4.157909479
3.9625	193.989566
3.9675	114.6428245
3.9725	118.5098602
3.9775	-242.2442552
3.9825	97.72861574
3.9875	64.04450957
3.9925	-49.58220769
3.9975	-59.41345017
4.0025	-165.1446759
4.0075	125.2874825
4.0125	-136.6553828
4.0175	-32.69207969
4.0225	58.1027729
4.0275	-16.14886444
4.0325	133.7756816
4.0375	189.0077034
4.0425	-142.2104464
4.0475	-195.3350816
4.0525	116.6109926
4.0575	95.71045185
4.0625	-54.05657154
4.0675	-119.1844678
4.0725	-22.06980549
4.0775	-66.10490892
4.0825	1.665564051
4.0875	18.48865503
4.0925	-32.55093532
4.0975	78.38962151
4.1025	134.3728439
4.1075	5.142500657
4.1125	293.2532356
4.1175	-308.1556315
4.1225	72.52688869
4.1275	-230.4515868
4.1325	68.12982415
4.1375	-131.7580243
4.1425	204.6660099
4.1475	171.0750108
4.1525	-163.9249101
4.1575	-249.5156115
4.1625	257.9751236
4.1675	71.8784235
4.1725	-133.6233294
4.1775	-6.506929138
4.1825	149.9296116
4.1875	-23.54522601
4.1925	-140.4112933
4.1975	192.22814
4.2025	-164.4160966
4.2075	38.50926111
4.2125	165.386315
4.2175	-102.1978499
4.2225	-350.4698117
4.2275	134.9570827
4.2325	-13.5826009
4.2375	-79.80458001
4.2425	14.73650262
4.2475	94.61669082
4.2525	-232.3830825
4.2575	11.494273
4.2625	186.8252066
4.2675	96.89173052
4.2725	27.16863984
4.2775	-105.5802194
4.2825	-61.49948745
4.2875	-71.2329287
4.2925	186.5655075
4.2975	57.23588115
4.3025	71.65520227
4.3075	7.421078404
4.3125	3.273430409
4.3175	136.8074195
4.3225	11.36286773
4.3275	-24.72984219
4.3325	-247.9393639
4.3375	243.730558
4.3425	13.78796112
4.3475	21.36785779
4.3525	-309.2911867
4.3575	155.9622181
4.3625	11.20571033
4.3675	-105.5031809
4.3725	63.60176014
4.3775	-218.2815535
4.3825	61.73057059
4.3875	-38.11061591
4.3925	159.3660953
4.3975	-78.53778827
4.4025	-180.8051929
4.4075	159.6758931
4.4125	148.8611184
4.4175	-57.81792433
4.4225	-8.390964226
4.4275	-148.5792676
4.4325	31.91425405
4.4375	273.1607917
4.4425	-283.8875911
4.4475	-148.4514714
4.4525	45.7017941
4.4575	107.5132644
4.4625	-298.4291258
4.4675	161.4708551
4.4725	224.0170086
4.4775	-75.84492374
4.4825	19.23912786
4.4875	135.1725204
4.4925	-177.9027024
4.4975	18.49694011
4.5025	-146.5411247
4.5075	-75.33910153
4.5125	49.53007024
4.5175	157.8481048
4.5225	-46.38506181
4.5275	-51.82948281
4.5325	53.23013729
4.5375	-122.5620502
4.5425	-148.39235
4.5475	136.0833832
4.5525	77.88217488
4.5575	-91.34768322
4.5625	71.42528996
4.5675	195.5549622
4.5725	86.70688263
4.5775	-109.6613409
4.5825	174.3674365
4.5875	-174.6824302
4.5925	38.68314448
4.5975	157.6438873
4.6025	-114.4979089
4.6075	-58.05759837
4.6125	339.1241818
4.6175	-240.2836053
4.6225	70.47102716
4.6275	-25.53140198
4.6325	-54.67101688
4.6375	56.38086569
4.6425	-2.217058842
4.6475	-0.840736702
4.6525	-71.59977441
4.6575	405.9780212
4.6625	-23.73331498
4.6675	-176.6823194
4.6725	-19.24882755
4.6775	31.25804354
4.6825	-125.8651596
4.6875	224.982312
4.6925	-47.47619629
4.6975	-128.2010925
4.7025	9.098496736
4.7075	51.38131322
4.7125	-145.2808743
4.7175	1.163385546
4.7225	-40.3125174
4.7275	58.15916376
4.7325	-68.72177474
4.7375	-121.1259279
4.7425	-8.729792959
4.7475	111.1112747
4.7525	4.624328387
4.7575	279.6867909
4.7625	-17.14944655
4.7675	-53.60826045
4.7725	118.9332241
4.7775	-5.063487332
4.7825	59.04409614
4.7875	-86.46952889
4.7925	-111.3350498
4.7975	56.74620636
4.8025	-258.0628763
4.8075	-59.02185287
4.8125	59.57502983
4.8175	178.0976363
4.8225	-123.1499801
4.8275	119.842013
4.8325	-306.5854477
4.8375	52.83500973
4.8425	-155.9288655
4.8475	46.42345418
4.8525	93.47949104
4.8575	1.550557763
4.8625	126.878399
4.8675	139.3912683
4.8725	-56.06208365
4.8775	11.10230196
4.8825	0.121911052
4.8875	144.6647268
4.8925	-131.4494096
4.8975	90.52251251
4.9025	221.7746537
4.9075	8.287930745
4.9125	-284.0636871
4.9175	-103.4402791
4.9225	-29.89882761
4.9275	191.9752079
4.9325	111.0476168
4.9375	-80.66723421
4.9425	-19.25699802
4.9475	-166.4216077
4.9525	-1.285953402
4.9575	-114.2055391
4.9625	177.9158872
4.9675	-276.7917068
4.9725	254.2483261
4.9775	115.4382034
4.9825	-226.760306
4.9875	162.8304842
4.9925	-57.89631885
4.9975	-144.7837023
5.0025	-23.97382019
5.0075	320.0769492
5.0125	-98.09014683
5.0175	-146.5117152
5.0225	-295.5046547
5.0275	-4.31345096
5.0325	197.6852301
5.0375	154.6224629
5.0425	-80.03355649
5.0475	-136.7631824
5.0525	66.27473554
5.0575	106.4051891
5.0625	-3.374928366
5.0675	102.0678271
5.0725	-16.10080715
5.0775	-2.465627462
5.0825	-174.6188676
5.0875	268.4268488
5.0925	1.202949579
5.0975	-88.4891758
5.1025	105.4628673
5.1075	-113.2583236
5.1125	-30.51888795
5.1175	-91.02502806
5.1225	110.2603953
5.1275	-53.63870343
5.1325	101.8755253
5.1375	-132.8839257
5.1425	31.9187174
5.1475	-69.77773719
5.1525	-64.40574345
5.1575	100.2900162
5.1625	-69.90845269
5.1675	176.5154946
5.1725	-390.4022556
5.1775	17.30598748
5.1825	119.0380863
5.1875	-95.09175292
5.1925	49.37624297
5.1975	150.1971028
5.2025	-180.2448261
5.2075	86.65009958
5.2125	-137.9089426
5.2175	-80.22858193
5.2225	34.18395064
5.2275	-55.17599182
5.2325	212.6795079
5.2375	66.44579774
5.2425	-24.93767015
5.2475	104.7426079
5.2525	21.57797255
5.2575	66.99454847
5.2625	-163.0668483
5.2675	225.3185682
5.2725	165.790877
5.2775	-269.6109184
5.2825	144.9472897
5.2875	141.7537916
5.2925	-274.8357309
5.2975	7.135243215
5.3025	66.79104096
5.3075	22.39411098
5.3125	-178.4847221
5.3175	-101.8447843
5.3225	-1.944565794
5.3275	146.1325657
5.3325	-140.458719
5.3375	135.0187761
5.3425	33.16659755
5.3475	-22.4073997
5.3525	101.9226504
5.3575	-22.27458622
5.3625	-159.2349666
5.3675	129.6244727
5.3725	-53.34369101
5.3775	-21.96414578
5.3825	4.831292558
5.3875	0.181002092
5.3925	157.6427749
5.3975	-64.59745363
5.4025	1.115094302
5.4075	65.73415173
5.4125	28.34548884
5.4175	7.392020339
5.4225	122.7102775
5.4275	147.3439288
5.4325	-286.4277287
5.4375	76.09173781
5.4425	45.70938758
5.4475	-0.947411455
5.4525	-81.05791066
5.4575	-120.4156077
5.4625	56.04397888
5.4675	99.29801956
5.4725	-4.04214473
5.4775	-17.40220883
5.4825	73.32155209
5.4875	-149.2212761
5.4925	57.2214489
5.4975	-45.81947279
5.5025	81.95985202
5.5075	45.6740032
5.5125	-252.0570363
5.5175	92.83355103
5.5225	-4.333480553
5.5275	-24.83817964
5.5325	10.70969524
5.5375	85.00516601
5.5425	-155.7448858
5.5475	93.72499249
5.5525	60.49249454
5.5575	-122.8699392
5.5625	122.892851
5.5675	-59.77091206
5.5725	-88.55227557
5.5775	73.81425419
5.5825	162.260355
5.5875	139.0526924
5.5925	-161.7361688
5.5975	34.84680722
5.6025	17.96512694
5.6075	162.5217355
5.6125	-237.7584414
5.6175	42.4009578
5.6225	-3.229932789
5.6275	-15.21351112
5.6325	449.8928206
5.6375	-152.0141664
5.6425	-343.071723
5.6475	189.8172917
5.6525	-130.032597
5.6575	164.3440456
5.6625	-96.28343676
5.6675	79.63879435
5.6725	-11.32123861
5.6775	-27.46970698
5.6825	276.4683891
5.6875	-319.0048837
5.6925	-28.60039484
5.6975	200.3458517
5.7025	24.73947812
5.7075	-214.8660892
5.7125	68.56501799
5.7175	-215.5485713
5.7225	221.08855
5.7275	-274.1202953
5.7325	216.1267207
5.7375	29.20612796
5.7425	-40.30764101
5.7475	-41.12804686
5.7525	95.77231867
5.7575	-81.76690444
5.7625	63.7840561
5.7675	-18.25166176
5.7725	9.691290009
5.7775	83.69052725
5.7825	-20.62825587
5.7875	-60.22997849
5.7925	-34.24258442
5.7975	3.457223672
5.8025	-7.13045354
5.8075	118.927408
5.8125	-455.9196532
5.8175	303.0768696
5.8225	-52.25095186
5.8275	-5.700866001
5.8325	292.1811865
5.8375	20.13957451
5.8425	-358.4498718
5.8475	67.21286003
5.8525	93.04431306
5.8575	39.51413867
5.8625	25.02490066
5.8675	123.7298933
5.8725	-215.1344023
5.8775	76.10624671
5.8825	88.71157411
5.8875	-138.1588217
5.8925	-100.4487426
5.8975	88.20788396
5.9025	-66.9478015
5.9075	103.7495878
5.9125	-217.9290302
5.9175	1.700811324
5.9225	102.756725
5.9275	-112.5977024
5.9325	-69.37826617
5.9375	215.4666408
5.9425	-224.2548067
5.9475	16.94139938
5.9525	-80.02939052
5.9575	17.92010241
5.9625	215.3434235
5.9675	-160.8741169
5.9725	3.456599172
5.9775	330.9080873
5.9825	165.3862048
5.9875	-210.197434
5.9925	221.9291428
5.9975	-81.01458067
6.0025	-78.39854925
6.0075	-97.59296319
6.0125	25.91978885
6.0175	-33.7314108
6.0225	130.3898994
6.0275	-42.06888988
6.0325	-50.19845626
6.0375	-89.88862339
6.0425	-96.43525815
6.0475	-79.80169936
6.0525	158.873343
6.0575	12.16886166
6.0625	-140.7600014
6.0675	215.7622314
6.0725	-6.317660383
6.0775	18.57615318
6.0825	236.0954825
6.0875	-161.4442049
6.0925	134.7595344
6.0975	-146.8943467
6.1025	116.9885643
6.1075	-160.1556256
6.1125	-225.8991001
6.1175	220.6722825
6.1225	-372.9895604
6.1275	272.8442039
6.1325	137.6768711
6.1375	33.87066877
6.1425	-97.51838453
6.1475	84.11564962
6.1525	-318.1564906
6.1575	2.431641558
6.1625	40.38624537
6.1675	198.2501767
6.1725	-200.5738145
6.1775	-105.5798599
6.1825	53.74776473
6.1875	-185.1534353
6.1925	261.0718592
6.1975	-13.43882195
6.2025	47.89103335
6.2075	-15.70926541
6.2125	33.73749143
6.2175	279.293413
6.2225	-86.87069693
6.2275	-80.3432133
6.2325	-65.80170879
6.2375	89.22979987
6.2425	-42.99283745
6.2475	-28.38660742
6.2525	90.39723506
6.2575	-123.2192463
6.2625	-99.33834823
6.2675	-75.9871017
6.2725	-27.09534149
6.2775	-21.96755382
6.2825	101.3231507
6.2875	-123.8804586
6.2925	-22.25547489
6.2975	97.07136229
6.3025	42.13060879
6.3075	19.70046814
6.3125	-86.61359397
6.3175	-224.9371649
6.3225	144.4734959
6.3275	104.7522306
6.3325	123.9132847
6.3375	-53.72566183
6.3425	71.24914175
6.3475	-9.006585401
6.3525	128.413611
6.3575	-79.11030658
6.3625	-195.3931346
6.3675	-120.196947
6.3725	114.6390512
6.3775	-250.3924911
6.3825	201.7220752
6.3875	84.77129195
6.3925	-91.71374126
6.3975	216.6814145
6.4025	-45.66348697
6.4075	7.665346054
6.4125	-159.9466387
6.4175	277.8114649
6.4225	-121.1597393
6.4275	-135.0945911
6.4325	-52.3783867
6.4375	-74.85094414
6.4425	155.2958653
6.4475	59.8895989
6.4525	-104.0708664
6.4575	76.30324659
6.4625	116.4897151
6.4675	156.6270945
6.4725	-148.7705112
6.4775	-31.55071296
6.4825	-99.25997809
6.4875	-143.0440602
6.4925	-137.7266035
6.4975	205.3769687
6.5025	71.98818918
6.5075	-148.5776497
6.5125	87.14109854
6.5175	88.05148212
6.5225	-266.5444851
6.5275	60.62087231
6.5325	-63.18842959
6.5375	-7.061611695
6.5425	-90.58924999
6.5475	91.32097605
6.5525	126.1644063
6.5575	143.3751609
6.5625	-320.6834793
6.5675	8.310953753
6.5725	12.15467659
6.5775	-19.51788177
6.5825	299.179749
6.5875	-70.33369664
6.5925	66.8309179
6.5975	-142.2320591
6.6025	-11.71517625
6.6075	182.3753893
6.6125	-38.61520399
6.6175	192.2355214
6.6225	74.6576618
6.6275	-11.79278372
6.6325	-344.5351022
6.6375	213.0784658
6.6425	174.7302544
6.6475	-234.8333464
6.6525	85.1574682
6.6575	198.8756417
6.6625	-71.00684261
6.6675	-220.9657762
6.6725	202.7195645
6.6775	-104.3665996
6.6825	145.735119
6.6875	-177.4806206
6.6925	329.0825281
6.6975	-160.4915858
6.7025	-70.13727285
6.7075	-203.3814292
6.7125	131.4412618
6.7175	126.6626025
6.7225	-407.1390032
6.7275	179.9007651
6.7325	-7.257434411
6.7375	39.99288434
6.7425	166.2030773
6.7475	33.84657249
6.7525	71.28694992
6.7575	-111.9479924
6.7625	-32.35559158
6.7675	-22.28580958
6.7725	-97.24834527
6.7775	-23.06108485
6.7825	-375.7120557
6.7875	236.0960612
6.7925	62.41238745
6.7975	291.9839948
6.8025	34.61462666
6.8075	-150.8165063
6.8125	-155.2143656
6.8175	-52.69110539
6.8225	128.7789761
6.8275	-86.02414126
6.8325	96.47012488
6.8375	-128.7399852
6.8425	177.4566567
6.8475	-42.25839101
6.8525	-377.4073752
6.8575	313.2056922
6.8625	101.6735402
6.8675	-55.20502041
6.8725	-31.96043573
6.8775	71.880202
6.8825	86.88004071
6.8875	-206.979777
6.8925	80.6292113
6.8975	43.50744517
6.9025	77.1229503
6.9075	24.32485804
6.9125	-57.3075439
6.9175	-149.1085746
6.9225	-91.91492605
6.9275	-135.970618
6.9325	21.32812743
6.9375	218.04928
6.9425	185.3723199
6.9475	13.3871653
6.9525	50.63132948
6.9575	-222.8525059
6.9625	14.62488082
6.9675	142.4870678
6.9725	81.84587119
6.9775	-127.8895289
6.9825	-154.1106846
6.9875	-76.00884525
6.9925	303.768845
6.9975	60.37345374
7.0025	67.1853215
7.0075	88.13566066
7.0125	-19.63745206
7.0175	-146.1149397
7.0225	-47.80626979
7.0275	123.0405345
7.0325	-13.70123747
7.0375	60.41462968
7.0425	-22.7866175
7.0475	-115.2853721
7.0525	-138.4879087
7.0575	180.137084
7.0625	-25.94191426
7.0675	89.7515621
7.0725	-353.9465244
7.0775	290.1635453
7.0825	-138.8351301
7.0875	-1.796490088
7.0925	58.07823739
7.0975	103.3103233
7.1025	-148.7089181
7.1075	-100.8105547
7.1125	-42.63791225
7.1175	206.2949495
7.1225	-44.0715868
7.1275	-35.78936242
7.1325	-27.51581629
7.1375	52.06794179
7.1425	-57.19946699
7.1475	98.37703725
7.1525	-106.5226201
7.1575	-118.7813755
7.1625	1.245322678
7.1675	230.0542458
7.1725	-164.0302995
7.1775	52.2385966
7.1825	-8.224491167
7.1875	216.3198964
7.1925	-97.68633133
7.1975	30.25973178
7.2025	-184.3441164
7.2075	227.739761
7.2125	-125.6769834
7.2175	-315.0250188
7.2225	436.6228916
7.2275	117.9911583
7.2325	-165.126707
7.2375	-233.572081
7.2425	245.7271097
7.2475	-103.5291802
7.2525	0.97571212
7.2575	159.0612762
7.2625	81.18138783
7.2675	-97.42058015
7.2725	-53.8113103
7.2775	-11.95533688
7.2825	-147.9562861
7.2875	227.9684951
7.2925	-96.79163867
7.2975	264.7237235
7.3025	-61.39273585
7.3075	-85.77578791
7.3125	306.0920281
7.3175	-310.2119075
7.3225	-212.0688557
7.3275	17.02531685
7.3325	-5.609363728
7.3375	39.58779203
7.3425	112.6354308
7.3475	263.4087844
7.3525	-286.2611616
7.3575	-185.4991016
7.3625	-157.6758686
7.3675	135.1640569
7.3725	-52.92020424
7.3775	-59.96189247
7.3825	182.7493903
7.3875	-157.2503155
7.3925	163.1391265
7.3975	50.82459235
7.4025	50.68217057
7.4075	58.15140495
7.4125	-321.832819
7.4175	-17.22673323
7.4225	9.677331264
7.4275	48.19712597
7.4325	223.224179
7.4375	-178.5640745
7.4425	-81.95546356
7.4475	-239.9625652
7.4525	305.3571939
7.4575	162.2759432
7.4625	-80.63733585
7.4675	-130.8787948
7.4725	-114.2890646
7.4775	283.8779465
7.4825	-228.7883983
7.4875	165.6326709
7.4925	-194.1163361
7.4975	218.7278086
7.5025	162.7333539
7.5075	-312.9924214
7.5125	19.86417266
7.5175	-43.51084478
7.5225	-1.403991988
7.5275	180.0015617
7.5325	-92.56921253
7.5375	-96.34943296
7.5425	43.63183409
7.5475	179.6237764
7.5525	-21.88951317
7.5575	-72.01084855
7.5625	-3.959478232
7.5675	-163.4852971
7.5725	18.46852313
7.5775	195.5245209
7.5825	-4.200324422
7.5875	86.94088222
7.5925	-10.04359431
7.5975	-167.8426626
7.6025	95.36309328
7.6075	-27.79492988
7.6125	43.45991185
7.6175	277.9536322
7.6225	36.40533913
7.6275	-69.83145156
7.6325	89.11703118
7.6375	-255.2675897
7.6425	16.62834988
7.6475	-289.7318811
7.6525	182.6891596
7.6575	242.217867
7.6625	-51.50844587
7.6675	-134.2694861
7.6725	-171.8792033
7.6775	67.77139748
7.6825	-12.32995291
7.6875	-83.62236254
7.6925	203.2593151
7.6975	-243.3949994
7.7025	318.252272
7.7075	-151.2546594
7.7125	22.64680109
7.7175	283.8479721
7.7225	-80.62476137
7.7275	33.46107179
7.7325	-101.2117376
7.7375	-25.27422826
7.7425	59.34580022
7.7475	77.24321075
7.7525	-34.54820051
7.7575	9.755745025
7.7625	-24.87808504
7.7675	-72.28646765
7.7725	94.37638455
7.7775	-86.26914842
7.7825	74.75817234
7.7875	-63.5385809
7.7925	-125.2208153
7.7975	170.8385206
7.8025	-61.10904207
7.8075	8.551441507
7.8125	118.0707527
7.8175	-48.97640193
7.8225	-8.052581563
7.8275	-49.44735702
7.8325	-79.94711443
7.8375	8.810276349
7.8425	19.89035297
7.8475	7.233518273
7.8525	-67.38036681
7.8575	25.06951885
7.8625	22.91055325
7.8675	-6.108003729
7.8725	-57.39840674
7.8775	-20.1100838
7.8825	134.9191027
7.8875	-206.2431126
7.8925	24.66346255
7.8975	2.143578381
7.9025	198.738228
7.9075	-132.4040779
7.9125	-50.10855774
7.9175	-53.47654081
7.9225	-25.77273608
7.9275	246.3830684
7.9325	82.5433666
7.9375	-9.336225854
7.9425	-285.2986292
7.9475	85.16419217
7.9525	-157.2037877
7.9575	87.13191262
7.9625	-25.39834322
7.9675	243.6357756
7.9725	7.746455257
7.9775	-300.0098579
7.9825	234.8679195
7.9875	-64.22744727
7.9925	-161.5378522
7.9975	263.6483237
8.0025	-69.29116803
8.0075	-238.9053747
8.0125	70.91016933
8.0175	76.23349997
8.0225	-62.10114198
8.0275	147.3985329
8.0325	-1.094145
8.0375	67.46722836
8.0425	67.15315093
8.0475	5.649582526
8.0525	-132.8430548
8.0575	-37.11555797
8.0625	-119.1903709
8.0675	58.82973481
8.0725	71.88251973
8.0775	319.1236437
8.0825	-139.1305491
8.0875	-256.8298086
8.0925	252.0544013
8.0975	-351.2322583
8.1025	-82.24017779
8.1075	113.052241
8.1125	26.18768408
8.1175	55.19648558
8.1225	3.665716394
8.1275	17.22975546
8.1325	-152.066921
8.1375	-19.10159214
8.1425	73.26385234
8.1475	48.24896421
8.1525	84.87377784
8.1575	-80.2403444
8.1625	180.0080536
8.1675	-141.9527753
8.1725	-191.3322223
8.1775	247.3954447
8.1825	144.4785019
8.1875	-60.41036845
8.1925	43.53472631
8.1975	-19.72464573
8.2025	-156.0261845
8.2075	79.51607155
8.2125	-75.04247089
8.2175	99.08990514
8.2225	-42.19884351
8.2275	163.3685825
8.2325	31.08212956
8.2375	43.79205109
8.2425	-60.3599429
8.2475	82.61384799
8.2525	-64.65189803
8.2575	-75.50087202
8.2625	-209.4457842
8.2675	77.63174303
8.2725	193.6137521
8.2775	-77.22474484
8.2825	-124.5660603
8.2875	39.45424246
8.2925	-51.36462771
8.2975	-72.08752915
8.3025	371.2778857
8.3075	-321.5032923
8.3125	152.4609036
8.3175	-178.9178648
8.3225	-140.8166288
8.3275	-64.55025164
8.3325	246.0442691
8.3375	79.66027315
8.3425	51.24368078
8.3475	132.1339102
8.3525	-63.0538984
8.3575	-281.7887181
8.3625	136.0855639
8.3675	255.7732086
8.3725	-149.5134404
8.3775	-49.25565
8.3825	252.2146332
8.3875	-158.928877
8.3925	7.643446053
8.3975	139.681414
8.4025	73.55053138
8.4075	5.213726418
8.4125	-76.55530298
8.4175	-27.27491984
8.4225	-26.28332494
8.4275	-53.49441367
8.4325	59.43637982
8.4375	-25.88599546
8.4425	-34.60558773
8.4475	-65.8587154
8.4525	-178.1738735
8.4575	218.0783046
8.4625	-98.0182792
8.4675	121.6710419
8.4725	-291.3913459
8.4775	141.560323
8.4825	365.9509899
8.4875	-60.1470671
8.4925	29.07225312
8.4975	-122.6781982
8.5025	-139.4488109
8.5075	-26.0399318
8.5125	108.8014405
8.5175	63.65799803
8.5225	-421.6595036
8.5275	142.067143
8.5325	50.50062661
8.5375	-149.7164247
8.5425	88.31855862
8.5475	60.19264113
8.5525	-136.2692761
8.5575	-72.80143577
8.5625	203.1381908
8.5675	104.9254547
8.5725	111.0095837
8.5775	-117.5408696
8.5825	14.07446818
8.5875	65.7030928
8.5925	-102.096813
8.5975	-14.03879036
8.6025	-53.66610143
8.6075	162.7452644
8.6125	-158.043742
8.6175	171.4794499
8.6225	-165.5005425
8.6275	-76.47866871
8.6325	246.3934788
8.6375	-76.72726443
8.6425	264.8517112
8.6475	-244.8688899
8.6525	-201.6602565
8.6575	103.4149214
8.6625	-255.9504045
8.6675	304.2361997
8.6725	44.7775952
8.6775	-64.822596
8.6825	142.1282142
8.6875	-83.58908061
8.6925	0.825917921
8.6975	104.6534422
8.7025	-6.976229944
8.7075	-131.9638559
8.7125	-103.855481
8.7175	238.3085651
8.7225	-142.7162464
8.7275	-50.24016881
8.7325	63.23046478
8.7375	244.3844566
8.7425	-224.207695
8.7475	73.32702869
8.7525	-151.5603512
8.7575	177.0979551
8.7625	-114.1357718
8.7675	301.6189445
8.7725	-36.90821214
8.7775	-113.5056619
8.7825	31.17656248
8.7875	-252.7499532
8.7925	-21.81018009
8.7975	-93.6843321
8.8025	-23.49261511
8.8075	343.6087493
8.8125	-214.0700917
8.8175	5.01051326
8.8225	-235.9823361
8.8275	195.6744064
8.8325	-95.06128926
8.8375	62.21479492
8.8425	149.3720283
8.8475	-174.8166688
8.8525	-46.95815014
8.8575	65.4858955
8.8625	133.2639917
8.8675	-131.5963765
8.8725	106.0000373
8.8775	239.9752044
8.8825	-225.8586961
8.8875	-164.0806882
8.8925	283.7831944
8.8975	54.84509342
8.9025	-110.8418457
8.9075	-95.70974722
8.9125	-99.33677553
8.9175	106.2289485
8.9225	-255.4434073
8.9275	-79.83938805
8.9325	-3.353129553
8.9375	14.23275445
8.9425	165.1051654
8.9475	-0.566537266
8.9525	-55.68984424
8.9575	11.96390277
8.9625	281.2461913
8.9675	-133.9569045
8.9725	189.956763
8.9775	62.49075733
8.9825	-136.3829047
8.9875	-82.03421806
8.9925	240.777588
8.9975	-51.32699297
9.0025	-271.0089059
9.0075	252.2158391
9.0125	39.46655114
9.0175	-237.7394669
9.0225	-56.46783909
9.0275	90.25561752
9.0325	66.79456926
9.0375	16.10431598
9.0425	-179.3554919
9.0475	34.58942876
9.0525	169.9460304
9.0575	-172.3394758
9.0625	33.68480621
9.0675	263.8053211
9.0725	118.2539702
9.0775	-110.5399273
9.0825	-86.63074206
9.0875	2.306557872
9.0925	-128.6841892
9.0975	145.6819657
9.1025	-239.3555192
9.1075	70.17673162
9.1125	-55.22498256
9.1175	-109.2393173
9.1225	70.7157118
9.1275	-154.9018099
9.1325	301.3900977
9.1375	-159.8844162
9.1425	-49.82751631
9.1475	317.3033896
9.1525	141.2234945
9.1575	-211.8262933
9.1625	-215.9650497
9.1675	19.00733344
9.1725	-27.26173402
9.1775	146.5442959
9.1825	-104.3980836
9.1875	-41.48346445
9.1925	-310.9415025
9.1975	178.6296927
9.2025	215.0928064
9.2075	129.6034534
9.2125	-4.757562876
9.2175	-76.55551668
9.2225	119.8751589
9.2275	241.1735054
9.2325	42.50693963
9.2375	-36.83294871
9.2425	141.9037187
9.2475	-497.5388471
9.2525	226.151131
9.2575	48.07582876
9.2625	-93.17373956
9.2675	163.1657718
9.2725	-127.971446
9.2775	207.9569076
9.2825	-209.9546401
9.2875	-15.32552952
9.2925	-13.16675787
9.2975	-123.1809247
9.3025	-76.06451101
9.3075	-200.5821414
9.3125	198.900119
9.3175	-37.12667528
9.3225	-45.14627756
9.3275	22.60873239
9.3325	-0.138582149
9.3375	-31.07848782
9.3425	182.720797
9.3475	-6.796653964
9.3525	-72.02031816
9.3575	155.0045238
9.3625	107.7892031
9.3675	33.36208131
9.3725	64.758737
9.3775	-76.18948364
9.3825	62.08547211
9.3875	-275.4289019
9.3925	144.60964
9.3975	49.82671325
9.4025	-162.899014
9.4075	94.68551319
9.4125	-81.89346635
9.4175	89.7712224
9.4225	48.46743735
9.4275	-77.64165634
9.4325	41.99271115
9.4375	-16.68744553
9.4425	131.5357626
9.4475	0.080517336
9.4525	86.8801644
9.4575	-170.7627476
9.4625	203.594074
9.4675	39.36210779
9.4725	-19.88311556
9.4775	-156.9528085
9.4825	-52.55592128
9.4875	-165.7367474
9.4925	328.385713
9.4975	-62.49285847
9.5025	-157.2871897
9.5075	196.8743598
9.5125	-95.43601319
9.5175	-46.01320905
9.5225	41.99719976
9.5275	-137.8240133
9.5325	461.4856325
9.5375	-291.4748765
9.5425	-58.7162074
9.5475	47.78787428
9.5525	-7.649351959
9.5575	82.88913168
9.5625	-65.55054953
9.5675	-72.92836164
9.5725	250.1097007
9.5775	-234.0386054
9.5825	-300.3133377
9.5875	97.85842989
9.5925	-44.00124411
9.5975	53.35398487
9.6025	-105.3059389
9.6075	73.81086773
9.6125	-97.99289871
9.6175	79.656708
9.6225	152.4414286
9.6275	-42.84254771
9.6325	19.60653813
9.6375	14.15878752
9.6425	51.94026326
9.6475	-4.852704249
9.6525	131.4531939
9.6575	3.215913778
9.6625	-184.2681145
9.6675	222.805227
9.6725	-123.185617
9.6775	66.74780519
9.6825	-22.60319189
9.6875	243.5228464
9.6925	-136.615377
9.6975	-57.85798418
9.7025	221.9045215
9.7075	-18.54962628
9.7125	-160.0229953
9.7175	7.199808301
9.7225	-85.42819013
9.7275	61.28993468
9.7325	-117.5089038
9.7375	-24.9036395
9.7425	11.79174342
9.7475	-81.70228436
9.7525	-101.445189
9.7575	16.04433241
9.7625	71.47182402
9.7675	67.28454015
9.7725	-53.30366617
9.7775	-42.7814454
9.7825	-10.16467362
9.7875	-4.765213988
9.7925	140.4750557
9.7975	-130.1731479
9.8025	24.66969782
9.8075	-41.29633684
9.8125	220.831489
9.8175	127.1250709
9.8225	-343.2140376
9.8275	180.0893836
9.8325	-150.6787826
9.8375	143.6363756
9.8425	-154.1226438
9.8475	143.6214289
9.8525	-96.04008125
9.8575	-4.767530401
9.8625	-65.2348694
9.8675	60.89869005
9.8725	-333.2692093
9.8775	86.2238194
9.8825	33.08728237
9.8875	-32.03503387
9.8925	-82.19666437
9.8975	-22.42531809
9.9025	180.0197459
9.9075	-73.59759192
9.9125	205.1950782
9.9175	15.63545572
9.9225	-78.39635021
9.9275	198.5031206
9.9325	-307.4385645
9.9375	-23.85192984
9.9425	-200.9946234
9.9475	241.6379861
9.9525	229.9765944
9.9575	43.98645822
9.9625	-94.67533723
9.9675	-57.71082246
9.9725	221.9236394
9.9775	-3.437054665
9.9825	-18.07619266
9.9875	120.0268564
9.9925	-155.0327592
9.9975	118.5054644
10.0025	-101.3090404
	0.800937669
