0.0075 171.70144608359738
0.012499999999999999 -187.5448742455139
0.017499999999999998 -23.233697111317632
0.0225 -56.88338289228152
0.0275 -66.62323441926557
0.0325 156.44868673015904
0.0375 -167.7328387827011
0.042499999999999996 266.28151930482903
0.0475 -108.17194477356018
0.0525 -45.61031077977574
0.057499999999999996 141.57021839369858
0.0625 -6.77060655216852
0.06749999999999999 -288.84107119942934
0.0725 176.30430060612434
0.0775 72.6658629625916
0.08249999999999999 -185.77464868450912
0.0875 107.17739672905876
0.0925 -169.79899074654637
0.09749999999999999 -60.40586707385645
0.1025 -16.493511313235633
0.1075 178.79247513543066
0.11249999999999999 -44.92468804049859
0.1175 106.6006387034505
0.1225 -52.853445098815165
0.1275 99.71538112498963
0.1325 -127.18939416085496
0.13749999999999998 71.88583802626421
0.1425 158.68567062112163
0.1475 -156.8493433305423
0.1525 371.32659931149936
0.1575 -139.12908775235303
0.1625 1.8436339139028801
0.16749999999999998 -63.83240826984549
0.1725 156.49518395037387
0.1775 -171.15670105014522
0.1825 -81.29029991046208
0.1875 153.53758788691093
0.1925 240.2062970680782
0.19749999999999998 -112.46694923348798
0.20249999999999999 95.03725720083881
0.2075 123.56803673878146
0.2125 -489.60462260539805
0.2175 -17.452763266869823
0.2225 56.60045808930695
0.22749999999999998 -77.05719305578978
0.23249999999999998 153.0314126347464
0.2375 95.58460339640486
0.2425 -289.9682823276885
0.2475 160.55486745306695
0.2525 -46.7939284927009
0.2575 62.60159672843803
0.2625 120.93552014730989
0.2675 -57.702863469550636
0.27249999999999996 32.942067543533035
0.27749999999999997 -57.938616451548164
0.2825 -25.225217249716565
0.2875 278.2972795190058
0.2925 12.079402892882023
0.2975 79.80458106111924
0.3025 -246.0570241132631
0.3075 -155.2663532818146
0.3125 13.105448710485655
0.3175 -136.28088760912783
0.3225 -3.1806775581732523
0.32749999999999996 32.8586806127443
0.33249999999999996 279.85064361683686
0.33749999999999997 -53.110365211966595
0.34249999999999997 -160.0087805472434
0.3475 -204.85407844370087
0.3525 164.89378206708375
0.3575 289.48659621481863
0.3625 -190.37399154607317
0.3675 -68.54633457262044
0.3725 67.1644453894962
0.3775 9.689504440781885
0.3825 -150.40683380336012
0.38749999999999996 -229.71611475754707
0.39249999999999996 72.17822112207291
0.39749999999999996 -172.21457962205557
0.40249999999999997 73.55530803070214
0.4075 -125.15638224318214
0.4125 98.40286227940958
0.4175 -61.52152778586259
0.4225 305.4725743774532
0.4275 -26.043192681397613
0.4325 66.6861961318091
0.4375 70.13724972465067
0.4425 210.9617891013176
0.44749999999999995 -72.54346620321083
0.45249999999999996 -111.68259506477973
0.45749999999999996 328.2827280040315
0.46249999999999997 -193.5948464244121
0.46749999999999997 -44.69580339035068
0.4725 41.312010967331545
0.4775 207.50186409889636
0.4825 -355.52614993223375
0.4875 -142.9128452992829
0.4925 103.05923773883056
0.4975 69.64290190080968
0.5025 7.190819413581306
0.5075 166.32012933854358
0.5125 -9.003511899755662
0.5175 -311.7896702913023
0.5225 155.06265691223015
0.5275 39.80667913787776
0.5325 37.338165549171386
0.5375 -81.39489133366064
0.5425 27.38987155029125
0.5475 -131.03446006126515
0.5525 177.14990565467673
0.5575 165.13587789828713
0.5625 -228.11146923320084
0.5675 210.18973372740092
0.5725 -311.18682011485
0.5775 0.040228403730270916
0.5825 -27.825947141451376
0.5875 -55.86300216509389
0.5925 66.637270487014
0.5974999999999999 8.565519714768659
0.6024999999999999 -43.38549096987537
0.6074999999999999 47.795177228361105
0.6124999999999999 157.34122072968
0.6174999999999999 180.4434362029371
0.6224999999999999 -287.265403152962
0.6275 83.66257990718984
0.6325 -86.86216554738397
0.6375 333.2381222209559
0.6425 -120.56566661151246
0.6475 -157.21985313573828
0.6525 154.65380927629872
0.6575 26.468707680038598
0.6625 98.7853962749114
0.6675 174.45168973543608
0.6725 -51.085222533300126
0.6775 -154.21378397942271
0.6825 -142.9214842155244
0.6875 71.68207997645209
0.6925 -234.79846313784344
0.6975 209.69852280573937
0.7025 171.10381033714555
0.7075 -40.88367657370711
0.7125 58.18961971358425
0.7174999999999999 -157.1789635199672
0.7224999999999999 86.22562684772659
0.7274999999999999 -87.19420393069538
0.7324999999999999 -57.665095531222875
0.7374999999999999 35.87260329040214
0.7424999999999999 -103.64781330130982
0.7474999999999999 280.7918824109857
0.7525 18.445255830119688
0.7575 -129.84355218952527
0.7625 128.89312034396943
0.7675 -57.26823277473217
0.7725 1.0420733343032649
0.7775 132.45344467085863
0.7825 -420.3097773176132
0.7875 355.9322168919166
0.7925 -148.80563661494298
0.7975 -50.221949356231946
0.8025 -18.416573570258603
0.8075 -79.21520941250131
0.8125 12.262449018302584
0.8175 -144.81726848231798
0.8225 191.0155380880884
0.8275 -101.76141311370044
0.8325 -104.2795663390135
0.8374999999999999 103.55842717064778
0.8424999999999999 29.701398545860663
0.8474999999999999 51.3692915949626
0.8524999999999999 79.13068217055924
0.8574999999999999 75.08737540979098
0.8624999999999999 -409.1010802830602
0.8674999999999999 272.05430254306185
0.8724999999999999 304.24300867384466
0.8775 -375.2493786308752
0.8825 214.39214555657423
0.8875 -191.25281662771732
0.8925 14.37651826213267
0.8975 103.06076411886501
0.9025 -166.92028747734653
0.9075 -57.375693876691784
0.9125 -22.618734911915293
0.9175 45.31395909587745
0.9225 159.8121111906323
0.9275 -231.6140835817487
0.9325 302.946507262303
0.9375 -98.3123550489291
0.9425 68.02431023231892
0.9475 91.83913190993937
0.9524999999999999 -16.79525727845425
0.9574999999999999 -275.2461232018245
0.9624999999999999 44.70367788297041
0.9674999999999999 327.09706664834647
0.9724999999999999 -146.33539764317158
0.9774999999999999 164.26289773370678
0.9824999999999999 -177.74683816429268
0.9874999999999999 -84.16455246601662
0.9924999999999999 200.44687301126083
0.9974999999999999 190.3716643428586
1.0025 -3.2325752688513534
1.0075 -289.7773082370028
1.0125 -75.61291726656496
1.0174999999999998 -49.636711039479714
1.0225 146.88645925827666
1.0274999999999999 -218.47957864829354
1.0325 240.33835473161704
1.0374999999999999 28.20121540350863
1.0425 -45.573293432250686
1.0474999999999999 -15.200913750216579
1.0525 165.06624259893286
1.0574999999999999 -73.13170625403559
1.0625 -263.74820333605646
1.0675 173.07406740953445
1.0725 -54.864912672191636
1.0775 -199.7344136161194
1.0825 347.0851474156012
1.0875 -284.6077789422167
1.0925 85.27729196543144
1.0975 -24.683324408680896
1.1025 240.64794756493743
1.1075 -68.8555094278219
1.1125 31.218785570214738
1.1175 60.5100702426378
1.1225 -14.288768483239007
1.1275 -49.34446952857764
1.1324999999999998 -12.692614492286234
1.1375 -138.93378137405927
1.1424999999999998 -65.82739039606393
1.1475 117.89184993469063
1.1524999999999999 421.6073281154284
1.1575 -72.27016888193492
1.1624999999999999 -113.64809229455827
1.1675 -19.717639910779127
1.1724999999999999 11.754735411915414
1.1775 175.01564373528385
1.1824999999999999 -366.0148075157605
1.1875 153.97335418873735
1.1925 -60.599377850258
1.1975 -80.44714448804015
1.2025 66.04948691510629
1.2075 44.79723353123174
1.2125 9.803028396609795
1.2175 72.83850259737387
1.2225 -154.42614160171513
1.2275 -191.03453554064717
1.2325 92.63339859701448
1.2375 171.87983069702653
1.2425 30.265814670422298
1.2475 -219.87755038332855
1.2525 -70.26444951924927
1.2574999999999998 268.7181199857727
1.2625 -209.25527194546868
1.2674999999999998 381.85269629978905
1.2725 -99.42726671213823
1.2774999999999999 -119.85834480925584
1.2825 84.36938924544272
1.2874999999999999 15.560913639368485
1.2925 -237.14716778373764
1.2974999999999999 68.37608714378871
1.3025 407.07942992911916
1.3074999999999999 -147.4140040940924
1.3125 150.99642948278904
1.3175 -141.11581538640505
1.3225 -116.4556448141057
1.3275 305.1558560427419
1.3325 -78.56169637997725
1.3375 139.6020839764412
1.3425 -399.6472068454575
1.3475 251.5503387466235
1.3525 14.246919123125172
1.3575 103.85760002592006
1.3625 -169.1063163288868
1.3675 32.62038403684541
1.3724999999999998 -54.31934260401393
1.3775 -232.67547299221891
1.3824999999999998 78.63936728070594
1.3875 183.72442054878871
1.3924999999999998 -89.56209727897433
1.3975 60.21736663991798
1.4024999999999999 64.37795886351931
1.4075 134.64234969608796
1.4124999999999999 -163.71745582881815
1.4175 178.1677935137823
1.4224999999999999 141.44789956111745
1.4275 -64.57849340594423
1.4324999999999999 -325.539289453585
1.4375 491.04340842670933
1.4425 -300.09450959081965
1.4475 -196.6132232985921
1.4525 200.93982250938805
1.4575 -61.59147315994546
1.4625 -127.46276856185537
1.4675 156.72435793835785
1.4725 2.0899146745384236
1.4775 13.728063337239998
1.4825 238.75591167959652
1.4874999999999998 -271.48688484479624
1.4925 -11.044369065396245
1.4974999999999998 -32.92596610924854
1.5025 14.365046200328944
1.5074999999999998 174.86112696855199
1.5125 -147.52923525993424
1.5174999999999998 165.07548167201378
1.5225 256.3503747263659
1.5274999999999999 -84.0107559927596
1.5325 -112.39821897222657
1.5374999999999999 -166.3344215025974
1.5425 17.8024371950887
1.5474999999999999 44.682977801182574
1.5525 98.30324703399599
1.5574999999999999 70.15406697853751
1.5625 -208.7445086383519
1.5675 14.46780842030321
1.5725 -10.933631246573022
1.5775 34.90475150111871
1.5825 -115.67306154641454
1.5875 -55.339640942865444
1.5925 -242.11440461671364
1.5975 329.6044450780457
1.6025 -89.19584594248998
1.6075 52.47802576132024
1.6124999999999998 84.12913518583802
1.6175 17.61330712938601
1.6224999999999998 -29.58622422451663
1.6275 -43.28616124634775
1.6324999999999998 -19.03457023948632
1.6375 -144.0528960469059
1.6424999999999998 324.3693866435747
1.6475 -71.30009633306182
1.6524999999999999 118.38191292974672
1.6575 -99.17825149430476
1.6624999999999999 115.50629900110282
1.6675 -135.12696009322443
1.6724999999999999 165.43883328118616
1.6775 -310.34827511674285
1.6824999999999999 144.10189389868754
1.6875 -68.02411206608342
1.6925 -451.82638884430423
1.6975 96.1885167097096
1.7025 292.8777192588819
1.7075 12.10087748095286
1.7125 60.10743385497843
1.7175 -58.943184062507605
1.7225 43.5920484631733
1.7274999999999998 -121.66899944033172
1.7325 116.40245040411301
1.7374999999999998 50.61225788948854
1.7425 273.1516310977811
1.7474999999999998 -128.595700720385
1.7525 79.29319269479913
1.7574999999999998 -16.458227986063513
1.7625 22.64037450693123
1.7674999999999998 72.75148998766538
1.7725 -122.52120846750192
1.7774999999999999 131.31168477235053
1.7825 -26.99063997699234
1.7874999999999999 -225.90688126169584
1.7925 65.10776984424798
1.7974999999999999 -69.80483491102171
1.8025 -89.70418141715669
1.8074999999999999 -78.4543563357445
1.8125 384.41241193234873
1.8175 -187.22243620048903
1.8225 -118.72970888418527
1.8275 160.3870819699632
1.8325 21.95395219452656
1.8375 42.20307210675162
1.8425 128.76622473980572
1.8475 -150.43168821296314
1.8524999999999998 142.3093273973578
1.8575 -281.8294234492625
1.8624999999999998 208.73858602064925
1.8675 -204.23542095718585
1.8724999999999998 159.6986285194368
1.8775 -86.73151235085355
1.8824999999999998 18.903960663212917
1.8875 -159.64847009249107
1.8924999999999998 -151.3679986746796
1.8975 33.33663523631979
1.9024999999999999 309.14805802094315
1.9075 -316.91074264523144
1.9124999999999999 134.3021156388752
1.9175 -109.98448474714755
1.9224999999999999 99.53183966622059
1.9275 63.15233227718748
1.9324999999999999 -35.71118373313343
1.9375 -103.75059539054143
1.9425 248.35955536836184
1.9475 155.32964147191527
1.9525 -4.565929284141907
1.9575 -235.36904715358912
1.9625 170.185435696133
1.9674999999999998 -291.9869275551444
1.9725 126.6548395563155
1.9774999999999998 -379.86345599418985
1.9825 349.9529302251614
1.9874999999999998 -59.507262278109884
1.9925 -77.24026391909366
1.9974999999999998 -14.254039949154839
2.0025 -45.92109096570308
2.0075 1.8221777476600463
2.0124999999999997 152.32214357125372
2.0175 107.24910408930978
2.0225 289.18360640612855
2.0275 -163.049662195227
2.0324999999999998 80.28221511199136
2.0375 -94.6942164465455
2.0425 90.76994890663606
2.0475 -147.9621316383347
2.0524999999999998 -11.047028914190754
2.0575 -258.4654934880541
2.0625 445.07399858517107
2.0675 78.10002800109645
2.0725 -382.90806650954414
2.0775 53.77069582739093
2.0825 -184.18776557718664
2.0875 -120.52495023494089
2.0925 38.680166460068904
2.0974999999999997 45.88375149935697
2.1025 -62.89621412881442
2.1075 100.56933715003267
2.1125 148.56932877406527
2.1174999999999997 -232.01073580306223
2.1225 301.082830662703
2.1275 -244.89105135353617
2.1325 15.011517620683748
2.1374999999999997 -6.134564781321502
2.1425 240.7241430746199
2.1475 -208.06914337028292
2.1525 209.7295193077432
2.1574999999999998 -202.5657759453819
2.1625 167.56848765467484
2.1675 72.85957927395987
2.1725 -9.952991287459609
2.1774999999999998 -118.3117710301224
2.1825 -105.3149061004286
2.1875 88.6465221636879
2.1925 -222.4212548156648
2.1975 212.55920735600932
2.2024999999999997 -76.01949990584744
2.2075 -50.89928286503841
2.2125 271.3619147164122
2.2175 -33.91230604511473
2.2224999999999997 84.90009974081612
2.2275 -162.48658139002654
2.2325 93.24183873736541
2.2375 195.83304388207844
2.2424999999999997 -149.3418476049888
2.2475 2.7623352134012493
2.2525 102.75046447947955
2.2575 43.81851773205312
2.2624999999999997 19.797818811805808
2.2675 -90.2479416723177
2.2725 4.812027800264717
2.2775 -401.0245133685934
2.2824999999999998 -8.503101972489135
2.2875 286.420250360287
2.2925 -225.02845020979422
2.2975 420.36098157805145
2.3024999999999998 -298.3759900876895
2.3075 54.781220284467345
2.3125 94.65499333183813
2.3175 -115.25498197586052
2.3225 -11.606606150874223
2.3274999999999997 -14.159198325714495
2.3325 23.20769996447232
2.3375 13.719242439654726
2.3425 39.05915556952522
2.3474999999999997 -60.99714531588033
2.3525 172.0498424580443
2.3575 -258.92704061183133
2.3625 -2.742483851546355
2.3674999999999997 35.954359099905794
2.3725 170.07723482619463
2.3775 -364.0114353653553
2.3825 210.47978404410244
2.3874999999999997 -125.43468004219672
2.3925 232.53673031046714
2.3975 -196.13005190939154
2.4025 10.051989401635135
2.4074999999999998 -25.378025523485764
2.4125 90.92537386948845
2.4175 -30.710175741895274
2.4225 -8.473884558524597
2.4274999999999998 0.6601827869366491
2.4325 -120.63730391124884
2.4375 -10.815425218677817
2.4425 215.26920194535353
2.4475 75.34981987706888
2.4524999999999997 -156.43517774051625
2.4575 -102.87592002303145
2.4625 165.67992290227522
2.4675 84.30900670395592
2.4724999999999997 134.94634907029675
2.4775 -108.04255774874368
2.4825 14.438939836810338
2.4875 145.08423182400477
2.4924999999999997 55.4344861190869
2.4975 -147.9847204838307
2.5025 246.99457357449722
2.5075 -365.9357520172807
2.5124999999999997 272.32855954700034
2.5175 -27.429023625824385
2.5225 -140.72737620814493
2.5275 53.22813220154314
2.5324999999999998 -59.41721822501919
2.5375 33.55856089290742
2.5425 -11.967532394805655
2.5475 -137.19619034452882
2.5524999999999998 -150.79141624856754
2.5574999999999997 176.35891869446039
2.5625 -220.1447258392063
2.5675 16.220771412625385
2.5725 465.80244946179613
2.5774999999999997 -140.06425869242307
2.5825 24.640771597906358
2.5875 -271.25527075410895
2.5925 84.28343062746492
2.5974999999999997 189.62962436057202
2.6025 -248.42105572005494
2.6075 -73.62921140443548
2.6125 -126.80141335715089
2.6174999999999997 265.5158939219438
2.6225 203.42222909855474
2.6275 56.2979943060466
2.6325 101.64081040598217
2.6374999999999997 21.607887628751207
2.6425 -219.9148830072814
2.6475 65.02291443059852
2.6525 270.25438020581095
2.6574999999999998 -87.60672497781876
2.6625 -128.61952593370884
2.6675 22.828227939953386
2.6725 -312.8780455415474
2.6774999999999998 86.05747266489384
2.6824999999999997 38.89737112847758
2.6875 152.30273749129853
2.6925 -514.1893365806945
2.6975 367.3499995689399
2.7024999999999997 2.2007821040800866
2.7075 -9.945591239151227
2.7125 -93.71634976205328
2.7175 -131.0204164603049
2.7224999999999997 50.288138457904985
2.7275 335.9019375064268
2.7325 191.17555837593588
2.7375 -125.20237763306456
2.7424999999999997 -100.44095543068713
2.7475 -98.46237136308014
2.7525 73.12982985926911
2.7575 60.60298523893424
2.7624999999999997 -216.41619469569002
2.7675 -285.35047375469645
2.7725 255.36907052876853
2.7775 -85.37810117557243
2.7824999999999998 -198.03771193919107
2.7875 -6.149204081696703
2.7925 -89.17739529748565
2.7975 14.359741240202327
2.8024999999999998 66.81426377543526
2.8074999999999997 -4.837334038095623
2.8125 -19.205845828369373
2.8175 230.27746863973283
2.8225 -133.7520290648094
2.8274999999999997 123.29786799902234
2.8325 165.21071631137605
2.8375 40.496955296700435
2.8425 -5.486214860848443
2.8474999999999997 11.217053175734684
2.8525 -195.72362243445042
2.8575 9.636641919758304
2.8625 166.04491721216743
2.8674999999999997 66.49672251546222
2.8725 -94.34310482623555
2.8775 1.13350691956325
2.8825 -90.1868083097553
2.8874999999999997 -13.19962530593513
2.8925 452.46072264852654
2.8975 -404.19580408430835
2.9025 -15.255997384463129
2.9074999999999998 244.71275490171243
2.9125 -49.933933549504545
2.9175 300.1099139233949
2.9225 -39.285950904760675
2.9274999999999998 -376.3875320617985
2.9324999999999997 69.10113976634447
2.9375 -194.33116224718464
2.9425 64.77953523945777
2.9475 -51.16983504198894
2.9524999999999997 -40.939542872474775
2.9575 -111.26454546670438
2.9625 189.6318781396436
2.9675 -67.02326020362422
2.9724999999999997 -64.69513773981865
2.9775 322.6641648054032
2.9825 -224.91649878725914
2.9875 244.57705392693276
2.9924999999999997 -211.97052994713806
2.9975 24.079030059601635
3.0025 -45.13273857361188
3.0075 108.45179839463786
3.0124999999999997 -33.193662639689805
3.0175 88.52881247247286
3.0225 11.871932318389574
3.0275 41.22404905779884
3.0324999999999998 -74.61606057226143
3.0374999999999996 63.81019575597869
3.0425 -34.870859285129704
3.0475 27.6634022407646
3.0524999999999998 294.2586486976633
3.0574999999999997 -157.13857181989016
3.0625 -119.84608350370672
3.0675 238.55750530240346
3.0725 -119.61421111267391
3.0774999999999997 -0.7921628156289103
3.0825 -62.16925997885538
3.0875 -149.43590827450635
3.0925 203.2724704268268
3.0974999999999997 -369.9568387638665
3.1025 -15.6306682858513
3.1075 0.5613432320664259
3.1125 -52.39036312425225
3.1174999999999997 201.02146851163837
3.1225 314.53715149134376
3.1275 -180.81161992338667
3.1325 -7.9611248186942385
3.1374999999999997 158.35490762043818
3.1425 -551.5768229742719
3.1475 229.00995647465749
3.1525 64.66388431910643
3.1574999999999998 -55.80556719832768
3.1624999999999996 19.566690070494104
3.1675 -309.7476331253378
3.1725 141.77762949200348
3.1774999999999998 -93.20604196753
3.1824999999999997 138.26651565742483
3.1875 109.59473123725176
3.1925 -192.27497149207798
3.1975 -69.27981939219063
3.2024999999999997 361.4053246221417
3.2075 -96.86168188517716
3.2125 36.28730416611611
3.2175 -133.05509341516398
3.2224999999999997 -115.50701903140873
3.2275 79.03631477760547
3.2325 -38.878314800085455
3.2375 167.56981244727714
3.2424999999999997 -92.29729029733546
3.2475 296.31348465890494
3.2525 -156.0511602615223
3.2575 80.81625048415016
3.2624999999999997 165.14757207470277
3.2675 -314.1203728308079
3.2725 -7.278735833946104
3.2775 58.39626367433735
3.2824999999999998 95.76644657645691
3.2874999999999996 39.245095500955905
3.2925 265.83800537427516
3.2975 -272.00094819212677
3.3024999999999998 10.572920538029212
3.3074999999999997 -79.87435189249379
3.3125 6.377328157069045
3.3175 117.94872785498458
3.3225 -93.67147129418187
3.3274999999999997 24.312109080368558
3.3325 -85.55342539703251
3.3375 3.540827979976832
3.3425 61.86029315872585
3.3474999999999997 61.84720550260636
3.3525 64.7552894821175
3.3575 -90.12987486080839
3.3625 127.84561309674353
3.3674999999999997 -127.6940017154565
3.3725 29.356639298183737
3.3775 -62.97133808023736
3.3825 110.64009181517751
3.3874999999999997 19.137754450906318
3.3924999999999996 -65.04062307068781
3.3975 -45.69114207668266
3.4025 -22.19031003750886
3.4074999999999998 29.99519801707376
3.4124999999999996 -104.8268429263866
3.4175 -53.32845168712434
3.4225 187.16129231116778
3.4274999999999998 2.324263090839166
3.4324999999999997 -50.55533417779356
3.4375 81.51079971756236
3.4425 -2.6543630372990625
3.4475 61.41805822937327
3.4524999999999997 14.338252704176005
3.4575 -96.264115944295
3.4625 -2.0562010186965543
3.4675 196.81151427619116
3.4724999999999997 -78.84161500379088
3.4775 -24.50918079612288
3.4825 -312.6390883786341
3.4875 245.16990809055
3.4924999999999997 -44.66537206016111
3.4975 60.63305703096461
3.5025 -59.1033379086081
3.5075 62.56478175785203
3.5124999999999997 100.28415435728299
3.5174999999999996 -115.65812302291879
3.5225 -1.2906516916441078
3.5275 -10.504237120844714
3.5324999999999998 -184.46259346041646
3.5374999999999996 7.064834725636119
3.5425 139.3170517163432
3.5475 -157.8897850172225
3.5524999999999998 -37.19405469945167
3.5574999999999997 -122.37193428985042
3.5625 -7.686477732547846
3.5675 192.84308171949192
3.5725 111.18046508567583
3.5774999999999997 -129.17103256754467
3.5825 132.95663427104202
3.5875 26.74421749986567
3.5925 -138.4021363656682
3.5974999999999997 -121.41063619746315
3.6025 154.11348344200746
3.6075 99.07409658413356
3.6125 -263.0957178467815
3.6174999999999997 -308.7737651617824
3.6225 329.95511378497673
3.6275 -12.096711252965735
3.6325 148.93262406507773
3.6374999999999997 -166.444482713995
3.6424999999999996 -93.3443251562576
3.6475 204.06696228785313
3.6525 146.27311028466934
3.6574999999999998 -122.60953613256078
3.6624999999999996 -2.539497676327521
3.6675 226.26591032051206
3.6725 -126.02337310962173
3.6774999999999998 -157.3578501282094
3.6824999999999997 76.64375749649058
3.6875 -67.03857005853868
3.6925 -340.06931027857775
3.6975 292.77546390234664
3.7024999999999997 -23.780327882034786
3.7075 -1.3440513076423104
3.7125 17.305247847454552
3.7175 -51.46969068915767
3.7224999999999997 162.8231558195222
3.7275 114.47246627680278
3.7325 142.03149872993097
3.7375 -149.4292664160047
3.7424999999999997 -81.75417127680295
3.7474999999999996 -277.26747117461724
3.7525 58.14605682740113
3.7575 -1.2789647523751897
3.7624999999999997 34.91847984209921
3.7674999999999996 -239.07016062994438
3.7725 714.0092824152658
3.7775 -244.9085197203545
3.7824999999999998 15.405082475208651
3.7874999999999996 -15.50603577036149
3.7925 -73.94348848096718
3.7975 61.844900602962106
3.8024999999999998 -115.23233852280298
3.8074999999999997 389.36128068958527
3.8125 -94.08665890090855
3.8175 -148.55918874201055
3.8225 240.4957114863044
3.8274999999999997 -81.72645813667926
3.8325 -201.02587007847825
3.8375 -230.3542742408834
3.8425 62.04625124881559
3.8474999999999997 249.81860638473563
3.8525 -150.3087664602684
3.8575 148.7889780190498
3.8625 88.47206692617155
3.8674999999999997 -5.4213013391800535
3.8724999999999996 9.656827243037975
3.8775 -99.8383311190046
3.8825 120.79810646886398
3.8874999999999997 -192.98630880051732
3.8924999999999996 -38.09573054551064
3.8975 78.75164411167425
3.9025 -104.7631752466291
3.9074999999999998 344.1563115100148
3.9124999999999996 -344.8295016865347
3.9175 169.27624348108023
3.9225 34.17704376680991
3.9274999999999998 -117.32740301935934
3.9324999999999997 76.69082921457012
3.9375 -231.06309012740726
3.9425 73.5845197865338
3.9475 68.14738949164307
3.9524999999999997 -60.71901235933028
3.9575 -87.5015572618609
3.9625 -0.9288962022836154
3.9675 71.33368465468104
3.9724999999999997 -108.86940728748642
3.9775 134.71978716593898
3.9825 -51.689755872701596
3.9875 20.340510074604754
3.9924999999999997 84.20001343224448
3.9974999999999996 -32.682343749978166
4.0024999999999995 -107.0639939296461
4.007499999999999 35.79298993949512
4.0125 -48.402882792152454
4.0175 -169.7545383492397
4.0225 165.47885101815476
4.0275 -1.5159995975365579
4.0325 -40.2097926837785
4.0375 10.178555518246593
4.0424999999999995 -64.91089445254637
4.047499999999999 53.38660939812649
4.0525 67.5411485803703
4.0575 -150.0730236431724
4.0625 315.6720531406635
4.0675 45.8970786392405
4.0725 -322.03221004868294
4.0775 359.1649529570095
4.0825 -114.28611001205925
4.0874999999999995 157.03430453656813
4.0925 -17.214505870251553
4.0975 -76.35572142575239
4.1025 -54.82086397608722
4.1075 116.47284494594992
4.1125 -46.47081462975728
4.1175 -95.17897474464394
4.1225 122.6306051772466
4.1274999999999995 -104.47673634837867
4.132499999999999 -191.00045363739792
4.1375 250.457549067155
4.1425 -261.38663406974615
4.1475 -244.56485380816952
4.1525 347.65770348803443
4.1575 -160.69200506726176
4.1625 -73.91694904156004
4.1674999999999995 1.1328792615663268
4.172499999999999 71.44251120884906
4.1775 76.10635382466613
4.1825 49.44141860914141
4.1875 -223.74302110638868
4.1925 697.5089399592458
4.1975 -294.1585854070758
4.2025 -116.26085102317607
4.2075 117.99303116706888
4.2124999999999995 147.00743040255495
4.2175 -143.13851729776368
4.2225 -40.13902167872792
4.2275 -112.5992154584367
4.2325 -198.60255781868307
4.2375 231.7549163514718
4.2425 57.169512040652556
4.2475 -123.65857199675737
4.2524999999999995 -34.33569189164021
4.257499999999999 -60.24723816036107
4.2625 161.32538830515918
4.2675 -132.41950653188414
4.2725 -100.68369077893922
4.2775 196.72072716550957
4.2825 -106.88169323033718
4.2875 151.5092902795044
4.2924999999999995 1.2099394786967674
4.297499999999999 329.37058918247504
4.3025 -296.3221931833394
4.3075 76.56328884642633
4.3125 -90.18563154969942
4.3175 -241.04983007218192
4.3225 407.79270442435745
4.3275 3.7942554600016227
4.3325 -70.8749188691868
4.3374999999999995 -144.75369843824888
4.342499999999999 -9.114438887725177
4.3475 348.3760341171368
4.3525 -68.76011357052766
4.3575 -3.278926693456013
4.3625 -187.4013287300331
4.3675 156.77680106672932
4.3725 83.02998892303297
4.3774999999999995 -1.1227654148242887
4.382499999999999 -49.08576969259459
4.3875 -70.43081388990716
4.3925 -109.96791773405644
4.3975 -85.42420495817495
4.4025 28.533729662112666
4.4075 191.5223353401169
4.4125 -83.12855201889867
4.4174999999999995 18.03388035752905
4.422499999999999 9.1733176817091
4.4275 164.25564084931887
4.4325 22.296457399962968
4.4375 -336.1986463106194
4.4425 -25.311488775601433
4.4475 23.082152838118336
4.4525 -1.033865094083542
4.4575 161.59012286882668
4.4624999999999995 -69.14827411863922
4.467499999999999 -21.865371097748188
4.4725 188.6232980571686
4.4775 -2.261383865320135
4.4825 -195.2259988580134
4.4875 42.98934362178551
4.4925 157.7988643482879
4.4975 -216.11815820403646
4.5024999999999995 -76.14473965084277
4.507499999999999 -70.56857758308512
4.5125 53.80858242202869
4.5175 -273.8492957254774
4.5225 226.0288977131288
4.5275 7.463781254042818
4.5325 184.83354710008277
4.5375 -13.260576687153758
4.5424999999999995 -143.08412724534142
4.547499999999999 55.69188820307946
4.5525 -14.68314899709482
4.5575 -42.731867060974025
4.5625 78.98462565300932
4.5675 -19.773745652190662
4.5725 57.3809988368184
4.5775 -58.667410086825434
4.5825 -292.7889139421398
4.5874999999999995 375.09816173987633
4.592499999999999 -257.20902639312635
4.5975 177.29067264860504
4.6025 8.778763180267035
4.6075 159.0034524175346
4.6125 -25.56750849877918
4.6175 -147.72045672945313
4.6225 58.8274194531606
4.6274999999999995 17.56291290304184
4.632499999999999 -132.42089119542743
4.6375 265.0590457459442
4.6425 127.55655303553739
4.6475 -409.90033945000437
4.6525 41.43453844356286
4.6575 237.39554192195664
4.6625 -9.302563911125873
4.6674999999999995 -90.91186435350772
4.672499999999999 5.139108145946124
4.6775 15.706492661491781
4.6825 5.271421609725221
4.6875 73.30956163466314
4.6925 35.601312134979764
4.6975 -175.36468816332302
4.7025 99.05800274885313
4.7075 -96.39262108988814
4.7124999999999995 112.45409185021852
4.717499999999999 -129.97627777591364
4.7225 307.00106923364257
4.7275 -95.20057749600386
4.7325 -95.19684339146788
4.7375 95.49936480873298
4.7425 -86.56270498263363
4.7475 -167.52616903138878
4.7524999999999995 141.21242807123102
4.757499999999999 -52.116917536045044
4.7625 371.31008440586453
4.7675 -468.14788975976836
4.7725 72.15938296075814
4.7775 36.51861758625353
4.7825 49.64358632885902
4.7875 6.862089350026166
4.7924999999999995 -308.1947565809225
4.797499999999999 -157.79724112207194
4.8025 138.66580930570487
4.8075 1.6210487558727789
4.8125 63.42961105304844
4.8175 134.18540888461038
4.8225 -143.84975328614902
4.8275 106.94226959577148
4.8325 94.07746522447519
4.8374999999999995 -164.22898893807255
4.842499999999999 74.84603762036181
4.8475 -70.81445477410293
4.8525 -41.452510252623604
4.8575 -60.57245895409017
4.8625 190.4661661493645
4.8675 201.73860876169059
4.8725 -311.122595076107
4.8774999999999995 -56.83147728653428
4.882499999999999 -161.05924315580464
4.8875 2.994439456297897
4.8925 97.23915093065433
4.8975 24.539410752705102
4.9025 7.6647123427635515
4.9075 305.2556476113664
4.9125 -360.5324881478197
4.9174999999999995 290.54650587550657
4.922499999999999 -85.7552925777847
4.9275 133.8962985581307
4.9325 18.651795575960097
4.9375 -181.51659788521525
4.9425 38.42063422062913
4.9475 -10.49184028327529
4.9525 -4.655081457588338
4.9575 155.8446970978526
4.9624999999999995 -64.7238828970639
4.967499999999999 144.50771545330454
4.9725 -60.20579838985518
4.9775 60.31217220920923
4.9825 -104.38966926269309
4.9875 -96.26105936827602
4.9925 240.37113203225843
4.9975 -0.392237792090214
5.0024999999999995 210.33071309868913
5.007499999999999 -84.04924244817168
5.0125 -183.2111785518182
5.0175 96.5412393188783
5.0225 -147.64108430973945
5.0275 -36.53128456677215
5.0325 245.61574159241823
5.0375 -162.26448309459363
5.0424999999999995 -29.270887662601982
5.047499999999999 -145.3539763353819
5.0525 237.41790523164406
5.0575 -158.74512128128052
5.0625 -15.273175212736998
5.0675 -45.63396072256463
5.0725 300.6718665232147
5.0775 51.88917295032953
5.0825 -154.00768846280616
5.0874999999999995 87.16915156045758
5.092499999999999 -292.9282758604814
5.0975 154.93736351366078
5.1025 -116.76992258145594
5.1075 -74.43743098141597
5.1125 54.55105765289792
5.1175 250.30720023900858
5.1225 -4.649056861909274
5.1274999999999995 86.13269648894146
5.132499999999999 -81.65821908030306
5.1375 40.455531316332845
5.1425 -108.91321347338364
5.1475 -232.68886724019015
5.1525 214.33164406271231
5.1575 155.4004055029881
5.1625 53.98314990111137
5.1674999999999995 -172.37147810087527
5.172499999999999 -70.53478155535518
5.177499999999999 51.06691742073703
5.1825 -135.37272399000003
5.1875 -152.12046284571778
5.1925 163.40472332387606
5.1975 -134.49476427372625
5.2025 98.76414327511453
5.2075 132.67380841960068
5.2124999999999995 -259.3173428948249
5.217499999999999 277.8417278449441
5.2225 8.96232143250605
5.2275 79.57238549858948
5.2325 -242.13935185094735
5.2375 56.344816013603236
5.2425 -123.32922221345062
5.2475 -128.604044492625
5.2524999999999995 152.22309019159417
5.257499999999999 -65.14118414538483
5.2625 -6.334782682129588
5.2675 -166.5419194466629
5.2725 75.69152847002867
5.2775 -138.3177238653977
5.2825 88.16063566020884
5.2875 134.17019377052566
5.2924999999999995 129.524316647714
5.297499999999999 39.8470147829639
5.302499999999999 -89.41268309543
5.3075 197.87092649817885
5.3125 -274.60513648600386
5.3175 323.1633968705938
5.3225 -186.74245047168796
5.3275 -1.1666737102824334
5.3325 14.817405108428963
5.3374999999999995 -4.346255827611999
5.342499999999999 308.04137262502826
5.3475 -221.4249438022236
5.3525 -122.0425443732755
5.3575 134.08587995861944
5.3625 -61.46002433782207
5.3675 123.18081346696174
5.3725 47.90004189085629
5.3774999999999995 -168.8883575497904
5.382499999999999 147.6479959164368
5.3875 -191.96495344349196
5.3925 211.8422216519356
5.3975 -133.70211906937269
5.4025 463.02529046657065
5.4075 -54.014709518921855
5.4125 -124.65092915957143
5.4174999999999995 -165.14147181794442
5.422499999999999 23.59869721092721
5.427499999999999 67.65628500538246
5.4325 -120.29146435494408
5.4375 -380.934563971607
5.4425 66.8148553792831
5.4475 238.04702223734517
5.4525 -48.630330523268164
5.4575 140.88497955215857
5.4624999999999995 -64.61205055848839
5.467499999999999 -75.1352715046736
5.4725 91.28167465557755
5.4775 -68.12020097886398
5.4825 76.62147655869121
5.4875 -67.33479621083758
5.4925 264.08695904157213
5.4975 -385.1647876786125
5.5024999999999995 179.11821377990339
5.507499999999999 -94.1834290265717
5.5125 6.682254938733259
5.5175 70.96411581014249
5.5225 2.6732762017707143
5.5275 -13.728167025814754
5.5325 241.30023074306558
5.5375 -366.4130942137635
5.5424999999999995 -43.00231193077645
5.547499999999999 5.536347234066016
5.552499999999999 134.2782622664714
5.5575 -67.85723767395885
5.5625 -221.21549485498824
5.5675 63.367303693704386
5.5725 -0.187550525536007
5.5775 70.6330487177125
5.5825 -51.47748799102847
5.5874999999999995 51.28707260806918
5.592499999999999 168.2689275965519
5.5975 -72.88101984744114
5.6025 252.058344733738
5.6075 -227.2289466439558
5.6125 -51.805137472506765
5.6175 37.51551099262857
5.6225 25.603253905433007
5.6274999999999995 -141.03572187137354
5.632499999999999 120.70419922685679
5.6375 -184.1459817132506
5.6425 -28.650371939979483
5.6475 73.23254734051822
5.6525 -87.72004053671738
5.6575 253.33412777324824
5.6625 -17.99984945149209
5.6674999999999995 -74.47883953350262
5.672499999999999 160.09904826774573
5.677499999999999 -6.434181602648641
5.6825 80.00684115314581
5.6875 137.46861470554228
5.6925 -211.25629172712635
5.6975 21.64213249116196
5.7025 -280.50834863501115
5.7075 -171.52653451108455
5.7124999999999995 -3.760038522285949
5.717499999999999 315.0499769576247
5.7225 -163.1215531158356
5.7275 67.9422001973797
5.7325 101.77373521128197
5.7375 156.19027374835488
5.7425 -153.8287551420715
5.7475 -242.6572915456429
5.7524999999999995 329.49371752281235
5.757499999999999 70.785586716948
5.7625 -156.63169943312025
5.7675 109.81690637802433
5.7725 -119.20354672264418
5.7775 -68.69797885002889
5.7825 61.990629170853424
5.7875 -27.394988311707152
5.7924999999999995 133.25289305629337
5.797499999999999 -104.02372728133466
5.802499999999999 38.178805094730265
5.8075 -47.38844667372462
5.8125 75.85018830587822
5.8175 142.1535050493585
5.8225 19.921622443723894
5.8275 -100.72887860193659
5.8325 241.23366057272193
5.8374999999999995 -4.084219798577793
5.842499999999999 -54.586838862867914
5.8475 -133.7249113444836
5.8525 204.39641720716398
5.8575 -211.16196005936044
5.8625 210.53589239253162
5.8675 -242.97423514888172
5.8725 -137.38829408802445
5.8774999999999995 -163.84725010761798
5.882499999999999 103.57024319429719
5.8875 61.65760383810684
5.8925 171.62595737997998
5.8975 15.048373119291348
5.9025 -198.09576596161844
5.9075 69.6139910889769
5.9125 58.68771515198712
5.9174999999999995 -26.391777665756784
5.922499999999999 -52.40798241847574
5.927499999999999 -31.448874201959004
5.9325 -160.6259880780961
5.9375 14.399745818722376
5.9425 74.3043666636652
5.9475 63.16611680474339
5.9525 141.16989180720557
5.9575 -80.33992043553157
5.9624999999999995 25.819681744270113
5.967499999999999 -143.04429885844777
5.9725 226.946641867078
5.9775 18.092009909451235
5.9825 216.18932883117023
5.9875 -158.09182220513026
5.9925 74.7797753577147
5.9975 -210.88068776014987
6.0024999999999995 -64.45911280558524
6.007499999999999 96.05565769665267
6.012499999999999 142.48360736433915
6.0175 -162.81310171213667
6.0225 87.01001249391102
6.0275 -35.61023251043624
6.0325 109.7032708056564
6.0375 -75.19385278613528
6.0424999999999995 125.32799634137878
6.047499999999999 -0.6861817759647623
6.052499999999999 -69.08566016744342
6.0575 29.627833870593587
6.0625 -30.623783158283537
6.0675 -170.74797384691433
6.0725 314.18855938497427
6.0775 -234.8225615205597
6.0825 94.84690866279827
6.0874999999999995 -131.944689046929
6.092499999999999 -76.36806168199294
6.0975 254.08550571435674
6.1025 -15.553132259220465
6.1075 128.67773996287087
6.1125 -89.34370308681468
6.1175 -57.176594180843416
6.1225 -28.175826440156353
6.1274999999999995 -2.408307154549629
6.132499999999999 -103.1696810715747
6.137499999999999 -8.939753903696754
6.1425 1.1502942050834775
6.1475 -34.977733783451946
6.1525 -71.45345219566838
6.1575 34.84699696498084
6.1625 -213.23102536951197
6.1674999999999995 238.43534858190876
6.172499999999999 176.4260933639315
6.177499999999999 -70.69172118722278
6.1825 31.305105782359327
6.1875 56.13307131184538
6.1925 -149.9399746221181
6.1975 -86.50786609553053
6.2025 152.91177944151897
6.2075 129.10888968880778
6.2124999999999995 -194.44160321140805
6.217499999999999 -27.286777441347855
6.2225 -128.1108424180774
6.2275 146.99496514105294
6.2325 -11.781696678287657
6.2375 11.748767660734183
6.2425 -86.69250386689046
6.2475 260.53415082050765
6.2524999999999995 23.11656823402259
6.257499999999999 -186.459934896464
6.262499999999999 -65.38649762846578
6.2675 72.00975903154357
6.2725 -68.78732892654185
6.2775 -224.15818371206308
6.2825 45.62861339223361
6.2875 9.508966019594212
6.2924999999999995 268.7175092034861
6.297499999999999 -75.61573870110794
6.302499999999999 -69.53016387649893
6.3075 61.66479440391393
6.3125 4.065422691622554
6.3175 22.69570473050404
6.3225 -2.272093000275607
6.3275 8.89020839728553
6.3325 172.07013054880733
6.3374999999999995 -210.90907316541117
6.342499999999999 86.36896893359251
6.3475 75.68686722120624
6.3525 -203.27429524047488
6.3575 93.73084563533904
6.3625 -72.90609912670627
6.3675 -35.45099633453923
6.3725 94.34703051778277
6.3774999999999995 224.96665826688078
6.382499999999999 -93.99687630619098
6.387499999999999 -90.07418330623779
6.3925 50.85693897753108
6.3975 -110.66650845336329
6.4025 91.77699076647289
6.4075 -176.34898432895687
6.4125 -65.73450859195403
6.4174999999999995 146.14424117638865
6.422499999999999 76.75766360656117
6.427499999999999 -81.66403379872737
6.4325 -28.50740013285641
6.4375 340.4780143229391
6.4425 -281.1546705753902
6.4475 -289.5318439581012
6.4525 467.16327068580654
6.4575 -73.56469053087251
6.4624999999999995 -88.84628136097874
6.467499999999999 -127.81348595504608
6.4725 121.66577246240371
6.4775 49.094807704581314
6.4825 -44.60048906609341
6.4875 35.54797357418294
6.4925 -139.37745373233395
6.4975 10.684514971854524
6.5024999999999995 -10.555762710597174
6.507499999999999 50.44298813338577
6.512499999999999 132.05770643538298
6.5175 -30.428543888077463
6.5225 -103.16788415383763
6.5275 -111.78920254939632
6.5325 62.17622961431094
6.5375 36.69159565633308
6.5424999999999995 28.76190400275856
6.547499999999999 -115.76450697427822
6.552499999999999 187.68080944067822
6.5575 -157.59922541921702
6.5625 -66.78259060021357
6.5675 -217.37257626535256
6.5725 284.0004711439336
6.5775 -0.5472222429805081
6.5825 163.15538427662324
6.5874999999999995 -20.757099714026857
6.592499999999999 -94.7081199264765
6.5975 58.20606691900111
6.6025 6.198264370316804
6.6075 33.00101466276117
6.6125 -112.91142241494278
6.6175 60.27763220279699
6.6225 -129.7228913214643
6.6274999999999995 -55.05385378257282
6.632499999999999 87.76538691902006
6.637499999999999 49.95161008297932
6.6425 189.63382374784956
6.6475 -147.77543693829386
6.6525 156.27405727478362
6.6575 113.55073932363958
6.6625 -111.09481148053595
6.6674999999999995 142.73938944593567
6.672499999999999 -21.296356095410356
6.677499999999999 -389.21435720297904
6.6825 138.5833808363102
6.6875 -65.15859593087433
6.6925 77.82629963782941
6.6975 20.927712684559935
6.7025 -81.76120130953744
6.7075 48.16321375717129
6.7124999999999995 -81.74415296039754
6.717499999999999 -92.26953360274699
6.722499999999999 311.14291277337935
6.7275 -34.98458354544101
6.7325 75.30008962603968
6.7375 -221.21703992001966
6.7425 -143.82207370006918
6.7475 394.48649594815146
6.7524999999999995 -72.66707748739488
6.757499999999999 -160.18719381987634
6.762499999999999 -107.84581341518985
6.7675 177.79665684009626
6.7725 -80.9693819294163
6.7775 40.445224171981266
6.7825 -2.584063499460849
6.7875 124.4093071476531
6.7924999999999995 3.9674309355938777
6.797499999999999 -93.96172087913898
6.802499999999999 -42.43035167289456
6.8075 174.26394972824065
6.8125 -91.73637958347364
6.8175 -106.90988217996126
6.8225 12.033564384602732
6.8275 -191.53497955651952
6.8325 107.61960757845044
6.8374999999999995 -91.00931898166563
6.842499999999999 190.59771747580228
6.847499999999999 -83.33981012122833
6.8525 6.09466231236238
6.8575 188.30787083354326
6.8625 -46.21323168288908
6.8675 -162.90081698299898
6.8725 -123.10744235247317
6.8774999999999995 252.75986149725398
6.882499999999999 -180.60066775498632
6.887499999999999 -73.67286534708272
6.8925 160.20237866952937
6.8975 17.668728672591914
6.9025 1.9299791270997577
6.9075 -173.7950107801854
6.9125 40.338022028289565
6.9174999999999995 280.9273891670644
6.922499999999999 -272.8912198739766
6.927499999999999 166.40539554250944
6.9325 -250.41722763319333
6.9375 156.16661801584863
6.9425 -26.582978344926886
6.9475 -47.988113229336946
6.9525 108.22443619343788
6.9575 -236.99291444914618
6.9624999999999995 -41.54368619546054
6.967499999999999 119.31663306136866
6.972499999999999 -221.54532373740753
6.9775 235.6993810572646
6.9825 -188.92268644782848
6.9875 226.30086679182165
6.9925 -177.69087001913306
6.9975 13.644814570161278
7.0024999999999995 86.3747489137126
7.007499999999999 -22.423034832840198
7.012499999999999 290.7104501443029
7.0175 20.6120393979463
7.0225 -35.37874829363635
7.0275 -237.156107633698
7.0325 174.05401483949947
7.0375 -254.72365073162365
7.0424999999999995 188.97378333532646
7.047499999999999 -73.02816321172301
7.052499999999999 97.7423634265382
7.0575 -68.82280015635959
7.0625 -23.864367866626196
7.0675 -225.6541145701743
7.0725 335.10285518903146
7.0775 103.48246739457147
7.0825 30.20256516616043
7.0874999999999995 -5.258323690015838
7.092499999999999 80.57146202316726
7.097499999999999 193.48500110614745
7.1025 -123.71725644045588
7.1075 -285.87833070891236
7.1125 3.2109740965052467
7.1175 172.82673660470277
7.1225 157.22617524393957
7.1274999999999995 -242.30497013757116
7.132499999999999 102.16232446164803
7.137499999999999 -246.81205562920235
7.1425 395.7918819441695
7.1475 0.12289254093890267
7.1525 -86.16223444271324
7.1575 -46.060559599062614
7.1625 253.1356474455742
7.1674999999999995 -69.63071731929575
7.172499999999999 59.440082871597255
7.177499999999999 -3.479536913408297
7.1825 -21.72685573333553
7.1875 -117.9462364620879
7.1925 -135.01343077532874
7.1975 1.2616161793530372
7.2025 -51.63771976649862
7.2075 69.8725296147165
7.2124999999999995 -72.85216787648959
7.217499999999999 -126.03157125073217
7.222499999999999 46.63343193480733
7.2275 -89.71448458107757
7.2325 215.72042603595244
7.2375 -164.73341674826662
7.2425 142.8624255455485
7.2475 138.31761899256256
7.2524999999999995 -62.437497189948495
7.257499999999999 -200.70265700083237
7.262499999999999 154.48726891139117
7.2675 -46.93533391810587
7.2725 68.21590750712902
7.2775 -11.520464630461252
7.2825 -60.0361276958244
7.2875 174.70501250299435
7.2924999999999995 -38.25584517943439
7.297499999999999 -58.85135282893175
7.302499999999999 -121.82403543944427
7.3075 -143.9357224308857
7.3125 47.000071906070296
7.3175 86.8361572816496
7.3225 108.96664466965842
7.3275 -150.40297489916344
7.3325 -160.6314952835773
7.3374999999999995 318.9404578780949
7.342499999999999 -8.363340892610069
7.347499999999999 151.2034509614877
7.3525 -300.89537137661574
7.3575 -131.70898723484837
7.3625 -151.71899204988105
7.3675 156.735421315197
7.3725 105.99236473785696
7.3774999999999995 93.19818351999349
7.382499999999999 196.03494124502205
7.387499999999999 -12.352107249233063
7.3925 18.652106115346417
7.3975 -89.43718919267528
7.4025 51.80437832871249
7.4075 -303.6775164513587
7.4125 39.80957583874658
7.4174999999999995 122.3862756829499
7.422499999999999 -16.4941210757425
7.427499999999999 -154.86861469898687
7.4325 11.222738151856085
7.4375 -232.40005166295848
7.4425 110.70439346898725
7.4475 135.3082856199096
7.4525 7.697446352109175
7.4575 -135.20916013195188
7.4624999999999995 155.7021452590638
7.467499999999999 -376.7664454279352
7.472499999999999 292.1137792758821
7.4775 -101.15222589626374
7.4825 -103.13465587821146
7.4875 499.87490987934933
7.4925 -157.9649381804013
7.4975 79.38080690877636
7.5024999999999995 11.308955991270773
7.507499999999999 286.3304771080679
7.512499999999999 -132.81258794500846
7.5175 46.272068106668605
7.5225 25.786407975364032
7.5275 53.16347526962193
7.5325 -97.99698072226705
7.5375 73.78815098890168
7.5424999999999995 56.163647861963
7.547499999999999 -10.650412483857325
7.552499999999999 -400.0352823899913
7.557499999999999 111.59605731469613
7.5625 12.475219815880164
7.5675 -11.888925138876507
7.5725 -76.1551429834534
7.5775 100.51522250393901
7.5825 -16.418132877417285
7.5874999999999995 116.02172464261406
7.592499999999999 -82.55799668857091
7.597499999999999 88.19688429116827
7.6025 2.095498199021327
7.6075 47.85303780720241
7.6125 80.56018681175416
7.6175 5.624077768728639
7.6225 -1.760424095831934
7.6274999999999995 -288.8853767484499
7.632499999999999 60.140502615255755
7.637499999999999 9.860177380944334
7.6425 6.282361265198288
7.6475 -123.64647319804814
7.6525 -17.30068291847567
7.6575 60.22389349357907
7.6625 29.740382555109402
7.6674999999999995 -11.588231166949196
7.672499999999999 -26.32005780497962
7.677499999999999 236.06399903552762
7.682499999999999 -96.20460659745547
7.6875 -32.58354932858655
7.6925 91.01798750441645
7.6975 -167.5362620877821
7.7025 -147.36765319582565
7.7075 145.89800160169716
7.7124999999999995 3.9543561747539844
7.717499999999999 -19.14650850357284
7.722499999999999 -106.81786278057082
7.7275 -11.334022309464046
7.7325 398.61011372077013
7.7375 -162.4063659085128
7.7425 40.75009279330279
7.7475 27.685286846092968
7.7524999999999995 31.93021577730102
7.757499999999999 -106.28665673802416
7.762499999999999 11.299977192302627
7.7675 201.09831707512356
7.7725 -222.6091393026256
7.7775 140.05065233026085
7.7825 -66.74346895359277
7.7875 -73.89552919263528
7.7924999999999995 128.2295847843364
7.797499999999999 -0.37651742647639197
7.802499999999999 2.281954204805047
7.807499999999999 -42.33792409842938
7.8125 111.44720341789203
7.8175 -180.65253493806375
7.8225 34.394816353858985
7.8275 49.37822700205325
7.8325 -51.74632904332659
7.8374999999999995 -267.74253316697644
7.842499999999999 55.91489607626996
7.847499999999999 250.07186757075456
7.8525 -165.41599837270186
7.8575 -136.46050964306076
7.8625 238.23385852229265
7.8675 -90.06765697891461
7.8725 65.64634330215054
7.8774999999999995 160.27035574119444
7.882499999999999 -228.54499677303517
7.887499999999999 27.891741325186622
7.8925 245.05738572293131
7.8975 28.891429980791994
7.9025 -64.4859244603972
7.9075 86.63736444082195
7.9125 31.932403237791767
7.9174999999999995 3.8750765221027668
7.922499999999999 12.050874652661486
7.927499999999999 -237.55756485988465
7.932499999999999 33.011262857263134
7.9375 168.59973474383034
7.9425 -241.64548553791576
7.9475 309.35250267860175
7.9525 -187.20598866611095
7.9575 -5.34206287247287
7.9624999999999995 -204.6072892406125
7.967499999999999 106.02159466057167
7.972499999999999 -72.93948000538371
7.9775 47.81103419717519
7.9825 -324.2183462731635
7.9875 -37.67832376643217
7.9925 314.028772133251
7.9975 -319.1529967580164
8.0025 397.00311266142467
8.0075 -24.47947007192135
8.0125 -73.12888455632363
8.0175 92.51097271223017
8.022499999999999 -35.2202684653633
8.0275 37.9188338894461
8.032499999999999 13.966983130159425
8.0375 -148.0415599814548
8.0425 145.23027955006623
8.0475 216.19447746892783
8.0525 82.34716491997501
8.0575 -130.66031972497152
8.0625 165.22360527492208
8.067499999999999 -66.66354874766502
8.0725 -152.0357696757392
8.077499999999999 -156.5691189043838
8.0825 102.02352677758122
8.0875 85.47751167552622
8.0925 -13.670528020855361
8.0975 -90.87795239984585
8.1025 -289.22492946119553
8.1075 204.95405067782426
8.112499999999999 -105.22516837602069
8.1175 87.01939367823654
8.1225 47.54868710241672
8.1275 -160.01009715539348
8.1325 -124.01457132278969
8.1375 74.99264405414966
8.1425 64.64379557883929
8.147499999999999 107.88268101957013
8.1525 -25.185017662988663
8.157499999999999 -277.3249538572076
8.1625 174.75576332329487
8.1675 75.1821351876812
8.1725 -5.173022468128729
8.1775 66.13269114083658
8.1825 -173.430875716985
8.1875 66.31616254731502
8.192499999999999 23.528685316774798
8.1975 -79.18432863905267
8.202499999999999 74.51270490625653
8.2075 -129.54938309749176
8.2125 -34.21460771628867
8.2175 144.13831319472493
8.2225 -208.60302913088145
8.2275 68.79294758408244
8.2325 246.9457622437241
8.237499999999999 -124.27478083580154
8.2425 -83.27345361941735
8.2475 239.5242087209838
8.2525 -64.10883212485462
8.2575 -95.86531705368127
8.2625 -39.4995602080255
8.2675 -194.54493321021423
8.272499999999999 176.65497196941712
8.2775 -5.063552482273559
8.282499999999999 25.347780319551262
8.2875 -153.83923273767627
8.2925 262.225936435257
8.2975 10.294021730988108
8.3025 82.22004821686714
8.3075 139.66588465521767
8.3125 -132.3627918914889
8.317499999999999 151.66867078713423
8.3225 -165.94917108930824
8.327499999999999 125.37829821597404
8.3325 -329.82006629987325
8.3375 200.45437896863214
8.3425 137.88243183723398
8.3475 143.3620706030396
8.3525 23.647978569707366
8.3575 -126.09657096846276
8.362499999999999 -105.8458576421318
8.3675 -140.98955364938115
8.3725 265.50019998836353
8.3775 -523.4427890332834
8.3825 332.7536027815952
8.3875 159.29889589708833
8.3925 -245.2539236168751
8.397499999999999 189.93436402909754
8.4025 -81.4826996810145
8.407499999999999 -24.383682394064756
8.4125 -253.45064558863965
8.4175 312.7660324223366
8.4225 126.60441876635326
8.4275 0.8205683368684451
8.4325 -203.08511000797654
8.4375 -137.7839813838561
8.442499999999999 6.745837828737782
8.4475 30.608110648302368
8.452499999999999 78.36292108100635
8.4575 -205.70562819970152
8.4625 244.57312603134542
8.4675 184.35686766175849
8.4725 20.832020762172817
8.4775 -281.6678425159581
8.4825 194.38849718918158
8.487499999999999 -105.67444953944756
8.4925 147.65048579097189
8.4975 81.6319575226577
8.5025 -34.33848635958765
8.5075 -15.440011412464585
8.5125 -166.93087828495322
8.5175 -5.643089288491357
8.522499999999999 -118.03070247715196
8.5275 -89.326026313301
8.532499999999999 97.99718547440888
8.5375 48.60229533011564
8.5425 -47.02299970086546
8.5475 63.193433764540636
8.5525 -22.158344021014187
8.5575 200.11576802249897
8.5625 -66.88226446651557
8.567499999999999 34.22581726704337
8.5725 -102.95103275687698
8.577499999999999 76.07801023037521
8.5825 -44.875294431928076
8.5875 -86.44185964957174
8.5925 14.685208458777073
8.5975 -52.35718222109697
8.6025 109.27963692237533
8.6075 -43.22931701990619
8.612499999999999 146.2532394565346
8.6175 21.119642243092613
8.6225 -286.2308503341058
8.6275 230.59494341818646
8.6325 -60.49771775315209
8.6375 61.298486202371656
8.6425 -73.75038666092324
8.647499999999999 188.51687219615047
8.6525 -13.635697015352932
8.657499999999999 23.650146025244265
8.6625 163.35547887865619
8.6675 -216.5464794227643
8.6725 9.345116310698891
8.6775 101.90110697035536
8.6825 -181.98706847668436
8.6875 -83.77877307075879
8.692499999999999 145.07347646999867
8.6975 -13.159639724925208
8.702499999999999 -34.23067758674465
8.7075 85.91704043834532
8.7125 -130.1311204774167
8.7175 65.80038254878373
8.7225 21.479730524122807
8.7275 -79.51763789822336
8.7325 -223.04592352352952
8.737499999999999 -25.802751847895458
8.7425 317.3205682293969
8.747499999999999 -87.16386436834856
8.7525 -316.7961204359414
8.7575 -140.17760068335528
8.7625 -77.53179716005324
8.7675 301.3301689842984
8.772499999999999 10.891542764552497
8.7775 200.5205624615165
8.782499999999999 129.94459048003185
8.7875 -241.9416689992731
8.7925 163.97631568901193
8.7975 -200.73812007344
8.8025 -18.58254368912516
8.8075 53.891691092750264
8.8125 121.9690748335916
8.817499999999999 -125.29450155988084
8.8225 -32.4275010335772
8.827499999999999 119.78196587080028
8.8325 2.162357789441392
8.8375 -169.02833192812085
8.8425 86.02971212145916
8.8475 -151.694259812361
8.8525 324.027606291838
8.8575 -116.36008692696538
8.862499999999999 -199.79617323036953
8.8675 255.75704180082136
8.872499999999999 -55.19775845790746
8.8775 180.84881742652072
8.8825 -22.868591234229587
8.8875 -101.68585059118656
8.8925 -207.2335178700568
8.897499999999999 5.000178976081951
8.9025 53.46042342599401
8.907499999999999 -8.518681641391593
8.9125 164.72280340681675
8.9175 -225.678384555508
8.9225 284.89071048889616
8.9275 330.087958274396
8.9325 -291.4631268571817
8.9375 -290.8495037930906
8.942499999999999 120.5422335939723
8.9475 28.68766403591073
8.952499999999999 252.53721738937426
8.9575 -353.5857556957119
8.9625 -27.079841856478254
8.9675 117.63728334833297
8.9725 -19.850387159263484
8.9775 -113.8886276900175
8.9825 60.941963256438456
8.987499999999999 -79.83701431767466
8.9925 70.43158058336132
8.997499999999999 455.57428261199937
9.0025 -348.8446264963288
9.0075 237.51117309641108
9.0125 15.537935665652086
9.0175 -38.79276077253315
9.022499999999999 -84.20396918981866
9.0275 -71.42801997391642
9.032499999999999 -9.038362655266997
9.0375 69.83130809352825
9.0425 25.060779874227947
9.0475 17.009242948300386
9.0525 103.93969798798273
9.0575 -127.89014286572775
9.0625 -128.94817828634513
9.067499999999999 6.412831723774153
9.0725 -80.54774464332941
9.077499999999999 -148.40829370666387
9.0825 371.36813928359106
9.0875 -302.1352670647642
9.0925 30.608876741402305
9.0975 47.28346251812435
9.1025 -69.34182081760538
9.1075 -1.7886571920509826
9.112499999999999 9.325485204825048
9.1175 232.54678191774744
9.122499999999999 39.06892466491465
9.1275 -193.2222842589841
9.1325 340.6006639589173
9.1375 14.971415274890806
9.1425 85.90189256393278
9.147499999999999 46.391623928218415
9.1525 -195.8681635839426
9.157499999999999 -174.68233633474404
9.1625 72.55079897483886
9.1675 -18.700139321263165
9.1725 -28.632418486954492
9.1775 30.22486195989034
9.1825 127.70992540377287
9.1875 -14.684151202106339
9.192499999999999 -235.31044624959097
9.1975 -84.38173452039781
9.202499999999999 -57.14690422848656
9.2075 73.85321810256103
9.2125 -80.33995096313227
9.2175 70.27993549999789
9.2225 231.25483326361976
9.2275 -4.4304307520935176
9.2325 160.48352201594392
9.237499999999999 116.76719842074405
9.2425 -143.8255548005353
9.247499999999999 -19.647856710462907
9.2525 -119.02164699415941
9.2575 233.84880681835034
9.2625 -351.2083012295472
9.2675 59.42639935158221
9.272499999999999 151.77466420396408
9.2775 -8.610452642169108
9.282499999999999 250.7413078443761
9.2875 -168.01309864620637
9.2925 -153.35063888340335
9.2975 -172.53167244621326
9.3025 26.018578080407803
9.3075 -149.00270745072606
9.3125 93.29286444588062
9.317499999999999 32.13877485155554
9.3225 106.82920920386277
9.327499999999999 -18.936764839985557
9.3325 90.57811694267163
9.3375 -69.71267122924267
9.3425 -26.261166526917616
9.3475 -195.50767887175297
9.3525 134.5539333430857
9.3575 16.857125565041525
9.362499999999999 71.25261032122897
9.3675 -215.47274551245388
9.372499999999999 85.33613546187708
9.3775 85.74579770446353
9.3825 -216.60180777125817
9.3875 192.14737427943635
9.3925 -100.71563014957553
9.397499999999999 124.44104822046941
9.4025 -78.43897279351803
9.407499999999999 134.29176757174858
9.4125 104.92330145998758
9.4175 -14.434992565407464
9.4225 26.416509233018367
9.4275 -61.859011262665895
9.4325 -152.21519617512635
9.4375 -49.99140991603958
9.442499999999999 22.761903569429016
9.4475 -18.56470085753251
9.452499999999999 142.387869387382
9.4575 154.98434930707114
9.4625 -66.59756544412765
9.4675 96.8502542989296
9.4725 14.498394444503809
9.4775 69.99028876936212
9.4825 -142.3392152342771
9.487499999999999 -65.19400031577331
9.4925 -35.45548257599564
9.497499999999999 -165.46124632980923
9.5025 80.26145081697449
9.5075 -160.9065533080726
9.5125 -103.50006576686172
9.5175 -6.836885131291852
9.522499999999999 -182.9160638936702
9.5275 4.171140299146274
9.532499999999999 126.30373162037117
9.5375 108.7362477354641
9.5425 95.70153963401282
9.5475 6.500174906606915
9.5525 196.56008843057919
9.5575 -247.84747920993485
9.5625 -24.064962625401407
9.567499999999999 -67.85881458243581
9.5725 234.0909915184258
9.577499999999999 -84.21337583677017
9.5825 87.7540856538788
9.5875 145.8259440951296
9.5925 -271.750667526294
9.5975 120.84268018706645
9.6025 -137.9514139738172
9.6075 82.56930966473138
9.612499999999999 139.88781100262383
9.6175 94.23823330695507
9.622499999999999 -126.45708202222156
9.6275 -72.14502104047885
9.6325 263.81748401522174
9.6375 71.11096304353923
9.6425 -208.40237265898244
9.647499999999999 65.87110513074357
9.6525 54.52504310400436
9.657499999999999 -81.80315623330496
9.6625 106.10897689110055
9.6675 -167.29122335310734
9.6725 76.58589190304677
9.6775 164.40116671130994
9.6825 -131.2641604036401
9.6875 -10.879987936107252
9.692499999999999 -56.8730698266281
9.6975 -116.9696771732898
9.702499999999999 79.5139230379184
9.7075 411.20584887227
9.7125 -157.63577932618333
9.7175 -165.84688808769496
9.7225 -78.94240187746539
9.7275 47.46059102605275
9.7325 101.89525032582425
9.737499999999999 206.67843246717038
9.7425 -29.5446253683675
9.747499999999999 -274.45048576626544
9.7525 46.26055578001225
9.7575 8.7701678184903
9.7625 -79.62815074047211
9.7675 245.29041368891777
9.772499999999999 -119.6945542311388
9.7775 -109.41464760494289
9.782499999999999 83.78646076275298
9.7875 258.59241225108735
9.7925 -159.42171054823572
9.7975 -3.617255144146435
9.8025 -114.10597137743534
9.8075 -121.47536207965489
9.8125 11.011697690265827
9.817499999999999 -100.27408393342124
9.8225 96.16964328375263
9.827499999999999 152.24634195972925
9.8325 -255.80464175659483
9.8375 177.13639273394747
9.8425 37.453210080924315
9.8475 299.34953928782824
9.8525 -249.57006908175435
9.8575 -65.581375830843
9.862499999999999 -240.0620862614375
9.8675 399.46677635644426
9.872499999999999 -161.47674678106463
9.8775 139.51064381195695
9.8825 51.15591287706095
9.8875 -276.5851324551427
9.8925 47.03442598360421
9.897499999999999 -63.51334299835875
9.9025 30.11008101036639
9.907499999999999 -33.21730810860618
9.9125 62.95566294679052
9.9175 -161.94815293822725
9.9225 174.64666715251556
9.9275 -241.16503505271112
9.9325 82.89077280030155
9.9375 -29.039377589450634
9.942499999999999 74.5063214796849
9.9475 136.99151265074593
9.952499999999999 62.957152483168954
9.9575 92.71074487059286
9.9625 -170.90750763402195
9.9675 93.09519582177889
9.9725 -62.87281182802766
9.9775 -86.97891355338506
9.9825 -107.43319657456085
9.987499999999999 11.367688331722082
9.9925 245.59741575529864
9.997499999999999 -127.45230937163056
10.0025 171.00149902430775
