0.0075 21.58791810402813
0.012499999999999999 -23.43010590443286
0.017499999999999998 17.60680396093235
0.0225 22.44601764228645
0.0275 294.11778329498776
0.0325 93.91943409929847
0.0375 -231.2782554994561
0.042499999999999996 -103.84510160512767
0.0475 -202.0391406215315
0.0525 198.15440606134524
0.057499999999999996 46.60553451061137
0.0625 -120.88031256047779
0.06749999999999999 191.84155403911404
0.0725 -100.19949105698268
0.0775 -60.034797376673694
0.08249999999999999 63.443066882558995
0.0875 -139.34541080470734
0.0925 240.89374731848537
0.09749999999999999 -69.21687884830125
0.1025 -189.35187234110816
0.1075 322.34553774315003
0.11249999999999999 -119.38443285583537
0.1175 -28.82693766106242
0.1225 -169.81479410907454
0.1275 80.4536006808324
0.1325 -92.28095500452372
0.13749999999999998 67.25657212893087
0.1425 -237.3584831911108
0.1475 223.6080739133355
0.1525 -55.02847478674534
0.1575 224.1561618177515
0.1625 -59.73857326393433
0.16749999999999998 204.6864832317635
0.1725 -119.53403002405517
0.1775 -130.10103021421415
0.1825 -21.174792237040123
0.1875 -51.882113903215924
0.1925 110.8082773233419
0.19749999999999998 -158.49510141589855
0.20249999999999999 -16.184689367624895
0.2075 321.1304083749595
0.2125 -105.13522315932684
0.2175 175.84067068909079
0.2225 -97.43590023974653
0.22749999999999998 -109.05715844646704
0.23249999999999998 62.6084156338652
0.2375 -139.0121950692099
0.2425 38.45981468551506
0.2475 57.730511277977165
0.2525 -35.90501264792535
0.2575 132.86507870696374
0.2625 -20.599322612699833
0.2675 -54.58595494408503
0.27249999999999996 -40.56319725832861
0.27749999999999997 15.340699596763068
0.2825 61.59714609608641
0.2875 -107.57083355187905
0.2925 162.50585244373926
0.2975 -323.0617155966097
0.3025 230.48169591982105
0.3075 -324.65295035501975
0.3125 140.82330353517702
0.3175 71.62013447444379
0.3225 -158.5065250546115
0.32749999999999996 233.74098254321012
0.33249999999999996 72.57216799925602
0.33749999999999997 30.83131952501885
0.34249999999999997 -59.01778450505408
0.3475 93.13220670521606
0.3525 -110.97975487796248
0.3575 23.125054314883933
0.3625 2.0682619868661547
0.3675 134.50472883786924
0.3725 165.59952603154792
0.3775 39.782770942031554
0.3825 -185.63595032822494
0.38749999999999996 -412.13088557000276
0.39249999999999996 538.4009016923492
0.39749999999999996 -142.90004226040602
0.40249999999999997 -288.37902622575047
0.4075 -48.3120444951059
0.4125 174.9507004755217
0.4175 -63.2766011918471
0.4225 149.68810007340974
0.4275 -128.5898191570419
0.4325 79.17533102350308
0.4375 1.4648240225161322
0.4425 -162.67674531503357
0.44749999999999995 -31.945028637612896
0.45249999999999996 111.90469193334337
0.45749999999999996 -52.63233191063466
0.46249999999999997 458.57829125395665
0.46749999999999997 -350.1125980639639
0.4725 -2.1800846046377793
0.4775 52.659990015547194
0.4825 0.43861155316132594
0.4875 -216.71740099181253
0.4925 290.4449500878897
0.4975 48.38641043765077
0.5025 -272.7704559012471
0.5075 94.86252909821921
0.5125 -123.92025935980053
0.5175 110.18793515243203
0.5225 94.8179179031104
0.5275 -75.67485368924375
0.5325 61.35819626900812
0.5375 158.42051830960804
0.5425 -42.142994627446896
0.5475 -105.33810808028389
0.5525 -33.5757543797351
0.5575 -217.24363439085127
0.5625 387.9462292225105
0.5675 -229.01868223665957
0.5725 -36.62627527543483
0.5775 -46.21609127693293
0.5825 88.21083514151412
0.5875 374.57886040892254
0.5925 6.681999401661975
0.5974999999999999 -180.9528073132988
0.6024999999999999 87.64368758619776
0.6074999999999999 -9.56108189734965
0.6124999999999999 -44.746824962178614
0.6174999999999999 361.0521568626578
0.6224999999999999 -22.730204340479165
0.6275 5.858112092861948
0.6325 -285.8472712437321
0.6375 -178.86834510509547
0.6425 61.20840624727643
0.6475 161.78840305649794
0.6525 -207.1833124016574
0.6575 -61.295553862667276
0.6625 -44.3822825134104
0.6675 -47.469990632206255
0.6725 -143.2034805583677
0.6775 381.99344959248276
0.6825 95.68538737522071
0.6875 -388.4277662008137
0.6925 194.95705806467507
0.6975 30.740055683745453
0.7025 -6.080842520164293
0.7075 165.55738642895471
0.7125 99.2284554494826
0.7174999999999999 -156.04297675918593
0.7224999999999999 -160.882854152686
0.7274999999999999 -175.5815380799582
0.7324999999999999 -153.75636999013452
0.7374999999999999 136.00718056254746
0.7424999999999999 -59.09905957063913
0.7474999999999999 224.53111493496542
0.7525 -204.76333765075827
0.7575 15.541575983345876
0.7625 44.613255129729794
0.7675 -64.6699577326297
0.7725 159.98610114540713
0.7775 201.9042170478935
0.7825 16.250761885443577
0.7875 -130.36581469774595
0.7925 296.2319925447107
0.7975 -71.41203176808189
0.8025 158.41696141647822
0.8075 6.550449259484588
0.8125 7.288019514167684
0.8175 -10.05446819017728
0.8225 -72.83961553895416
0.8275 386.6584314667773
0.8325 -220.96160706364827
0.8374999999999999 -68.84647141583517
0.8424999999999999 117.47173619957175
0.8474999999999999 115.37248731636923
0.8524999999999999 307.13940163496784
0.8574999999999999 -433.5417379319021
0.8624999999999999 133.2448337697115
0.8674999999999999 78.20132384356175
0.8724999999999999 236.63594705605234
0.8775 -100.40850064362023
0.8825 42.142023484598035
0.8875 -198.06908720713704
0.8925 -241.00212635381743
0.8975 -42.99871770054879
0.9025 -157.56146435617865
0.9075 263.4290108223721
0.9125 -150.19967397385474
0.9175 -48.70438153479448
0.9225 4.90051731424102
0.9275 -32.49012513322647
0.9325 -147.82428794178944
0.9375 128.70509400893303
0.9425 -213.9132972440678
0.9475 392.30973538144804
0.9524999999999999 -124.73337184009057
0.9574999999999999 -49.335349934209766
0.9624999999999999 224.8390678966324
0.9674999999999999 55.34415363280348
0.9724999999999999 -192.9348545295561
0.9774999999999999 -7.987793046416765
0.9824999999999999 -153.6021400775815
0.9874999999999999 192.10771392593094
0.9924999999999999 -24.746412425882653
0.9974999999999999 -74.18051895094439
1.0025 -302.2791626607694
1.0075 34.48892584122074
1.0125 171.56447531853044
1.0174999999999998 55.354460382401605
1.0225 1.3908927528718218
1.0274999999999999 -83.68928068562451
1.0325 -104.72102524886151
1.0374999999999999 -17.05732188599395
1.0425 16.72671376025017
1.0474999999999999 178.20911288448372
1.0525 -153.95375119259924
1.0574999999999999 -94.18588215613914
1.0625 175.3979708799741
1.0675 103.59152330049812
1.0725 -85.47026215986952
1.0775 10.161517169527597
1.0825 22.028016627670425
1.0875 296.81413441534477
1.0925 2.448402526364829
1.0975 -86.34610481335238
1.1025 -24.443965945982175
1.1075 229.19904509124717
1.1125 -102.74719671036097
1.1175 -219.4877246335501
1.1225 -125.71193789612444
1.1275 110.55847022184929
1.1324999999999998 -29.37392081503236
1.1375 42.17432747584431
1.1424999999999998 61.65443844171815
1.1475 -65.3808687073353
1.1524999999999999 35.016246983410745
1.1575 -80.6986061904245
1.1624999999999999 -90.18585313797341
1.1675 141.21621520431478
1.1724999999999999 -203.58141487759374
1.1775 143.94445121933097
1.1824999999999999 -259.4053868637325
1.1875 64.94322883980884
1.1925 177.3268128539482
1.1975 19.345335556366777
1.2025 64.96477145705879
1.2075 -76.7259820099324
1.2125 106.33812311475806
1.2175 160.2188809430535
1.2225 2.3228940858496503
1.2275 -192.10048177942636
1.2325 -175.56693562323898
1.2375 158.06715353525286
1.2425 212.30005398942407
1.2475 139.2275677772881
1.2525 25.931346707379774
1.2574999999999998 -327.40326979952226
1.2625 104.58744363960122
1.2674999999999998 -171.96918314206027
1.2725 -68.09334392740443
1.2774999999999999 -16.23624074793656
1.2825 65.03491283034515
1.2874999999999999 -168.47168093302324
1.2925 235.7362965583977
1.2974999999999999 88.51344761524336
1.3025 165.67421845164995
1.3074999999999999 -130.59150577597717
1.3125 35.852804430757054
1.3175 -210.9656304143134
1.3225 10.306495376889059
1.3275 -5.9201182553181715
1.3325 36.83331885827109
1.3375 26.46414712624387
1.3425 41.51189054797876
1.3475 -94.60590246627315
1.3525 139.86881230823647
1.3575 -43.59304218920951
1.3625 -146.03888647887658
1.3675 126.77465275711938
1.3724999999999998 -30.022284288707443
1.3775 51.50830073529797
1.3824999999999998 -59.21417597836138
1.3875 -21.67954197690254
1.3924999999999998 203.62693626726247
1.3975 -47.202402757654085
1.4024999999999999 92.13481882079174
1.4075 148.8342843996688
1.4124999999999999 140.79260382198075
1.4175 -255.57859461074523
1.4224999999999999 40.316977458318085
1.4275 60.85597772943332
1.4324999999999999 -191.93683489156774
1.4375 65.57601955276695
1.4425 3.7120020267570553
1.4475 -249.33901883058837
1.4525 103.53854185999558
1.4575 7.55994845959239
1.4625 -211.97695179637955
1.4675 21.795994493492874
1.4725 150.85683110712654
1.4775 63.72125727573709
1.4825 -290.7055544119269
1.4874999999999998 297.41597579933716
1.4925 60.78056823967634
1.4974999999999998 40.87995799614043
1.5025 -192.27937088777384
1.5074999999999998 131.1614073575717
1.5125 37.013592930338945
1.5174999999999998 15.483465642758604
1.5225 18.677240594303296
1.5274999999999999 -34.814629550012455
1.5325 -65.420940920281
1.5374999999999999 -325.00545071799206
1.5425 266.34855081037966
1.5474999999999999 -15.795375086742466
1.5525 181.16947656443506
1.5574999999999999 69.38273569759768
1.5625 145.63358423888056
1.5675 -120.19517827925974
1.5725 -294.5405687215049
1.5775 -112.52054254184918
1.5825 18.488288957163252
1.5875 -114.43176798487397
1.5925 259.6258023251774
1.5975 333.5128364234141
1.6025 -197.17044017277058
1.6075 -43.827768647737756
1.6124999999999998 -64.99620620119234
1.6175 118.45613868547008
1.6224999999999998 124.53700423291939
1.6275 -16.61239526440131
1.6324999999999998 106.07282418523124
1.6375 -69.30879824348256
1.6424999999999998 52.813311057609226
1.6475 19.467397272862794
1.6524999999999999 -100.61713389862857
1.6575 76.72821473548623
1.6624999999999999 -189.50323798836808
1.6675 -79.65300889200896
1.6724999999999999 51.88622414200437
1.6775 115.68553022911317
1.6824999999999999 41.945127565716646
1.6875 -105.41377105110458
1.6925 146.7050053051334
1.6975 81.01202977708566
1.7025 -93.8792250384876
1.7075 180.51451518147653
1.7125 -75.35410058355858
1.7175 -182.30441262309776
1.7225 60.54167292147126
1.7274999999999998 86.62192063290102
1.7325 -335.215424663896
1.7374999999999998 284.71695577428574
1.7425 -130.5760998643881
1.7474999999999998 309.41260705048575
1.7525 -83.33389408275
1.7574999999999998 -42.221284452252284
1.7625 332.9626069485968
1.7674999999999998 18.504901498486433
1.7725 -85.67351782011512
1.7774999999999999 -265.20211387291084
1.7825 -92.27714023869797
1.7874999999999999 -111.23116616704074
1.7925 -122.36803445465463
1.7974999999999999 -66.29363705974892
1.8025 216.14209500100426
1.8074999999999999 191.44724007411187
1.8125 -60.33532792066973
1.8175 -48.00881383746273
1.8225 20.18953872025632
1.8275 187.66872787953662
1.8325 -192.99825719815937
1.8375 -96.48624634634241
1.8425 85.04355551567772
1.8475 -49.19196968884298
1.8524999999999998 21.54369176886798
1.8575 168.18162767211882
1.8624999999999998 -149.0762848485681
1.8675 119.42487077496305
1.8724999999999998 -124.43463926650755
1.8775 73.39668767019833
1.8824999999999998 42.31618976258372
1.8875 -41.96936595432572
1.8924999999999998 16.044693738400017
1.8975 114.5840091295097
1.9024999999999999 -247.3774073194575
1.9075 135.28931350558835
1.9124999999999999 18.41983291797009
1.9175 78.82919500735196
1.9224999999999999 -4.7021076474358106
1.9275 55.548482496114694
1.9324999999999999 162.2631446172048
1.9375 -7.207545403347268
1.9425 -136.2287371904449
1.9475 -82.66151275606391
1.9525 -75.94837217525605
1.9575 -183.56509700079314
1.9625 72.34150273139917
1.9674999999999998 224.71056761966526
1.9725 -131.0771076622136
1.9774999999999998 -87.50832526054015
1.9825 10.962315430857208
1.9874999999999998 84.8749908221456
1.9925 -79.09222334788916
1.9974999999999998 -200.74176048879417
2.0025 199.552666229573
2.0075 -198.9723452250524
2.0124999999999997 149.44841840631796
2.0175 -138.62300171446984
2.0225 280.33779698284843
2.0275 18.3685657601476
2.0324999999999998 185.45159219240125
2.0375 -38.722419554281075
2.0425 110.08057142299187
2.0475 -174.32648999212446
2.0524999999999998 -71.58586829534634
2.0575 220.60515074469697
2.0625 98.20673586660071
2.0675 -144.74904140012998
2.0725 -8.973989686777994
2.0775 18.202429030650023
2.0825 -194.23221624046545
2.0875 23.76926136361608
2.0925 -77.21432559051347
2.0974999999999997 114.58210339140291
2.1025 76.9687778870479
2.1075 251.20664835972414
2.1125 -69.90262955349077
2.1174999999999997 -209.55193288580452
2.1225 -61.27405006284061
2.1275 358.28037677803997
2.1325 -590.5742123914428
2.1374999999999997 328.9658100401539
2.1425 -239.48123102390488
2.1475 -1.6233451683177067
2.1525 182.61919297739124
2.1574999999999998 18.193595106200664
2.1625 -22.016792503933935
2.1675 218.9467995306147
2.1725 -104.54917202875819
2.1774999999999998 -15.209709120411622
2.1825 -119.9228943682367
2.1875 -159.14400149110642
2.1925 -28.31901009830145
2.1975 214.3836820424522
2.2024999999999997 -143.277264190219
2.2075 123.4858153833673
2.2125 61.65151779247293
2.2175 26.858465466430175
2.2224999999999997 -145.82800576085202
2.2275 -151.56467932134234
2.2325 -58.593184331102066
2.2375 29.68198930787782
2.2424999999999997 183.2636935253188
2.2475 113.45124250426315
2.2525 -55.21694906826727
2.2575 -189.8790209102451
2.2624999999999997 319.2006290260052
2.2675 -147.58332543131357
2.2725 85.96916394800091
2.2775 -131.55379443637298
2.2824999999999998 7.804304476386974
2.2875 88.5631147632876
2.2925 -161.87365427628046
2.2975 83.00599738691913
2.3024999999999998 -61.044012222707835
2.3075 -148.74583304519336
2.3125 -152.09999343153342
2.3175 161.6090547182953
2.3225 12.393995081360913
2.3274999999999997 306.9559986524219
2.3325 82.97563768803398
2.3375 -21.1947831360181
2.3425 12.711074216620064
2.3474999999999997 -22.813295469343984
2.3525 59.832095687113
2.3575 19.35380222851647
2.3625 203.068709482156
2.3674999999999997 -435.53208723154705
2.3725 21.54071032759035
2.3775 321.5360425861649
2.3825 58.80245524452825
2.3874999999999997 -130.38918120755255
2.3925 -42.70813079876249
2.3975 172.8597734557423
2.4025 -222.92722963176143
2.4074999999999998 41.6633833058519
2.4125 -213.92898000941486
2.4175 -46.54743206509325
2.4225 195.23455316543055
2.4274999999999998 -166.68955408162225
2.4325 264.32390796206425
2.4375 217.16034206930777
2.4425 -348.28752328647386
2.4475 17.309055376133582
2.4524999999999997 -76.63390629238206
2.4575 163.96396857290205
2.4625 -6.737649901873044
2.4675 -81.76649100586373
2.4724999999999997 -62.97899550779983
2.4775 129.80091144741812
2.4825 -150.47389735795707
2.4875 -234.7673091950024
2.4924999999999997 228.01336650210655
2.4975 -334.31101370271665
2.5025 -7.46627346420251
2.5075 135.37793302503655
2.5124999999999997 -180.8397012369014
2.5175 42.21846477765179
2.5225 259.3626286495757
2.5275 157.95277377037786
2.5324999999999998 75.19169572166074
2.5375 1.1723461858776887
2.5425 191.91168817525372
2.5475 -260.0145194756636
2.5524999999999998 5.681654665810767
2.5574999999999997 -213.23994100792697
2.5625 -128.933673103457
2.5675 206.19266149486975
2.5725 13.567246568500412
2.5774999999999997 -7.9214323585743385
2.5825 -139.34528000972853
2.5875 242.29830169900345
2.5925 -99.36112892841462
2.5974999999999997 -127.16689400330233
2.6025 215.53194747793475
2.6075 59.26589632960078
2.6125 -56.41777329488419
2.6174999999999997 58.27933980567108
2.6225 341.77780156357
2.6275 -260.6036549630258
2.6325 17.36644042303552
2.6374999999999997 129.6846823448365
2.6425 14.672575986289832
2.6475 58.479370593340455
2.6525 -241.29152721884162
2.6574999999999998 -71.22844825162161
2.6625 -241.33725993319436
2.6675 29.934669416807775
2.6725 209.20531777054086
2.6774999999999998 -154.10490044917242
2.6824999999999997 44.74957481476137
2.6875 37.820338033252604
2.6925 203.8264179364248
2.6975 56.247051388844994
2.7024999999999997 -284.0672760609999
2.7075 -31.840758985770126
2.7125 -38.3679927944377
2.7175 -101.53488831616764
2.7224999999999997 70.27400505301837
2.7275 173.5394923938983
2.7325 136.05519060959475
2.7375 -95.12207984995132
2.7424999999999997 71.7328555346359
2.7475 19.50705407358706
2.7525 -299.83874185193207
2.7575 204.8598694892538
2.7624999999999997 -16.99127872385163
2.7675 -33.27714233754098
2.7725 -72.03708755021546
2.7775 -77.97167470399982
2.7824999999999998 228.1432074933988
2.7875 92.87898188585939
2.7925 -35.89823752723582
2.7975 54.892860690622356
2.8024999999999998 96.69594648836103
2.8074999999999997 -128.62440146786628
2.8125 -259.5299222698718
2.8175 -83.35743839609297
2.8225 73.62234348378738
2.8274999999999997 242.787853093579
2.8325 -202.4446766378145
2.8375 42.202691169665435
2.8425 88.80381891584977
2.8474999999999997 -46.224308333313196
2.8525 64.45208436831261
2.8575 96.10649087239315
2.8625 67.49331933040644
2.8674999999999997 92.89683553205194
2.8725 -93.35494428742483
2.8775 -101.78183621014581
2.8825 90.28435886300335
2.8874999999999997 91.77969903835815
2.8925 10.90695275526061
2.8975 99.77578111786886
2.9025 76.33576611215376
2.9074999999999998 -198.49143550999256
2.9125 83.00407967462412
2.9175 12.147602934458202
2.9225 -132.28835285376226
2.9274999999999998 -125.49143552312668
2.9324999999999997 -73.91131567945318
2.9375 16.30684289719583
2.9425 121.1852738830695
2.9475 -28.46418074797329
2.9524999999999997 25.616496876477825
2.9575 256.7294840382499
2.9625 -139.77021019757075
2.9675 164.06102081570262
2.9724999999999997 -17.225574428229795
2.9775 -143.2172604804666
2.9825 -133.85941871639324
2.9875 142.01976231489542
2.9924999999999997 -22.27814005004269
2.9975 -83.57130433844914
3.0025 -30.72512479214988
3.0075 -138.53953030644126
3.0124999999999997 78.50756673325222
3.0175 -89.13868919467077
3.0225 182.67612484732433
3.0275 -57.925338590054544
3.0324999999999998 23.673886691424055
3.0374999999999996 187.29037511265327
3.0425 15.618886868921628
3.0475 13.131477700776514
3.0524999999999998 -126.1697359805265
3.0574999999999997 130.5711275498414
3.0625 79.81756581817088
3.0675 -228.424973826561
3.0725 -4.631212821384163
3.0774999999999997 9.14691446514083
3.0825 45.89333690280433
3.0875 159.55046465167587
3.0925 -70.82726162892989
3.0974999999999997 -296.38225544818795
3.1025 -142.01338678339295
3.1075 8.535969803256746
3.1125 14.79576196063191
3.1174999999999997 280.84711394619416
3.1225 321.1694397875192
3.1275 64.21734868242231
3.1325 -15.070497734721684
3.1374999999999997 52.34529451679896
3.1425 -402.0068361616949
3.1475 176.2553677570787
3.1525 -308.58929660807115
3.1574999999999998 -54.476780019991054
3.1624999999999996 249.65104775328527
3.1675 -113.22954159397715
3.1725 72.59207959390926
3.1774999999999998 37.581934972608636
3.1824999999999997 -0.36411269383782663
3.1875 55.804062463941136
3.1925 -80.39713363309515
3.1975 -62.241533563596555
3.2024999999999997 141.49425613396514
3.2075 -88.08622042282602
3.2125 159.49421412620987
3.2175 38.98889103316021
3.2224999999999997 -310.878665598647
3.2275 1.5578313582254264
3.2325 67.67924570863511
3.2375 -101.42885095834359
3.2424999999999997 97.80335625686982
3.2475 -158.9415263900302
3.2525 -61.111115310218736
3.2575 -130.90030640490122
3.2624999999999997 240.69334440989033
3.2675 50.73175265583697
3.2725 -65.48363250632339
3.2775 -149.8298802514301
3.2824999999999998 -6.959552662760159
3.2874999999999996 76.95224982296457
3.2925 326.1348426123812
3.2975 -122.66292129071361
3.3024999999999998 77.15134728187668
3.3074999999999997 168.65196273156764
3.3125 -94.41062740508697
3.3175 102.84072880499933
3.3225 65.36185606499244
3.3274999999999997 97.24300451390336
3.3325 20.111213844633543
3.3375 -52.94206516104937
3.3425 -86.01396872856033
3.3474999999999997 -74.3448299457025
3.3525 -120.4676246642265
3.3575 -111.95047275827373
3.3625 30.017339212149295
3.3674999999999997 -5.622865875615083
3.3725 81.58416043687656
3.3775 -132.91258320641685
3.3825 18.277326130419578
3.3874999999999997 71.69018952830751
3.3924999999999996 -66.89853232227837
3.3975 12.492063156391312
3.4025 80.7627369159873
3.4074999999999998 -1.3598464461401476
3.4124999999999996 119.71092702552899
3.4175 -48.440815441360236
3.4225 -83.10280488257625
3.4274999999999998 169.63801555008598
3.4324999999999997 73.80054887914699
3.4375 -62.66464306625394
3.4425 186.4375471120622
3.4475 -104.62827614770544
3.4524999999999997 69.94547872542329
3.4575 -287.3545541585961
3.4625 21.212088864412095
3.4675 70.45741211468328
3.4724999999999997 25.04637919614959
3.4775 -5.454891437189825
3.4825 -32.138062946591624
3.4875 -13.975157421581828
3.4924999999999997 110.45909209167898
3.4975 -64.73114214997254
3.5025 20.160622766348585
3.5075 39.919298614846895
3.5124999999999997 33.395194806341344
3.5174999999999996 62.81580916564125
3.5225 168.81235211389756
3.5275 107.16338811312366
3.5324999999999998 -159.58735252006696
3.5374999999999996 -39.536140777298236
3.5425 -62.39382298329046
3.5475 -97.03406953566925
3.5524999999999998 -104.93847591446627
3.5574999999999997 -119.22917556451392
3.5625 54.517705163573254
3.5675 197.905918892053
3.5725 34.35202731603645
3.5774999999999997 -167.82614876272757
3.5825 -61.95382327959695
3.5875 169.78288546341568
3.5925 -172.5347841684678
3.5974999999999997 110.11138441398228
3.6025 -137.11617092389884
3.6075 149.78086187246868
3.6125 6.019337826183179
3.6174999999999997 -25.248162549360355
3.6225 -58.18072763701622
3.6275 274.9439115344388
3.6325 -91.32069603482024
3.6374999999999997 -19.585375692493812
3.6424999999999996 183.23171275491367
3.6475 -283.4251102988429
3.6525 107.18793894909409
3.6574999999999998 -21.29339491814353
3.6624999999999996 -90.85441785665094
3.6675 66.94000696267298
3.6725 295.97004625629575
3.6774999999999998 -288.98152513741803
3.6824999999999997 -34.2747652483049
3.6875 -24.838324781293963
3.6925 14.474520018582263
3.6975 -142.24838456913074
3.7024999999999997 22.030054081847442
3.7075 136.04237599128314
3.7125 9.324332458937826
3.7175 155.32379175201774
3.7224999999999997 -41.36961071077001
3.7275 -139.7281069122956
3.7325 221.07946202413552
3.7375 -219.65783455659425
3.7424999999999997 1.8704547796288515
3.7474999999999996 -60.94980838926981
3.7525 -132.05747774154676
3.7575 66.59402990058064
3.7624999999999997 72.1181593835623
3.7674999999999996 -151.32004665639056
3.7725 315.38809250461725
3.7775 -44.202108350975344
3.7824999999999998 161.37636834563378
3.7874999999999996 150.86669810137334
3.7925 -120.76824705419358
3.7975 -115.50078929551643
3.8024999999999998 233.97315261124575
3.8074999999999997 -170.39363893304196
3.8125 43.49735842506052
3.8175 -233.1112223854389
3.8225 105.51229125042794
3.8274999999999997 -183.95779826633824
3.8325 3.3781406061881327
3.8375 133.9180013136998
3.8425 -58.65616645568893
3.8474999999999997 -88.69089324178235
3.8525 311.0864796086472
3.8575 -123.19616529732714
3.8625 350.62963686547795
3.8674999999999997 -35.67339569527548
3.8724999999999996 162.482188310386
3.8775 -126.25421427303986
3.8825 53.210849368849665
3.8874999999999997 28.94323900352671
3.8924999999999996 -0.06831471745548995
3.8975 -272.8647358645341
3.9025 -178.57897160964433
3.9074999999999998 -293.42080764365875
3.9124999999999996 -71.53752073409319
3.9175 177.23903758056045
3.9225 106.66197858786323
3.9274999999999998 -84.69102304609088
3.9324999999999997 182.47854468911717
3.9375 94.41246011380419
3.9425 -285.46193265650146
3.9475 -173.88295606072873
3.9524999999999997 159.20766838135705
3.9575 166.83202034115112
3.9625 75.86672715988938
3.9675 -280.67027834533104
3.9724999999999997 66.24884050321987
3.9775 230.70443555803737
3.9825 -203.65818402984175
3.9875 -82.62658115422214
3.9924999999999997 145.36493811254996
3.9974999999999996 26.40705751940851
4.0024999999999995 230.58831014403054
4.007499999999999 20.528540357175725
4.0125 62.88240723189593
4.0175 -344.43680436852424
4.0225 8.851354919846633
4.0275 34.75940485719721
4.0325 342.70975615115924
4.0375 -183.94190391313813
4.0424999999999995 -100.2965633006251
4.047499999999999 115.70185775844025
4.0525 -258.09002321091515
4.0575 -220.00362937417387
4.0625 70.78759627521404
4.0675 196.20077251758406
4.0725 -79.51328590583852
4.0775 -53.7504143158522
4.0825 205.27181931578863
4.0874999999999995 -55.95056244588003
4.0925 -19.828940648032294
4.0975 -251.74049517131488
4.1025 223.29621578730107
4.1075 50.892814632265704
4.1125 23.825653210819745
4.1175 -96.3191594452734
4.1225 -5.0513866906130165
4.1274999999999995 -138.4299532601589
4.132499999999999 14.664024902692548
4.1375 -67.42302018732168
4.1425 -110.39683499760848
4.1475 73.93730647734706
4.1525 261.4956335259284
4.1575 -149.01856110319991
4.1625 209.78991500767864
4.1674999999999995 -73.53393239416458
4.172499999999999 -142.74702503047348
4.1775 173.69876909781695
4.1825 -234.72603298401233
4.1875 149.8538533657159
4.1925 -93.49596469662457
4.1975 -178.14822742709245
4.2025 103.52916172834595
4.2075 -20.67019052972415
4.2124999999999995 -124.39188667758754
4.2175 260.9215876539477
4.2225 -75.92428879317117
4.2275 11.70415736204468
4.2325 -190.46501241659368
4.2375 220.4205348163617
4.2425 237.77599056652863
4.2475 70.26811835788034
4.2524999999999995 -196.49073130082775
4.257499999999999 -242.4584650191869
4.2625 131.53870827508425
4.2675 137.74915203960782
4.2725 -305.0105765069082
4.2775 -98.16522332987422
4.2825 -157.47868613522087
4.2875 143.2518073292721
4.2924999999999995 159.4821628295
4.297499999999999 214.67192154280536
4.3025 -347.13043379537834
4.3075 53.68120600815412
4.3125 260.1359180063516
4.3175 175.91443472307773
4.3225 -184.218842411519
4.3275 207.88378977932064
4.3325 -226.9588044842628
4.3374999999999995 -89.94326516434535
4.342499999999999 113.90785251234358
4.3475 68.16780048231577
4.3525 -59.39003260709879
4.3575 182.6741723967251
4.3625 -77.19108895459425
4.3675 -111.91878958263113
4.3725 -94.55268285785142
4.3774999999999995 151.82257096541406
4.382499999999999 -94.87368031592658
4.3875 242.4488746155291
4.3925 -94.0828154496649
4.3975 -72.12617972113641
4.4025 -10.073771897402573
4.4075 94.25704041433123
4.4125 73.67305430240421
4.4174999999999995 121.29540871598688
4.422499999999999 -128.06758796592882
4.4275 2.9321894677896183
4.4325 169.52928255248727
4.4375 -240.4184367864622
4.4425 145.97083335137873
4.4475 -30.106668235144546
4.4525 31.9449087641464
4.4575 -13.41325061316303
4.4624999999999995 116.96960453865367
4.467499999999999 -20.4647842526438
4.4725 218.98998223632245
4.4775 -263.5350214685455
4.4825 -3.519303784554877
4.4875 -47.16098367880857
4.4925 155.69630137822782
4.4975 161.9895948140849
4.5024999999999995 79.71725488558124
4.507499999999999 -452.14593255698117
4.5125 157.624335555044
4.5175 -268.5018596005298
4.5225 95.88877817273315
4.5275 -79.5961878326609
4.5325 32.78352062362032
4.5375 180.59963327065566
4.5424999999999995 44.82021064964898
4.547499999999999 -114.6671226606332
4.5525 184.9718937372046
4.5575 -63.604414257513255
4.5625 -57.14469767385333
4.5675 260.78416318557396
4.5725 -281.9076953621298
4.5775 1.1464585173245014
4.5825 155.63080309510485
4.5874999999999995 -370.74122730490967
4.592499999999999 88.18639069160041
4.5975 -13.265963624414983
4.6025 176.9318917581289
4.6075 -24.57199449256802
4.6125 134.22604743718267
4.6175 -68.60963644750763
4.6225 57.42513674720414
4.6274999999999995 -40.5773123631208
4.632499999999999 52.05499808776491
4.6375 -58.84642420043431
4.6425 -89.30624414175553
4.6475 -163.34705602825227
4.6525 88.82746241099888
4.6575 -99.25140615231432
4.6625 295.88122857061205
4.6674999999999995 -230.71587130252308
4.672499999999999 -3.423810686325692
4.6775 202.91117416732152
4.6825 -10.693276130083277
4.6875 -296.69181584593264
4.6925 350.95921784272605
4.6975 -91.15226394555363
4.7025 202.5822942722133
4.7075 -110.88046719567805
4.7124999999999995 -102.16787258990426
4.717499999999999 -17.254017796457035
4.7225 -67.25975147327503
4.7275 96.06504677604731
4.7325 94.46624316699379
4.7375 -21.69499682147222
4.7425 133.40608397774707
4.7475 -258.62645289437626
4.7524999999999995 54.056499698913235
4.757499999999999 152.1436423739702
4.7625 -185.2057071063143
4.7675 -49.655170763813544
4.7725 -93.62527040222889
4.7775 -8.720697578404913
4.7825 60.477893658069846
4.7875 -214.7254119520987
4.7924999999999995 199.024293727342
4.797499999999999 -42.10829495970928
4.8025 168.3427647174967
4.8075 -49.93661655716855
4.8125 -55.318319387551504
4.8175 23.469863235704224
4.8225 234.4920106340672
4.8275 -171.11552221167452
4.8325 -196.75726594026003
4.8374999999999995 129.8214628387371
4.842499999999999 74.15349669516301
4.8475 -84.65453262863893
4.8525 160.54583062534059
4.8575 -241.60469289991073
4.8625 5.685820630628921
4.8675 -206.03080205066527
4.8725 140.2618856947072
4.8774999999999995 -153.76596657826315
4.882499999999999 0.5734495310913597
4.8875 188.23396982833066
4.8925 -85.86707754594535
4.8975 58.2567167482088
4.9025 -59.167283231630485
4.9075 10.434571293889766
4.9125 97.7425910676985
4.9174999999999995 56.68659382000254
4.922499999999999 78.71820612532998
4.9275 -407.74676880672763
4.9325 297.6773824597762
4.9375 76.70243272927507
4.9425 -208.93907038004093
4.9475 87.32577460005253
4.9525 124.781679925998
4.9575 -165.2231644668949
4.9624999999999995 25.388644128315057
4.967499999999999 -77.83876516250038
4.9725 75.32881853260096
4.9775 214.5092431167617
4.9825 147.5905877929057
4.9875 -214.64035338845136
4.9925 -13.3007415026813
4.9975 64.73494957996321
5.0024999999999995 -317.22163214497033
5.007499999999999 223.26315199433807
5.0125 -143.11086468650345
5.0175 5.756317874156941
5.0225 147.87540779078014
5.0275 51.96539747439112
5.0325 -91.84480691031195
5.0375 158.07760246188784
5.0424999999999995 -257.02802015619574
5.047499999999999 115.96205555220885
5.0525 52.32074295711385
5.0575 -78.68770260460194
5.0625 116.0662874393042
5.0675 -102.3982988674389
5.0725 -258.1190204840351
5.0775 301.42803913981413
5.0825 -88.33354109565225
5.0874999999999995 233.30431274940858
5.092499999999999 17.27275055859875
5.0975 157.4076594615145
5.1025 -352.06369702736094
5.1075 41.39766235198324
5.1125 69.72018095321991
5.1175 -212.20818521314965
5.1225 95.56909261198068
5.1274999999999995 -60.81993489660958
5.132499999999999 179.2491731077398
5.1375 1.4659305164566208
5.1425 -48.75396210847116
5.1475 61.123997891917234
5.1525 55.60755827207375
5.1575 -88.89928253915416
5.1625 206.24390496748487
5.1674999999999995 -161.79119646354545
5.172499999999999 32.54080634533401
5.177499999999999 14.606700845199745
5.1825 -11.436939799131473
5.1875 -53.72475238048427
5.1925 -35.659387934639525
5.1975 -4.353668244862037
5.2025 -64.04183774257697
5.2075 27.90979919050104
5.2124999999999995 26.256519209602608
5.217499999999999 175.63122378963894
5.2225 -147.44767491918418
5.2275 -39.68123793703479
5.2325 73.47314825682732
5.2375 6.82995806341742
5.2425 -312.12190266304174
5.2475 210.61519862524895
5.2524999999999995 27.881850908901352
5.257499999999999 59.896375892651584
5.2625 -168.3656443647061
5.2675 30.88706016060264
5.2725 63.08264000175091
5.2775 67.92183447177008
5.2825 -200.4401780584192
5.2875 172.70642206700828
5.2924999999999995 3.0628547043004843
5.297499999999999 119.77569304098888
5.302499999999999 66.66424285582724
5.3075 -87.79996574285559
5.3125 71.61755949764257
5.3175 2.2671076588648242
5.3225 -46.189122247076035
5.3275 160.96921541919016
5.3325 -323.1708184987578
5.3374999999999995 213.35060356042436
5.342499999999999 43.360851890059195
5.3475 9.564606124630908
5.3525 -81.96218187402484
5.3575 95.51876365154145
5.3625 -26.7892152490734
5.3675 100.48382786017751
5.3725 -169.03718391254085
5.3774999999999995 52.06525595372658
5.382499999999999 154.42211419536045
5.3875 -348.37043904611534
5.3925 204.06886009799464
5.3975 63.52175868152023
5.4025 -139.15309146003182
5.4075 230.77056807838156
5.4125 -15.434323903341836
5.4174999999999995 -241.81951931032432
5.422499999999999 89.4861865839112
5.427499999999999 -242.48718912291443
5.4325 212.56720427154494
5.4375 -69.21834904176029
5.4425 186.40020225075216
5.4475 -59.30907669968388
5.4525 8.02832501555561
5.4575 -186.7997589364192
5.4624999999999995 103.17575889317825
5.467499999999999 -60.10777650097927
5.4725 -19.685225717526063
5.4775 68.1342592021502
5.4825 -83.75610909052145
5.4875 80.54338820996817
5.4925 -47.39215682988422
5.4975 112.96908313134234
5.5024999999999995 115.07258495670807
5.507499999999999 -205.17669439095053
5.5125 51.04867941626165
5.5175 -170.8146099410854
5.5225 131.58330370472686
5.5275 -93.97717784550852
5.5325 -37.02629566482955
5.5375 27.677613759976698
5.5424999999999995 -30.97418619613783
5.547499999999999 -99.48226955351055
5.552499999999999 58.90520062168834
5.5575 148.89398007014015
5.5625 -88.50644521525085
5.5675 181.39828764240735
5.5725 9.679128576432642
5.5775 20.82584063363162
5.5825 -81.38294512566664
5.5874999999999995 3.3555775512513537
5.592499999999999 -87.3424204322506
5.5975 -323.1051644196038
5.6025 169.4721475161082
5.6075 -146.75469450180302
5.6125 275.483944790626
5.6175 72.60249687447538
5.6225 -41.83334943994926
5.6274999999999995 140.21415184349547
5.632499999999999 -124.37322299730081
5.6375 -25.710089236810667
5.6425 -90.80624859237594
5.6475 66.36709495420581
5.6525 43.73258516780349
5.6575 -141.98365645310304
5.6625 25.716736621860683
5.6674999999999995 -67.43430118845212
5.672499999999999 121.1146041322807
5.677499999999999 -61.231993424265625
5.6825 1.918804051480322
5.6875 318.93190692608215
5.6925 -100.4095612145752
5.6975 -71.48043833150842
5.7025 -127.24678815550192
5.7075 3.260600922128652
5.7124999999999995 237.3072468898502
5.717499999999999 -71.08323766605837
5.7225 -70.61108831972034
5.7275 -88.56557665144737
5.7325 232.1990897834681
5.7375 17.829479122750694
5.7425 -216.34589463151386
5.7475 252.22945048817013
5.7524999999999995 -52.09295152732142
5.757499999999999 -120.43760919035601
5.7625 90.1577639293895
5.7675 19.347964614391625
5.7725 -80.64389059798452
5.7775 -139.7434072931271
5.7825 107.02524335127502
5.7875 162.94537859542876
5.7924999999999995 72.88260103241389
5.797499999999999 -85.0427710089738
5.802499999999999 -7.640082095555982
5.8075 -135.90913090934507
5.8125 -73.75070809714977
5.8175 65.32650036635317
5.8225 61.885126572379384
5.8275 -208.69701979745255
5.8325 126.23605271915069
5.8374999999999995 100.27829437379557
5.842499999999999 -50.37529870540646
5.8475 -94.64430645110879
5.8525 112.65163937547321
5.8575 -64.9958819770195
5.8625 -191.0883031244357
5.8675 374.31003198873503
5.8725 -38.372211393050144
5.8774999999999995 -65.17237887941639
5.882499999999999 -212.61089268932741
5.8875 -118.83886584699697
5.8925 137.2458413816976
5.8975 173.19224435725832
5.9025 133.25894041608848
5.9075 -246.57785735079983
5.9125 299.88280015370395
5.9174999999999995 -182.35137907358873
5.922499999999999 -220.3437360576044
5.927499999999999 -103.92934541408746
5.9325 391.6055539005115
5.9375 -264.75000168572154
5.9425 -30.51283822547978
5.9475 283.79820842021735
5.9525 -293.4005086313834
5.9575 -23.186766188637822
5.9624999999999995 -79.37661489023004
5.967499999999999 287.46864027624315
5.9725 -211.39036447547963
5.9775 131.69367848195395
5.9825 85.19818912943293
5.9875 -71.68444218113987
5.9925 -333.1775112570259
5.9975 306.20520599910594
6.0024999999999995 90.99934882518203
6.007499999999999 65.27195254413249
6.012499999999999 -46.37376870301202
6.0175 169.23231531636475
6.0225 -131.13463810997226
6.0275 39.538986554971075
6.0325 -186.2687644817256
6.0375 135.90896353387924
6.0424999999999995 138.62647080785158
6.047499999999999 -44.804672396963404
6.052499999999999 -67.78024680185239
6.0575 23.222077674889892
6.0625 -212.18810884182415
6.0675 139.37954118861552
6.0725 -106.71487476161904
6.0775 64.90271937161704
6.0825 -221.16169680116724
6.0874999999999995 568.0146289165658
6.092499999999999 -477.36883365657997
6.0975 319.6293775982465
6.1025 -81.42746094669539
6.1075 88.61448897331326
6.1125 -121.99572240254987
6.1175 -17.82194143707024
6.1225 138.32351542495255
6.1274999999999995 -105.32264182076007
6.132499999999999 -125.60320845130687
6.137499999999999 -38.66646746242871
6.1425 -83.331132782317
6.1475 -85.6642095335947
6.1525 450.043877239867
6.1575 -221.50583760176124
6.1625 -163.02657253917835
6.1674999999999995 171.09102775965619
6.172499999999999 -41.85035015550533
6.177499999999999 -35.06847049727551
6.1825 159.83342445612362
6.1875 -236.89385001638985
6.1925 50.540840936197526
6.1975 -80.90897938708764
6.2025 221.13908874433633
6.2075 -46.80889728062836
6.2124999999999995 -74.67214102477962
6.217499999999999 160.78628765401453
6.2225 -57.18123414587529
6.2275 222.5388305867695
6.2325 -112.11206771766192
6.2375 -57.45919239112442
6.2425 241.2345250827931
6.2475 -225.71686142170068
6.2524999999999995 4.378504027036313
6.257499999999999 144.549210094541
6.262499999999999 -156.4007999777749
6.2675 182.55094773654426
6.2725 64.19348846762522
6.2775 37.610359326877685
6.2825 -376.5084434667202
6.2875 307.7737530715112
6.2924999999999995 -105.77821770636717
6.297499999999999 88.49084350594701
6.302499999999999 154.02497655887905
6.3075 5.876315753786553
6.3125 -307.8605993584297
6.3175 315.45821466656867
6.3225 42.494697012753576
6.3275 -141.1926325011981
6.3325 7.035502175246568
6.3374999999999995 178.28340285343612
6.342499999999999 -128.69800397367302
6.3475 -194.88243597648074
6.3525 38.235670382913575
6.3575 37.640346115330274
6.3625 -63.81094894557499
6.3675 -98.90041558973124
6.3725 116.7174802425914
6.3774999999999995 -193.24029580655952
6.382499999999999 -12.077487285938792
6.387499999999999 31.40092613120452
6.3925 161.59582916163475
6.3975 -120.12920042003047
6.4025 -120.1863522992237
6.4075 -92.91875013864305
6.4125 -28.082606727087093
6.4174999999999995 401.021414685539
6.422499999999999 -71.47328329351247
6.427499999999999 -115.87401026745637
6.4325 34.05465177325472
6.4375 204.5193423810553
6.4425 -91.96487314808189
6.4475 -169.87928491558253
6.4525 -35.54941258211886
6.4575 226.69632606818757
6.4624999999999995 -279.5346284408332
6.467499999999999 -3.185771719953732
6.4725 -56.027552396895096
6.4775 150.3040383665272
6.4825 -178.51279777177163
6.4875 182.1335735904182
6.4925 56.43474506185342
6.4975 176.88099093151467
6.5024999999999995 9.851078313756233
6.507499999999999 20.430055948832482
6.512499999999999 18.61678278649063
6.5175 -197.53044111459835
6.5225 64.2407488778573
6.5275 -106.06974050280822
6.5325 126.52684910343828
6.5375 -9.356828234572038
6.5424999999999995 -22.099837018994688
6.547499999999999 -12.904418670231657
6.552499999999999 -186.42796565614944
6.5575 159.33353131047676
6.5625 -125.13807124221333
6.5675 -61.583524667500555
6.5725 18.68971796157798
6.5775 70.79236147578021
6.5825 226.39079294521312
6.5874999999999995 -459.3825295120486
6.592499999999999 412.85291293364713
6.5975 -26.30479137294544
6.6025 -218.55093244103142
6.6075 150.63708606863642
6.6125 -170.7057968085349
6.6175 -75.54964618244743
6.6225 3.358253979691064
6.6274999999999995 137.11909341532686
6.632499999999999 -95.03677428577619
6.637499999999999 241.54655032112444
6.6425 -109.53787779167217
6.6475 -127.67514381646888
6.6525 -6.139893426655549
6.6575 -200.25065113390758
6.6625 137.11218049278463
6.6674999999999995 216.29385165156353
6.672499999999999 -137.1795530653223
6.677499999999999 -169.94107567423563
6.6825 235.07190175207293
6.6875 -20.402311886354642
6.6925 -15.05397730253851
6.6975 150.7406122681348
6.7025 -220.04527928510345
6.7075 31.719359270821815
6.7124999999999995 62.89095417058192
6.717499999999999 135.17511422528355
6.722499999999999 71.13248237033521
6.7275 149.0024448985569
6.7325 -64.41051233895051
6.7375 -213.2776712801957
6.7425 135.32040481421416
6.7475 -81.08242721378124
6.7524999999999995 -174.1739733095756
6.757499999999999 -1.5961161275170068
6.762499999999999 -57.95320371025925
6.7675 246.20477796376653
6.7725 -129.63658900480976
6.7775 -101.31421955458768
6.7825 89.60660573127187
6.7875 38.08323975661842
6.7924999999999995 -10.520113315385759
6.797499999999999 -67.07949257043117
6.802499999999999 26.06518918288303
6.8075 33.309576202674656
6.8125 -204.80105318556457
6.8175 -83.42640666079294
6.8225 -143.95230128658054
6.8275 94.30128096061581
6.8325 -212.16492102374914
6.8374999999999995 388.8710180150721
6.842499999999999 -102.09726040732797
6.847499999999999 81.19698966726664
6.8525 151.04012776940795
6.8575 -105.6825281525008
6.8625 -108.16675587094997
6.8675 74.76496710285983
6.8725 187.47347545088198
6.8774999999999995 -143.46521552209856
6.882499999999999 107.66272228787517
6.887499999999999 270.087168167896
6.8925 -84.23606705499604
6.8975 -79.19671705521502
6.9025 272.66188285281487
6.9075 -633.0622612296394
6.9125 406.7350454340576
6.9174999999999995 -111.32856105584214
6.922499999999999 -40.966282945326505
6.927499999999999 202.05675688931183
6.9325 -276.45078337936934
6.9375 257.3921051514993
6.9425 31.415799651964313
6.9475 18.679015142677823
6.9525 -277.2654387206507
6.9575 70.83759311641131
6.9624999999999995 150.11227345308234
6.967499999999999 130.49747339712405
6.972499999999999 -154.10246955738307
6.9775 136.15290616978788
6.9825 73.07591522159376
6.9875 -64.38435071149804
6.9925 -142.77059523306403
6.9975 -206.3647013675661
7.0024999999999995 239.21873944938108
7.007499999999999 -25.239057042756478
7.012499999999999 261.82998983574817
7.0175 -287.69431003778766
7.0225 -229.45313841755384
7.0275 211.69684790161
7.0325 -84.27224884103671
7.0375 -202.80580078481245
7.0424999999999995 118.95537311918143
7.047499999999999 90.88839178660557
7.052499999999999 -244.50921975601915
7.0575 39.70995848798122
7.0625 99.29322212286489
7.0675 -38.98217838220527
7.0725 -59.60531298398818
7.0775 121.30541703197137
7.0825 171.6992504648685
7.0874999999999995 -296.7579884995449
7.092499999999999 51.3412171238411
7.097499999999999 -227.1223199192202
7.1025 88.23806905094078
7.1075 156.26233257076728
7.1125 -10.203752105080738
7.1175 300.392621611968
7.1225 234.64751902148356
7.1274999999999995 -149.4639610341877
7.132499999999999 -251.40922991264938
7.137499999999999 -216.53060016888398
7.1425 234.42829992618283
7.1475 20.514331995991284
7.1525 -291.249030247222
7.1575 239.29926862830877
7.1625 -175.15684053348673
7.1674999999999995 98.99878012460798
7.172499999999999 103.47336530094022
7.177499999999999 -49.51516500258327
7.1825 -96.06687188576048
7.1875 -73.85757175208799
7.1925 222.7421906798646
7.1975 212.20546657076213
7.2025 82.90111432110001
7.2075 -78.516140975719
7.2124999999999995 -81.13283316759271
7.217499999999999 -25.9509451638531
7.222499999999999 6.01894894468367
7.2275 160.7718236159503
7.2325 -4.317469081445218
7.2375 -44.184730234666134
7.2425 120.22152706919508
7.2475 10.035407206983974
7.2524999999999995 -74.7955567785299
7.257499999999999 -294.7941271568771
7.262499999999999 98.05366876614809
7.2675 -28.403140744603526
7.2725 -167.71408911195297
7.2775 -106.93169092683361
7.2825 360.47822467967285
7.2875 -148.8797536160889
7.2924999999999995 -60.638586671600606
7.297499999999999 255.66424551840316
7.302499999999999 -94.25220738196266
7.3075 -77.27045604513623
7.3125 69.26199620780652
7.3175 91.36532521588346
7.3225 -192.87781903684055
7.3275 184.85415178311848
7.3325 -38.346963883020024
7.3374999999999995 -194.91187274178293
7.342499999999999 46.52064712193187
7.347499999999999 -1.6542279155336206
7.3525 -40.728880979449954
7.3575 2.98465549186158
7.3625 119.60107529663266
7.3675 165.5534919229306
7.3725 -307.8773684194986
7.3774999999999995 94.53791098610685
7.382499999999999 -173.70470000534215
7.387499999999999 97.227149636049
7.3925 68.39971734890474
7.3975 215.00465344214882
7.4025 -161.24203900753335
7.4075 -48.77206596256333
7.4125 152.06610740001526
7.4174999999999995 -86.40196907256053
7.422499999999999 11.209414301584706
7.427499999999999 56.72675077335707
7.4325 -165.90246828889454
7.4375 85.36062168164099
7.4425 -143.34906615149123
7.4475 105.8717075294895
7.4525 54.73632813180941
7.4575 -19.276028362927683
7.4624999999999995 -59.82330737313601
7.467499999999999 123.60903606311749
7.472499999999999 9.505889015083824
7.4775 97.48789976392047
7.4825 30.878148560186553
7.4875 173.3975182274499
7.4925 -247.816715678263
7.4975 34.48716517500945
7.5024999999999995 -133.53814065440224
7.507499999999999 -211.039847288084
7.512499999999999 2.7313942400504008
7.5175 41.540693306332656
7.5225 79.17881519975649
7.5275 -36.45703040524792
7.5325 -67.31213746108355
7.5375 93.19448269810835
7.5424999999999995 -41.571100079567564
7.547499999999999 21.162280682471238
7.552499999999999 16.00599465376704
7.557499999999999 103.98199600698872
7.5625 155.2895230070228
7.5675 -148.48381267471296
7.5725 156.46794609341265
7.5775 54.040011175967855
7.5825 28.064917035163745
7.5874999999999995 -72.30556940153964
7.592499999999999 -152.28628605050602
7.597499999999999 189.08908364881557
7.6025 -116.54315777382116
7.6075 176.08902240037892
7.6125 -237.79659403240782
7.6175 -140.15285006101539
7.6225 307.9113250872136
7.6274999999999995 67.40487389723286
7.632499999999999 -330.0975011596064
7.637499999999999 345.7414597087891
7.6425 -326.65138858065194
7.6475 89.17843198585648
7.6525 -57.26410417990796
7.6575 -48.75637451264026
7.6625 85.14606996206535
7.6674999999999995 17.230812477645415
7.672499999999999 50.20200799058881
7.677499999999999 94.18676324585559
7.682499999999999 -144.79245243781656
7.6875 97.14459563505493
7.6925 7.4788692575143525
7.6975 -32.384078827657405
7.7025 -126.38463713092803
7.7075 184.12275297240052
7.7124999999999995 -164.64952867796396
7.717499999999999 374.4394201649158
7.722499999999999 -302.9422769526713
7.7275 -16.193423320761223
7.7325 -40.76486459925512
7.7375 321.9511182144943
7.7425 -174.9711400200278
7.7475 -1.986218862637917
7.7524999999999995 -215.1014297522828
7.757499999999999 224.9288005550376
7.762499999999999 -202.33215663871655
7.7675 65.03202138463173
7.7725 -311.5112165893442
7.7775 327.9380788226648
7.7825 -20.08709944150615
7.7875 152.86517405885684
7.7924999999999995 24.26938951915448
7.797499999999999 -27.722627990141262
7.802499999999999 41.76726886258082
7.807499999999999 2.107261424395846
7.8125 -55.58101758261402
7.8175 208.46470909849782
7.8225 -138.53220894565536
7.8275 242.1998207118568
7.8325 -39.69557867221187
7.8374999999999995 -368.9465501884288
7.842499999999999 -183.467054189984
7.847499999999999 150.4791736326658
7.8525 63.91947009215164
7.8575 -201.8840564624971
7.8625 355.7602762339225
7.8675 -230.39573572282944
7.8725 97.23948147088248
7.8774999999999995 138.05568573101172
7.882499999999999 -70.5820102537262
7.887499999999999 32.729115192261276
7.8925 -7.981622523543028
7.8975 -101.1917517683687
7.9025 319.8789031007156
7.9075 24.37561570071554
7.9125 -377.0805788964488
7.9174999999999995 129.28735091730377
7.922499999999999 277.4857014125077
7.927499999999999 -220.08110395084984
7.932499999999999 -74.40442508562671
7.9375 171.1599925044712
7.9425 -406.1015561390647
7.9475 235.9068818961888
7.9525 -261.5514283743203
7.9575 430.33022644435715
7.9624999999999995 -2.873332516830326
7.967499999999999 -345.37150134127666
7.972499999999999 -143.03273468750402
7.9775 -75.53354629428065
7.9825 362.8763946970264
7.9875 12.650195075284103
7.9925 -181.20923100084772
7.9975 285.9964471277728
8.0025 -68.12066494576065
8.0075 84.32878279948496
8.0125 139.58923317239604
8.0175 -219.31084284653244
8.022499999999999 -63.90462025659928
8.0275 83.00246513298423
8.032499999999999 5.99791139803412
8.0375 102.21510194619772
8.0425 218.1475433572175
8.0475 -134.93957457463353
8.0525 -81.60912859304348
8.0575 -102.00288775099476
8.0625 -1.0797893954475282
8.067499999999999 -0.08271584991152293
8.0725 75.17305638450388
8.077499999999999 84.71881829493367
8.0825 -64.88255786512929
8.0875 106.20798105816243
8.0925 -10.981858802775195
8.0975 -212.26102717409734
8.1025 7.787673143154426
8.1075 58.11964009052697
8.112499999999999 74.47855373199963
8.1175 148.42636015786596
8.1225 -100.52569692506808
8.1275 115.74344950902716
8.1325 -163.97927000640945
8.1375 232.48414809729428
8.1425 -93.39149424685658
8.147499999999999 -43.54520095683341
8.1525 -248.01466099164213
8.157499999999999 43.49131685498278
8.1625 -25.196121814570294
8.1675 370.5154304327518
8.1725 -515.987990969841
8.1775 156.6573078793947
8.1825 -136.76165205491546
8.1875 262.368449867824
8.192499999999999 47.59338477320475
8.1975 97.77164018510581
8.202499999999999 -104.63545408140192
8.2075 87.38578725754998
8.2125 -84.93046365040482
8.2175 -102.61428927421328
8.2225 153.3953366364317
8.2275 71.09929176282411
8.2325 89.79549262884495
8.237499999999999 -170.32736009074966
8.2425 44.0515280657185
8.2475 -177.11931490988272
8.2525 119.5917396405392
8.2575 167.44002093175155
8.2625 -138.35156134224064
8.2675 175.02238928236022
8.272499999999999 -49.05147482807926
8.2775 215.3986921324068
8.282499999999999 -313.2413208317181
8.2875 -187.00297380547423
8.2925 34.00982199164301
8.2975 -15.932722709776554
8.3025 23.753102394015208
8.3075 -49.32750828836728
8.3125 243.89013790953763
8.317499999999999 9.169983462425236
8.3225 -2.6559962639359207
8.327499999999999 -278.7114252397745
8.3325 -76.60515718760222
8.3375 -50.29138675251968
8.3425 17.01130363330715
8.3475 98.02154149286616
8.3525 84.3212822206295
8.3575 -32.39896234883811
8.362499999999999 -141.68462689333566
8.3675 196.02997559193994
8.3725 -149.91689470332136
8.3775 96.36112871174986
8.3825 80.7018001406466
8.3875 94.95611904891118
8.3925 -56.534251355312826
8.397499999999999 -4.358352389384988
8.4025 67.30638896255167
8.407499999999999 -40.152059990665265
8.4125 -0.3510545126431353
8.4175 51.20449202700899
8.4225 -91.36494579201886
8.4275 8.344837548019216
8.4325 -22.95872685367429
8.4375 3.623513302287666
8.442499999999999 38.693712556536674
8.4475 47.65045375417196
8.452499999999999 10.237859066950449
8.4575 1.0792296350452402
8.4625 154.3009671226247
8.4675 41.66671426841974
8.4725 -52.67970332882851
8.4775 -49.89422240438767
8.4825 -356.1351691183381
8.487499999999999 -33.41341636275601
8.4925 198.59406246111547
8.4975 -10.388146181973099
8.5025 -55.790846381363565
8.5075 -180.71611353512438
8.5125 172.39635388473323
8.5175 172.93144338020716
8.522499999999999 -160.08861388119644
8.5275 153.03091603489725
8.532499999999999 212.6360737491923
8.5375 -215.46485833837932
8.5425 489.6918031827026
8.5475 16.806728509630908
8.5525 -278.5452474559174
8.5575 38.74200906300937
8.5625 -58.27079523550584
8.567499999999999 -81.66324560765787
8.5725 195.63975179909215
8.577499999999999 -308.9232340844728
8.5825 136.07445155186215
8.5875 14.87248676890823
8.5925 175.0208602706361
8.5975 -294.2374655692284
8.6025 91.0694129419272
8.6075 -117.55558129109173
8.612499999999999 -35.20446543179631
8.6175 -195.42255318356987
8.6225 223.9634577529358
8.6275 197.5600864413105
8.6325 -165.491314437474
8.6375 71.29501657978253
8.6425 -229.69694736362501
8.647499999999999 159.05383480127503
8.6525 -155.49710667838076
8.657499999999999 366.6284068288519
8.6625 -0.9832684908003207
8.6675 -130.3448369726932
8.6725 -135.80497126213237
8.6775 -248.20745225585168
8.6825 112.75653931700262
8.6875 296.26113719245467
8.692499999999999 -91.46565068855877
8.6975 82.32861979730995
8.702499999999999 102.3109694351849
8.7075 19.59388466905567
8.7125 -28.823442645536993
8.7175 132.16226899429097
8.7225 -231.7932219111121
8.7275 0.5179418000473061
8.7325 86.45143372030526
8.737499999999999 171.1876947230826
8.7425 231.39264926163077
8.747499999999999 -132.4926747430957
8.7525 6.315881360261651
8.7575 -91.06602952649375
8.7625 -50.38148843961512
8.7675 -198.47662751830666
8.772499999999999 -145.31483889862278
8.7775 238.51605092601963
8.782499999999999 8.476337556507541
8.7875 147.46645367010365
8.7925 -67.65024238262885
8.7975 -117.74807072516313
8.8025 11.15942311852032
8.8075 -128.23608558426935
8.8125 52.94805436050177
8.817499999999999 -210.6126404254697
8.8225 158.49691109733075
8.827499999999999 -134.92852542536693
8.8325 163.42521379157813
8.8375 -98.52884889794589
8.8425 13.972268286820938
8.8475 46.463597023338366
8.8525 -79.5091620480558
8.8575 75.42024731502721
8.862499999999999 207.4478019550125
8.8675 -207.9744259625971
8.872499999999999 166.57643984698674
8.8775 -151.21890660995632
8.8825 65.51642230749096
8.8875 -206.04298282650916
8.8925 104.64621111311021
8.897499999999999 -76.77645887133362
8.9025 56.85757443758874
8.907499999999999 356.4768908697465
8.9125 -387.6154501685197
8.9175 7.184579239338461
8.9225 174.30906978522785
8.9275 104.14087589630257
8.9325 258.0753889107504
8.9375 -194.3555656427388
8.942499999999999 103.36831548468156
8.9475 -151.964151661354
8.952499999999999 228.74942195618993
8.9575 -227.03949972281148
8.9625 -176.21419812952198
8.9675 -131.64335083735958
8.9725 367.4116971657771
8.9775 -273.09702248352795
8.9825 36.81913470863202
8.987499999999999 312.63809781062554
8.9925 30.827762270031677
8.997499999999999 -182.7552752840106
9.0025 -150.47421789776433
9.0075 161.7290863493455
9.0125 -221.4489475756946
9.0175 154.96466005730267
9.022499999999999 106.57220665148901
9.0275 -44.78431759286612
9.032499999999999 -8.74872875823061
9.0375 -116.78438095316328
9.0425 341.04751724055006
9.0475 -196.140337079134
9.0525 -20.334759832578435
9.0575 -195.73605374715513
9.0625 242.15381351226685
9.067499999999999 -191.27653078373524
9.0725 99.51299295191423
9.077499999999999 -103.44925231234603
9.0825 -8.354023987305844
9.0875 -95.57834023805317
9.0925 29.031644040263178
9.0975 17.050672691657255
9.1025 85.7420775149869
9.1075 -143.9347313365392
9.112499999999999 -129.14239662542258
9.1175 -53.85868374130763
9.122499999999999 150.15711376145288
9.1275 79.40872361009949
9.1325 78.37500010092259
9.1375 -51.17715535009896
9.1425 275.1080666015813
9.147499999999999 -80.0420573722302
9.1525 114.29058598992577
9.157499999999999 -5.521657142079323
9.1625 -92.13172490767492
9.1675 -285.8032862345188
9.1725 -12.830408713064877
9.1775 264.2507246186368
9.1825 -219.56203657711163
9.1875 -19.969081809698384
9.192499999999999 186.53169528526277
9.1975 115.1379203382377
9.202499999999999 -240.73264237972202
9.2075 48.36139446697134
9.2125 -61.788482504653544
9.2175 -67.57089035851048
9.2225 288.6340995933068
9.2275 168.75293356035317
9.2325 -205.83654466389174
9.237499999999999 -35.95917430257653
9.2425 13.239077755953062
9.247499999999999 35.05833954455033
9.2525 -60.853468150121515
9.2575 -91.16475052374231
9.2625 139.77169611537582
9.2675 177.78499819149178
9.272499999999999 -196.31627106310094
9.2775 89.16250230222198
9.282499999999999 79.75376813294147
9.2875 -285.49771811007116
9.2925 163.24047970037464
9.2975 124.21760697377516
9.3025 -14.904951556396053
9.3075 -6.545397862661969
9.3125 -73.45278082061938
9.317499999999999 286.8837311838742
9.3225 -94.22623832840505
9.327499999999999 -55.42262272502263
9.3325 -129.67970950395187
9.3375 103.4788353995964
9.3425 -5.671115011672914
9.3475 -219.39271366087664
9.3525 -108.98062223165489
9.3575 67.12346310535106
9.362499999999999 9.801045681578842
9.3675 -199.76012838265837
9.372499999999999 167.64745545209487
9.3775 -157.8240835676536
9.3825 33.76997610711304
9.3875 286.579191523767
9.3925 46.550231525027115
9.397499999999999 -50.91730822898486
9.4025 132.21868577675468
9.407499999999999 8.22728852146125
9.4125 -195.9405347879241
9.4175 256.0984991249817
9.4225 -162.3567475042965
9.4275 169.8470546116483
9.4325 -150.71079496049984
9.4375 68.11644121535328
9.442499999999999 -153.7147903453203
9.4475 176.07474120718166
9.452499999999999 62.13978544880573
9.4575 -8.047999791030657
9.4625 99.41035073699095
9.4675 61.38165485505864
9.4725 -223.0245017851338
9.4775 -158.4906200430681
9.4825 155.94275938316562
9.487499999999999 9.225722255826227
9.4925 131.2638511800986
9.497499999999999 -52.59231991403922
9.5025 -402.74480459103177
9.5075 262.13610324630463
9.5125 -157.89184799878976
9.5175 194.9745922237363
9.522499999999999 24.1262646792745
9.5275 -131.52000854064843
9.532499999999999 -23.6706735956593
9.5375 30.847711728120682
9.5425 -180.3383175022002
9.5475 140.17299116368383
9.5525 -73.54235353808221
9.5575 2.881617602389714
9.5625 80.6079398743008
9.567499999999999 89.59043426114486
9.5725 -42.649201147374846
9.577499999999999 -30.88035658897722
9.5825 121.60086236193195
9.5875 171.6747449597534
9.5925 -145.94873926354907
9.5975 -16.598177560718387
9.6025 -3.110252357151168
9.6075 -83.80554998726653
9.612499999999999 113.14475407792231
9.6175 -66.36831461080403
9.622499999999999 44.75097763696372
9.6275 -49.33537046138953
9.6325 -62.57344646465275
9.6375 164.19273478056476
9.6425 -74.93381552543929
9.647499999999999 133.03092055562882
9.6525 -11.278356808621604
9.657499999999999 16.82282701616059
9.6625 -45.98994452162763
9.6675 -95.39401708519866
9.6725 335.7419968271932
9.6775 -223.7983084334191
9.6825 -138.4037239324885
9.6875 198.9738473935415
9.692499999999999 -9.955637714636573
9.6975 -86.04170173794138
9.702499999999999 -14.946382773910365
9.7075 115.0717504478996
9.7125 -129.7272588737146
9.7175 352.3247579495637
9.7225 -445.3119033353675
9.7275 54.08491510543726
9.7325 1.4900232410399898
9.737499999999999 -14.918105728473082
9.7425 173.5303422061375
9.747499999999999 -35.633769553736386
9.7525 163.1039884291737
9.7575 -71.90029995075264
9.7625 -59.44877744807623
9.7675 116.06782151703106
9.772499999999999 153.27930589746228
9.7775 -445.8019304736513
9.782499999999999 369.0176398253115
9.7875 -549.4625176678743
9.7925 250.84267461910326
9.7975 -180.67652200030506
9.8025 169.955962353444
9.8075 -127.03114671078369
9.8125 79.58491418381361
9.817499999999999 -81.78892273948374
9.8225 -19.076401605421733
9.827499999999999 126.19464176564719
9.8325 3.0414248549547955
9.8375 170.24655458440193
9.8425 52.28488750059778
9.8475 175.82014207011184
9.8525 -325.84647164267875
9.8575 -139.90652100064955
9.862499999999999 -77.6089320678274
9.8675 -116.35107692602604
9.872499999999999 119.81349397412643
9.8775 -74.0635981087213
9.8825 -45.08352255475293
9.8875 23.5374127893752
9.8925 176.67201634635038
9.897499999999999 -60.35173808505385
9.9025 -42.996249438765496
9.907499999999999 110.34397487800175
9.9125 -71.63374952118208
9.9175 -175.3165458738676
9.9225 30.97082062685024
9.9275 108.26322351677658
9.9325 259.64238839334683
9.9375 -379.701977067646
9.942499999999999 134.52119854423316
9.9475 72.02922011381378
9.952499999999999 178.51634555267586
9.9575 -64.63009579169217
9.9625 -308.66134121935914
9.9675 319.5457911853774
9.9725 -183.29118941945657
9.9775 158.10176683422367
9.9825 48.859649648939886
9.987499999999999 -93.11966622673242
9.9925 -66.36937399749863
9.997499999999999 155.73792970930177
10.0025 -296.2363864138581
