0.0075 -92.41005372773199
0.012499999999999999 113.94644992637326
0.017499999999999998 -261.802488151893
0.0225 -24.39433543599317
0.0275 -47.95602924735082
0.0325 132.35236752180862
0.0375 41.725275154286145
0.042499999999999996 -40.65086545895313
0.0475 214.59141868077478
0.0525 -57.80579066357389
0.057499999999999996 88.38374005061961
0.0625 21.748388542401283
0.06749999999999999 -34.54998946400569
0.0725 22.373412481089307
0.0775 -33.62983310326414
0.08249999999999999 -84.33430618985788
0.0875 -165.1474046992369
0.0925 111.0709896884087
0.09749999999999999 -74.42898217186023
0.1025 301.655301336805
0.1075 -207.9827902620169
0.11249999999999999 105.43577250345628
0.1175 -54.31106199232706
0.1225 -36.9839934896042
0.1275 -91.71410154053294
0.1325 135.01192867263188
0.13749999999999998 -289.97581293659084
0.1425 117.98913853201168
0.1475 -131.80728010552457
0.1525 -99.18359145590458
0.1575 132.27988999756263
0.1625 -70.72555550603808
0.16749999999999998 311.7672664206971
0.1725 -112.83286884548383
0.1775 221.91082096320415
0.1825 -112.6280099598641
0.1875 140.2051233055917
0.1925 155.29391181016757
0.19749999999999998 -161.38527135193817
0.20249999999999999 -264.1000732777577
0.2075 -0.40409700834707185
0.2125 169.04977868607295
0.2175 86.01339686238536
0.2225 184.9683979075002
0.22749999999999998 -161.74398723967835
0.23249999999999998 -4.409665075439542
0.2375 106.78115176172854
0.2425 46.86574098895601
0.2475 -108.87622678504378
0.2525 -211.331547526204
0.2575 88.16092988311892
0.2625 -311.040326876616
0.2675 93.50267445272081
0.27249999999999996 -169.37645980442466
0.27749999999999997 183.62037169571298
0.2825 80.22572062888882
0.2875 -130.63094690972932
0.2925 67.25586025686309
0.2975 -216.78664239300878
0.3025 230.9948780458506
0.3075 283.55378971163935
0.3125 -223.5948126314871
0.3175 -245.3583968134692
0.3225 -11.104611600990253
0.32749999999999996 31.75360465957051
0.33249999999999996 -171.15935695140513
0.33749999999999997 189.91953708924567
0.34249999999999997 77.38673350501637
0.3475 -108.41246978206908
0.3525 -74.2973756991869
0.3575 215.4849744523315
0.3625 -14.149588973890738
0.3675 180.95349155262457
0.3725 -12.353498376864243
0.3775 95.85103171557269
0.3825 -53.40120738097316
0.38749999999999996 -191.29562158726264
0.39249999999999996 -155.73721283702352
0.39749999999999996 132.45198329356015
0.40249999999999997 257.22521523240545
0.4075 -99.8818321604794
0.4125 25.215078138753267
0.4175 130.55546583801208
0.4225 80.43829747093446
0.4275 -229.43173804313295
0.4325 251.1817027045043
0.4375 -133.59939685108208
0.4425 0.735303843500914
0.44749999999999995 -77.14172924547687
0.45249999999999996 -65.07183833189916
0.45749999999999996 -31.6441658427904
0.46249999999999997 99.01785316422979
0.46749999999999997 -244.61533501185875
0.4725 5.025128611732504
0.4775 -21.897577979643987
0.4825 -66.43591442974856
0.4875 287.2826798176327
0.4925 -74.2679675000541
0.4975 171.30473938630675
0.5025 -150.20245172234846
0.5075 3.285345911007775
0.5125 -79.81746844565144
0.5175 -134.63417461515863
0.5225 184.19262170263247
0.5275 -121.89346533541632
0.5325 154.41738333834508
0.5375 -24.745115200230103
0.5425 -22.391849046553656
0.5475 -197.3582614991782
0.5525 315.3014049085885
0.5575 68.37976440382685
0.5625 -276.2336271340514
0.5675 182.33826281429165
0.5725 18.787533854941483
0.5775 -92.92320780159399
0.5825 230.3421591174739
0.5875 105.12829959488933
0.5925 -216.51145508675623
0.5974999999999999 -68.71989115389148
0.6024999999999999 -189.70830852763305
0.6074999999999999 451.7826635828658
0.6124999999999999 -160.39421450701207
0.6174999999999999 -89.03826207298023
0.6224999999999999 90.62710171002097
0.6275 83.53580560747388
0.6325 112.61840113437829
0.6375 -196.78067600453147
0.6425 -31.8347626807555
0.6475 49.60387426265074
0.6525 61.65741787633237
0.6575 -25.091993451569078
0.6625 183.83493072645163
0.6675 51.68589367066874
0.6725 79.07331419674433
0.6775 -135.11239510518755
0.6825 -127.94650543538336
0.6875 -71.0864628675958
0.6925 -274.5255920195751
0.6975 175.6460667170058
0.7025 -119.77910726364006
0.7075 -0.7378865837867865
0.7125 286.5585019029458
0.7174999999999999 -39.564516379515325
0.7224999999999999 70.9488541151498
0.7274999999999999 38.71529846508244
0.7324999999999999 52.34144909178803
0.7374999999999999 -66.89748833096861
0.7424999999999999 -45.053088905386794
0.7474999999999999 -43.29345431646923
0.7525 -205.3063823494859
0.7575 77.71440887574224
0.7625 28.172632621518755
0.7675 -196.36925829332088
0.7725 236.8196232079906
0.7775 -164.2803200459551
0.7825 229.61217826939816
0.7875 -70.5313699643937
0.7925 -50.216219115047465
0.7975 -56.832376534909756
0.8025 -13.676881182995288
0.8075 292.879220901033
0.8125 -139.32239141477407
0.8175 -144.59158187795927
0.8225 52.9845611602222
0.8275 -140.42518572586144
0.8325 271.9123102508505
0.8374999999999999 -103.26137229925776
0.8424999999999999 2.363051302373142
0.8474999999999999 11.267217392397802
0.8524999999999999 88.79274910781893
0.8574999999999999 135.97958676955233
0.8624999999999999 -157.19915884366782
0.8674999999999999 87.70633732837368
0.8724999999999999 -115.95953544613818
0.8775 -139.51432817755733
0.8825 61.47317870727584
0.8875 -15.230343936294538
0.8925 -185.57897465916216
0.8975 60.551036473475676
0.9025 -139.7814833694243
0.9075 468.5821625118896
0.9125 -86.58261503116917
0.9175 -70.73689282532841
0.9225 -16.00683819770088
0.9275 72.63809942560987
0.9325 -238.85213757182672
0.9375 -15.772671631159417
0.9425 310.4163927206388
0.9475 -286.21047942581504
0.9524999999999999 88.23288975399807
0.9574999999999999 152.22380864288627
0.9624999999999999 39.96081404643207
0.9674999999999999 62.412644301791076
0.9724999999999999 -232.5273467576209
0.9774999999999999 143.4229311107788
0.9824999999999999 103.14154330831559
0.9874999999999999 -30.76660890662745
0.9924999999999999 95.27171233215748
0.9974999999999999 -45.1551953082842
1.0025 -68.15138505455221
1.0075 -178.14897982718185
1.0125 -67.60987805212481
1.0174999999999998 155.2852474981203
1.0225 -41.604576653062274
1.0274999999999999 -75.07653311133593
1.0325 300.36033814790153
1.0374999999999999 92.41014373152024
1.0425 -145.54341457195017
1.0474999999999999 -168.44528719053795
1.0525 -3.835636967364436
1.0574999999999999 296.0011137481296
1.0625 -78.79035116847665
1.0675 -21.918782918207437
1.0725 -77.48397088718836
1.0775 84.9566889647484
1.0825 -10.90731224407562
1.0875 59.195396257006315
1.0925 -330.2235224506547
1.0975 52.9141029314942
1.1025 47.68778585178687
1.1075 181.7085957031999
1.1125 -4.4623909788708165
1.1175 -95.44226898453067
1.1225 -47.02734173806157
1.1275 4.540154778246446
1.1324999999999998 -224.4048322513362
1.1375 -228.10242288204734
1.1424999999999998 230.56293381278888
1.1475 143.0001093669436
1.1524999999999999 221.54136251804917
1.1575 -365.690468403878
1.1624999999999999 319.759188325107
1.1675 -162.19145607353525
1.1724999999999999 16.88252505515266
1.1775 -79.94332637456071
1.1824999999999999 -108.68782438154716
1.1875 119.54007404489394
1.1925 69.79687141794545
1.1975 -6.655634870932509
1.2025 142.440348964656
1.2075 -24.352686051401523
1.2125 -72.94998123685173
1.2175 200.72635220868438
1.2225 -552.710335288799
1.2275 273.58312057486006
1.2325 6.734984789699104
1.2375 343.02743557484234
1.2425 -88.29155143358051
1.2475 -204.2742028526645
1.2525 146.7703391076492
1.2574999999999998 31.615423054065882
1.2625 -326.76257809611855
1.2674999999999998 -108.99606130253434
1.2725 10.212782748336263
1.2774999999999999 163.85210675940175
1.2825 246.86386965214754
1.2874999999999999 -140.4676677770788
1.2925 -218.87418894155752
1.2974999999999999 32.560833372477354
1.3025 163.0937027330933
1.3074999999999999 -110.20166573034881
1.3125 85.22235198854719
1.3175 146.55828649819472
1.3225 -300.404450530897
1.3275 372.01102917162115
1.3325 83.5057486844904
1.3375 -185.06391140132467
1.3425 -267.46636706952677
1.3475 310.11661405039416
1.3525 90.61026350130477
1.3575 53.53521091588696
1.3625 -221.55376159255485
1.3675 327.0051318577803
1.3724999999999998 4.885411678448399
1.3775 77.91387963984036
1.3824999999999998 -15.484613848981068
1.3875 -368.25048720709276
1.3924999999999998 43.194334881397864
1.3975 83.75057438388275
1.4024999999999999 -55.31132741562949
1.4075 -1.6901542631913737
1.4124999999999999 -75.33449225824883
1.4175 174.84508708291065
1.4224999999999999 5.911165839039414
1.4275 -335.05773496293756
1.4324999999999999 232.15233534385376
1.4375 -92.79567324783964
1.4425 23.01436261642296
1.4475 212.66730269519013
1.4525 -317.878095992483
1.4575 -15.552910407777528
1.4625 91.08743858549069
1.4675 -144.83252228224154
1.4725 29.24102219504523
1.4775 172.72042147202941
1.4825 -8.18513648413412
1.4874999999999998 152.35894031738843
1.4925 -53.96043019484432
1.4974999999999998 77.82164128386566
1.5025 34.914915481549805
1.5074999999999998 97.2048175118847
1.5125 -293.72762654443545
1.5174999999999998 -128.21660272476672
1.5225 362.38594411986764
1.5274999999999999 -195.28828289400735
1.5325 358.0967842912185
1.5374999999999999 -207.87185237926317
1.5425 -19.107369750968882
1.5474999999999999 -225.77451766422772
1.5525 0.7451012706749277
1.5574999999999999 95.24581356938735
1.5625 -195.710174500009
1.5675 160.08292587863187
1.5725 -95.41168559201978
1.5775 -121.60413315749369
1.5825 217.5050586836113
1.5875 -91.52223951773757
1.5925 109.57135999040365
1.5975 -88.8425559410188
1.6025 -124.77882954286815
1.6075 237.21184997988013
1.6124999999999998 -61.171489956636414
1.6175 -114.09410087780883
1.6224999999999998 -133.5418295596674
1.6275 81.46839885397272
1.6324999999999998 195.62219105996485
1.6375 -31.128855995626626
1.6424999999999998 129.59806290957135
1.6475 -115.30147932765986
1.6524999999999999 238.69177595382325
1.6575 85.6587108811051
1.6624999999999999 -142.53401817032852
1.6675 -278.69036001103876
1.6724999999999999 56.47046946022169
1.6775 179.40296918624338
1.6824999999999999 73.54761191730087
1.6875 -293.0962645100311
1.6925 -22.78666040091186
1.6975 176.73671895453617
1.7025 2.55063194430832
1.7075 61.47818918132339
1.7125 133.10718369973694
1.7175 78.0303672401442
1.7225 103.96247417689027
1.7274999999999998 21.90519198432616
1.7325 -6.354015333732587
1.7374999999999998 -134.66436167519848
1.7425 -345.928166613291
1.7474999999999998 2.8615834367880226
1.7525 249.98212948448932
1.7574999999999998 -170.69235808500747
1.7625 83.2802002438417
1.7674999999999998 161.1609587527794
1.7725 -130.60580979908272
1.7774999999999999 58.21483866978097
1.7825 -48.08954578808293
1.7874999999999999 286.5828436511684
1.7925 -150.74156915051503
1.7974999999999999 -98.02876153359806
1.8025 11.78043820426615
1.8074999999999999 66.44007276266655
1.8125 95.31394489918986
1.8175 -77.03057640918567
1.8225 39.821483971536004
1.8275 86.7513087103934
1.8325 -320.5634650716611
1.8375 292.4974890445562
1.8425 -49.65086571419398
1.8475 -233.9730506332693
1.8524999999999998 -11.816257869802099
1.8575 6.025462820824853
1.8624999999999998 -109.44383251753945
1.8675 155.41708120486444
1.8724999999999998 69.91542601314336
1.8775 39.522820216639
1.8824999999999998 -404.99090820794675
1.8875 157.53102952255213
1.8924999999999998 73.62275850125538
1.8975 -2.5159106309228054
1.9024999999999999 -75.33013773286262
1.9075 76.17665099398361
1.9124999999999999 -74.46996192300399
1.9175 150.80987837431823
1.9224999999999999 -206.14995440128575
1.9275 159.6752930964649
1.9324999999999999 132.46694260740463
1.9375 288.3597318610236
1.9425 -130.79765474879108
1.9475 -57.22122510540106
1.9525 79.5673033109972
1.9575 -18.547088734663497
1.9625 58.40372316593716
1.9674999999999998 -156.16753000324712
1.9725 69.63809745722664
1.9774999999999998 -43.49112183032688
1.9825 -211.14511685865784
1.9874999999999998 204.33949287866673
1.9925 78.28793378829585
1.9974999999999998 27.566171881914528
2.0025 -157.36876532446954
2.0075 10.693625453996763
2.0124999999999997 -73.53888039847753
2.0175 -96.4776812489974
2.0225 12.981860021825007
2.0275 -301.2039093115061
2.0324999999999998 157.2986040490297
2.0375 176.4611347401305
2.0425 -22.221799783957433
2.0475 5.896882145736893
2.0524999999999998 63.31534440148697
2.0575 -27.54164501076856
2.0625 -147.21878377205226
2.0675 39.80576225718121
2.0725 -59.77666466982413
2.0775 -39.19930225773971
2.0825 292.0221356159907
2.0875 99.05308543662144
2.0925 -205.14966733233538
2.0974999999999997 -151.23149819256463
2.1025 -59.8110771708697
2.1075 -237.12776854617567
2.1125 178.76313436101074
2.1174999999999997 -58.75674095200348
2.1225 29.303590486424483
2.1275 124.04963911457418
2.1325 83.2726667688648
2.1374999999999997 51.73995588034483
2.1425 85.26848866727116
2.1475 -130.56674394428387
2.1525 -283.8140551398336
2.1574999999999998 83.03087396028398
2.1625 349.07391743824843
2.1675 -91.46442024203272
2.1725 162.59451803831755
2.1774999999999998 -40.692130090508506
2.1825 67.51294765655803
2.1875 -78.37400953291402
2.1925 248.43961492226
2.1975 -222.19576874606236
2.2024999999999997 111.42629964332029
2.2075 -198.00964575789214
2.2125 50.98513621542763
2.2175 36.14431577934783
2.2224999999999997 -71.14028138280432
2.2275 169.8613173172253
2.2325 -191.04221776366117
2.2375 15.054528641533713
2.2424999999999997 133.2331132763987
2.2475 -10.731145618737898
2.2525 75.38037221564113
2.2575 48.07318470471198
2.2624999999999997 -80.44862395820542
2.2675 -69.30490018467734
2.2725 176.21164196930218
2.2775 -135.51722415092485
2.2824999999999998 -114.88063740399696
2.2875 -88.67791269543423
2.2925 -128.78333045978138
2.2975 196.3640617588105
2.3024999999999998 250.2496953186401
2.3075 -455.3807829215907
2.3125 11.524128205712897
2.3175 37.04715825345726
2.3225 -129.59377246582972
2.3274999999999997 143.61884461988973
2.3325 164.51471991178977
2.3375 71.83459350097326
2.3425 82.30636017619727
2.3474999999999997 -155.53758173722954
2.3525 27.00123312022364
2.3575 -136.99221518031524
2.3625 65.51120656164566
2.3674999999999997 148.14349506135179
2.3725 24.22474329790037
2.3775 48.06119920024494
2.3825 103.06283394282549
2.3874999999999997 -36.71264101581147
2.3925 -144.89314917611838
2.3975 -85.94469160217622
2.4025 -129.0146751970264
2.4074999999999998 312.24432742113385
2.4125 -120.02816116731232
2.4175 -23.185788779077836
2.4225 158.98527849470375
2.4274999999999998 -112.12482141235664
2.4325 -36.11892668441106
2.4375 -51.85062356463716
2.4425 -42.755918007483174
2.4475 33.67883121821474
2.4524999999999997 187.3912687013457
2.4575 48.7965413348312
2.4625 -102.57279621199068
2.4675 47.25568450684919
2.4724999999999997 -344.51914099194784
2.4775 -48.94500087293157
2.4825 266.6963509755218
2.4875 207.9527116275933
2.4924999999999997 -109.426291252916
2.4975 -77.51792560580809
2.5025 0.9044283303314349
2.5075 304.16308504672025
2.5124999999999997 84.10926040194467
2.5175 -363.9999840939003
2.5225 -0.49208123789817887
2.5275 -78.13787301503672
2.5324999999999998 166.8065371633071
2.5375 128.4950067453574
2.5425 159.7391923320212
2.5475 -142.105861465104
2.5524999999999998 105.50278637668586
2.5574999999999997 -18.379963345132403
2.5625 -179.26451862204993
2.5675 180.8457491230344
2.5725 -221.7814660450022
2.5774999999999997 -14.615010405473475
2.5825 207.60492330505488
2.5875 49.60724795728032
2.5925 195.3646149554899
2.5974999999999997 -293.1720750693006
2.6025 -172.33823788601305
2.6075 84.13372827389685
2.6125 -145.12265107264076
2.6174999999999997 68.4022366654685
2.6225 -115.24581172146564
2.6275 87.62389491102348
2.6325 139.13082545707158
2.6374999999999997 97.21932588569658
2.6425 74.24781033585438
2.6475 -149.069057175936
2.6525 -70.08367980543181
2.6574999999999998 238.07579529050136
2.6625 -137.4238907178571
2.6675 251.9330827509646
2.6725 -167.40427995373807
2.6774999999999998 -21.225511008294312
2.6824999999999997 -81.08595394116773
2.6875 -187.83110576661488
2.6925 -167.85267014216404
2.6975 540.2654991201804
2.7024999999999997 -276.6473858648476
2.7075 3.054388558488734
2.7125 62.712122696239234
2.7175 318.8604020743546
2.7224999999999997 -192.22825478894092
2.7275 -152.1073713736482
2.7325 238.298394133318
2.7375 -209.8446054674818
2.7424999999999997 -12.004268414700215
2.7475 -70.315115335972
2.7525 31.580393158613273
2.7575 -229.45771887350205
2.7624999999999997 391.06656147760634
2.7675 55.33590091702759
2.7725 -209.3337502814979
2.7775 -109.55050174406395
2.7824999999999998 -134.12264387442497
2.7875 102.03352719849654
2.7925 214.2847255089742
2.7975 43.99871452701972
2.8024999999999998 -3.8226890539687846
2.8074999999999997 109.99276220080678
2.8125 -146.73699744114847
2.8175 133.3726699397792
2.8225 -194.66804984775632
2.8274999999999997 14.147079657747902
2.8325 -167.06540253257316
2.8375 48.698898935612135
2.8425 158.26981232827123
2.8474999999999997 -57.04306882395076
2.8525 -112.17813365625632
2.8575 16.47860910705795
2.8625 -7.925982023752875
2.8674999999999997 97.22267865839292
2.8725 -104.05730711575454
2.8775 33.50248090093494
2.8825 162.54586704324032
2.8874999999999997 -63.651867249864225
2.8925 33.557736121350885
2.8975 -37.05145869761983
2.9025 -70.84332493660963
2.9074999999999998 -111.99435907912276
2.9125 40.39645317185305
2.9175 70.65201688449918
2.9225 279.33335102174607
2.9274999999999998 160.37812080331614
2.9324999999999997 -278.0153118615804
2.9375 -75.81094270667184
2.9425 152.86498089283182
2.9475 -436.6209522721442
2.9524999999999997 99.47682327164625
2.9575 -337.17230623910285
2.9625 220.32179602231142
2.9675 -48.79798162571586
2.9724999999999997 184.0402243672122
2.9775 82.77557295156728
2.9825 184.99817468711356
2.9875 -98.55899174559853
2.9924999999999997 41.85747624491443
2.9975 -309.3792490675088
3.0025 323.1222725081002
3.0075 202.06421851915948
3.0124999999999997 -386.41449383107914
3.0175 383.25823756395005
3.0225 -529.6689167967585
3.0275 274.2513458055644
3.0324999999999998 -11.133096484122746
3.0374999999999996 -34.85078686133878
3.0425 68.18389826513078
3.0475 -283.70475317091865
3.0524999999999998 -29.539137768974694
3.0574999999999997 467.45992238233225
3.0625 205.65799451717956
3.0675 -37.2076039539471
3.0725 -88.75273821324355
3.0774999999999997 -3.750186791839482
3.0825 -147.44481854896023
3.0875 -134.73366143411417
3.0925 -36.00181109714908
3.0974999999999997 -215.2163968280618
3.1025 -216.4735657946365
3.1075 25.629128197600817
3.1125 -82.76443774604702
3.1174999999999997 238.06653674291655
3.1225 138.47664134367028
3.1275 -154.79391839714253
3.1325 432.9571125356844
3.1374999999999997 36.691653553506804
3.1425 -142.66580424348882
3.1475 179.47616753030218
3.1525 -151.45872012470284
3.1574999999999998 47.17093593980214
3.1624999999999996 -32.176020333682715
3.1675 163.7598615610338
3.1725 -31.58049921570877
3.1774999999999998 -323.38338112967904
3.1824999999999997 -31.313632720203483
3.1875 11.743664288039703
3.1925 -69.0391921589844
3.1975 307.3953755667445
3.2024999999999997 -122.74585739660618
3.2075 -80.2210317473244
3.2125 73.2213213417028
3.2175 140.7490780426226
3.2224999999999997 55.41272678218895
3.2275 32.07605902107166
3.2325 -154.72794719937787
3.2375 -99.1760964035975
3.2424999999999997 138.76950077531734
3.2475 -100.05648766958302
3.2525 -31.44579644083782
3.2575 57.05233684561855
3.2624999999999997 2.0271066362261716
3.2675 -237.66804444415465
3.2725 155.25292613772191
3.2775 -72.19209881144474
3.2824999999999998 -347.1586297189802
3.2874999999999996 104.82991861505215
3.2925 82.82320018644944
3.2975 -4.882362602745106
3.3024999999999998 103.99163856230705
3.3074999999999997 21.139937932859688
3.3125 -16.327383268314115
3.3175 4.682384712038988
3.3225 -73.69176324775401
3.3274999999999997 54.36929339064119
3.3325 75.48447712370776
3.3375 23.29976226040511
3.3425 132.0999766355783
3.3474999999999997 -269.08802795642714
3.3525 177.37590439388367
3.3575 -139.5148733320817
3.3625 76.23182634261671
3.3674999999999997 -66.40434197011466
3.3725 391.94630691459986
3.3775 -301.09827466800067
3.3825 270.87651691771316
3.3874999999999997 69.30436279363762
3.3924999999999996 -145.582974000155
3.3975 118.44909996815952
3.4025 -20.348909112328784
3.4074999999999998 -259.28304658288016
3.4124999999999996 36.32506891352009
3.4175 264.17836736261086
3.4225 -201.16421300656236
3.4274999999999998 -309.8686444028843
3.4324999999999997 215.18653741339142
3.4375 46.00198568633213
3.4425 -51.268288396393544
3.4475 -39.705443034768976
3.4524999999999997 14.768834248303527
3.4575 48.913756663133356
3.4625 -84.17176829604499
3.4675 -73.2032984778616
3.4724999999999997 67.72031691099646
3.4775 -29.169856173368494
3.4825 35.90811846943812
3.4875 -131.4014864468185
3.4924999999999997 183.85397600174696
3.4975 14.068019224849907
3.5025 -291.0337971749553
3.5075 175.3039166580964
3.5124999999999997 -93.79606838054889
3.5174999999999996 124.80257896352828
3.5225 -116.24706754829606
3.5275 152.01749653820616
3.5324999999999998 -87.45097710663839
3.5374999999999996 20.324590194014448
3.5425 49.11450642843276
3.5475 364.70511693066857
3.5524999999999998 -173.19799828365024
3.5574999999999997 -48.93237113082241
3.5625 132.1702688046853
3.5675 101.33059182263993
3.5725 -108.31478920690107
3.5774999999999997 -9.088087252275313
3.5825 -52.399134677655375
3.5875 239.7880228840698
3.5925 -149.34264579647922
3.5974999999999997 145.25159097337476
3.6025 -241.4285640393204
3.6075 242.41422657825407
3.6125 -152.2578869193381
3.6174999999999997 65.35917858387684
3.6225 -140.01647957614827
3.6275 -30.00739405671796
3.6325 240.73283212455044
3.6374999999999997 -54.52463308674683
3.6424999999999996 93.51128902583245
3.6475 -121.90710814648112
3.6525 -114.68273012675827
3.6574999999999998 32.92710168336038
3.6624999999999996 -289.72459943955465
3.6675 -68.36411821896687
3.6725 10.081475116366072
3.6774999999999998 45.2521975489802
3.6824999999999997 191.57813558347277
3.6875 -31.72517925262557
3.6925 -13.0802808090694
3.6975 -208.69748560653207
3.7024999999999997 2.805537821262434
3.7075 -167.59740492442742
3.7125 5.805012489491205
3.7175 55.5455560571521
3.7224999999999997 -226.50253528000042
3.7275 82.54685385115047
3.7325 81.7531712347114
3.7375 284.84562803217574
3.7424999999999997 -243.87045523899346
3.7474999999999996 69.06363529305327
3.7525 162.31629922289056
3.7575 -47.54661754162519
3.7624999999999997 14.249017632503566
3.7674999999999996 -52.4898182313467
3.7725 -24.859132630775616
3.7775 75.48033168606938
3.7824999999999998 -70.26090384369685
3.7874999999999996 60.76256327132518
3.7925 -92.60108413657757
3.7975 288.50717846175286
3.8024999999999998 -327.64948726802015
3.8074999999999997 91.68996105078125
3.8125 84.9049117854592
3.8175 103.95706710720272
3.8225 -156.5877865322051
3.8274999999999997 93.94905850407739
3.8325 40.22581362125384
3.8375 -76.98089537075414
3.8425 93.53163119781912
3.8474999999999997 -54.64539053782031
3.8525 6.157261789264752
3.8575 166.21308034274523
3.8625 -143.2020981317606
3.8674999999999997 28.075622748922587
3.8724999999999996 -103.14972496846919
3.8775 39.450141762883305
3.8825 -44.66168532603998
3.8874999999999997 -0.2983480837157485
3.8924999999999996 50.88768263994558
3.8975 -18.343048107168283
3.9025 210.4539247977982
3.9074999999999998 21.8574723442389
3.9124999999999996 -11.678586812102097
3.9175 -91.12969510089948
3.9225 -13.103231775070107
3.9274999999999998 103.36316921544473
3.9324999999999997 -26.32462168128262
3.9375 -58.91247276987659
3.9425 66.72396497478019
3.9475 -83.07006034647178
3.9524999999999997 -48.85959148859719
3.9575 -14.648329965780588
3.9625 152.80940750112939
3.9675 -37.62195797295668
3.9724999999999997 -171.89439736276563
3.9775 61.07479799215777
3.9825 22.268397271550405
3.9875 106.62315379584221
3.9924999999999997 11.043025061459014
3.9974999999999996 -79.42551089561972
4.0024999999999995 62.50797041930787
4.007499999999999 237.7363331078819
4.0125 5.434233725606389
4.0175 -35.45706027397952
4.0225 -150.33997830028312
4.0275 -30.227907022266812
4.0325 147.24860634306665
4.0375 -177.37018573213396
4.0424999999999995 86.84988707005945
4.047499999999999 77.26608632174194
4.0525 -134.36454484545303
4.0575 -98.04545776265418
4.0625 -17.017614425242677
4.0675 5.048337220156265
4.0725 8.493308270800874
4.0775 41.18312733541326
4.0825 -14.007584575906733
4.0874999999999995 -130.5342528398989
4.0925 -45.83516761236745
4.0975 -87.28770812942277
4.1025 147.79322242372285
4.1075 140.30458328131215
4.1125 57.41083693480212
4.1175 9.923831375915332
4.1225 -336.5766337989703
4.1274999999999995 -72.01885573021092
4.132499999999999 21.474839660372776
4.1375 95.32947502653344
4.1425 31.14913000684968
4.1475 371.1628174179583
4.1525 -136.09141200256562
4.1575 52.649132305259286
4.1625 81.70452787153434
4.1674999999999995 -233.69527749449546
4.172499999999999 -99.45571027774221
4.1775 65.25813827848282
4.1825 29.3980257769729
4.1875 132.9599488842375
4.1925 155.37039345031425
4.1975 -213.5578435988978
4.2025 116.0660754566977
4.2075 21.581185978569305
4.2124999999999995 -74.02142054400393
4.2175 -165.54296713783964
4.2225 -149.14215051557522
4.2275 119.49437185814186
4.2325 427.5725798493514
4.2375 -398.98513108410924
4.2425 204.8448645032568
4.2475 -164.7802889842658
4.2524999999999995 192.40615464512467
4.257499999999999 -153.3637795187264
4.2625 -63.30034166476218
4.2675 256.9606525180763
4.2725 -110.53561189132654
4.2775 -94.10554930126416
4.2825 124.51176198626868
4.2875 12.814158818584366
4.2924999999999995 151.554568369459
4.297499999999999 -135.8656561847674
4.3025 -13.81754447190075
4.3075 -297.1909979090186
4.3125 346.81472445461566
4.3175 -223.43713586333044
4.3225 -90.39912211441394
4.3275 59.59098395983032
4.3325 46.358443584297206
4.3374999999999995 93.62908411537875
4.342499999999999 -29.782995269721066
4.3475 -148.3712339889344
4.3525 -291.8127410131479
4.3575 360.31409435041354
4.3625 -73.77771130607685
4.3675 5.911513254977859
4.3725 160.20873459494348
4.3774999999999995 -146.91625350573048
4.382499999999999 48.45477862775164
4.3875 305.645190586085
4.3925 -261.18148806677857
4.3975 -4.948843295638516
4.4025 -226.7293025877404
4.4075 377.19067297107165
4.4125 -89.92982637502567
4.4174999999999995 -60.43749919471858
4.422499999999999 -150.49078030539843
4.4275 64.44822070240235
4.4325 -74.59470454181225
4.4375 -52.18931742544445
4.4425 60.218919205265074
4.4475 -217.79417289183334
4.4525 69.46357238946852
4.4575 178.49161602497378
4.4624999999999995 -232.8500904734062
4.467499999999999 81.14022438329248
4.4725 78.64482290506872
4.4775 -200.6950545097927
4.4825 128.76363324915152
4.4875 172.43791458138148
4.4925 -92.39287537312016
4.4975 -99.52514635818507
4.5024999999999995 70.14873218162876
4.507499999999999 -244.55131537649802
4.5125 516.2781693675913
4.5175 -19.53554369376104
4.5225 -68.41463337145343
4.5275 -105.53966398148705
4.5325 222.75326865846964
4.5375 -179.99128631679267
4.5424999999999995 86.9341281815373
4.547499999999999 62.46773458105416
4.5525 -5.886045636999237
4.5575 173.3967945456745
4.5625 -41.96883619518617
4.5675 21.929270366200587
4.5725 -61.05442660841528
4.5775 -29.95303124228423
4.5825 -135.30183008503977
4.5874999999999995 -80.60234779682634
4.592499999999999 154.96974869253475
4.5975 -250.9767627628414
4.6025 251.4726575823049
4.6075 -22.533237497559966
4.6125 76.42947531950993
4.6175 -29.226798175306985
4.6225 -63.282941195538456
4.6274999999999995 14.45656294698391
4.632499999999999 -83.14215232817456
4.6375 13.590196087071773
4.6425 219.01671105870068
4.6475 -213.33857548837616
4.6525 -126.4784316708232
4.6575 204.8618311877752
4.6625 34.69788688963109
4.6674999999999995 -236.496067780409
4.672499999999999 285.5589848664059
4.6775 -165.48333918403426
4.6825 363.7573791623216
4.6875 229.3073528489081
4.6925 -153.44050463129184
4.6975 -34.589321382634694
4.7025 -75.98420618350094
4.7075 136.38713691666226
4.7124999999999995 -89.80042027045874
4.717499999999999 -308.96234938214224
4.7225 -128.17685552550074
4.7275 244.5017633895509
4.7325 -215.94571555122934
4.7375 -31.547767311714917
4.7425 -81.09343096640026
4.7475 81.28278814692531
4.7524999999999995 247.10031644624215
4.757499999999999 -69.1815580195507
4.7625 -71.7049967304865
4.7675 98.29411336008812
4.7725 1.0093122185535812
4.7775 -73.25156550940949
4.7825 212.195744689531
4.7875 -257.471472965756
4.7924999999999995 22.338289423820804
4.797499999999999 -13.761548167661187
4.8025 9.251116745726906
4.8075 -49.93531887097029
4.8125 159.7518328640582
4.8175 -65.45549737475396
4.8225 101.74834466891586
4.8275 135.62355954760906
4.8325 -214.49280321428378
4.8374999999999995 -125.10749903438371
4.842499999999999 -34.03414906819547
4.8475 27.380111238166236
4.8525 88.66219374435364
4.8575 -119.61991516854575
4.8625 80.94500603501963
4.8675 -167.3143491948896
4.8725 -169.0134484727324
4.8774999999999995 -18.509680515423597
4.882499999999999 79.12763520020772
4.8875 -34.85154386688518
4.8925 119.29483043317491
4.8975 -139.4731913145376
4.9025 -259.3486575023229
4.9075 311.5369659379308
4.9125 219.78352247834795
4.9174999999999995 -62.93327003059378
4.922499999999999 -116.13491888061684
4.9275 -8.546164969210963
4.9325 -112.66653316024383
4.9375 -105.9488625203458
4.9425 123.04453286252242
4.9475 -40.575732822954116
4.9525 -145.44149896655708
4.9575 194.23023431494144
4.9624999999999995 176.98073565606225
4.967499999999999 144.3757664785509
4.9725 -4.750297307306093
4.9775 -154.55815044740976
4.9825 -158.4219345205318
4.9875 -1.7662732893915223
4.9925 -251.52681025631497
4.9975 40.27326048670219
5.0024999999999995 39.29015108154512
5.007499999999999 23.4948437608128
5.0125 192.14364030648483
5.0175 -2.5366828210088244
5.0225 44.53546593454841
5.0275 -65.16388957473515
5.0325 59.43717590713856
5.0375 89.53888709153675
5.0424999999999995 -161.87132996792457
5.047499999999999 -86.51314737044972
5.0525 161.86029410869102
5.0575 174.16657944573808
5.0625 62.341641050123194
5.0675 -126.36987782550183
5.0725 242.35317374539696
5.0775 -323.5272745545401
5.0825 248.79504514539153
5.0874999999999995 -66.21299162592807
5.092499999999999 79.92159282822197
5.0975 -27.804672397318242
5.1025 366.72620252399685
5.1075 -59.17262450907517
5.1125 -208.35344954718872
5.1175 68.4669786009675
5.1225 -21.314561335348788
5.1274999999999995 -4.670238148161421
5.132499999999999 -163.95159252568138
5.1375 -178.3871177450871
5.1425 92.00500878474972
5.1475 65.33987171862388
5.1525 68.14748962743671
5.1575 -86.09896493760954
5.1625 179.31126716863253
5.1674999999999995 -151.86952346794953
5.172499999999999 108.02979879066953
5.177499999999999 -102.90216783832206
5.1825 124.33200007802743
5.1875 -1.7932965320565433
5.1925 -155.41080791450733
5.1975 -4.400735554861301
5.2025 33.97353461727658
5.2075 -232.9270746429279
5.2124999999999995 219.40577486851447
5.217499999999999 -26.06080781426174
5.2225 0.02662848920783672
5.2275 -304.3074709923115
5.2325 173.36892139881616
5.2375 140.8110809154667
5.2425 151.66248646433755
5.2475 -47.209354135762254
5.2524999999999995 -133.38302800732674
5.257499999999999 6.329509565448516
5.2625 -43.648828616194336
5.2675 235.47725907662428
5.2725 -213.50583167288607
5.2775 -47.06431645221324
5.2825 -9.465245495197202
5.2875 -76.0858076967266
5.2924999999999995 -49.80760981151579
5.297499999999999 -56.36272887281439
5.302499999999999 116.84470691332123
5.3075 89.03396031297282
5.3125 72.04357098099626
5.3175 -32.20274198470645
5.3225 -102.85726002711034
5.3275 345.4914511267768
5.3325 -294.78349131448016
5.3374999999999995 69.53922925805868
5.342499999999999 126.39201994166878
5.3475 210.3199895552325
5.3525 -339.1479565648083
5.3575 -70.22057510679622
5.3625 312.62534122107206
5.3675 -63.010492425602884
5.3725 -67.46360380337117
5.3774999999999995 -235.79213035579738
5.382499999999999 31.54247222042473
5.3875 206.65017443569133
5.3925 -98.41472172593927
5.3975 150.28869505625727
5.4025 -63.30676292187347
5.4075 -67.75979386862487
5.4125 160.0095203054561
5.4174999999999995 -124.02259197287694
5.422499999999999 29.357224553080133
5.427499999999999 92.55647258783546
5.4325 -50.35939487812341
5.4375 176.47636705888675
5.4425 229.76932988387227
5.4475 -286.24156047085097
5.4525 202.97677798120202
5.4575 -147.3286465540454
5.4624999999999995 -464.42570704135056
5.467499999999999 272.44799016591196
5.4725 141.753404261843
5.4775 -120.05442648333955
5.4825 23.474282500657402
5.4875 41.15123309825555
5.4925 20.494723670681534
5.4975 20.373140658544592
5.5024999999999995 106.77210032812427
5.507499999999999 -129.21126426088708
5.5125 24.364986042789447
5.5175 -60.776815186974396
5.5225 -158.86969994581955
5.5275 72.72792952232679
5.5325 122.63491114795757
5.5375 72.04229619049853
5.5424999999999995 36.801657657237605
5.547499999999999 -48.71876661394325
5.552499999999999 26.660386603022083
5.5575 -84.50546707818954
5.5625 64.49783522487634
5.5675 -144.20441031884243
5.5725 -75.6088352526487
5.5775 137.55672367718586
5.5825 -213.71964646177344
5.5874999999999995 -189.89589214666728
5.592499999999999 81.97269231640685
5.5975 270.12733591117836
5.6025 -115.45425838967323
5.6075 -68.41686280739512
5.6125 80.0306829461149
5.6175 147.35295678778365
5.6225 -387.31125210173747
5.6274999999999995 234.98814322669648
5.632499999999999 166.37638984798244
5.6375 -239.3276653498358
5.6425 160.06542303667825
5.6475 72.08099610884258
5.6525 -145.60076040667536
5.6575 66.2125387121282
5.6625 -328.5359845804814
5.6674999999999995 196.22653702305865
5.672499999999999 -7.742408770882488
5.677499999999999 49.880271817210776
5.6825 -11.521425723545011
5.6875 -130.86154451026437
5.6925 278.5812914730015
5.6975 141.60659492477814
5.7025 -124.22340577047672
5.7075 64.48580774495836
5.7124999999999995 -5.630005912979663
5.717499999999999 -107.46756775807789
5.7225 65.41619229936005
5.7275 -60.363704509770464
5.7325 127.2321592503011
5.7375 -162.6490967828924
5.7425 20.366313660671562
5.7475 -23.43753332231427
5.7524999999999995 -15.471536982789404
5.757499999999999 23.86203250517349
5.7625 223.92640237749438
5.7675 2.160303031904504
5.7725 -7.238116492708735
5.7775 27.609529183786748
5.7825 -122.29170775523988
5.7875 -128.2932758861324
5.7924999999999995 38.10087576207159
5.797499999999999 163.81297800721867
5.802499999999999 -72.05279215858712
5.8075 77.0666129259541
5.8125 -115.92204755249216
5.8175 -88.36495399676119
5.8225 -306.19870256748334
5.8275 253.92409944712108
5.8325 151.92932230065765
5.8374999999999995 -188.8904829871293
5.842499999999999 127.3166887291794
5.8475 -66.17953784944552
5.8525 -83.3909917491351
5.8575 8.183357330302588
5.8625 216.3011198522172
5.8675 10.24597861922679
5.8725 -252.00311254060702
5.8774999999999995 239.21169283700135
5.882499999999999 -332.5827854356837
5.8875 216.90533002012174
5.8925 14.87618402978822
5.8975 45.19505303851817
5.9025 -116.62843070504387
5.9075 -70.8472143108388
5.9125 196.33765012083515
5.9174999999999995 -295.36075192703163
5.922499999999999 76.31134850547512
5.927499999999999 82.62660562893647
5.9325 23.57592546299606
5.9375 -150.69914025942992
5.9425 23.949028798405756
5.9475 -38.82949090299397
5.9525 -0.7129602714863291
5.9575 160.16530395116854
5.9624999999999995 -106.81766777236297
5.967499999999999 132.6369758166936
5.9725 58.82685363987196
5.9775 -34.97307095561568
5.9825 90.933048929372
5.9875 -229.93059193451157
5.9925 235.00422469303524
5.9975 198.10940574624004
6.0024999999999995 -170.75292695012612
6.007499999999999 -142.6666279623695
6.012499999999999 -36.083297947963906
6.0175 430.53903181187286
6.0225 -425.00625341222883
6.0275 132.49348504035882
6.0325 -132.0596378324645
6.0375 32.27106170237239
6.0424999999999995 -78.89957139052984
6.047499999999999 -86.2440205166486
6.052499999999999 97.19350532523113
6.0575 256.07476628396677
6.0625 -75.98303521316245
6.0675 44.58284674458493
6.0725 -27.790164944597738
6.0775 -17.160984933357508
6.0825 3.018223615262234
6.0874999999999995 -54.58032990469688
6.092499999999999 -31.20909042530629
6.0975 -4.61047615910929
6.1025 -101.13323851608612
6.1075 -156.00894585314896
6.1125 2.4574655394038416
6.1175 124.43043014197805
6.1225 19.2565415558905
6.1274999999999995 74.95425638579025
6.132499999999999 -90.1544372104213
6.137499999999999 -47.00088694037489
6.1425 8.50567326492475
6.1475 19.98651070117102
6.1525 75.76405968074485
6.1575 -99.46753024892618
6.1625 14.472136760376754
6.1674999999999995 156.6752246861404
6.172499999999999 -341.25892877039007
6.177499999999999 81.7954766995489
6.1825 226.8284808410769
6.1875 -150.6549147137767
6.1925 -195.51214932307113
6.1975 25.257811253169372
6.2025 156.0959763583475
6.2075 245.3862606178291
6.2124999999999995 -72.27886851619256
6.217499999999999 -192.69171034830686
6.2225 269.868039471137
6.2275 92.54191769890784
6.2325 190.24122115516738
6.2375 81.17070382405964
6.2425 -306.6857462249299
6.2475 -1.2118481116622544
6.2524999999999995 -2.266749617479158
6.257499999999999 -58.336111142531585
6.262499999999999 274.7023926847573
6.2675 -83.63424514550749
6.2725 78.81868930201142
6.2775 2.8620115140162183
6.2825 22.37671261999137
6.2875 -201.27750672243639
6.2924999999999995 -113.88384913362603
6.297499999999999 -178.09142503629332
6.302499999999999 126.2236979886167
6.3075 47.914706455452745
6.3125 259.2807478019145
6.3175 -50.73659759660148
6.3225 -70.93440034889947
6.3275 -71.52957592601389
6.3325 90.89113242827432
6.3374999999999995 22.620805262213743
6.342499999999999 -153.05986646394024
6.3475 64.36138948190744
6.3525 -263.0302282482346
6.3575 491.1330253565594
6.3625 -277.16684957105684
6.3675 58.656346726434386
6.3725 207.80033626678212
6.3774999999999995 -74.98025458531144
6.382499999999999 -167.93769266811034
6.387499999999999 271.3544254538225
6.3925 -167.21792447850143
6.3975 117.58048709266049
6.4025 108.19752663976854
6.4075 -302.9184481865663
6.4125 215.01552732088038
6.4174999999999995 -68.77778799865067
6.422499999999999 -54.1055543951927
6.427499999999999 -15.355996067068133
6.4325 232.70668930610617
6.4375 -34.52384941640888
6.4425 -1.3711669226163128
6.4475 -137.0519466417667
6.4525 -32.41382639551494
6.4575 132.03494705639352
6.4624999999999995 64.88284485089265
6.467499999999999 130.71641866510993
6.4725 -443.71844468812424
6.4775 158.96378969550847
6.4825 66.51920661970757
6.4875 -138.93595330758066
6.4925 39.33400055873814
6.4975 -106.64123560953306
6.5024999999999995 113.07904736497395
6.507499999999999 -29.643760856746127
6.512499999999999 18.911910734671643
6.5175 8.08814463861249
6.5225 -94.17064730438153
6.5275 132.610317589392
6.5325 9.791025522990642
6.5375 -133.70322543172867
6.5424999999999995 347.96308199923817
6.547499999999999 -410.098883859323
6.552499999999999 15.506706357796883
6.5575 -112.52029674202983
6.5625 54.553703784009784
6.5675 -10.386234259395467
6.5725 -50.05703241491707
6.5775 226.69426729732388
6.5825 -88.17950395437084
6.5874999999999995 146.9200847525131
6.592499999999999 -346.5834077448661
6.5975 46.98660541821639
6.6025 66.39957974253548
6.6075 -10.491738173714365
6.6125 -68.66018962791055
6.6175 167.48790794730462
6.6225 -160.26675887927712
6.6274999999999995 314.97997177428107
6.632499999999999 -8.592603371160688
6.637499999999999 -317.05589335985366
6.6425 395.7590758265257
6.6475 -376.55123026760657
6.6525 161.2807940597769
6.6575 -261.64739741363434
6.6625 -64.17199835258506
6.6674999999999995 4.24437127615754
6.672499999999999 -40.35020333047136
6.677499999999999 230.88495881411308
6.6825 21.730669770306584
6.6875 -60.35460610050479
6.6925 38.550902203577586
6.6975 -72.28968633993324
6.7025 216.8643377684518
6.7075 136.68600265374488
6.7124999999999995 -223.00937098380828
6.717499999999999 -13.03248577107182
6.722499999999999 -135.72330440374108
6.7275 218.30285357839836
6.7325 93.90653618800741
6.7375 -312.65970293050617
6.7425 106.67743002768435
6.7475 7.330391166001495
6.7524999999999995 -236.23965800791942
6.757499999999999 90.65482432422763
6.762499999999999 -13.811714226507105
6.7675 -19.733452155260107
6.7725 117.96620411687208
6.7775 -106.10947454362561
6.7825 -5.43787151029883
6.7875 -21.37607418756802
6.7924999999999995 73.42641128967946
6.797499999999999 299.9452493611237
6.802499999999999 -155.1935557440993
6.8075 12.617688443929818
6.8125 39.57719763695064
6.8175 129.23917780418253
6.8225 19.586077794413537
6.8275 -290.165573263196
6.8325 257.0657856273144
6.8374999999999995 56.33161151046043
6.842499999999999 224.7895473912735
6.847499999999999 -155.9105448693697
6.8525 83.82554609205572
6.8575 -402.3424029171988
6.8625 0.7912677779569872
6.8675 135.4265505976544
6.8725 65.8228757323586
6.8774999999999995 -297.09442173888743
6.882499999999999 -2.340751416407819
6.887499999999999 -31.04086255516152
6.8925 106.10437064459316
6.8975 -77.89439539870065
6.9025 -9.904233445779953
6.9075 -54.30657232967401
6.9125 159.1479674475063
6.9174999999999995 -47.23877221606753
6.922499999999999 171.747438019387
6.927499999999999 -111.95818466181328
6.9325 26.420486768852957
6.9375 -8.508859714831143
6.9425 107.8321278391672
6.9475 40.8600295257769
6.9525 -6.298672214880178
6.9575 -23.298198510376718
6.9624999999999995 -213.96546338709678
6.967499999999999 138.1006815722444
6.972499999999999 16.018237888037458
6.9775 -83.36991007233866
6.9825 52.93417088141259
6.9875 -161.0286352885794
6.9925 296.6370427510724
6.9975 -36.74395312320432
7.0024999999999995 -75.83608797555655
7.007499999999999 106.85738312818339
7.012499999999999 -249.0545486994134
7.0175 349.5015507003887
7.0225 -20.123988329677008
7.0275 -131.78956146501434
7.0325 149.24354188837717
7.0375 71.23791891339742
7.0424999999999995 -104.83646912102454
7.047499999999999 181.52721964807222
7.052499999999999 -5.449385152800045
7.0575 -157.196676633929
7.0625 106.36131830156428
7.0675 -22.79065767441931
7.0725 -57.1331465626698
7.0775 -176.77252320823925
7.0825 111.12342900083006
7.0874999999999995 18.717299385631463
7.092499999999999 -22.984910324151397
7.097499999999999 -30.80781800952986
7.1025 34.28590203283899
7.1075 -62.42197495767407
7.1125 114.12324842041146
7.1175 -487.3744405796718
7.1225 55.16728987286038
7.1274999999999995 195.6457109972818
7.132499999999999 -152.02176540209214
7.137499999999999 224.18763205680006
7.1425 -74.35264053760635
7.1475 99.01413642884592
7.1525 -181.03766404279312
7.1575 103.74785803848485
7.1625 -124.87906744606823
7.1674999999999995 187.62010451720138
7.172499999999999 152.14381974985696
7.177499999999999 -145.27288818555883
7.1825 -392.993701537842
7.1875 58.875585690992416
7.1925 198.15517688326267
7.1975 282.86630419659
7.2025 -70.22986753738608
7.2075 -127.90149702783229
7.2124999999999995 -332.97942791974526
7.217499999999999 182.59915160753894
7.222499999999999 95.45801675261364
7.2275 -222.00548678977157
7.2325 216.16774502797622
7.2375 238.88060837541926
7.2425 -48.82065748145303
7.2475 -505.30706483325014
7.2524999999999995 256.6180062540712
7.257499999999999 393.7773195201367
7.262499999999999 -235.32029115409222
7.2675 -157.92834111372366
7.2725 -93.73836568869841
7.2775 108.55051570752084
7.2825 -94.56742295194269
7.2875 15.700506093729093
7.2924999999999995 -25.54826242555863
7.297499999999999 100.22297678233339
7.302499999999999 -62.14643151801089
7.3075 222.85914429896067
7.3125 -29.880371605109993
7.3175 -172.54851357857223
7.3225 95.14538333078929
7.3275 60.048712699208416
7.3325 -133.61554489917063
7.3374999999999995 -294.40105521783573
7.342499999999999 252.1705293239818
7.347499999999999 -112.99585281070337
7.3525 215.69039993663475
7.3575 -229.15102728071528
7.3625 74.32528043865786
7.3675 211.03599850766867
7.3725 -34.42328649952908
7.3774999999999995 118.27062377192829
7.382499999999999 -59.809254988911334
7.387499999999999 114.19022150245044
7.3925 -41.183606566110285
7.3975 -132.87295048565346
7.4025 -90.36141908013377
7.4075 12.601650926809269
7.4125 -64.25548555075193
7.4174999999999995 -11.862334546000563
7.422499999999999 54.92946723138296
7.427499999999999 -62.87335869315035
7.4325 247.58717378005693
7.4375 188.15196874534564
7.4425 -327.61126460660586
7.4475 246.8943930421329
7.4525 -45.588067211970305
7.4575 75.26154037193179
7.4624999999999995 -123.97251797382687
7.467499999999999 -33.23753211772466
7.472499999999999 32.7456369402893
7.4775 -175.69418361065547
7.4825 244.89860851372052
7.4875 -157.17812743214492
7.4925 58.92069311586899
7.4975 208.60169631162552
7.5024999999999995 -31.775737170069988
7.507499999999999 -56.99257906726995
7.512499999999999 -28.165298365453243
7.5175 62.49953111673121
7.5225 -168.7819492553011
7.5275 -80.90851199899433
7.5325 79.59855212625243
7.5375 13.68517390045485
7.5424999999999995 -40.93076750312156
7.547499999999999 39.154756961786156
7.552499999999999 -11.981669042445375
7.557499999999999 -82.61683495453322
7.5625 175.51523239443077
7.5675 31.85505050834955
7.5725 1.6864501928142472
7.5775 4.22776610356556
7.5825 -79.26930747894974
7.5874999999999995 79.75936836865405
7.592499999999999 -99.55162220938946
7.597499999999999 284.7088322744748
7.6025 -137.62088111439925
7.6075 -57.931703068460244
7.6125 -180.3903149539185
7.6175 -17.733983261247307
7.6225 -37.18597620153487
7.6274999999999995 32.006966112967575
7.632499999999999 14.926994852614206
7.637499999999999 -326.8445423354476
7.6425 204.9139350419983
7.6475 272.78426800397676
7.6525 -108.22205214572547
7.6575 -149.9036373032153
7.6625 -19.07201931570904
7.6674999999999995 534.7660105427497
7.672499999999999 -235.4395927544156
7.677499999999999 -9.998373723911365
7.682499999999999 245.57687179850313
7.6875 29.051183546886893
7.6925 -151.7673646944268
7.6975 -132.57532953780586
7.7025 -19.936925193076135
7.7075 -225.3511662928375
7.7124999999999995 73.7318736202006
7.717499999999999 -25.77238659573381
7.722499999999999 219.49307156912766
7.7275 -205.05046289368624
7.7325 110.88158671648262
7.7375 85.81904289259927
7.7425 157.6636502361054
7.7475 -106.48372003237141
7.7524999999999995 130.5909475945887
7.757499999999999 -129.30614457016623
7.762499999999999 155.19479369094105
7.7675 -377.40907979534194
7.7725 239.06139440571292
7.7775 51.144460816099055
7.7825 -8.994155403969293
7.7875 -226.59009028095906
7.7924999999999995 -20.73242472809414
7.797499999999999 243.5505965130578
7.802499999999999 24.91005016861953
7.807499999999999 89.9857939280551
7.8125 -400.5533476162862
7.8175 0.712036285227546
7.8225 -31.231405311902982
7.8275 -131.2522666135596
7.8325 280.02171104728757
7.8374999999999995 -51.641848987891144
7.842499999999999 40.44189047903535
7.847499999999999 20.43653569524768
7.8525 51.962062202431376
7.8575 -134.02112295669681
7.8625 27.151744060456515
7.8675 -283.91585889841383
7.8725 -7.4081510178425525
7.8774999999999995 -312.3246525125242
7.882499999999999 514.4019131595712
7.887499999999999 -341.59663798449066
7.8925 156.2564657448866
7.8975 126.3186248788038
7.9025 132.20563345106962
7.9075 -67.31000121985387
7.9125 -98.86121315023618
7.9174999999999995 122.55125499531103
7.922499999999999 3.2817623391234547
7.927499999999999 217.8836193539821
7.932499999999999 -10.973734513457368
7.9375 -58.02009692051543
7.9425 151.2514099516985
7.9475 77.98401180221272
7.9525 -379.49668424106443
7.9575 83.78223926928185
7.9624999999999995 -178.68221832369503
7.967499999999999 201.58099081179904
7.972499999999999 96.22493903219018
7.9775 170.21770968611654
7.9825 -71.07541174456192
7.9875 -85.25195908996622
7.9925 63.91942354413981
7.9975 -162.30941567658482
8.0025 196.3481836727425
8.0075 -80.50908138771271
8.0125 92.7115239165406
8.0175 132.15617775106992
8.022499999999999 -198.80026502171125
8.0275 67.85263853301367
8.032499999999999 19.837192064411397
8.0375 141.59836163416193
8.0425 -63.78073448306597
8.0475 -35.48001729286657
8.0525 -47.44051577319538
8.0575 -87.13710192202223
8.0625 13.035623666302977
8.067499999999999 -85.39618601570642
8.0725 -8.728631991309834
8.077499999999999 -88.84902252898542
8.0825 183.30977928084678
8.0875 -227.0260737629792
8.0925 20.75445144466709
8.0975 163.67774613113062
8.1025 -131.9896848881617
8.1075 -11.679451453757817
8.112499999999999 104.3628965568889
8.1175 -59.66933883671584
8.1225 -28.747778013462185
8.1275 18.904203436589086
8.1325 61.27751152432218
8.1375 -267.9836751586908
8.1425 205.43019992935945
8.147499999999999 -212.52735496271805
8.1525 163.77148994520653
8.157499999999999 -23.73713751153078
8.1625 -232.0681692730549
8.1675 349.5360688637763
8.1725 -16.418401441352657
8.1775 160.67624637766647
8.1825 -179.27842104930505
8.1875 34.53651284414639
8.192499999999999 -72.65607307685343
8.1975 189.4630501126594
8.202499999999999 -175.6324067999579
8.2075 -150.33271825786758
8.2125 62.149735867616485
8.2175 146.26615814995037
8.2225 -69.68873239271535
8.2275 66.15443258224447
8.2325 286.26695469758266
8.237499999999999 -21.16176832537993
8.2425 -178.44975906585591
8.2475 -145.04246296070005
8.2525 -23.147089781825184
8.2575 155.8654448132243
8.2625 47.553699155478114
8.2675 75.22700049710403
8.272499999999999 -216.88762585390495
8.2775 248.4808079718551
8.282499999999999 -94.42566303793316
8.2875 -78.18829040025038
8.2925 -130.74539699006388
8.2975 259.4924330274848
8.3025 159.85431783552104
8.3075 -83.47272545244513
8.3125 -222.22382084782126
8.317499999999999 -22.359049508134138
8.3225 139.14775406432946
8.327499999999999 -61.37364346522956
8.3325 72.03889446837348
8.3375 -79.31802505577679
8.3425 -156.77545153624368
8.3475 209.20087047809224
8.3525 194.3695772851171
8.3575 -262.470541796428
8.362499999999999 85.22292964443955
8.3675 86.35491913171339
8.3725 -60.990721821832786
8.3775 -99.79262235302825
8.3825 -193.77524358554237
8.3875 90.9224858531957
8.3925 60.29466331436926
8.397499999999999 5.724637527580786
8.4025 -178.72465195182164
8.407499999999999 289.7536259244304
8.4125 1.9062878667823449
8.4175 -69.49377918718126
8.4225 129.0425450542726
8.4275 -124.58134412549072
8.4325 -144.42096653890542
8.4375 78.84968350128676
8.442499999999999 76.71999781069046
8.4475 306.5403632636904
8.452499999999999 -304.5262987553516
8.4575 173.27617394246622
8.4625 55.87425620785282
8.4675 -101.88872741969773
8.4725 11.756906424345443
8.4775 110.5527944566419
8.4825 -240.74717193863611
8.487499999999999 109.38773331423205
8.4925 -56.766016110236286
8.4975 44.73358677340745
8.5025 -35.70400040447305
8.5075 -135.6104825498329
8.5125 8.940016283161299
8.5175 45.90957074397758
8.522499999999999 -69.63854633302762
8.5275 104.1324476468227
8.532499999999999 -62.669633013121725
8.5375 135.45761479987613
8.5425 -131.33542392942076
8.5475 11.388811720800511
8.5525 133.72803384432993
8.5575 -98.20125616227705
8.5625 -15.857639549544178
8.567499999999999 -28.387416924896954
8.5725 -204.5578958458668
8.577499999999999 96.43877776945392
8.5825 44.43043717180748
8.5875 89.21820806791705
8.5925 -62.14809500907946
8.5975 34.64969129201089
8.6025 -124.60386454705412
8.6075 -7.503356077632478
8.612499999999999 29.88451941126912
8.6175 -62.995520677024494
8.6225 -198.49106023103923
8.6275 -2.890564821081286
8.6325 80.3309592688845
8.6375 -391.27515894163463
8.6425 414.6863240488538
8.647499999999999 -184.07302469513863
8.6525 -27.280766851192492
8.657499999999999 251.88816377974365
8.6625 -87.86669818976632
8.6675 145.08475852380502
8.6725 110.84533561831408
8.6775 -13.265794382094244
8.6825 71.31669461391635
8.6875 -349.9497156572953
8.692499999999999 130.60072794045166
8.6975 74.84272741524659
8.702499999999999 171.62609435942966
8.7075 -136.64411454199998
8.7125 -97.99401655145317
8.7175 69.29611991380203
8.7225 55.18669950559669
8.7275 307.2921579986574
8.7325 -219.8169745442322
8.737499999999999 -100.84428753841867
8.7425 201.0490930954032
8.747499999999999 157.5302109354664
8.7525 -141.86558179586874
8.7575 5.278221089992676
8.7625 -74.98774858494264
8.7675 -120.62038303457949
8.772499999999999 157.1490298587507
8.7775 -41.517806750937716
8.782499999999999 -13.689256045955592
8.7875 -73.39223919348932
8.7925 76.11170964219649
8.7975 -36.73959122908692
8.8025 -176.50360004722202
8.8075 226.38207040703097
8.8125 -296.13376354185425
8.817499999999999 357.1086074585476
8.8225 -51.29713938046145
8.827499999999999 121.05300150654608
8.8325 -256.4809235763991
8.8375 120.23735266950136
8.8425 -52.34911651977142
8.8475 -162.71978748851058
8.8525 70.60885325854188
8.8575 -75.58795957136465
8.862499999999999 17.539348161207453
8.8675 123.31020937373103
8.872499999999999 -124.43826784028597
8.8775 73.71104642779954
8.8825 -396.4388952294365
8.8875 284.44040426587736
8.8925 81.71524687532623
8.897499999999999 -141.65039387352866
8.9025 1.988139996129548
8.907499999999999 -106.5920830143962
8.9125 238.83523791315568
8.9175 161.5623763062436
8.9225 83.89665961152265
8.9275 63.06974037986152
8.9325 -217.49420506889052
8.9375 -184.14829365266485
8.942499999999999 28.666783814961928
8.9475 -325.47543642063124
8.952499999999999 157.94749902533877
8.9575 -3.65168633018898
8.9625 166.25666270343223
8.9675 151.51019334382997
8.9725 -331.02077232250184
8.9775 1.0338906214737733
8.9825 148.0592419098935
8.987499999999999 152.3668988760465
8.9925 -67.79783188410958
8.997499999999999 -157.66781685884598
9.0025 16.811629439594096
9.0075 71.58772218916577
9.0125 -236.92717747176607
9.0175 -81.16962983148714
9.022499999999999 49.71795735385463
9.0275 217.97614009026316
9.032499999999999 131.24790419310426
9.0375 -103.70046946496366
9.0425 90.21836358527777
9.0475 -89.44189090372709
9.0525 82.17946680896979
9.0575 74.45917528478644
9.0625 -45.319763024373955
9.067499999999999 -376.9310523068575
9.0725 86.26260287772313
9.077499999999999 -52.482153961390985
9.0825 -39.22013984531514
9.0875 244.14285078300458
9.0925 65.82978865490081
9.0975 75.63806832516704
9.1025 -72.97225283215262
9.1075 93.45390003139596
9.112499999999999 -126.19762567413392
9.1175 196.06959104223958
9.122499999999999 69.84706872810672
9.1275 80.6399109896943
9.1325 -362.33535491821164
9.1375 210.32942133379277
9.1425 -7.792474957103738
9.147499999999999 143.70816041864413
9.1525 -219.82744064264253
9.157499999999999 -99.73514256529657
9.1625 48.323096276062216
9.1675 -85.38932954290858
9.1725 82.31674311321261
9.1775 -159.99580760658137
9.1825 -6.264497881753775
9.1875 133.59764546157703
9.192499999999999 -141.71859858635406
9.1975 256.55959511134955
9.202499999999999 88.05384800764718
9.2075 -158.46583189447765
9.2125 387.5649080412136
9.2175 -337.1365755246793
9.2225 223.2373517965718
9.2275 51.8276758882486
9.2325 -57.57922375900564
9.237499999999999 28.030420320047302
9.2425 4.276376833790172
9.247499999999999 2.754772526668509
9.2525 37.67441386502324
9.2575 -372.2676594468126
9.2625 -116.59441848400385
9.2675 461.03648333709856
9.272499999999999 -139.72486493373623
9.2775 -12.047346280468929
9.282499999999999 -85.29351945765328
9.2875 -137.3521103282165
9.2925 0.6714561561669237
9.2975 -143.36953596865308
9.3025 187.42643715526182
9.3075 -88.6495720288981
9.3125 148.66537334287412
9.317499999999999 86.37580895832964
9.3225 27.512496941828005
9.327499999999999 -248.51398857894532
9.3325 150.6135469199845
9.3375 -126.90749703271392
9.3425 -7.337119343925747
9.3475 114.27807019998126
9.3525 67.71092993695359
9.3575 21.13463613076073
9.362499999999999 -148.5790683945299
9.3675 74.94853193432313
9.372499999999999 166.02847178314113
9.3775 -167.71994797697226
9.3825 -238.3257571271252
9.3875 151.276303762631
9.3925 -189.1409814252859
9.397499999999999 201.17202807233872
9.4025 47.40681060455284
9.407499999999999 -107.30695362944633
9.4125 -10.795368321856213
9.4175 -3.159163494756697
9.4225 -18.71185784080866
9.4275 -60.03564793878944
9.4325 93.28969364630402
9.4375 -71.62305012347855
9.442499999999999 222.25268377318125
9.4475 -313.35652778601457
9.452499999999999 243.1890610329574
9.4575 -128.06735269286835
9.4625 5.102495552299178
9.4675 6.736772759691179
9.4725 -120.68523540235813
9.4775 292.9457937030664
9.4825 275.05945534501876
9.487499999999999 -81.19134337698404
9.4925 -113.41612602621893
9.497499999999999 26.895348334610805
9.5025 61.98332096851609
9.5075 -32.54483638337841
9.5125 -100.9176986545909
9.5175 18.02051690032747
9.522499999999999 -35.68268424412303
9.5275 -142.83623589060056
9.532499999999999 6.537238571870938
9.5375 143.53685590584632
9.5425 -179.34007890762757
9.5475 -121.23603858553325
9.5525 251.51907927302494
9.5575 -319.5393951266951
9.5625 211.77068837795917
9.567499999999999 -82.9316687321279
9.5725 17.715408005735007
9.577499999999999 -137.91668303831614
9.5825 403.5823785285303
9.5875 -70.33031834428405
9.5925 -55.04721455576092
9.5975 170.00799664881828
9.6025 17.335749920753255
9.6075 -9.636236639542261
9.612499999999999 8.405898539114457
9.6175 -42.97170314245982
9.622499999999999 97.83796771365782
9.6275 -21.1685101880907
9.6325 -204.67430258750412
9.6375 -142.26486763131996
9.6425 73.14423230757
9.647499999999999 324.9107154148162
9.6525 -261.50825497821495
9.657499999999999 261.9854669060569
9.6625 -218.28686106317193
9.6675 156.73847392723331
9.6725 77.41019265030096
9.6775 86.94524108348723
9.6825 152.36438640187598
9.6875 -463.90454115823394
9.692499999999999 -228.9699262371627
9.6975 140.76695642669853
9.702499999999999 31.407339032700964
9.7075 -14.715659904944891
9.7125 65.23530126464675
9.7175 -41.45841339582235
9.7225 -79.56267140551509
9.7275 -21.126729219013324
9.7325 294.7192565055892
9.737499999999999 -249.29970375477353
9.7425 78.49774184604085
9.747499999999999 -75.7932474882001
9.7525 48.305974502779264
9.7575 10.359905782815092
9.7625 -90.51898492256896
9.7675 14.986181554294733
9.772499999999999 84.82155432959527
9.7775 -61.864483861427324
9.782499999999999 192.53383422965436
9.7875 -155.41393159861403
9.7925 222.68662545873633
9.7975 -11.981504035500272
9.8025 -146.57605224595085
9.8075 86.53527224904903
9.8125 3.0096853611523056
9.817499999999999 -5.946950305725431
9.8225 52.98789051088009
9.827499999999999 -47.358146714195996
9.8325 -9.996595491171234
9.8375 34.5283117094889
9.8425 115.91111288172816
9.8475 12.761715821797408
9.8525 5.2209358005789825
9.8575 -247.40060540112242
9.862499999999999 231.5505964359056
9.8675 7.81286515742769
9.872499999999999 -88.42926565099184
9.8775 -86.96681278090854
9.8825 82.02875625507207
9.8875 -339.14018617196484
9.8925 16.612214335733437
9.897499999999999 8.399947499162915
9.9025 -49.198105736581454
9.907499999999999 -36.309663265100006
9.9125 -16.088498805829108
9.9175 -60.88809273246195
9.9225 58.49598119379248
9.9275 73.02009181936845
9.9325 -136.50519389223123
9.9375 106.05377167278921
9.942499999999999 9.03336494902657
9.9475 55.73856023328359
9.952499999999999 -80.14994691327537
9.9575 84.14593484029992
9.9625 -208.2034679713419
9.9675 -67.526104789286
9.9725 159.61686113049842
9.9775 -77.28071799021696
9.9825 324.5278982495011
9.987499999999999 -90.14723953905198
9.9925 -130.90362022858977
9.997499999999999 133.76369797700374
10.0025 194.00198497113868
