0.0075 65.10468550390252
0.012499999999999999 129.70437343678776
0.017499999999999998 125.0933614656526
0.0225 -278.07294981386394
0.0275 -21.260272734565007
0.0325 34.06038622514275
0.0375 79.44055100233844
0.042499999999999996 -187.72654689207246
0.0475 89.80818526833829
0.0525 176.166346904949
0.057499999999999996 9.969977002384313
0.0625 -32.96404902793902
0.06749999999999999 2.442172264134572
0.0725 -75.85517351570451
0.0775 -158.38575931371545
0.08249999999999999 11.93797509811448
0.0875 44.75140173376122
0.0925 16.14550166559225
0.09749999999999999 -15.701083223283495
0.1025 82.6663791450996
0.1075 -144.04206769640635
0.11249999999999999 182.57557982593457
0.1175 -165.94019385701787
0.1225 78.77547590422242
0.1275 -78.43668164445252
0.1325 -128.4783986779067
0.13749999999999998 40.89329276792413
0.1425 -44.499894832106
0.1475 346.35017648084914
0.1525 154.804443313818
0.1575 -230.87127205383007
0.1625 94.2645217818518
0.16749999999999998 60.26037845027485
0.1725 23.147908237326412
0.1775 -247.07966715606582
0.1825 -16.23070209376329
0.1875 96.11401383705929
0.1925 89.17699896501463
0.19749999999999998 -191.70959059006697
0.20249999999999999 -36.654356983703046
0.2075 164.6017462391809
0.2125 -33.10031769108625
0.2175 8.430542997446484
0.2225 71.96600218982849
0.22749999999999998 79.57980238971204
0.23249999999999998 -64.8029183289096
0.2375 53.33624254135534
0.2425 -100.98727737261628
0.2475 -30.106367959348113
0.2525 -189.53802076815646
0.2575 79.31910536440459
0.2625 -257.38952635874807
0.2675 24.555486955664453
0.27249999999999996 -73.52313378175882
0.27749999999999997 150.8977944102096
0.2825 97.4261909083857
0.2875 -41.664817346473484
0.2925 79.85695181802352
0.2975 176.3905077871957
0.3025 -0.6305318020916366
0.3075 -21.14310306607939
0.3125 -177.70349443207056
0.3175 89.05223022668599
0.3225 -28.11718291923291
0.32749999999999996 70.40243822189782
0.33249999999999996 137.23737497271685
0.33749999999999997 -28.568454018389417
0.34249999999999997 27.94955796920175
0.3475 112.39122736216187
0.3525 -56.00928768076912
0.3575 0.4132473934846082
0.3625 -166.71303585943835
0.3675 317.3933111143184
0.3725 -110.27209843168657
0.3775 -43.35240363973751
0.3825 -41.38022905243032
0.38749999999999996 95.66284826866033
0.39249999999999996 -154.2138637196211
0.39749999999999996 -8.290764219454088
0.40249999999999997 -52.07301910942333
0.4075 47.65061349773764
0.4125 26.66381385253736
0.4175 -58.407415196333844
0.4225 146.5092573293055
0.4275 -208.76657298808774
0.4325 290.43490354661213
0.4375 161.1985998107668
0.4425 29.08281987845257
0.44749999999999995 22.121953213017935
0.45249999999999996 -230.22548329378722
0.45749999999999996 56.58521350029739
0.46249999999999997 68.92545789825218
0.46749999999999997 -172.04266649811512
0.4725 201.80557894887096
0.4775 -230.21540523802534
0.4825 -108.40354794273519
0.4875 -129.26866141356172
0.4925 356.0135084713546
0.4975 -9.133057566117769
0.5025 -108.45047360203556
0.5075 -85.8849775098769
0.5125 278.4150939514715
0.5175 49.84083752585187
0.5225 -305.9711395683581
0.5275 76.07410904643845
0.5325 171.9111804375823
0.5375 -70.5671201533212
0.5425 60.75079382858371
0.5475 -35.67664398989016
0.5525 -94.07310635680098
0.5575 -170.26300211878004
0.5625 -13.90287253702295
0.5675 -38.788676816717725
0.5725 137.64777198307164
0.5775 -150.42253730148767
0.5825 138.55538965816814
0.5875 2.3031632553836836
0.5925 -180.57880894021716
0.5974999999999999 55.81713143506366
0.6024999999999999 81.25397864486654
0.6074999999999999 147.503403646372
0.6124999999999999 -43.756138001241915
0.6174999999999999 -76.26591027720143
0.6224999999999999 -134.0642879971873
0.6275 -8.195247041264015
0.6325 -134.71056546201015
0.6375 316.98915673513557
0.6425 -3.067084619178701
0.6475 -252.43244824282365
0.6525 50.82432181520878
0.6575 -151.79456452347165
0.6625 54.41790833156935
0.6675 200.49150390292232
0.6725 17.39793464335661
0.6775 157.3763857767915
0.6825 -59.372656349420446
0.6875 -77.55335683394216
0.6925 -93.58571847433974
0.6975 -154.60512045068182
0.7025 -8.625928063262746
0.7075 -38.08281184387082
0.7125 297.9147417922793
0.7174999999999999 -111.9293466059211
0.7224999999999999 -263.57153734759544
0.7274999999999999 -77.3332791498721
0.7324999999999999 -74.98891468665515
0.7374999999999999 473.03326354188493
0.7424999999999999 175.36436104429148
0.7474999999999999 -212.45589037584318
0.7525 -152.80358541397385
0.7575 24.306600690627004
0.7625 176.6268347078238
0.7675 -28.405930862038907
0.7725 88.26269311367753
0.7775 196.35997763954245
0.7825 -272.04124173017743
0.7875 -97.09322242013694
0.7925 68.16341740309616
0.7975 109.03494478123599
0.8025 -178.94592994957048
0.8075 2.786450438931678
0.8125 -56.72791819091445
0.8175 220.74602720046934
0.8225 42.66711637510672
0.8275 -145.51705214657247
0.8325 -30.675735344938726
0.8374999999999999 316.3683277098525
0.8424999999999999 -114.45926124732202
0.8474999999999999 -148.20361653921893
0.8524999999999999 44.34335271696979
0.8574999999999999 336.1228333828292
0.8624999999999999 -337.14385083089513
0.8674999999999999 -152.31784470610498
0.8724999999999999 94.60292655154393
0.8775 -179.42520064827613
0.8825 -150.2165015242276
0.8875 242.13705833336113
0.8925 41.767103230609415
0.8975 -71.44685560222986
0.9025 372.06483038346977
0.9075 -316.92213128247124
0.9125 -252.90058636769874
0.9175 58.102454071118856
0.9225 -163.75377012043597
0.9275 296.81893290678585
0.9325 50.681248030109266
0.9375 91.19801560807235
0.9425 114.96037707601029
0.9475 -87.28980058591482
0.9524999999999999 296.76915304840554
0.9574999999999999 33.59095725646267
0.9624999999999999 -569.3248609060242
0.9674999999999999 238.3876452582977
0.9724999999999999 -97.1392685687347
0.9774999999999999 -0.9615912626214632
0.9824999999999999 -19.10960668722626
0.9874999999999999 -260.7452025983637
0.9924999999999999 1.133705875305671
0.9974999999999999 255.59779068186123
1.0025 227.02709156897632
1.0075 142.46515474556753
1.0125 -154.38780709348796
1.0174999999999998 88.43355846325423
1.0225 128.98111010006892
1.0274999999999999 201.92272401105768
1.0325 -256.51083187470596
1.0374999999999999 -107.49200799728807
1.0425 -41.881282510072374
1.0474999999999999 -100.51958479280988
1.0525 -10.039350185443002
1.0574999999999999 303.9498560719634
1.0625 -48.780190251881166
1.0675 301.27307366998593
1.0725 -266.22027383228476
1.0775 92.18055485765275
1.0825 79.72790493910263
1.0875 -258.5427251597695
1.0925 41.29850087566868
1.0975 -60.18585557678271
1.1025 -245.86032951864487
1.1075 254.32428734356617
1.1125 -97.9304523957898
1.1175 247.49886243147435
1.1225 281.0624624838472
1.1275 -261.9123172482578
1.1324999999999998 59.02833001470155
1.1375 -49.580904216899604
1.1424999999999998 -118.67676297149387
1.1475 140.1038779915689
1.1524999999999999 -268.47118883592043
1.1575 -38.855649898756724
1.1624999999999999 163.36246667688278
1.1675 -508.3647564254996
1.1724999999999999 95.36409516789752
1.1775 370.4451164206202
1.1824999999999999 -215.89690889170552
1.1875 -26.235408715803782
1.1925 1.1178781038553733
1.1975 64.12299339524121
1.2025 -1.027743257469525
1.2075 47.158838325353265
1.2125 20.635745395726115
1.2175 -161.08304599976594
1.2225 17.294235541843964
1.2275 365.35710358315816
1.2325 -573.4165391764221
1.2375 -11.901310660180158
1.2425 474.24496085772654
1.2475 59.553503829668955
1.2525 -2.8725109033014395
1.2574999999999998 -29.82654605013149
1.2625 323.5263668847576
1.2674999999999998 121.47291092385474
1.2725 -164.65001271149475
1.2774999999999999 46.942124203907376
1.2825 -181.15562006016543
1.2874999999999999 -304.63680866984555
1.2925 154.63566226249523
1.2974999999999999 -60.398615058094514
1.3025 153.80712844233517
1.3074999999999999 -207.74832907781192
1.3125 177.91358860383173
1.3175 135.36975610192442
1.3225 -148.5601057542916
1.3275 102.70591523599141
1.3325 -46.88070661885581
1.3375 -165.7255798239642
1.3425 -197.8636577711872
1.3475 -110.45892919008564
1.3525 178.94374748929022
1.3575 -127.50951210822751
1.3625 210.26354310046727
1.3675 -126.70461217754908
1.3724999999999998 213.50754279753852
1.3775 115.90473550804285
1.3824999999999998 -154.25183979170916
1.3875 -162.1769286199729
1.3924999999999998 238.6649336398261
1.3975 -3.0632988019398164
1.4024999999999999 7.910749145762554
1.4075 189.0460316640704
1.4124999999999999 -160.3872995695824
1.4175 -107.2649679807014
1.4224999999999999 194.30680056391245
1.4275 4.095542643574702
1.4324999999999999 -126.15846313763419
1.4375 51.04671196503103
1.4425 -134.4793004649635
1.4475 -28.934074670433688
1.4525 90.55875791239413
1.4575 -54.978472978233725
1.4625 25.809650532585113
1.4675 -66.48960353161536
1.4725 471.0689517855224
1.4775 -234.45012400264778
1.4825 31.068308841948156
1.4874999999999998 27.54596940330753
1.4925 219.89340473484498
1.4974999999999998 136.5453561089652
1.5025 -96.67869365693032
1.5074999999999998 180.11443834233745
1.5125 -55.54638346039835
1.5174999999999998 -49.881702930077545
1.5225 -25.37532830469731
1.5274999999999999 -89.39800195118833
1.5325 -218.4389690443081
1.5374999999999999 -170.2447516137785
1.5425 245.6550740373852
1.5474999999999999 -202.4378963524339
1.5525 133.92822253338215
1.5574999999999999 -6.192348792384166
1.5625 -174.499228052102
1.5675 160.9308338037171
1.5725 -32.177644086236604
1.5775 77.90703987827222
1.5825 -56.64610527374399
1.5875 121.43926661303685
1.5925 -68.72380125267715
1.5975 156.98264262528843
1.6025 24.225177789872248
1.6075 1.9236978100890378
1.6124999999999998 60.087006679413996
1.6175 -2.2692034049690166
1.6224999999999998 -156.29528158916258
1.6275 -177.7100842489081
1.6324999999999998 57.24734742198842
1.6375 57.286225900479614
1.6424999999999998 65.01714260871655
1.6475 89.4475682479483
1.6524999999999999 -1.4116846806307
1.6575 -367.9998916595857
1.6624999999999999 190.1944644503467
1.6675 56.32244033497414
1.6724999999999999 -59.034406849421444
1.6775 -74.01906755023013
1.6824999999999999 7.230702496444868
1.6875 -45.34317453607471
1.6925 -29.417003681011533
1.6975 -21.82126450447005
1.7025 72.3858545981587
1.7075 34.864632444096074
1.7125 84.17911413154525
1.7175 62.34362323881619
1.7225 -61.74444591432181
1.7274999999999998 -28.00690775146151
1.7325 118.9627150071471
1.7374999999999998 -108.46974099194279
1.7425 -150.31780420908618
1.7474999999999998 20.1534624649732
1.7525 -238.9209434941674
1.7574999999999998 312.0934172535713
1.7625 183.27657459379571
1.7674999999999998 -152.32966915116145
1.7725 56.59729032439752
1.7774999999999999 164.91932852061737
1.7825 -93.32315505468674
1.7874999999999999 71.2071773563347
1.7925 12.345167236734849
1.7974999999999999 -167.19468376346313
1.8025 31.02574876113078
1.8074999999999999 -16.485119117904866
1.8125 43.01738848639772
1.8175 -165.43796034970782
1.8225 0.9288304100407513
1.8275 96.12565722186342
1.8325 -25.93848306037875
1.8375 -66.16659362041547
1.8425 -37.11387500891807
1.8475 151.79798914129722
1.8524999999999998 -36.050599992767374
1.8575 304.1983333724192
1.8624999999999998 26.323539530471987
1.8675 -132.98686291177935
1.8724999999999998 10.413857790484382
1.8775 129.15947392314933
1.8824999999999998 -243.72251795971692
1.8875 -21.42447727747415
1.8924999999999998 19.7068491934425
1.8975 75.13578323673859
1.9024999999999999 86.15482149912525
1.9075 1.437364182527465
1.9124999999999999 -227.70700071250639
1.9175 11.259347061137428
1.9224999999999999 -96.41731528715579
1.9275 337.5209745986818
1.9324999999999999 -406.70163929115887
1.9375 240.61045197359897
1.9425 -4.310085357837099
1.9475 75.72377219558048
1.9525 -43.337566699464745
1.9575 -343.48110045896317
1.9625 171.44542346556094
1.9674999999999998 133.7933818579702
1.9725 -33.84973814848893
1.9774999999999998 -54.79813565103636
1.9825 112.85587323478573
1.9874999999999998 -155.9539154448269
1.9925 93.67098196437556
1.9974999999999998 159.0131266734059
2.0025 -11.023399761750605
2.0075 15.824574999970404
2.0124999999999997 -78.16346172363833
2.0175 88.3035529913548
2.0225 -176.84238220121924
2.0275 -65.62083486008522
2.0324999999999998 61.465439434163244
2.0375 157.94296883466413
2.0425 -132.33282906786079
2.0475 47.28954198453396
2.0524999999999998 42.84174109344069
2.0575 -143.52881425158554
2.0625 127.60118965112405
2.0675 59.05317211293114
2.0725 -399.50165861410386
2.0775 168.5019020734449
2.0825 -132.43790835904423
2.0875 58.26727508734364
2.0925 -51.236174413144674
2.0974999999999997 -266.70749276026635
2.1025 -55.32095068251261
2.1075 301.64118061088806
2.1125 279.15862399647443
2.1174999999999997 -224.80546141635418
2.1225 -112.45139936847154
2.1275 85.09202426624222
2.1325 133.98969137059092
2.1374999999999997 -67.98099946201047
2.1425 112.95745244444106
2.1475 87.80039852422917
2.1525 94.7438285347065
2.1574999999999998 135.49720304508332
2.1625 -124.8767220841946
2.1675 113.73978649111628
2.1725 -242.68670462573772
2.1774999999999998 -57.448473255748034
2.1825 -71.92246246251486
2.1875 -38.342686597726946
2.1925 -143.75664489355472
2.1975 154.35586851235857
2.2024999999999997 -89.76473218940852
2.2075 9.979283315137438
2.2125 57.94317881462957
2.2175 -50.322722874081165
2.2224999999999997 209.8017047144309
2.2275 -500.7528361731637
2.2325 108.10976663018111
2.2375 203.93616026926932
2.2424999999999997 -33.668193402050534
2.2475 159.45543110815106
2.2525 -73.363278924394
2.2575 140.88991597703676
2.2624999999999997 -132.02904101833607
2.2675 44.86488348386533
2.2725 -116.64373539526726
2.2775 -81.63012995395945
2.2824999999999998 162.58818097882906
2.2875 -269.013357445142
2.2925 73.62206755112081
2.2975 -109.1185339573793
2.3024999999999998 -125.33847296654797
2.3075 -45.091820535591914
2.3125 272.665633800165
2.3175 140.357013514404
2.3225 -221.2377482916301
2.3274999999999997 15.667685567584105
2.3325 70.05144259331205
2.3375 -69.18800743574194
2.3425 141.72171470435285
2.3474999999999997 75.80435361354901
2.3525 -80.95059113851637
2.3575 -223.4486476636488
2.3625 -22.79230919129968
2.3674999999999997 337.3709926280815
2.3725 86.43513138940719
2.3775 -78.21749610319569
2.3825 -264.1344499220309
2.3874999999999997 117.05428362909225
2.3925 223.44567609120764
2.3975 28.326802531546274
2.4025 -198.14084180621842
2.4074999999999998 -24.9859299413285
2.4125 200.9917069300331
2.4175 -24.40384333617843
2.4225 -132.250793378156
2.4274999999999998 58.28990222392496
2.4325 255.36294632363376
2.4375 -239.5308078474237
2.4425 100.4632308419381
2.4475 -246.99571256980568
2.4524999999999997 -82.53110614885975
2.4575 100.7153320449231
2.4625 -82.04216701689629
2.4675 134.88138883613593
2.4724999999999997 104.5527345471248
2.4775 103.11531809266039
2.4825 100.24050051332412
2.4875 -76.05396740920804
2.4924999999999997 77.37640714932986
2.4975 24.98628732479174
2.5025 -150.94934434309195
2.5075 -225.71656140907322
2.5124999999999997 250.40113063988525
2.5175 85.83627072297772
2.5225 -57.171272377902625
2.5275 200.98455070777678
2.5324999999999998 -11.058391234533381
2.5375 -74.51345125345958
2.5425 3.433320033940295
2.5475 -139.62019579139476
2.5524999999999998 73.39654450627786
2.5574999999999997 -303.7299868177187
2.5625 237.3173694211683
2.5675 -86.97247696668117
2.5725 -142.44529996251603
2.5774999999999997 157.40607807916504
2.5825 -188.36270024656338
2.5875 -145.40904523216605
2.5925 59.94319009989254
2.5974999999999997 -224.9621299183889
2.6025 -2.0332174197433877
2.6075 388.39214864904795
2.6125 -19.814010809112602
2.6174999999999997 19.259108506038082
2.6225 72.09129246326633
2.6275 10.535267374269127
2.6325 28.136618474112904
2.6374999999999997 -141.65954320599027
2.6425 7.003901634661008
2.6475 -81.47936471025984
2.6525 52.18737418575921
2.6574999999999998 212.65281945401497
2.6625 124.06790093584148
2.6675 -157.21139014795418
2.6725 120.76848416943686
2.6774999999999998 -163.03215882693544
2.6824999999999997 43.70446714221721
2.6875 -316.06009447323095
2.6925 265.4459512412309
2.6975 -34.54489688123904
2.7024999999999997 -25.826029116692663
2.7075 -65.838932987152
2.7125 117.45825773752965
2.7175 -61.65359340615081
2.7224999999999997 12.07852917189679
2.7275 67.97576082046466
2.7325 83.00076716678039
2.7375 0.8390418940213396
2.7424999999999997 -155.3449571165471
2.7475 59.49362749369873
2.7525 -62.91719290654302
2.7575 -255.25452570760422
2.7624999999999997 240.78480510155438
2.7675 227.0398307893776
2.7725 242.60166104627368
2.7775 -266.743932715068
2.7824999999999998 -21.435824334016434
2.7875 134.9908898923778
2.7925 -232.28537894167405
2.7975 -28.575289569254025
2.8024999999999998 60.14063577875531
2.8074999999999997 -156.2785198310326
2.8125 -74.66787696372735
2.8175 386.1762509087543
2.8225 30.21414223238376
2.8274999999999997 -42.57589358819288
2.8325 -293.3851078515893
2.8375 149.48983725489063
2.8425 -230.6056806119915
2.8474999999999997 69.329630962432
2.8525 -34.912331425419076
2.8575 121.20110172031207
2.8625 -52.26860424945014
2.8674999999999997 69.14854656431692
2.8725 -52.60693118691898
2.8775 228.2439790374807
2.8825 -80.06224453769269
2.8874999999999997 82.47132915917624
2.8925 -154.20025998914858
2.8975 87.44802540345455
2.9025 -0.025264803109954964
2.9074999999999998 -314.7494781357698
2.9125 -14.243332146492284
2.9175 -40.52708146601954
2.9225 285.5576064037815
2.9274999999999998 10.933760380297706
2.9324999999999997 68.22138617522485
2.9375 -5.5247602990062505
2.9425 210.67353996240092
2.9475 -123.21275750884729
2.9524999999999997 -46.780591977422766
2.9575 169.8294388373098
2.9625 -7.430786049493025
2.9675 -36.043377715099204
2.9724999999999997 -254.12215291472344
2.9775 -28.536833937507723
2.9825 84.61686406949401
2.9875 -260.54661035808454
2.9924999999999997 89.91448230814491
2.9975 -8.130580503675338
3.0025 129.71359185110444
3.0075 -22.6420418139499
3.0124999999999997 67.91411901544942
3.0175 -29.49062993781792
3.0225 -36.64072562048852
3.0275 126.2471523968598
3.0324999999999998 69.54532109340995
3.0374999999999996 81.70204066158512
3.0425 -20.121446512166195
3.0475 -78.35913236068475
3.0524999999999998 -157.3884841478512
3.0574999999999997 -60.796430223092926
3.0625 -78.50908706040033
3.0675 73.4138783937518
3.0725 154.1785882875181
3.0774999999999997 -178.50946052604456
3.0825 -183.08756769117167
3.0875 -157.63693147994036
3.0925 129.7999427224342
3.0974999999999997 269.5188581952327
3.1025 -72.63222681001183
3.1075 126.92061363742027
3.1125 84.46076835472563
3.1174999999999997 -45.71691789842298
3.1225 144.72856553830582
3.1275 -5.891960096463746
3.1325 174.9142589417062
3.1374999999999997 -430.5278521307964
3.1425 260.7506554594523
3.1475 -69.65227875312718
3.1525 -77.68561319005445
3.1574999999999998 56.57240559279456
3.1624999999999996 7.083758680035601
3.1675 -35.37045031279736
3.1725 228.18554111731623
3.1774999999999998 104.30460331386647
3.1824999999999997 57.54516916776126
3.1875 -187.7298880853341
3.1925 -124.7255457212174
3.1975 -7.590219733703123
3.2024999999999997 55.64312490064365
3.2075 22.172697980432083
3.2125 104.57639554301049
3.2175 -229.48352417016716
3.2224999999999997 33.340019852461694
3.2275 177.32642836408093
3.2325 -94.60191703536942
3.2375 325.1018753027957
3.2424999999999997 -326.72259193942654
3.2475 103.55132055574258
3.2525 395.2896763327704
3.2575 -24.814848398441747
3.2624999999999997 -223.73527380662247
3.2675 -11.960550258823947
3.2725 148.7523338451263
3.2775 -238.86966133571357
3.2824999999999998 20.027437423767054
3.2874999999999996 -49.418101838270374
3.2925 -12.647744182652929
3.2975 86.97554630639527
3.3024999999999998 -125.8195396618993
3.3074999999999997 -7.614700237765934
3.3125 9.847621326147182
3.3175 -61.40700908010668
3.3225 119.71447270108142
3.3274999999999997 143.25356766652217
3.3325 -176.4361551032172
3.3375 9.430726147549217
3.3425 137.69538293437367
3.3474999999999997 -256.7086963869868
3.3525 -1.6719406347419743
3.3575 100.72965495040238
3.3625 138.49605163432904
3.3674999999999997 -51.3912985738627
3.3725 -66.74572957505758
3.3775 202.72624269938942
3.3825 38.26136541177965
3.3874999999999997 -159.10065966685934
3.3924999999999996 213.52113100104174
3.3975 -312.09015290564935
3.4025 -75.98449580095404
3.4074999999999998 65.57304442754464
3.4124999999999996 212.55853180125956
3.4175 -201.64843180826932
3.4225 -149.6866605391359
3.4274999999999998 25.989567052597113
3.4324999999999997 -15.445205348181368
3.4375 251.63253036394389
3.4425 45.63834380178423
3.4475 -150.52858255438085
3.4524999999999997 -55.867892782123
3.4575 100.37629349855546
3.4625 -320.3618802712152
3.4675 230.61444992845838
3.4724999999999997 -368.4493639988223
3.4775 250.9810413639793
3.4825 25.322063694381463
3.4875 -140.86816173903765
3.4924999999999997 264.70109673258685
3.4975 -197.39540964168205
3.5025 3.3776655861946545
3.5075 255.4973659286914
3.5124999999999997 -86.8288377630465
3.5174999999999996 154.41318763543313
3.5225 -4.895396572394422
3.5275 -96.12788652622062
3.5324999999999998 280.12984612498303
3.5374999999999996 -205.3850617137132
3.5425 -157.84428968128202
3.5475 343.3756247037242
3.5524999999999998 -203.86753494663526
3.5574999999999997 -442.14538900490015
3.5625 183.95567238738684
3.5675 -165.5668231419332
3.5725 -135.1596898918665
3.5774999999999997 -0.48353719407087786
3.5825 -55.61698564255374
3.5875 212.85222626805307
3.5925 357.92067769102243
3.5974999999999997 -156.76430238276794
3.6025 -77.49383143379536
3.6075 108.00444114442486
3.6125 -40.96126536571672
3.6174999999999997 98.13487152605823
3.6225 -67.07095668484199
3.6275 -11.058422551640982
3.6325 -180.4260251411623
3.6374999999999997 244.8711865700637
3.6424999999999996 50.23237874257076
3.6475 88.04485868192015
3.6525 -151.7197505850971
3.6574999999999998 14.08563522946125
3.6624999999999996 -26.4806248263653
3.6675 195.17708574664056
3.6725 -231.99822264480747
3.6774999999999998 135.29484742272015
3.6824999999999997 48.00237619808297
3.6875 64.5338917424866
3.6925 -151.71793156116638
3.6975 117.10786404217384
3.7024999999999997 -117.47243043931846
3.7075 107.00855817531573
3.7125 41.19876983590765
3.7175 -92.64655868216933
3.7224999999999997 -174.86572058294874
3.7275 16.981391321673485
3.7325 73.90086441719362
3.7375 59.858786547367075
3.7424999999999997 -83.09251813381996
3.7474999999999996 48.35749430281436
3.7525 9.564538095451786
3.7575 98.91576992020188
3.7624999999999997 -193.83917180258163
3.7674999999999996 -0.07284569763705348
3.7725 -123.57035288889925
3.7775 46.62444293804154
3.7824999999999998 226.01948073782316
3.7874999999999996 -52.78975375029828
3.7925 87.09286519168771
3.7975 190.4894456818261
3.8024999999999998 -81.48142992876335
3.8074999999999997 -71.9534123178185
3.8125 -108.8650797369198
3.8175 -129.96295497831815
3.8225 197.01797730827644
3.8274999999999997 -277.0646725072906
3.8325 122.92439096367318
3.8375 -150.18589602552314
3.8425 106.05309901289814
3.8474999999999997 -103.59440092161651
3.8525 77.63261188029456
3.8575 -78.4924888617861
3.8625 7.8199044010762035
3.8674999999999997 18.08993955915279
3.8724999999999996 -176.0284459691524
3.8775 162.62979728637063
3.8825 175.8079112921634
3.8874999999999997 40.51656520102402
3.8924999999999996 -205.44441710670444
3.8975 224.18454719011663
3.9025 -134.3770095806171
3.9074999999999998 154.05960689804076
3.9124999999999996 -314.1743189829675
3.9175 -84.37673442302058
3.9225 171.8027196882846
3.9274999999999998 -110.39646721897086
3.9324999999999997 162.84520949446667
3.9375 -92.60399068983476
3.9425 138.82941698138674
3.9475 16.298130852876373
3.9524999999999997 110.0464552409561
3.9575 -128.24251216130028
3.9625 17.878062746571246
3.9675 60.27211736541564
3.9724999999999997 121.97397359241077
3.9775 -183.92592139833263
3.9825 -63.10492054479682
3.9875 87.43841947282742
3.9924999999999997 -112.8258914465436
3.9974999999999996 -66.57661272012722
4.0024999999999995 -56.9926551231027
4.007499999999999 99.81707443484213
4.0125 55.29222486818676
4.0175 62.272226286367015
4.0225 -80.62249338159131
4.0275 -133.40938753784573
4.0325 134.6894369411368
4.0375 91.61877173865055
4.0424999999999995 -224.50048390887073
4.047499999999999 249.8207125260142
4.0525 -160.15749572778543
4.0575 -165.17569641634435
4.0625 270.63078946984007
4.0675 -114.49868869628767
4.0725 28.543178217694866
4.0775 11.720750955201915
4.0825 44.324978785720646
4.0874999999999995 32.506843205307206
4.0925 67.00582841729289
4.0975 81.46043654515682
4.1025 -243.98990842464437
4.1075 284.9435008358293
4.1125 -382.6284700045516
4.1175 72.10163710919633
4.1225 28.763636707266627
4.1274999999999995 -151.4855086206453
4.132499999999999 252.4576182495917
4.1375 -10.000066426735772
4.1425 -137.74681325695846
4.1475 98.61572308077538
4.1525 77.67074545901202
4.1575 0.19790490871795605
4.1625 97.67956025685191
4.1674999999999995 -260.9487695875025
4.172499999999999 78.45272679347323
4.1775 60.47312450996912
4.1825 15.630629468428008
4.1875 -11.607817780818806
4.1925 -79.7570316913565
4.1975 7.006984922330589
4.2025 -159.73087171865066
4.2075 -13.81984141068362
4.2124999999999995 -98.13880906020916
4.2175 90.7674619598558
4.2225 171.0429394198399
4.2275 148.79845104934634
4.2325 -182.4780465102542
4.2375 -24.896163663087176
4.2425 -231.11510231658795
4.2475 259.25153051953447
4.2524999999999995 -167.63171768443283
4.257499999999999 239.03932110823203
4.2625 -15.749848433694353
4.2675 -187.3602191050019
4.2725 170.08978351226057
4.2775 -201.09455165347993
4.2825 -12.333925974119092
4.2875 155.06300682827384
4.2924999999999995 -10.226688596788012
4.297499999999999 177.76571948531878
4.3025 80.01610312192726
4.3075 -55.99856749271685
4.3125 157.1792916916746
4.3175 -144.01939911071202
4.3225 -173.36793175189902
4.3275 9.026253597079876
4.3325 57.55324345497451
4.3374999999999995 72.56124040115812
4.342499999999999 -156.92862956241777
4.3475 164.2182798031171
4.3525 -227.0691433389253
4.3575 -106.17776715488749
4.3625 -3.0662024767863794
4.3675 2.836303589870535
4.3725 -57.22906533671032
4.3774999999999995 37.83734703863128
4.382499999999999 9.56010948800012
4.3875 244.68708961094012
4.3925 -143.7617453713905
4.3975 119.95679316344999
4.4025 -331.98326757054025
4.4075 237.71610173003228
4.4125 -193.42472672710792
4.4174999999999995 -33.80005526787461
4.422499999999999 202.76461431444162
4.4275 -121.61515770046145
4.4325 114.5950674896903
4.4375 75.24154584615643
4.4425 -100.14920788794446
4.4475 11.596932848990402
4.4525 36.959510090682706
4.4575 127.8911134328945
4.4624999999999995 79.36532573086147
4.467499999999999 -332.5417650249338
4.4725 317.4081417385359
4.4775 -157.0721569192396
4.4825 -17.193846316485317
4.4875 -190.1882926116281
4.4925 -48.419861664683914
4.4975 246.84561519961142
4.5024999999999995 32.889692477236835
4.507499999999999 81.17980578610643
4.5125 131.4512914378356
4.5175 -25.599438790085973
4.5225 176.43452319242522
4.5275 152.0448182144848
4.5325 -240.15488648316625
4.5375 -91.48294812713014
4.5424999999999995 25.121744736688335
4.547499999999999 -143.92701943299963
4.5525 186.05720847212024
4.5575 -244.9221542415967
4.5625 82.3073424543832
4.5675 -191.31700406619345
4.5725 225.45432616112765
4.5775 -64.572279674015
4.5825 14.686174979720866
4.5874999999999995 -75.27852950805313
4.592499999999999 88.87324012724575
4.5975 -401.0798950417001
4.6025 215.74052125675553
4.6075 -313.73453501203835
4.6125 232.013541184298
4.6175 40.24940777222079
4.6225 -87.6941094452839
4.6274999999999995 39.05418983420281
4.632499999999999 153.42682164583877
4.6375 190.72885957448943
4.6425 -56.54572394345449
4.6475 41.664821820346
4.6525 -85.25654158547394
4.6575 -35.22847012635873
4.6625 22.416352972654924
4.6674999999999995 59.01406625644862
4.672499999999999 19.8452689668663
4.6775 84.19682961402779
4.6825 58.108928685739116
4.6875 124.53598563741537
4.6925 -148.50531686929307
4.6975 225.44504524418025
4.7025 -168.4457864220768
4.7075 294.89159323288527
4.7124999999999995 -236.75763691479173
4.717499999999999 56.754940117734606
4.7225 -10.630645862411242
4.7275 -15.87102353392553
4.7325 -157.8439994059065
4.7375 32.4395243192397
4.7425 -54.9795140746848
4.7475 -49.51872607352053
4.7524999999999995 -97.720698567301
4.757499999999999 -56.17062368188939
4.7625 80.43528892325277
4.7675 -80.52692251693107
4.7725 341.58102943279357
4.7775 -273.8025334941082
4.7825 175.6606535151712
4.7875 -156.08990715552778
4.7924999999999995 110.77254081097688
4.797499999999999 -12.91340983814146
4.8025 228.77284267880466
4.8075 -101.38361194898127
4.8125 -232.09741103014935
4.8175 -14.277570676399662
4.8225 93.95528850313865
4.8275 215.61284325123967
4.8325 55.26863387524747
4.8374999999999995 -92.90981634156904
4.842499999999999 -173.67743767366653
4.8475 -76.69172477857998
4.8525 74.01683614052116
4.8575 -170.13628862754456
4.8625 -19.261034376571203
4.8675 -137.13543857697502
4.8725 81.20801276280505
4.8774999999999995 179.9804000691194
4.882499999999999 122.25393879713236
4.8875 32.6662851793399
4.8925 -183.63862141120762
4.8975 176.91094613969068
4.9025 -18.351079234670213
4.9075 -54.0106967184451
4.9125 148.8510858963135
4.9174999999999995 -163.59765868132152
4.922499999999999 -78.5574869922788
4.9275 213.24568861826359
4.9325 145.75296260230328
4.9375 -68.70385225513385
4.9425 -13.230435550099408
4.9475 -1.1350909336024455
4.9525 60.55691751048081
4.9575 12.507669602736614
4.9624999999999995 -131.83419610683373
4.967499999999999 25.427670770937173
4.9725 239.96133188913097
4.9775 -211.45346884205375
4.9825 -183.1289903556944
4.9875 -111.60871363687141
4.9925 -4.0522956917418265
4.9975 -143.3697055810552
5.0024999999999995 195.518498406092
5.007499999999999 -114.493457949811
5.0125 -13.871935116453216
5.0175 -130.34399897689585
5.0225 344.86188225995164
5.0275 12.169810908660242
5.0325 -82.06083800012195
5.0375 -122.9909103424054
5.0424999999999995 -81.29958082740947
5.047499999999999 82.14733479864638
5.0525 -268.89914092726957
5.0575 82.75729270847198
5.0625 163.50580363095378
5.0675 135.1235358701523
5.0725 72.1947156321124
5.0775 -34.28491593870294
5.0825 -19.54056166812428
5.0874999999999995 -118.37120011042565
5.092499999999999 367.3910472176783
5.0975 -376.4138888290433
5.1025 202.6112029889743
5.1075 -331.49652576790396
5.1125 135.44074080017984
5.1175 -67.45450203870112
5.1225 -32.013728766027086
5.1274999999999995 60.33217528797616
5.132499999999999 66.06471854304398
5.1375 150.27774397032866
5.1425 31.048718017375005
5.1475 298.53119589658087
5.1525 -127.58427367597676
5.1575 -188.73641742359902
5.1625 -234.6459255991536
5.1674999999999995 -4.48340008682339
5.172499999999999 61.143125539100616
5.177499999999999 -115.40727180675597
5.1825 162.4789625825106
5.1875 -145.84845398993417
5.1925 -21.030790838884432
5.1975 -3.175950780276925
5.2025 -243.40453865499092
5.2075 376.9033045600141
5.2124999999999995 -57.42202161608901
5.217499999999999 239.14094058274
5.2225 8.458582467094784
5.2275 -172.9483073136903
5.2325 -148.7395034366764
5.2375 107.92788535642046
5.2425 185.21238034771574
5.2475 -296.0605911199391
5.2524999999999995 -74.93733659469288
5.257499999999999 -274.8453780450824
5.2625 231.63451567117127
5.2675 27.531493206014407
5.2725 345.95508509825726
5.2775 -182.62242531738704
5.2825 430.48394034834945
5.2875 -359.9048786397794
5.2924999999999995 -313.5686545433268
5.297499999999999 75.08460193779304
5.302499999999999 118.97052849390964
5.3075 376.5936006035955
5.3125 -116.4383498098473
5.3175 -106.02581286443066
5.3225 19.458212675758965
5.3275 -51.606193934546845
5.3325 -107.27952168536864
5.3374999999999995 -36.69522791447713
5.342499999999999 -1.8950168660728135
5.3475 -184.25389915020673
5.3525 504.698582380263
5.3575 -344.77277929910287
5.3625 35.23153709755208
5.3675 39.61876596549909
5.3725 -61.836495051806025
5.3774999999999995 199.0704151422656
5.382499999999999 -54.16528190910957
5.3875 -105.84347203185361
5.3925 156.5228435356119
5.3975 21.65497118943446
5.4025 -109.92848870607696
5.4075 117.20363623109725
5.4125 102.60610261384923
5.4174999999999995 -166.13210588191785
5.422499999999999 183.1994163462234
5.427499999999999 -132.3354465464509
5.4325 -72.13772915461774
5.4375 56.54419387905444
5.4425 115.680257901939
5.4475 79.7783868007143
5.4525 147.91021366364583
5.4575 -236.59254549244872
5.4624999999999995 6.061013001334031
5.467499999999999 -194.5294479614043
5.4725 299.25636694517385
5.4775 64.29501563561645
5.4825 -372.2057194713527
5.4875 405.9167438866767
5.4925 -19.025588940412945
5.4975 -133.661954220949
5.5024999999999995 -79.95998023341242
5.507499999999999 385.7790039255653
5.5125 -382.2580783622238
5.5175 64.71830082001034
5.5225 -72.66590006941658
5.5275 -46.66488279804038
5.5325 7.183643147306991
5.5375 71.82966355663096
5.5424999999999995 77.25319920037869
5.547499999999999 -68.80560995914405
5.552499999999999 26.89696682378526
5.5575 138.22212747334723
5.5625 -172.46831704522447
5.5675 -74.71667717561141
5.5725 246.64446936501
5.5775 -207.80659179323368
5.5825 -71.50184475881566
5.5874999999999995 -166.61245215220978
5.592499999999999 117.63428330429868
5.5975 280.7978016074917
5.6025 -99.32898362805815
5.6075 -62.2032470672586
5.6125 -227.77637152704435
5.6175 315.3311835303847
5.6225 -152.3389966490168
5.6274999999999995 134.78334299888363
5.632499999999999 96.54440116248587
5.6375 -218.4645098561569
5.6425 53.26987290576789
5.6475 53.722410374015034
5.6525 -92.19980224671816
5.6575 -1.5552944093405874
5.6625 91.16561108627899
5.6674999999999995 -96.98479364586927
5.672499999999999 -40.531836501684175
5.677499999999999 -267.4952164416847
5.6825 136.21616672714654
5.6875 47.610432069668775
5.6925 118.95250299837872
5.6975 -95.37322055198277
5.7025 285.6869100204821
5.7075 128.35882732938757
5.7124999999999995 -266.67810231270306
5.717499999999999 -140.34149115054507
5.7225 68.7916275285216
5.7275 4.496007393777734
5.7325 146.69664337423433
5.7375 -268.59794917123276
5.7425 40.398096135741845
5.7475 22.12471780306308
5.7524999999999995 -5.447906932687374
5.757499999999999 198.77617775788403
5.7625 -133.1691292675375
5.7675 -54.228202978495055
5.7725 -144.32922807239203
5.7775 221.25571944276842
5.7825 69.92335687326715
5.7875 -139.15971614675803
5.7924999999999995 40.56631979518307
5.797499999999999 -6.6931511868274365
5.802499999999999 15.692134425578097
5.8075 38.1730409705407
5.8125 239.45374348538195
5.8175 74.11730510607816
5.8225 -347.1430653796703
5.8275 116.01224266457247
5.8325 -208.30991639909936
5.8374999999999995 192.70240500896895
5.842499999999999 -148.4023899055427
5.8475 31.454382328531587
5.8525 5.817086155563678
5.8575 142.34189534708244
5.8625 48.696280667515104
5.8675 -129.66193349260587
5.8725 -56.34695847219987
5.8774999999999995 13.965337271411936
5.882499999999999 84.61889895777357
5.8875 -105.13056202564081
5.8925 150.72404551821268
5.8975 -118.45070214085774
5.9025 141.92487174202637
5.9075 -143.2292242734935
5.9125 -128.5201288553726
5.9174999999999995 67.70809455445512
5.922499999999999 96.015806282474
5.927499999999999 270.9758963637283
5.9325 -200.7278288497832
5.9375 -22.680450141073575
5.9425 -124.82306166774569
5.9475 29.153474694402252
5.9525 84.97747773447959
5.9575 -89.58293710348602
5.9624999999999995 264.1036397436589
5.967499999999999 60.25656618455434
5.9725 -160.74859402802505
5.9775 90.14510839672113
5.9825 -88.9262255152829
5.9875 324.6362546523016
5.9925 -318.16148976256466
5.9975 -36.798808589952614
6.0024999999999995 112.01098583157041
6.007499999999999 -171.5348945998008
6.012499999999999 129.738226966938
6.0175 -23.861344581482104
6.0225 -140.94210958832716
6.0275 166.65549106897075
6.0325 -32.44948815966801
6.0375 24.352790003145245
6.0424999999999995 32.08180794725312
6.047499999999999 51.93834844116689
6.052499999999999 65.4382484908578
6.0575 9.561788506038011
6.0625 -157.73265840380068
6.0675 32.90941988650617
6.0725 8.468702761476623
6.0775 -203.59261153306886
6.0825 126.52252214500183
6.0874999999999995 8.379125043803349
6.092499999999999 -249.61632392334647
6.0975 223.72925960611775
6.1025 143.23401552778782
6.1075 11.3551242502713
6.1125 78.46829560665563
6.1175 -177.09338934499766
6.1225 -74.82178317844547
6.1274999999999995 -117.83413540023643
6.132499999999999 122.62525495205689
6.137499999999999 106.26750895841447
6.1425 -23.02322917382478
6.1475 -129.0751807700074
6.1525 129.10564639440355
6.1575 -335.5775908284364
6.1625 248.30931687225655
6.1674999999999995 5.815237854084899
6.172499999999999 -225.00092339330234
6.177499999999999 162.6096244636171
6.1825 111.44813200960782
6.1875 -106.99646582424626
6.1925 14.805636586778894
6.1975 -10.979436069223969
6.2025 23.850063317182688
6.2075 9.595291626702714
6.2124999999999995 -122.23797128295823
6.217499999999999 52.652306123055034
6.2225 68.83395799441139
6.2275 7.1454135119149305
6.2325 -61.93824841352823
6.2375 56.24204695123572
6.2425 -100.54577563201818
6.2475 78.01099162199746
6.2524999999999995 130.2706972732235
6.257499999999999 21.717882258399037
6.262499999999999 -268.56236056805375
6.2675 57.35669755082515
6.2725 152.0282648861802
6.2775 -132.15385495593557
6.2825 -137.96137386671091
6.2875 200.18543634955907
6.2924999999999995 224.80326263959765
6.297499999999999 -6.569841523068775
6.302499999999999 118.8513657152187
6.3075 -165.05573557774744
6.3125 69.38254772915982
6.3175 6.4677907804088415
6.3225 -233.89420988067025
6.3275 73.21048246444441
6.3325 -212.00012290322488
6.3374999999999995 -184.90750333788327
6.342499999999999 173.06406017912198
6.3475 40.921058064848346
6.3525 16.982315122891585
6.3575 -93.18109757469878
6.3625 117.2619438332767
6.3675 -18.41385868625294
6.3725 -22.764376420221247
6.3774999999999995 115.69346587562265
6.382499999999999 -145.3839753406316
6.387499999999999 246.17771920562643
6.3925 13.7926362031229
6.3975 -98.6788904048719
6.4025 162.88301691893417
6.4075 -335.0298365276999
6.4125 282.2311556746883
6.4174999999999995 -46.203478246053464
6.422499999999999 -82.00529102400502
6.427499999999999 26.8095726848604
6.4325 -0.29904030035098217
6.4375 -88.75986033867002
6.4425 7.231110474142868
6.4475 199.8340963643742
6.4525 -135.0278195388431
6.4575 186.66239815493654
6.4624999999999995 -215.042185548182
6.467499999999999 92.98336601620473
6.4725 -28.85138513741931
6.4775 -90.16263702923395
6.4825 152.09873943138444
6.4875 -17.577363248095534
6.4925 -64.80204513426231
6.4975 -118.19706199151992
6.5024999999999995 -89.47295221109013
6.507499999999999 248.87382477699697
6.512499999999999 -98.85833881872993
6.5175 14.053257287734008
6.5225 -114.19601990439854
6.5275 -17.83282347403996
6.5325 -49.82788066471119
6.5375 -76.84871033343312
6.5424999999999995 37.83947002272402
6.547499999999999 134.29032303726424
6.552499999999999 -231.7663157786394
6.5575 363.2503422784965
6.5625 24.068173023684206
6.5675 -145.00552614288029
6.5725 -209.5673395869005
6.5775 232.84632755186783
6.5825 -216.54469010403128
6.5874999999999995 312.33647406272206
6.592499999999999 41.647585042222524
6.5975 30.406648492821265
6.6025 89.0735717170495
6.6075 -379.6131691438864
6.6125 374.021580111022
6.6175 -70.50546782154709
6.6225 -25.844252778459104
6.6274999999999995 72.26215465481538
6.632499999999999 -205.0363673004061
6.637499999999999 77.46879353785101
6.6425 67.78058997419116
6.6475 186.09128832758591
6.6525 96.63333622153084
6.6575 -322.8612909971346
6.6625 266.3047602830363
6.6674999999999995 -226.84660344595827
6.672499999999999 -247.81361331084298
6.677499999999999 -35.74351943624076
6.6825 29.549952697856693
6.6875 152.0415904470499
6.6925 -172.37090662945374
6.6975 53.252225320879965
6.7025 4.873614866133897
6.7075 -147.45603507369265
6.7124999999999995 188.26822100679675
6.717499999999999 19.192597548712957
6.722499999999999 201.87171831160836
6.7275 -79.63282383189826
6.7325 -5.390710314769
6.7375 86.89959942559858
6.7425 -76.64707868891037
6.7475 -34.45244167403187
6.7524999999999995 66.85647581528788
6.757499999999999 -249.27709780329445
6.762499999999999 -14.423872097349605
6.7675 67.71847314918244
6.7725 3.194975791561445
6.7775 71.89756167760464
6.7825 -79.99220580030517
6.7875 -33.93310507843584
6.7924999999999995 153.71419847830347
6.797499999999999 -21.4025860929215
6.802499999999999 76.22133261146438
6.8075 -226.91358258088363
6.8125 237.92228040804383
6.8175 139.7594663901033
6.8225 -200.43545970192997
6.8275 106.79800799751929
6.8325 83.19799073103127
6.8374999999999995 -347.4793461125939
6.842499999999999 256.458190843268
6.847499999999999 83.21810789354733
6.8525 -47.90618951802951
6.8575 26.319033025004774
6.8625 -279.3686975094713
6.8675 143.8741319438199
6.8725 -112.12359530811862
6.8774999999999995 -150.81013782602798
6.882499999999999 104.99901254138585
6.887499999999999 19.211956258253284
6.8925 -162.4064869662397
6.8975 -102.08901690246606
6.9025 171.77053451782893
6.9075 -22.088860504364213
6.9125 -57.887210143132016
6.9174999999999995 123.95064152673659
6.922499999999999 -13.621582276530084
6.927499999999999 -82.43124793269325
6.9325 87.0977711876536
6.9375 -125.28281470285224
6.9425 190.91743856436585
6.9475 -88.27009710952049
6.9525 140.08584881167238
6.9575 128.9496548287556
6.9624999999999995 -205.87482601198664
6.967499999999999 -71.08654254200191
6.972499999999999 65.09485772183245
6.9775 237.38882611297404
6.9825 -349.51237799821234
6.9875 84.44691119253359
6.9925 168.71676966980257
6.9975 -254.26079388166775
7.0024999999999995 84.8045057172864
7.007499999999999 181.34664704781437
7.012499999999999 50.83845925235542
7.0175 -320.6963164528178
7.0225 39.251497612524524
7.0275 81.32887758681889
7.0325 -438.26738104362425
7.0375 110.57979954064788
7.0424999999999995 208.77524019499367
7.047499999999999 -90.62739685402245
7.052499999999999 114.97866968804725
7.0575 166.98065817622967
7.0625 -125.91118378233644
7.0675 34.11415243551819
7.0725 -108.16507922143283
7.0775 -37.415001104296515
7.0825 189.93089046184326
7.0874999999999995 151.50452205249508
7.092499999999999 110.61389308090003
7.097499999999999 -120.89246465090376
7.1025 142.6653129070191
7.1075 16.94845835658544
7.1125 -87.31776965786327
7.1175 229.94048366664168
7.1225 -37.8071120818386
7.1274999999999995 38.24197249027304
7.132499999999999 88.66659300846499
7.137499999999999 -68.97767325387883
7.1425 -94.50512111914705
7.1475 0.14877363026780344
7.1525 102.96481508039277
7.1575 -29.737670072520604
7.1625 -224.2300548949988
7.1674999999999995 8.07214633366869
7.172499999999999 -73.09085453459643
7.177499999999999 62.32113255534657
7.1825 -183.95629162397665
7.1875 24.25593303172149
7.1925 78.46031421808928
7.1975 163.49757499513873
7.2025 -73.49653029360327
7.2075 -127.41273645601595
7.2124999999999995 5.971372649445549
7.217499999999999 -217.81928954109242
7.222499999999999 93.63379918225586
7.2275 83.76673782735614
7.2325 74.21362521280014
7.2375 39.799083818192564
7.2425 -220.5028409121847
7.2475 89.03574301958547
7.2524999999999995 316.15958813457974
7.257499999999999 100.54408398186966
7.262499999999999 -241.90506935847395
7.2675 -178.45531798403997
7.2725 122.39413022407201
7.2775 -14.083869628831751
7.2825 108.51720720031054
7.2875 -64.44392664008734
7.2924999999999995 -11.219781711630741
7.297499999999999 10.867515569043022
7.302499999999999 -175.0062899205314
7.3075 -11.401631997245005
7.3125 -98.49829892789438
7.3175 -16.606130790204766
7.3225 173.39748194302794
7.3275 340.95184189780815
7.3325 -273.21524351205454
7.3374999999999995 -210.8882543944172
7.342499999999999 -73.66527002739751
7.347499999999999 63.48997543587623
7.3525 -183.1362165808971
7.3575 303.7566550454412
7.3625 -117.4494173654405
7.3675 -20.677959014592567
7.3725 115.01487542246433
7.3774999999999995 220.06447983009195
7.382499999999999 -38.31895520414138
7.387499999999999 -306.2552078405137
7.3925 17.590651438971275
7.3975 84.32945572254498
7.4025 216.5901199108979
7.4075 -136.61732466442038
7.4125 167.12948259810898
7.4174999999999995 -19.745005273107036
7.422499999999999 172.2602824996262
7.427499999999999 -72.600508896065
7.4325 138.16401818543585
7.4375 -434.1277712821171
7.4425 -351.26705527321457
7.4475 608.4618992273001
7.4525 -298.4165194909308
7.4575 229.75446425818163
7.4624999999999995 24.88275994103297
7.467499999999999 -67.73551360325321
7.472499999999999 -138.46695067263437
7.4775 152.04513217506775
7.4825 -197.10594561610472
7.4875 6.142883289340265
7.4925 153.0668196513351
7.4975 -9.008744175901974
7.5024999999999995 15.214940130057258
7.507499999999999 -68.99867887484254
7.512499999999999 -159.4041663887536
7.5175 52.01338817851898
7.5225 158.63822704528542
7.5275 22.40641676496862
7.5325 -143.28869835569085
7.5375 56.851814195141515
7.5424999999999995 -359.5483590944828
7.547499999999999 232.7944862909341
7.552499999999999 25.336662071981603
7.557499999999999 -80.46373196251879
7.5625 166.5095787433451
7.5675 11.385309994466313
7.5725 -207.05405071106355
7.5775 409.80550328732016
7.5825 -122.20361667908638
7.5874999999999995 2.260030387299935
7.592499999999999 0.6708011285969689
7.597499999999999 -294.48512507210535
7.6025 37.516913025324
7.6075 173.9176443628564
7.6125 103.76595301062422
7.6175 -183.45096798660376
7.6225 50.74497505446985
7.6274999999999995 -149.70157064038273
7.632499999999999 108.6858177181398
7.637499999999999 281.87812049890977
7.6425 -114.68636106905745
7.6475 123.68912078254853
7.6525 -130.93648082221065
7.6575 57.45078966903478
7.6625 33.466259376379575
7.6674999999999995 -86.93385034089567
7.672499999999999 256.2556633715664
7.677499999999999 -72.56792752472282
7.682499999999999 132.5357407662607
7.6875 34.69718434361373
7.6925 -505.4207267225152
7.6975 192.49648476288732
7.7025 -28.12475192202097
7.7075 123.8977048249592
7.7124999999999995 -205.15328748470674
7.717499999999999 21.700702324773392
7.722499999999999 140.74526051352268
7.7275 -149.43978146384373
7.7325 -286.9475014995306
7.7375 188.25230191571336
7.7425 -247.43775749116085
7.7475 269.3698245540211
7.7524999999999995 88.55233767316928
7.757499999999999 -44.88084270821687
7.762499999999999 -81.82301259537032
7.7675 -84.58288454719874
7.7725 68.5081174377545
7.7775 171.9839766594527
7.7825 156.77155216159363
7.7875 -232.4443498432479
7.7924999999999995 -152.38587099036775
7.797499999999999 30.706433742290137
7.802499999999999 -89.84253355615483
7.807499999999999 89.17587075963401
7.8125 110.66569815610019
7.8175 -272.8236665043556
7.8225 87.50273639043752
7.8275 198.4939806171155
7.8325 -254.95450597458176
7.8374999999999995 -63.55733511313431
7.842499999999999 122.0480282883027
7.847499999999999 -266.95455210630394
7.8525 422.1034299172881
7.8575 -413.31011507191334
7.8625 162.7809564117802
7.8675 -72.27627156478223
7.8725 162.3467107660631
7.8774999999999995 34.16998531182647
7.882499999999999 -107.07021866532793
7.887499999999999 75.85049752941967
7.8925 -48.95537104625181
7.8975 -77.50395659680319
7.9025 41.17448091885607
7.9075 -132.07042960247702
7.9125 116.82955364394478
7.9174999999999995 214.56717634463118
7.922499999999999 81.18799428865329
7.927499999999999 -153.21914632588653
7.932499999999999 -90.90803761349376
7.9375 14.289431175605255
7.9425 244.61280858973274
7.9475 -30.97558533397458
7.9525 -140.81935705328107
7.9575 219.73102000537344
7.9624999999999995 -105.45247899610227
7.967499999999999 -156.06189281851627
7.972499999999999 -14.254779717133603
7.9775 71.58383715722464
7.9825 163.42703518402962
7.9875 -11.571458092553428
7.9925 160.7195080669618
7.9975 51.37519789618899
8.0025 -101.73099051743111
8.0075 -10.378757365747422
8.0125 20.394973682754554
8.0175 -253.5018598330508
8.022499999999999 115.68586708539662
8.0275 -97.78824798938751
8.032499999999999 40.29594341510548
8.0375 -137.42128639771556
8.0425 -128.0770388900318
8.0475 0.334706192967297
8.0525 -7.370341531713422
8.0575 -8.88923072455657
8.0625 171.81082252933123
8.067499999999999 48.150331899187485
8.0725 18.963349215494553
8.077499999999999 -11.18351150081566
8.0825 -321.7300962801546
8.0875 165.7676408048272
8.0925 14.273526558815295
8.0975 -18.426657152568925
8.1025 -158.27736869894864
8.1075 69.10604470963447
8.112499999999999 -200.84483877470316
8.1175 121.77948540644924
8.1225 -0.784963565245751
8.1275 -22.307446283535093
8.1325 46.75196277900555
8.1375 25.87128233717944
8.1425 271.429830469707
8.147499999999999 -95.57829181496244
8.1525 -15.427265119397191
8.157499999999999 86.60284877753956
8.1625 10.887616151913885
8.1675 35.967333330198585
8.1725 292.39294964451767
8.1775 -225.80324058369487
8.1825 3.9708984499617856
8.1875 -34.640538538352615
8.192499999999999 9.411742716962188
8.1975 158.40715126672924
8.202499999999999 30.071797293750695
8.2075 -15.538574968875993
8.2125 158.94486406340678
8.2175 -69.87896224154976
8.2225 -133.9161267611161
8.2275 58.00970872012065
8.2325 -21.989293945210342
8.237499999999999 31.020146683235392
8.2425 28.837095588607173
8.2475 -41.88698538168383
8.2525 -160.75833049046204
8.2575 132.58547522799344
8.2625 166.12534191301347
8.2675 -282.4899551982553
8.272499999999999 165.21725658665468
8.2775 -141.61869931582802
8.282499999999999 35.3060689845815
8.2875 31.084713216614915
8.2925 39.401618404757215
8.2975 40.23797702794559
8.3025 2.3057194156034386
8.3075 -9.526114109774305
8.3125 -180.79990798306545
8.317499999999999 104.80574335410012
8.3225 -39.49166430003071
8.327499999999999 -44.14906638160935
8.3325 -182.69135311985764
8.3375 -253.1242839409712
8.3425 195.7712168061073
8.3475 283.679957653597
8.3525 -213.65817571658962
8.3575 121.13563146468455
8.362499999999999 161.85208099984533
8.3675 -5.3625875521412345
8.3725 44.49182686094807
8.3775 183.29813602762712
8.3825 -195.5080627694901
8.3875 137.81664678834048
8.3925 -37.09010650850754
8.397499999999999 83.82005822949394
8.4025 29.448543692733654
8.407499999999999 -162.65778412222463
8.4125 56.44111375096266
8.4175 -336.1834250120638
8.4225 453.5609490883749
8.4275 -52.156117080681405
8.4325 -13.882801955414832
8.4375 91.22432145212117
8.442499999999999 -82.50779194388619
8.4475 -181.16883035302558
8.452499999999999 42.77273292574541
8.4575 19.37691767512434
8.4625 3.802659789889187
8.4675 149.5180594953896
8.4725 -201.3617392151304
8.4775 -91.60128231831446
8.4825 180.37261697217255
8.487499999999999 88.44155682621923
8.4925 -79.94407666929834
8.4975 164.03246435060987
8.5025 -270.2016033791837
8.5075 8.164481404240398
8.5125 -213.4640466904819
8.5175 141.45832335511562
8.522499999999999 32.321636002085285
8.5275 113.73647602283205
8.532499999999999 35.85275008636445
8.5375 -212.7986066427947
8.5425 174.08402136562495
8.5475 -84.19645301922962
8.5525 20.07637793760902
8.5575 156.71945678994385
8.5625 -138.33942505377502
8.567499999999999 261.5216113298543
8.5725 182.3013788111948
8.577499999999999 -374.39783094733025
8.5825 84.46099915391359
8.5875 54.13597488611025
8.5925 80.25941388913542
8.5975 -190.16419659743258
8.6025 -8.696424451491609
8.6075 8.709144460557978
8.612499999999999 74.27652022845746
8.6175 -35.89626954966727
8.6225 144.3630930503925
8.6275 -108.95828760738533
8.6325 -10.453880790832429
8.6375 69.38089206736815
8.6425 -67.60356331265471
8.647499999999999 -66.53129607591832
8.6525 163.89238819167977
8.657499999999999 -69.75579968924615
8.6625 69.35550178817101
8.6675 -224.19335413974642
8.6725 77.04953747041013
8.6775 -127.20343790984775
8.6825 93.87941109895043
8.6875 62.21534415536953
8.692499999999999 -25.837913301105694
8.6975 31.923095477609298
8.702499999999999 134.47673851502637
8.7075 -41.394279380647404
8.7125 -122.51005194529498
8.7175 -117.41515171268098
8.7225 121.38169866369975
8.7275 -135.70198192733577
8.7325 290.8622462702079
8.737499999999999 -204.5666459509987
8.7425 -13.01295613328453
8.747499999999999 91.26843778265126
8.7525 115.53494994385632
8.7575 -106.07366435217261
8.7625 -259.40821106154965
8.7675 98.98004130957992
8.772499999999999 56.228242949175915
8.7775 -4.35285742126098
8.782499999999999 -75.32299559014628
8.7875 212.81440283396844
8.7925 -68.54907837231684
8.7975 -76.3168890018312
8.8025 61.24318376368541
8.8075 51.699882088385294
8.8125 109.2409276615328
8.817499999999999 -155.60693919594218
8.8225 56.4924459115211
8.827499999999999 39.229814594628294
8.8325 -76.02751945391462
8.8375 140.09307964233213
8.8425 -224.24785643373505
8.8475 -1.462018641280408
8.8525 299.7892222676645
8.8575 78.33867488779246
8.862499999999999 -164.16009945958342
8.8675 198.23381387728557
8.872499999999999 -286.4452922037659
8.8775 279.7042705810306
8.8825 -131.90395496402007
8.8875 -81.25476604642914
8.8925 36.62040344934369
8.897499999999999 -118.5391782332165
8.9025 126.1090157932493
8.907499999999999 62.60114881484862
8.9125 24.03352288105741
8.9175 43.69629127178097
8.9225 -0.2295715047153527
8.9275 -76.89207715873249
8.9325 61.17651911568095
8.9375 -155.53927819021177
8.942499999999999 282.00270153196954
8.9475 -47.2876045345661
8.952499999999999 44.03126484442327
8.9575 -187.666963594752
8.9625 208.7642128887517
8.9675 116.12289442714204
8.9725 -64.69592750990199
8.9775 -137.71098990705693
8.9825 -386.11052314228823
8.987499999999999 269.550221883744
8.9925 141.5371346327899
8.997499999999999 -150.14973792468987
9.0025 117.93634154417401
9.0075 -56.96391943994042
9.0125 69.646508773428
9.0175 -31.0437918889828
9.022499999999999 -185.84409529171083
9.0275 230.08860147983265
9.032499999999999 -303.037212132681
9.0375 220.9469569733452
9.0425 -255.92417836680977
9.0475 -14.865826751747585
9.0525 49.72213279275576
9.0575 -74.16912912944424
9.0625 11.147096283897307
9.067499999999999 149.6711359383407
9.0725 14.415255945224128
9.077499999999999 -28.648751608622227
9.0825 -240.5964363836861
9.0875 317.38629160834273
9.0925 -188.47971648753867
9.0975 67.76695624245589
9.1025 116.9325079772682
9.1075 114.16721132343116
9.112499999999999 -173.14514421692985
9.1175 3.7703042175245174
9.122499999999999 -49.85946831001715
9.1275 56.43978948469829
9.1325 38.3807493839911
9.1375 113.16367408478723
9.1425 -94.09796924537929
9.147499999999999 -157.5018434256952
9.1525 107.18601827614816
9.157499999999999 -54.14117694716902
9.1625 167.0943213813396
9.1675 -18.05572838237038
9.1725 -95.05279180205491
9.1775 -89.45767130476251
9.1825 318.77661933743286
9.1875 -150.34677148094335
9.192499999999999 201.50024030776638
9.1975 -295.0085578927421
9.202499999999999 56.29323542153575
9.2075 -68.23568781336162
9.2125 -19.905357548612006
9.2175 -82.87457238158767
9.2225 233.71573809251933
9.2275 52.53275688072952
9.2325 -148.26886218012928
9.237499999999999 33.71586725073676
9.2425 23.499548037762064
9.247499999999999 151.36816894500413
9.2525 -260.7910971616339
9.2575 223.2199473798135
9.2625 -63.109441787726446
9.2675 -147.73569579191428
9.272499999999999 208.91590743143374
9.2775 -62.89248239279917
9.282499999999999 -322.0251721208793
9.2875 118.0427739186242
9.2925 -33.03041340014705
9.2975 92.48488319307589
9.3025 61.517417674546614
9.3075 -189.05335089483245
9.3125 17.286305997565012
9.317499999999999 2.9017892408828696
9.3225 68.5948939848956
9.327499999999999 338.0606267861984
9.3325 -61.52835866136594
9.3375 98.6689647953907
9.3425 61.44359535685649
9.3475 -121.74534160092354
9.3525 19.575847100648172
9.3575 132.22462346088093
9.362499999999999 -169.52751274115425
9.3675 -79.72818363504341
9.372499999999999 -77.47106258072291
9.3775 30.658071443574585
9.3825 -59.234513956092556
9.3875 39.29822800044808
9.3925 6.839824728703018
9.397499999999999 81.72080066171537
9.4025 67.68160554480215
9.407499999999999 -146.08813749920876
9.4125 -26.401289908230073
9.4175 -14.158778834373992
9.4225 249.99490222603836
9.4275 68.87847065741248
9.4325 -219.83957931145096
9.4375 -87.45905165702061
9.442499999999999 -95.92002461946761
9.4475 7.333173651536702
9.452499999999999 -37.81090750474495
9.4575 -6.726055729666563
9.4625 151.59760675988198
9.4675 -96.39238423781383
9.4725 -84.71569250547519
9.4775 149.8435834597738
9.4825 -186.36999084758244
9.487499999999999 52.041138293883165
9.4925 -35.998144627038755
9.497499999999999 -91.95560749493485
9.5025 174.74404361948896
9.5075 43.37881080384036
9.5125 14.636772900399087
9.5175 -77.63109089522402
9.522499999999999 -32.31962479901318
9.5275 -80.13338437405676
9.532499999999999 -34.798329127089424
9.5375 -13.04596962807784
9.5425 209.42723632156626
9.5475 8.612856986788453
9.5525 318.88528785863355
9.5575 -380.7266868010537
9.5625 65.53680948137173
9.567499999999999 129.18485762312218
9.5725 -125.35830735400418
9.577499999999999 -184.94696621597168
9.5825 134.329768118551
9.5875 -86.3896640151699
9.5925 -85.41757678445983
9.5975 75.32562491134009
9.6025 -153.40749399023707
9.6075 -49.887980036384725
9.612499999999999 153.27410600754752
9.6175 131.21767028898748
9.622499999999999 54.24016216606495
9.6275 67.500667139674
9.6325 -96.3803913646156
9.6375 116.81377245340244
9.6425 -89.69149614639457
9.647499999999999 69.77718822106331
9.6525 15.622316486957647
9.657499999999999 84.83267374497726
9.6625 -176.61718640699232
9.6675 84.56954951224607
9.6725 -221.58430695714932
9.6775 -91.64703687569187
9.6825 298.8317424938842
9.6875 -317.2477320921951
9.692499999999999 136.87630319634422
9.6975 40.2462489550564
9.702499999999999 58.009249490265454
9.7075 107.11054536266904
9.7125 83.71056441039879
9.7175 85.81211286407391
9.7225 -91.12851610390733
9.7275 -24.847208181509956
9.7325 64.32790438831728
9.737499999999999 78.3787644698903
9.7425 -32.80342753057625
9.747499999999999 5.728232678899851
9.7525 69.52785614778823
9.7575 -466.6147160183236
9.7625 36.74772222921352
9.7675 112.56262957644034
9.772499999999999 91.62331725891778
9.7775 161.3959017335789
9.782499999999999 -209.52530965997607
9.7875 -27.4566674209241
9.7925 54.880017255308374
9.7975 -102.89365103248333
9.8025 203.7175061977504
9.8075 -2.9706534551507606
9.8125 -45.366743028066935
9.817499999999999 -194.59348065652523
9.8225 284.7186453848747
9.827499999999999 -202.64086811915152
9.8325 164.9460099725807
9.8375 -177.49337071959235
9.8425 230.2730232552592
9.8475 -157.9280944586052
9.8525 218.79832541953255
9.8575 -133.71167628084396
9.862499999999999 -170.33674456468734
9.8675 33.75922435523225
9.872499999999999 232.38873297932093
9.8775 -67.42239285777198
9.8825 -30.40992192058673
9.8875 -34.182117401410615
9.8925 -127.8119536866059
9.897499999999999 223.69932976085136
9.9025 -198.14595438982693
9.907499999999999 147.42608045764683
9.9125 -82.63615371173408
9.9175 47.98779033745702
9.9225 -159.53431499167735
9.9275 -225.33191587732895
9.9325 128.05831237815312
9.9375 -50.371645262160214
9.942499999999999 77.15482958305117
9.9475 237.41863786116448
9.952499999999999 336.721546263433
9.9575 -324.4371534761277
9.9625 87.82498342413332
9.9675 -38.29506658354344
9.9725 149.07606334253444
9.9775 -391.93855839356513
9.9825 89.47048230450076
9.987499999999999 -31.086343482600842
9.9925 -89.17934348803716
9.997499999999999 -3.7028052240356737
10.0025 66.35662640387794
