0.0075 26.033316788749957
0.012499999999999999 -146.9310545563348
0.017499999999999998 150.54696069633354
0.0225 161.6594984204061
0.0275 -116.31895846890465
0.0325 88.27973198873447
0.0375 -180.9554800573729
0.042499999999999996 -27.6196309247561
0.0475 349.25650643916555
0.0525 49.40988254495385
0.057499999999999996 -8.263841507336162
0.0625 199.78242984763747
0.06749999999999999 -109.00665911701489
0.0725 -59.161336139213525
0.0775 87.44866306187238
0.08249999999999999 -163.26088713826624
0.0875 -104.88475352172456
0.0925 8.910032126398422
0.09749999999999999 -302.15262095308003
0.1025 190.24621689175254
0.1075 -285.3334175104874
0.11249999999999999 89.21567822459444
0.1175 167.34852892297988
0.1225 -98.4170505081677
0.1275 -231.69298400791206
0.1325 173.246994819587
0.13749999999999998 82.69965133499186
0.1425 -57.30393954077936
0.1475 108.53053039265949
0.1525 122.60054022760949
0.1575 85.10088082322312
0.1625 -41.048139548546224
0.16749999999999998 -297.0683027448083
0.1725 -26.471044949466346
0.1775 25.757254906213014
0.1825 -2.101955312904979
0.1875 336.116537328356
0.1925 59.446509721049196
0.19749999999999998 -197.163779102934
0.20249999999999999 -11.607522768401802
0.2075 -128.06115401091466
0.2125 43.066276333549276
0.2175 -81.23836167176238
0.2225 15.029257841049619
0.22749999999999998 79.87036751426595
0.23249999999999998 36.866844348298365
0.2375 -97.6578956607837
0.2425 -299.85225939456643
0.2475 152.37627242847182
0.2525 131.22244259511587
0.2575 19.42268986482282
0.2625 -61.14109788796778
0.2675 61.41437860081437
0.27249999999999996 -148.0014325030251
0.27749999999999997 159.9924861509926
0.2825 61.691787645316204
0.2875 286.28656157546305
0.2925 -204.91558353243548
0.2975 -85.32813828317246
0.3025 -2.4995604690641664
0.3075 -177.60979476458957
0.3125 -36.851996618097765
0.3175 232.1032154849838
0.3225 -123.24213249523349
0.32749999999999996 215.14081548896647
0.33249999999999996 -317.1964067740299
0.33749999999999997 233.95278912257243
0.34249999999999997 -94.94913349173282
0.3475 -185.4732254713619
0.3525 353.19130889617134
0.3575 -75.2855155915694
0.3625 -51.894958193829055
0.3675 -135.0067084529141
0.3725 207.81584955131152
0.3775 41.61957728443529
0.3825 -254.0832614093682
0.38749999999999996 43.77992505506494
0.39249999999999996 -106.80228686182619
0.39749999999999996 -31.63731765981516
0.40249999999999997 -59.071324982244256
0.4075 318.3041607675534
0.4125 -313.0523678787332
0.4175 278.7340613241008
0.4225 -45.821144127385445
0.4275 204.69337260068278
0.4325 -308.45804818911955
0.4375 47.2970586166967
0.4425 -153.86364108409674
0.44749999999999995 156.9817699569791
0.45249999999999996 122.12391174537727
0.45749999999999996 254.41379321611024
0.46249999999999997 -315.72038228008864
0.46749999999999997 64.38316013507117
0.4725 25.87059572933291
0.4775 256.0921378046036
0.4825 -200.50701902963456
0.4875 235.71555700126416
0.4925 -318.87148675143237
0.4975 61.54936375599169
0.5025 13.394206390543593
0.5075 -57.03468110249251
0.5125 -99.02416079813767
0.5175 286.9356971869004
0.5225 -188.5319019405909
0.5275 128.40528740988134
0.5325 144.2466284115814
0.5375 71.22430307715221
0.5425 14.106854280460801
0.5475 34.72362361433109
0.5525 -226.56353337371146
0.5575 242.61679536748417
0.5625 -563.7078358025617
0.5675 246.57127128412017
0.5725 76.79200347297062
0.5775 85.1416780666852
0.5825 222.63836763810244
0.5875 -196.03384470215832
0.5925 12.527881506082403
0.5974999999999999 -160.93944179760445
0.6024999999999999 140.61351628422884
0.6074999999999999 229.98671061232284
0.6124999999999999 -241.2015497475007
0.6174999999999999 -15.465494360035796
0.6224999999999999 -108.8111498354441
0.6275 -233.02792545843846
0.6325 114.50737853572514
0.6375 206.5366926855872
0.6425 4.600576137156561
0.6475 232.36710017735408
0.6525 -369.86078672763813
0.6575 143.15647042182746
0.6625 -149.7993594931344
0.6675 97.11379381229774
0.6725 -269.0168412759861
0.6775 -115.41988667981825
0.6825 299.41143373505605
0.6875 78.54781658525367
0.6925 -8.99181477913716
0.6975 -94.21296619083657
0.7025 -86.15790610263969
0.7075 85.30768110634529
0.7125 61.17213287843369
0.7174999999999999 -81.84391084339366
0.7224999999999999 -56.28935104751706
0.7274999999999999 18.443484176603842
0.7324999999999999 270.48188583410035
0.7374999999999999 -201.64252813873264
0.7424999999999999 -105.11628563527725
0.7474999999999999 174.96908861789527
0.7525 -51.19531743032608
0.7575 308.44186685015615
0.7625 -302.0883479846882
0.7675 149.26624692297403
0.7725 -274.0898967733709
0.7775 243.04290751296944
0.7825 -161.4421942741262
0.7875 79.04026112791693
0.7925 -133.36710021521924
0.7975 45.324624265166634
0.8025 -35.81579142552004
0.8075 64.86252557460652
0.8125 9.462058782121836
0.8175 -311.34279487057984
0.8225 272.987822097836
0.8275 119.11646700484795
0.8325 137.5741920440042
0.8374999999999999 -7.060890875429874
0.8424999999999999 152.4219054017844
0.8474999999999999 -189.77997911002035
0.8524999999999999 -242.04419653009305
0.8574999999999999 34.98550858437568
0.8624999999999999 69.7908993244762
0.8674999999999999 160.50754625080248
0.8724999999999999 251.47090592963093
0.8775 93.59652024477316
0.8825 -142.20883211490366
0.8875 -51.34481898596893
0.8925 -59.80597432451316
0.8975 -207.9961997737885
0.9025 88.94560422566505
0.9075 63.26090316269973
0.9125 -287.43761212817054
0.9175 151.4284075330636
0.9225 -99.65509472241769
0.9275 217.38578050532638
0.9325 -177.97165288984894
0.9375 242.8075208950763
0.9425 -19.75799448758315
0.9475 -204.00051411277576
0.9524999999999999 -91.62270453576
0.9574999999999999 -126.20165653458135
0.9624999999999999 119.49854045464973
0.9674999999999999 336.5934800343402
0.9724999999999999 -118.26017833228224
0.9774999999999999 -160.90297263104694
0.9824999999999999 234.12309629076069
0.9874999999999999 -231.73042926818468
0.9924999999999999 -160.09569812673908
0.9974999999999999 417.8695043439456
1.0025 -133.31652389239488
1.0075 182.0305184633787
1.0125 -92.89785425914046
1.0174999999999998 272.7946339665935
1.0225 -201.53488334483094
1.0274999999999999 -5.362074372646895
1.0325 72.56603533981804
1.0374999999999999 -130.0791994762846
1.0425 55.17538120026453
1.0474999999999999 68.23093162633272
1.0525 -170.56922421812175
1.0574999999999999 -2.0404037748469452
1.0625 -93.1380675275546
1.0675 186.19308655961774
1.0725 212.89091473854688
1.0775 -158.5334676359868
1.0825 -126.72647941372534
1.0875 97.1146312159649
1.0925 -95.91444543727275
1.0975 231.35671669660607
1.1025 -228.63304495264632
1.1075 263.1521304843339
1.1125 61.534090481564256
1.1175 -171.1774742929071
1.1225 -156.87104161223886
1.1275 -106.47521362170703
1.1324999999999998 291.3166777655426
1.1375 -44.156433796965274
1.1424999999999998 -139.47692739284088
1.1475 57.61103299258558
1.1524999999999999 -44.72033911055331
1.1575 223.17417361110117
1.1624999999999999 -135.280852886325
1.1675 -124.18397187387126
1.1724999999999999 51.54299785358618
1.1775 6.967843538036918
1.1824999999999999 238.55028368265772
1.1875 -125.59368199770913
1.1925 -87.03615596270447
1.1975 -59.04026656973989
1.2025 -210.1727269096143
1.2075 -64.70400521831186
1.2125 401.8490321513404
1.2175 -70.76972183867274
1.2225 61.771364415736194
1.2275 157.70510592833406
1.2325 -122.18134995241145
1.2375 -74.41043270690713
1.2425 2.3588953379759037
1.2475 149.6025689734261
1.2525 -112.49065088897977
1.2574999999999998 -240.81335314524003
1.2625 18.614322551360974
1.2674999999999998 -189.86725449394683
1.2725 249.5370521657644
1.2774999999999999 -316.11463308453756
1.2825 317.1125819300727
1.2874999999999999 -82.96308821246112
1.2925 70.15230822030126
1.2974999999999999 92.91094007307716
1.3025 -206.5204052895282
1.3074999999999999 -86.64163251520104
1.3125 12.97006880185115
1.3175 119.34470319020214
1.3225 -105.55942481321576
1.3275 305.0106407201372
1.3325 -225.568132793327
1.3375 34.17311096970047
1.3425 105.57137005283016
1.3475 -152.30153454593
1.3525 485.7335288825094
1.3575 -165.27059725280324
1.3625 116.19871077612889
1.3675 -550.2288521595531
1.3724999999999998 -1.251371354133508
1.3775 267.3013840728001
1.3824999999999998 -370.2857062900331
1.3875 280.33585137464246
1.3924999999999998 -7.136506163322535
1.3975 -138.2728322390777
1.4024999999999999 94.57745653214843
1.4075 -54.26978209697133
1.4124999999999999 -101.4221454129509
1.4175 -72.36644641285174
1.4224999999999999 555.582886983291
1.4275 385.44372402424017
1.4324999999999999 -833.8590429816339
1.4375 177.53790910736043
1.4425 204.23692391518185
1.4475 -60.211308753364015
1.4525 -49.23908983001326
1.4575 -20.692146190674805
1.4625 -85.79737461216544
1.4675 -247.8162768440031
1.4725 -45.85995139399777
1.4775 -31.525766673542233
1.4825 306.10013289239333
1.4874999999999998 233.03889438126092
1.4925 -349.4338611151248
1.4974999999999998 28.3027850074965
1.5025 151.8928669340231
1.5074999999999998 75.83677301261328
1.5125 -35.95658602751823
1.5174999999999998 -128.79528780516847
1.5225 28.25097328727982
1.5274999999999999 244.58112357190737
1.5325 17.18794659448321
1.5374999999999999 -242.41084406746393
1.5425 150.48641630592925
1.5474999999999999 -8.448231110356007
1.5525 -165.78007369654574
1.5574999999999999 607.4452285411357
1.5625 34.79554400986451
1.5675 -783.4699889604273
1.5725 212.06083611652434
1.5775 52.532793198047585
1.5825 -11.196816008167634
1.5875 294.10577673700305
1.5925 -518.3946954253544
1.5975 151.84604958520254
1.6025 -105.83092176677381
1.6075 254.044198186259
1.6124999999999998 79.73477364925763
1.6175 15.11197342779217
1.6224999999999998 84.03937482889856
1.6275 -220.6172425694285
1.6324999999999998 -201.45828143646426
1.6375 93.57132207892519
1.6424999999999998 -131.29324557519647
1.6475 212.4248711755156
1.6524999999999999 -163.95481318755407
1.6575 134.87572504511675
1.6624999999999999 -151.96925477087953
1.6675 427.27864721463874
1.6724999999999999 -242.00132156760128
1.6775 -179.79816331987055
1.6824999999999999 152.1057348573992
1.6875 1.6364920374557788
1.6925 -132.2631487666124
1.6975 112.25063591838563
1.7025 127.62908529892944
1.7075 4.70704443417136
1.7125 -107.59773744741551
1.7175 116.64127150866814
1.7225 -233.04708179103972
1.7274999999999998 -129.37724098365
1.7325 156.02381647905008
1.7374999999999998 89.39963780951491
1.7425 -97.97108279012397
1.7474999999999998 155.7150932218036
1.7525 348.94675024370616
1.7574999999999998 -15.85048030084468
1.7625 -77.77833814545737
1.7674999999999998 -75.68896941495024
1.7725 -246.12111154753012
1.7774999999999999 11.844403001792442
1.7825 27.74373377979473
1.7874999999999999 -175.83169663538808
1.7925 329.8574392791431
1.7974999999999999 -120.34306310567062
1.8025 1.6519179498866627
1.8074999999999999 -77.2454120305133
1.8125 -74.62942060826639
1.8175 110.71682293950913
1.8225 -142.57826976970992
1.8275 36.180944163133056
1.8325 7.528625825440686
1.8375 115.6695471879697
1.8425 -215.22662383746157
1.8475 288.78936454942453
1.8524999999999998 -52.67447337185875
1.8575 142.26668060236432
1.8624999999999998 -133.0534759786654
1.8675 161.8081991528688
1.8724999999999998 112.14408064402575
1.8775 -222.83321083900648
1.8824999999999998 125.50968083054101
1.8875 51.48865556633221
1.8924999999999998 -124.63099858385611
1.8975 -43.16365174784681
1.9024999999999999 149.04690242765847
1.9075 -142.33822506102203
1.9124999999999999 134.9962988042481
1.9175 -74.99285827369243
1.9224999999999999 -19.599350195150993
1.9275 -209.98453214643618
1.9324999999999999 141.25021492482864
1.9375 2.101364235395088
1.9425 76.6174466522313
1.9475 74.20026471624949
1.9525 -35.28035836295386
1.9575 -103.02122719160722
1.9625 295.47030081423407
1.9674999999999998 2.438651984387886
1.9725 -115.31251994038296
1.9774999999999998 -281.94274320241664
1.9825 197.98809715354807
1.9874999999999998 -27.325355841419334
1.9925 17.57024867232894
1.9974999999999998 -35.10401080894826
2.0025 -248.4715456741125
2.0075 118.51374393900889
2.0124999999999997 168.64228120565343
2.0175 -145.41881893301246
2.0225 -40.11051294590739
2.0275 271.56228699871815
2.0324999999999998 69.14912232868228
2.0375 -146.60410298252071
2.0425 -260.95038950765826
2.0475 300.5348714643621
2.0524999999999998 68.39819610066523
2.0575 -201.3089708757025
2.0625 52.41906854298283
2.0675 -209.8121564701323
2.0725 123.37545310666636
2.0775 101.75532404162335
2.0825 11.881856749264406
2.0875 -63.57332262815027
2.0925 -151.11193559441384
2.0974999999999997 171.2308216698645
2.1025 124.40405876885535
2.1075 -104.23025531615583
2.1125 -133.8914940138033
2.1174999999999997 -7.421166302494897
2.1225 -61.700910967225845
2.1275 -126.26509878338672
2.1325 342.61907853521785
2.1374999999999997 -203.87630057873653
2.1425 -133.85267119554956
2.1475 153.50373040922614
2.1525 -255.61667252922524
2.1574999999999998 60.745640980122594
2.1625 323.22553027524776
2.1675 20.258102132389833
2.1725 -103.92048609383235
2.1774999999999998 -143.49549074374386
2.1825 -55.93498455336814
2.1875 229.10139940241592
2.1925 147.18502814075944
2.1975 16.339566412678714
2.2024999999999997 10.917146079032028
2.2075 -4.549367008092275
2.2125 -72.10200238772872
2.2175 132.681347684295
2.2224999999999997 43.8900667961678
2.2275 72.7119633239975
2.2325 -224.70626230687668
2.2375 -170.70223086897167
2.2424999999999997 227.58114541528687
2.2475 -307.9388800216652
2.2525 -132.53039922564705
2.2575 227.0851371699966
2.2624999999999997 -34.0225243683883
2.2675 210.72493699411086
2.2725 -167.4848241332971
2.2775 -82.27859677080001
2.2824999999999998 81.73800349104152
2.2875 332.6165672522892
2.2925 -436.4779886232593
2.2975 6.996294998710034
2.3024999999999998 150.8570151938221
2.3075 -73.58389870776116
2.3125 121.78799260662053
2.3175 51.27076929028747
2.3225 -29.357638287599386
2.3274999999999997 -149.36865817422876
2.3325 375.699170424347
2.3375 -138.8789243282971
2.3425 42.374146675660626
2.3474999999999997 -190.36481846261182
2.3525 61.324755881246986
2.3575 166.27879600343863
2.3625 -22.59840458253235
2.3674999999999997 60.498389520735834
2.3725 32.439156145848635
2.3775 -284.82071145712723
2.3825 167.04680780255697
2.3874999999999997 -37.903025855668666
2.3925 -284.5073914274564
2.3975 453.3702459301453
2.4025 -221.80081633313543
2.4074999999999998 82.32969418463593
2.4125 206.63736468600564
2.4175 68.16728888183526
2.4225 -417.54195845235364
2.4274999999999998 -31.666734950613524
2.4325 106.0694270685632
2.4375 -143.0121256621803
2.4425 -40.59524232831509
2.4475 218.89870971047299
2.4524999999999997 10.902090445343982
2.4575 -131.01008234113377
2.4625 87.61178519080192
2.4675 -7.9398678713627975
2.4724999999999997 269.7735899694641
2.4775 -300.7359031658702
2.4825 -15.007521399852184
2.4875 -9.789764417279422
2.4924999999999997 -126.06619056969319
2.4975 165.34557330326427
2.5025 166.08219378112935
2.5075 -88.30083656123143
2.5124999999999997 -4.428123747097489
2.5175 196.58291649667024
2.5225 12.34298635546839
2.5275 58.28854729847542
2.5324999999999998 -33.950170270389926
2.5375 -47.59087756241368
2.5425 -150.14863524669946
2.5475 254.1717146060264
2.5524999999999998 -86.92010028847504
2.5574999999999997 -35.447942258625474
2.5625 -52.28602518006139
2.5675 -53.8894166137943
2.5725 -52.64685957802178
2.5774999999999997 -7.0474208347948535
2.5825 180.30720487688774
2.5875 -82.92173857732796
2.5925 -215.8405454667508
2.5974999999999997 219.9272166842977
2.6025 -149.92314391371758
2.6075 0.8138726767602282
2.6125 -229.42682191516167
2.6174999999999997 81.22633919205485
2.6225 54.87130063431603
2.6275 320.4364346633037
2.6325 -244.15095020285457
2.6374999999999997 113.14500645696594
2.6425 -6.501152842504847
2.6475 13.621622541382719
2.6525 -93.13253940014016
2.6574999999999998 -177.6165345219486
2.6625 292.3950478907271
2.6675 -137.09729223456242
2.6725 138.9577747523559
2.6774999999999998 -88.77166032546025
2.6824999999999997 78.0485934678081
2.6875 -41.7885680814283
2.6925 64.68055140219894
2.6975 13.004472815697392
2.7024999999999997 152.25472073344247
2.7075 89.95563252698996
2.7125 -231.24548910799095
2.7175 25.775095875062785
2.7224999999999997 64.05544979576821
2.7275 67.68705949146273
2.7325 73.05102677272907
2.7375 -315.70148845853635
2.7424999999999997 218.3246998926414
2.7475 -6.482867862368062
2.7525 117.714483785181
2.7575 -76.76941910134715
2.7624999999999997 20.91523505411628
2.7675 -260.28189757164944
2.7725 -1.392568876051027
2.7775 110.13147409178889
2.7824999999999998 -45.88210274575079
2.7875 -3.199548352440499
2.7925 223.13933767118053
2.7975 -165.16305114726586
2.8024999999999998 -224.66721382122995
2.8074999999999997 14.19390794452884
2.8125 -64.9737663093342
2.8175 20.143122292915713
2.8225 147.5997529648498
2.8274999999999997 -266.5203183031905
2.8325 241.00744236704085
2.8375 -23.237877287260243
2.8425 99.39250972290901
2.8474999999999997 -16.90026343333573
2.8525 -200.92832465702517
2.8575 163.88959754790642
2.8625 51.84079722999644
2.8674999999999997 236.1473572808985
2.8725 -139.7494754432709
2.8775 96.88101638317211
2.8825 -121.26552403709522
2.8874999999999997 81.3035478364852
2.8925 -105.33188102542546
2.8975 160.7923819236788
2.9025 -236.27285782634453
2.9074999999999998 -166.70415232763787
2.9125 88.20963745952504
2.9175 -147.332628432168
2.9225 66.1733929855465
2.9274999999999998 92.65402768074824
2.9324999999999997 -9.845607294008627
2.9375 -141.32448936681172
2.9425 -55.88062384428618
2.9475 160.2244311766615
2.9524999999999997 -98.581612960878
2.9575 -229.92226026804423
2.9625 483.36914726098547
2.9675 -105.914590288362
2.9724999999999997 6.969887308269249
2.9775 264.7075070023936
2.9825 -308.7995338779605
2.9875 40.672820593565845
2.9924999999999997 61.637700631964556
2.9975 -58.3406369909182
3.0025 15.99968092276867
3.0075 95.32527169172135
3.0124999999999997 -46.26231693966536
3.0175 63.692374119262404
3.0225 83.05117441998867
3.0275 -370.70173195834934
3.0324999999999998 303.8733144292912
3.0374999999999996 -192.7678259204143
3.0425 122.3836518883045
3.0475 32.48126054959194
3.0524999999999998 -102.44094513609444
3.0574999999999997 115.90427075163926
3.0625 -56.7420185212361
3.0675 -90.98726463235069
3.0725 6.739156264617599
3.0774999999999997 -147.32391475949055
3.0825 184.81451300946875
3.0875 103.59283138187075
3.0925 -63.96411021939925
3.0974999999999997 103.040442169769
3.1025 178.91395369313005
3.1075 -176.1118454899036
3.1125 126.09936466335134
3.1174999999999997 -222.8413320360889
3.1225 159.18482222239922
3.1275 -182.00566412779196
3.1325 100.25138192526752
3.1374999999999997 43.49048826747615
3.1425 -295.04047390713225
3.1475 82.05564120244259
3.1525 187.93118037346812
3.1574999999999998 225.69078229772077
3.1624999999999996 -16.344812686124694
3.1675 -76.05496613545472
3.1725 317.29672862813186
3.1774999999999998 41.775040669957505
3.1824999999999997 -76.49019971749068
3.1875 -299.93729534213037
3.1925 61.37211892737791
3.1975 2.142427805856276
3.2024999999999997 -164.2911441857511
3.2075 176.8142065416282
3.2125 -120.27803142113405
3.2175 130.89780261530677
3.2224999999999997 163.03346559246322
3.2275 -50.42405878402237
3.2325 -337.7566612949946
3.2375 116.40592508983539
3.2424999999999997 -74.63050775928748
3.2475 39.70546533011527
3.2525 138.528791967954
3.2575 -49.00657889236736
3.2624999999999997 -31.890656908330257
3.2675 193.89725003655434
3.2725 -231.19455329223953
3.2775 -100.10898382650224
3.2824999999999998 15.183235374559
3.2874999999999996 25.234266051631117
3.2925 11.12243787760979
3.2975 -0.8505436939188382
3.3024999999999998 -77.32850842275754
3.3074999999999997 -100.2465961975216
3.3125 157.05162158122786
3.3175 47.07188440232541
3.3225 122.79971597929061
3.3274999999999997 4.866583517554528
3.3325 12.899982430879815
3.3375 -202.98413329078528
3.3425 -29.90332204477276
3.3474999999999997 -172.79675429012275
3.3525 314.33778961340755
3.3575 -228.19209349836754
3.3625 91.31532133491619
3.3674999999999997 207.65608809014748
3.3725 -56.72301351079341
3.3775 96.49967901698349
3.3825 -195.32176499405048
3.3874999999999997 141.76545897974952
3.3924999999999996 -47.60061928823008
3.3975 59.488173316765305
3.4025 77.7634643615286
3.4074999999999998 -99.28689343543931
3.4124999999999996 119.1731670229172
3.4175 23.985598495510352
3.4225 -105.04529738424073
3.4274999999999998 57.59753058216706
3.4324999999999997 -48.0754258516729
3.4375 -189.95854004666035
3.4425 150.46081180718934
3.4475 202.4755374104213
3.4524999999999997 -117.10923673152895
3.4575 119.38470434752556
3.4625 12.228900237821334
3.4675 -254.01045676609067
3.4724999999999997 16.836754707636974
3.4775 -13.607197986888224
3.4825 107.30566883852768
3.4875 -108.06793592216813
3.4924999999999997 246.85178703833
3.4975 0.21611778055656247
3.5025 -33.21595252523421
3.5075 -141.3630294100056
3.5124999999999997 89.75153393652877
3.5174999999999996 80.21942773244338
3.5225 -59.189275209899215
3.5275 -176.0319238786947
3.5324999999999998 -58.058639990152486
3.5374999999999996 -30.346648072680996
3.5425 10.338980691556657
3.5475 102.2777785316087
3.5524999999999998 -69.25292562865957
3.5574999999999997 -145.7376216934502
3.5625 224.52815638938833
3.5675 -132.79113546313124
3.5725 112.09208029744877
3.5774999999999997 -194.6890430997784
3.5825 -130.72399819465684
3.5875 402.74134760342264
3.5925 -189.4305701929557
3.5974999999999997 32.679058611707475
3.6025 277.82944351210995
3.6075 -186.66991399759235
3.6125 272.53927506070306
3.6174999999999997 -349.25219967894765
3.6225 219.50791245693497
3.6275 -265.1181995515033
3.6325 80.60992706320427
3.6374999999999997 163.35841308521543
3.6424999999999996 77.67550460669185
3.6475 -235.36239924220115
3.6525 88.42322987063149
3.6574999999999998 84.91822195094406
3.6624999999999996 -111.89262624458034
3.6675 -18.345810591861657
3.6725 -65.83089659627063
3.6774999999999998 -12.47393213010283
3.6824999999999997 -78.98193222549888
3.6875 136.4850167271897
3.6925 -158.78931972052973
3.6975 -2.3985899034475757
3.7024999999999997 20.987812319402448
3.7075 17.177408782528154
3.7125 55.70332651346259
3.7175 109.52702220318407
3.7224999999999997 -31.039092480659505
3.7275 -197.32041253770336
3.7325 125.24792297110963
3.7375 123.1884810265296
3.7424999999999997 -37.95398694797735
3.7474999999999996 99.25853803144079
3.7525 -67.23684366698565
3.7575 26.17359532461915
3.7624999999999997 165.3111458015873
3.7674999999999996 -4.824190417449542
3.7725 144.11801457720304
3.7775 -29.23495286064102
3.7824999999999998 -87.05247138625887
3.7874999999999996 7.415188682477238
3.7925 -140.68849128201393
3.7975 64.79593882461761
3.8024999999999998 288.2059026232297
3.8074999999999997 -79.1174687196714
3.8125 25.97332294783397
3.8175 94.11993885428545
3.8225 -227.94989251471202
3.8274999999999997 -83.64501559883331
3.8325 305.0648587916366
3.8375 -65.63480071106248
3.8425 -33.31586515158555
3.8474999999999997 -213.38686850786
3.8525 5.354557214146215
3.8575 -72.57531362507571
3.8625 -30.49135179480523
3.8674999999999997 -139.28544696505412
3.8724999999999996 125.8843829174523
3.8775 -160.7127743624891
3.8825 222.58984717483503
3.8874999999999997 88.91134857332644
3.8924999999999996 204.262950273783
3.8975 -254.6433044551311
3.9025 275.38161311508907
3.9074999999999998 -63.46564309594435
3.9124999999999996 -208.28168468451742
3.9175 -22.372111900032372
3.9225 -8.159431586431609
3.9274999999999998 -71.96419816652914
3.9324999999999997 -3.3479201236888882
3.9375 18.712015742191532
3.9425 93.78012678851846
3.9475 -281.4837220895639
3.9524999999999997 168.67261192305563
3.9575 102.3863915241564
3.9625 32.30078347967073
3.9675 -165.72346762979933
3.9724999999999997 15.650642152862405
3.9775 -300.87423477768857
3.9825 38.117863319179094
3.9875 165.71005996021051
3.9924999999999997 51.3175080996181
3.9974999999999996 43.306122744417195
4.0024999999999995 -2.4462582255854026
4.007499999999999 105.83264341818509
4.0125 194.60160547218098
4.0175 -244.08296207809266
4.0225 -11.258069638949982
4.0275 328.5015191824726
4.0325 -220.05313830009803
4.0375 -73.36991654340797
4.0424999999999995 -140.06026694546404
4.047499999999999 25.46265592766463
4.0525 -33.9614196912438
4.0575 208.86013666300272
4.0625 15.679479419247674
4.0675 58.057245720941715
4.0725 -54.33918949199631
4.0775 10.161511379810227
4.0825 51.91231839820014
4.0874999999999995 93.71740138526322
4.0925 -121.64669902802845
4.0975 228.72638861830114
4.1025 -533.4187567318936
4.1075 119.22418890725827
4.1125 -125.45817366261656
4.1175 109.62950243760542
4.1225 94.42568198609911
4.1274999999999995 142.62233583496646
4.132499999999999 -201.74032514972245
4.1375 1.7380210476298
4.1425 -136.70916774059998
4.1475 190.9126575078692
4.1525 -168.7360980491189
4.1575 -65.25568764902062
4.1625 175.5820723129702
4.1674999999999995 -160.4177458921793
4.172499999999999 8.00456394966852
4.1775 -101.62880835476606
4.1825 6.534509575429179
4.1875 13.331932289178305
4.1925 114.83989983409917
4.1975 108.72574650399606
4.2025 237.74675880985515
4.2075 -190.02235378519703
4.2124999999999995 194.73182608471456
4.2175 -203.37410194131522
4.2225 202.70368253931136
4.2275 -34.638897942984556
4.2325 178.22806999817362
4.2375 -71.59450339563776
4.2425 137.92541103725452
4.2475 -346.9851268899716
4.2524999999999995 308.08355979541307
4.257499999999999 -169.11634833007872
4.2625 140.07462228651906
4.2675 -128.67111652619727
4.2725 375.89848674115495
4.2775 -249.17928263364558
4.2825 61.08717982909582
4.2875 -73.91676034940751
4.2924999999999995 -60.1868956205579
4.297499999999999 -125.25520577764124
4.3025 120.81376278572938
4.3075 -33.75484795392529
4.3125 90.61824977494513
4.3175 -232.73229778527676
4.3225 240.02419492975824
4.3275 -119.1738667892123
4.3325 93.14082817006518
4.3374999999999995 -11.62603946881796
4.342499999999999 -94.15422398154882
4.3475 -70.86953117120277
4.3525 165.91190825858902
4.3575 -214.78743870752695
4.3625 -99.82957052000992
4.3675 -10.620091627067563
4.3725 161.44394088546963
4.3774999999999995 -118.70336800576713
4.382499999999999 198.6276507827347
4.3875 -250.61050576822416
4.3925 15.573149614904104
4.3975 -58.263523383382676
4.4025 365.8869845370374
4.4075 22.54922527574491
4.4125 65.79319402253616
4.4174999999999995 33.586823858804735
4.422499999999999 0.9035982953954618
4.4275 157.23952264783387
4.4325 -147.22381714180034
4.4375 -53.25283560972478
4.4425 109.73890072636394
4.4475 -21.098291179957755
4.4525 -138.29049285082974
4.4575 45.186682817796516
4.4624999999999995 -156.7467683552912
4.467499999999999 -60.665686101682866
4.4725 -16.885166021573465
4.4775 -134.45818826056637
4.4825 -10.813862521325307
4.4875 -2.2003044523968938
4.4925 95.35503070742915
4.4975 -103.37774292095379
4.5024999999999995 316.6600346916775
4.507499999999999 -30.77598959751114
4.5125 75.37009375670743
4.5175 -1.0770994138057872
4.5225 209.05083008398034
4.5275 -225.062081756917
4.5325 88.74370362245347
4.5375 -116.85116402720489
4.5424999999999995 115.78847745687438
4.547499999999999 -140.87631708229412
4.5525 104.71940366745163
4.5575 -2.75114421605904
4.5625 -156.75402695027742
4.5675 98.8765503747237
4.5725 137.69380234153112
4.5775 -63.44229184993806
4.5825 104.07959963298867
4.5874999999999995 19.152268088097646
4.592499999999999 67.42234897485999
4.5975 44.00982578416359
4.6025 -8.324373528798775
4.6075 -70.20276468610719
4.6125 216.88234760542895
4.6175 -319.94220826521496
4.6225 86.98601977353681
4.6274999999999995 72.81519872178244
4.632499999999999 -84.55898669923873
4.6375 -72.02734687707495
4.6425 78.74250162160585
4.6475 58.306263307295914
4.6525 -194.74034262738436
4.6575 -61.20435318194702
4.6625 82.73889088131187
4.6674999999999995 46.778385206908744
4.672499999999999 61.53900016189575
4.6775 37.068517836687576
4.6825 -73.79542024223124
4.6875 -150.8569384800669
4.6925 34.01843788059952
4.6975 -111.80125437244416
4.7025 85.89510662041928
4.7075 176.44566102963515
4.7124999999999995 -57.01149012638983
4.717499999999999 0.6366699551818839
4.7225 158.42789477139735
4.7275 -152.1554160274152
4.7325 -19.166596980671013
4.7375 -242.2658461224296
4.7425 -208.74592106622168
4.7475 182.14126180875033
4.7524999999999995 -80.12499783685887
4.757499999999999 59.28440342434948
4.7625 148.0464903863428
4.7675 95.64748735896539
4.7725 -40.83875474874765
4.7775 -164.39036809890413
4.7825 310.19917923606954
4.7875 105.95137052064379
4.7924999999999995 89.58391457883826
4.797499999999999 35.83273758285872
4.8025 -195.28527699446343
4.8075 102.741665992377
4.8125 -170.2331512324291
4.8175 7.1087875953388036
4.8225 117.22147053437041
4.8275 -227.30007894710806
4.8325 -81.52307898439379
4.8374999999999995 97.20011060324569
4.842499999999999 17.1504587008372
4.8475 -42.89210888775128
4.8525 314.5754581509481
4.8575 -81.39125465098826
4.8625 -7.654136239723149
4.8675 -200.00219304478668
4.8725 147.63204221863367
4.8774999999999995 143.22246293627882
4.882499999999999 -160.77380719450443
4.8875 -98.52004458000582
4.8925 -52.10530494201056
4.8975 33.958814844764326
4.9025 -11.56527256904832
4.9075 -86.21719359803627
4.9125 183.01615310640136
4.9174999999999995 72.3186601910147
4.922499999999999 -66.34632118510596
4.9275 96.01595523611186
4.9325 24.709212636468152
4.9375 96.16181663854151
4.9425 -124.77159831745499
4.9475 82.16914808518347
4.9525 56.27227980267662
4.9575 -82.56793263308823
4.9624999999999995 78.08408469846768
4.967499999999999 -289.20888404900586
4.9725 399.91456072989797
4.9775 -177.57127235371684
4.9825 156.41820603933928
4.9875 -10.981028364861736
4.9925 -110.43198010350237
4.9975 -26.62614910934253
5.0024999999999995 19.38651676335821
5.007499999999999 120.43040415025548
5.0125 -209.18691068000135
5.0175 -63.55124748848658
5.0225 -27.81328275972635
5.0275 159.72154053642973
5.0325 -123.80146235308378
5.0375 -183.53659264315678
5.0424999999999995 -4.242185131511652
5.047499999999999 -116.10607687719009
5.0525 85.76689280287754
5.0575 -55.79145298584277
5.0625 -84.33855242121234
5.0675 357.45819664635775
5.0725 -306.067396251358
5.0775 354.39333764717065
5.0825 -87.16026776548814
5.0874999999999995 109.13001065753615
5.092499999999999 -154.25587131007902
5.0975 56.91465289263894
5.1025 76.33124460605517
5.1075 23.778940849970734
5.1125 75.1595094985292
5.1175 57.72288480566497
5.1225 -53.7453184434734
5.1274999999999995 218.3871755485427
5.132499999999999 -535.935169226045
5.1375 378.38453111501417
5.1425 -173.96971023850728
5.1475 -70.2086413808243
5.1525 137.41468875160118
5.1575 -29.978891278095414
5.1625 73.16827463529533
5.1674999999999995 -13.732800378726212
5.172499999999999 -172.8830366059354
5.177499999999999 29.330203975000952
5.1825 283.0346618090377
5.1875 -34.85246482670079
5.1925 82.47442553950216
5.1975 -172.30944009497347
5.2025 -81.31617389422875
5.2075 111.76383569223765
5.2124999999999995 -198.77967527351464
5.217499999999999 -62.58873223960633
5.2225 -67.53514174859683
5.2275 293.2788785120006
5.2325 -1.2673638693599374
5.2375 159.33316971630998
5.2425 -260.5644194629287
5.2475 41.40888052152175
5.2524999999999995 49.65713953088901
5.257499999999999 -105.3334953038964
5.2625 -134.21061915623105
5.2675 112.61247904301361
5.2725 103.9926541313679
5.2775 -89.93486165274881
5.2825 54.60320139366821
5.2875 52.08413905114325
5.2924999999999995 82.87256334965956
5.297499999999999 -206.7104735526142
5.302499999999999 82.65442074703662
5.3075 16.312727914631655
5.3125 46.98522733389736
5.3175 25.663126865438773
5.3225 170.06077150167826
5.3275 -52.020452291635294
5.3325 -107.11179620479038
5.3374999999999995 -145.54867821454826
5.342499999999999 -7.265376587448068
5.3475 -451.5095860364652
5.3525 370.3805384393904
5.3575 1.8544219995497897
5.3625 13.437245833642473
5.3675 92.55116940409937
5.3725 -88.67403490063982
5.3774999999999995 85.67086244519312
5.382499999999999 220.79736488757618
5.3875 56.54077873531185
5.3925 -39.88471531713885
5.3975 -198.4278846772584
5.4025 -36.61143938783794
5.4075 -172.30403723598948
5.4125 82.26895636503762
5.4174999999999995 42.42703205948861
5.422499999999999 147.7164581401008
5.427499999999999 181.69790946394494
5.4325 9.139504679580506
5.4375 -23.72951455910357
5.4425 20.80154526894023
5.4475 -68.28855095941151
5.4525 -118.12830896614246
5.4575 -28.49605623434178
5.4624999999999995 172.6082484612203
5.467499999999999 -294.9704560258857
5.4725 -50.45064556094823
5.4775 330.0588842052806
5.4825 -84.02861963937308
5.4875 60.0675840198136
5.4925 -61.869926195757046
5.4975 223.21126490910723
5.5024999999999995 49.76873449105227
5.507499999999999 -150.2821848151375
5.5125 -18.924465473623936
5.5175 -178.50699752764075
5.5225 -8.830296928257614
5.5275 -79.59056679015151
5.5325 -125.89208850493654
5.5375 232.60298546755203
5.5424999999999995 -100.07585111616486
5.547499999999999 -166.10485552443043
5.552499999999999 138.66590352019665
5.5575 113.75811278878157
5.5625 -94.39940193260949
5.5675 34.85718370952797
5.5725 94.39743158652018
5.5775 16.456005524099563
5.5825 -196.18849200070005
5.5874999999999995 106.07669395337201
5.592499999999999 -323.1233930815807
5.5975 387.22464687759674
5.6025 69.64885413530162
5.6075 -107.65225033395524
5.6125 -123.99328029507645
5.6175 -157.9773369341698
5.6225 136.96196870988007
5.6274999999999995 -100.18954484065144
5.632499999999999 193.7250685789514
5.6375 1.6067357192299407
5.6425 -241.59015711951764
5.6475 326.16699976767745
5.6525 -149.52308457531507
5.6575 75.94517287941424
5.6625 110.22319214625894
5.6674999999999995 -213.72803086072344
5.672499999999999 -101.63068905892446
5.677499999999999 224.14373654148508
5.6825 120.34082217253449
5.6875 12.014054780553396
5.6925 -36.85334483273854
5.6975 151.806953202803
5.7025 -224.15303533747448
5.7075 140.55495224033479
5.7124999999999995 -108.62653732830543
5.717499999999999 143.71419705430364
5.7225 -50.31384901374039
5.7275 -11.530534264816083
5.7325 -103.45818453040623
5.7375 23.81995810269294
5.7425 -141.81295703156283
5.7475 10.176917028230308
5.7524999999999995 -143.72467381105733
5.757499999999999 363.8839831588169
5.7625 -45.226091187011725
5.7675 168.454838382019
5.7725 -385.5010285414369
5.7775 136.72560580089507
5.7825 88.53529985078823
5.7875 12.82114227041093
5.7924999999999995 -77.06567446540187
5.797499999999999 -30.089051177857318
5.802499999999999 -75.63325549101705
5.8075 162.2455999313847
5.8125 32.651547716938346
5.8175 -71.25680418195809
5.8225 22.618938341530228
5.8275 173.42750452246065
5.8325 -82.42958444162468
5.8374999999999995 188.15640709004924
5.842499999999999 -93.26719243607553
5.8475 -88.00897269780342
5.8525 -55.53030409941135
5.8575 4.652374238378966
5.8625 -73.93221415774939
5.8675 -41.34152663398105
5.8725 51.844145265651306
5.8774999999999995 -36.23409587396015
5.882499999999999 14.916702050971576
5.8875 139.90501962166738
5.8925 -63.882990925173225
5.8975 -62.13782826116501
5.9025 10.616489213929693
5.9075 229.99544466414756
5.9125 -84.2823382130644
5.9174999999999995 -73.86283834300097
5.922499999999999 130.90247096969142
5.927499999999999 -118.47739642230846
5.9325 67.14872508967461
5.9375 97.5558720245278
5.9425 -280.87501786737414
5.9475 14.57782237642238
5.9525 -114.04860896306494
5.9575 178.0687463185936
5.9624999999999995 -236.18621319265037
5.967499999999999 108.20747949289229
5.9725 -8.262133803880381
5.9775 162.9857664795557
5.9825 -114.15164329975569
5.9875 109.46315004113573
5.9925 -227.73382092030994
5.9975 29.27931657000427
6.0024999999999995 -144.32181354979022
6.007499999999999 26.470749410711402
6.012499999999999 80.06430804559788
6.0175 175.66852753079718
6.0225 112.54742643654382
6.0275 -72.54033228429833
6.0325 -187.79407328687395
6.0375 331.32662664320594
6.0424999999999995 -153.93089430950585
6.047499999999999 -214.40022984420844
6.052499999999999 -47.961718697344736
6.0575 -91.05065519518125
6.0625 442.7626536696337
6.0675 -139.4533871915131
6.0725 -4.326573814990237
6.0775 -207.24535461826272
6.0825 207.61705815791325
6.0874999999999995 183.99884328338692
6.092499999999999 156.39033657684652
6.0975 -218.88963268368627
6.1025 -89.48810284877688
6.1075 -93.34907640886829
6.1125 16.580487605626065
6.1175 -69.6393605778253
6.1225 232.83105269842656
6.1274999999999995 -184.34716886538055
6.132499999999999 -68.37440680990596
6.137499999999999 77.8719389271973
6.1425 238.29304706615596
6.1475 -90.72753027914084
6.1525 19.363881600123246
6.1575 3.2467229695878737
6.1625 -10.216268947701142
6.1674999999999995 114.54745574888132
6.172499999999999 -143.55376938088838
6.177499999999999 224.7365267714903
6.1825 38.0707637380847
6.1875 -87.456459771613
6.1925 -200.67647612914888
6.1975 86.93004751636202
6.2025 -14.336775931492678
6.2075 2.653842489073522
6.2124999999999995 107.22648682156488
6.217499999999999 -93.2142328385976
6.2225 -8.679879281425121
6.2275 65.1690384756617
6.2325 -101.84058223538364
6.2375 -70.6988885941604
6.2425 30.023252618937917
6.2475 -57.41234594568445
6.2524999999999995 8.197578981520088
6.257499999999999 284.5078880273055
6.262499999999999 -192.4060999059786
6.2675 66.4464035554439
6.2725 36.637806813426096
6.2775 -73.89137743894159
6.2825 194.9735837602377
6.2875 -304.9446605746275
6.2924999999999995 89.46765304068087
6.297499999999999 52.05214665195918
6.302499999999999 -47.82709882069979
6.3075 9.025375402222128
6.3125 -6.906203312035504
6.3175 60.90405791101146
6.3225 -125.68435476147263
6.3275 50.51919081442272
6.3325 101.81109415213196
6.3374999999999995 106.57944511404892
6.342499999999999 -5.58233811717978
6.3475 -129.29064207556465
6.3525 48.048365239013926
6.3575 -292.0144855571594
6.3625 148.18645923812483
6.3675 -187.56684227540626
6.3725 24.691291619018884
6.3774999999999995 186.28535675903797
6.382499999999999 -87.83558461046633
6.387499999999999 169.21395980694365
6.3925 15.448615754882471
6.3975 109.37110340375675
6.4025 -159.77057075799488
6.4075 2.013772127611451
6.4125 -147.7841883592707
6.4174999999999995 -70.32966936960044
6.422499999999999 97.43003264903103
6.427499999999999 254.59892153443298
6.4325 -93.62931241446148
6.4375 -62.75797225761532
6.4425 -58.968538287555646
6.4475 -94.03090668589
6.4525 146.77186390866981
6.4575 246.44616786065208
6.4624999999999995 -20.870150524940208
6.467499999999999 -28.47316395502171
6.4725 -186.35558997829537
6.4775 275.77340355282394
6.4825 -8.775397775460052
6.4875 20.43826866292472
6.4925 -201.80472128119294
6.4975 -3.424164911761272
6.5024999999999995 21.583295014706554
6.507499999999999 173.70461144898326
6.512499999999999 -93.97603306048266
6.5175 -46.97534770753991
6.5225 -10.911937438748964
6.5275 145.4950017447921
6.5325 82.43918642471724
6.5375 -55.24643399349129
6.5424999999999995 -44.3009319841228
6.547499999999999 -180.87610724290576
6.552499999999999 237.89005247263032
6.5575 -23.73962840584561
6.5625 -78.67702281298679
6.5675 171.93720416449375
6.5725 -144.08192174227472
6.5775 45.48715954373789
6.5825 -72.95130287142639
6.5874999999999995 17.904100421438162
6.592499999999999 20.581728648489854
6.5975 -92.163223996622
6.6025 -79.71545599407685
6.6075 308.07570933341003
6.6125 -80.36038340207614
6.6175 -146.41968671719445
6.6225 66.09398530119067
6.6274999999999995 208.18441927484994
6.632499999999999 -195.71663450875135
6.637499999999999 197.9565940512742
6.6425 -92.95679068712913
6.6475 68.28414169487924
6.6525 -238.6529635307439
6.6575 -7.9993756391885
6.6625 -158.79315488195076
6.6674999999999995 -5.492565654467628
6.672499999999999 324.2401816658942
6.677499999999999 -95.57440875678861
6.6825 -131.91705735760198
6.6875 -49.18485649471349
6.6925 159.74724793423746
6.6975 87.36205336385918
6.7025 11.106482469208338
6.7075 -308.21448504286775
6.7124999999999995 165.44936977729634
6.717499999999999 209.08907945704522
6.722499999999999 29.35673746021009
6.7275 -295.93991814610547
6.7325 40.65631753053479
6.7375 -70.68435929841527
6.7425 337.75363570712204
6.7475 117.64659250660058
6.7524999999999995 -45.060983185023574
6.757499999999999 146.37348714108634
6.762499999999999 -507.5934573827588
6.7675 313.0116874822944
6.7725 -168.81006833356324
6.7775 -245.5659584444258
6.7825 94.67707835678634
6.7875 35.246289560585005
6.7924999999999995 118.43039286499253
6.797499999999999 -102.09086619082849
6.802499999999999 232.91116501770344
6.8075 -139.9698334022956
6.8125 149.86726471967032
6.8175 -117.42315494427196
6.8225 100.47360312061012
6.8275 -130.98350622255123
6.8325 206.6538982766374
6.8374999999999995 -221.51657384312077
6.842499999999999 -11.573439228570553
6.847499999999999 -196.40525980861608
6.8525 -168.78416698022357
6.8575 -12.845100910403342
6.8625 146.34414827464147
6.8675 -23.403573998237547
6.8725 -208.7215581986891
6.8774999999999995 234.93012657426303
6.882499999999999 237.95036290581896
6.887499999999999 -338.0578321948905
6.8925 64.78491862393788
6.8975 -79.4445435388044
6.9025 142.02893585890246
6.9075 -62.733404907791936
6.9125 -107.52579441935055
6.9174999999999995 121.7976738035735
6.922499999999999 161.84012786516178
6.927499999999999 -174.61876229379618
6.9325 61.61413806127418
6.9375 185.35635634184166
6.9425 -121.83962662198925
6.9475 24.238162546923903
6.9525 75.05407585032569
6.9575 -262.94091633122247
6.9624999999999995 266.0686619246598
6.967499999999999 -91.48583193271938
6.972499999999999 -86.15415041824802
6.9775 171.9639273945313
6.9825 -156.51842387590526
6.9875 -13.681367687620675
6.9925 95.63198854872942
6.9975 0.08765316298501502
7.0024999999999995 88.92285432075853
7.007499999999999 161.02677494712017
7.012499999999999 289.6379713197135
7.0175 -288.01507485449207
7.0225 78.91352539890337
7.0275 -137.6814531375455
7.0325 -104.74753669366928
7.0375 107.54876433351721
7.0424999999999995 42.026105447740676
7.047499999999999 -216.19533276808502
7.052499999999999 80.74871106248456
7.0575 -183.13465204136185
7.0625 10.620360955837759
7.0675 -38.5441217866125
7.0725 -19.428863545724216
7.0775 47.337638482588346
7.0825 101.41407717862398
7.0874999999999995 61.483278869231356
7.092499999999999 -81.71107735772696
7.097499999999999 -110.8339191838517
7.1025 80.6323966931562
7.1075 74.28376211221399
7.1125 131.66104789801412
7.1175 -63.502467540613324
7.1225 -201.5969067448548
7.1274999999999995 -2.8777211225983317
7.132499999999999 120.70810215428799
7.137499999999999 -46.578188885956315
7.1425 70.96470030842809
7.1475 -89.39923358197476
7.1525 -142.61032059240563
7.1575 -36.23985269521076
7.1625 295.1593229226169
7.1674999999999995 -62.50859018223566
7.172499999999999 -148.07430557023517
7.177499999999999 111.01208510386559
7.1825 -191.88938473650725
7.1875 231.44549122257848
7.1925 -168.5449329635522
7.1975 -17.315944087130422
7.2025 111.1440498687575
7.2075 13.786714226894642
7.2124999999999995 251.668588460568
7.217499999999999 8.833990767940973
7.222499999999999 -292.8116143712797
7.2275 -95.82269025952964
7.2325 243.73726910690502
7.2375 -79.3455775312434
7.2425 -74.43400475168046
7.2475 -161.6031973664976
7.2524999999999995 128.4548142641917
7.257499999999999 -18.450199459248495
7.262499999999999 -70.49695193679973
7.2675 60.40100252700357
7.2725 36.63466510224485
7.2775 -93.96348384807878
7.2825 28.684272051037627
7.2875 142.5620643507856
7.2924999999999995 134.45548656790538
7.297499999999999 -131.5264903924154
7.302499999999999 -165.69144312400073
7.3075 15.589591688526026
7.3125 181.53558552650583
7.3175 110.73990838485426
7.3225 117.8017471949193
7.3275 -292.3622283514658
7.3325 46.29875291403633
7.3374999999999995 -5.675811788306494
7.342499999999999 -70.52483153129788
7.347499999999999 14.032003235261254
7.3525 266.78437310140475
7.3575 -157.1728591840898
7.3625 -70.5330517457058
7.3675 -78.92867103637967
7.3725 186.13937061451585
7.3774999999999995 -140.1576170955403
7.382499999999999 68.68357719123492
7.387499999999999 78.83414732105683
7.3925 84.52503132269656
7.3975 -365.3205420442917
7.4025 14.706757688147437
7.4075 231.89052548028042
7.4125 -226.96126485097693
7.4174999999999995 228.27932374881541
7.422499999999999 349.89091103584116
7.427499999999999 -245.30038305589449
7.4325 -305.50798586380245
7.4375 89.04859856067212
7.4425 223.0594172020838
7.4475 -49.44229575132327
7.4525 -65.15083244621636
7.4575 148.01958563550718
7.4624999999999995 -69.96921867200042
7.467499999999999 -39.05752865894367
7.472499999999999 199.34457720799765
7.4775 -259.2472558659311
7.4825 182.29900318488947
7.4875 -309.7165045783026
7.4925 -140.41585691216125
7.4975 -62.001034871984814
7.5024999999999995 18.09409894474666
7.507499999999999 7.1693780732092005
7.512499999999999 90.36349100944604
7.5175 145.23310256362302
7.5225 83.8909014744272
7.5275 27.82046437778842
7.5325 -43.38912729069041
7.5375 -96.28005924692376
7.5424999999999995 -11.921973898311991
7.547499999999999 74.193591738017
7.552499999999999 -57.12350984127302
7.557499999999999 -53.145589253645866
7.5625 -68.83368719353976
7.5675 -153.2206963911284
7.5725 2.238263944839754
7.5775 -37.086804922176135
7.5825 328.753807169635
7.5874999999999995 -304.41136812847515
7.592499999999999 50.87035691070975
7.597499999999999 -255.9516134689151
7.6025 235.38725213035858
7.6075 339.54298417826885
7.6125 66.1820495341091
7.6175 158.95055150673727
7.6225 -259.87391461026976
7.6274999999999995 167.53459175432025
7.632499999999999 -79.06381251392602
7.637499999999999 135.886243235482
7.6425 -116.06524515859276
7.6475 -16.86882513642107
7.6525 13.769460342788022
7.6575 206.36081041432314
7.6625 -91.10664439385859
7.6674999999999995 -70.10847690176729
7.672499999999999 132.60003978838074
7.677499999999999 -53.43729311033925
7.682499999999999 -65.49635356806564
7.6875 4.632779729440214
7.6925 -369.0392859337595
7.6975 165.2897920080744
7.7025 -0.7197381883461867
7.7075 89.76954127340068
7.7124999999999995 -104.94067929667976
7.717499999999999 51.45283774297906
7.722499999999999 -9.479354246925945
7.7275 -171.55881981733384
7.7325 60.57458299085878
7.7375 -285.85925227432665
7.7425 270.0234478543442
7.7475 37.82514389342485
7.7524999999999995 259.10971086616837
7.757499999999999 -360.58680753937324
7.762499999999999 204.72337175807704
7.7675 81.71305507254746
7.7725 18.810925957930593
7.7775 130.32671515731872
7.7825 8.726016486487016
7.7875 -23.767748273614693
7.7924999999999995 -15.454306520721243
7.797499999999999 -11.126930171952552
7.802499999999999 156.6055120151086
7.807499999999999 -51.41497246502799
7.8125 -11.308565185348161
7.8175 -181.58051689134052
7.8225 66.61655545393899
7.8275 101.66218709519563
7.8325 -144.66909382462921
7.8374999999999995 -5.409372942379825
7.842499999999999 -69.69774540364979
7.847499999999999 -228.1456636494094
7.8525 232.37523956599168
7.8575 -157.14502077553567
7.8625 71.25729762377958
7.8675 63.159902069482456
7.8725 -9.033857864510109
7.8774999999999995 13.905936876526587
7.882499999999999 -61.07831366644744
7.887499999999999 -33.794778993165885
7.8925 1.3595503810472591
7.8975 136.25917853750343
7.9025 26.453333940856307
7.9075 94.99244978858968
7.9125 -78.26917669947234
7.9174999999999995 -245.49867798102812
7.922499999999999 265.51123004143165
7.927499999999999 71.53582882077569
7.932499999999999 -175.33406240060773
7.9375 -57.87432670613437
7.9425 -131.90272728076823
7.9475 113.23493997908862
7.9525 -249.87882944582574
7.9575 142.71627426249674
7.9624999999999995 -230.99661943493473
7.967499999999999 496.1277487411746
7.972499999999999 -300.4646088524202
7.9775 152.36956714624807
7.9825 -70.09300414525948
7.9875 19.957453951863556
7.9925 -10.540732604299361
7.9975 -19.039977703927317
8.0025 174.02740371944375
8.0075 -58.53509872839811
8.0125 -246.53868175453985
8.0175 -84.28187424616773
8.022499999999999 480.9709263204359
8.0275 -238.20654605692798
8.032499999999999 -165.2364355517875
8.0375 258.36464292748855
8.0425 -164.57049673310715
8.0475 99.76161683748714
8.0525 -3.0169843525756463
8.0575 -266.77689147071527
8.0625 108.30439376935959
8.067499999999999 51.42276147707618
8.0725 -63.35704773571776
8.077499999999999 -46.365194394753
8.0825 -9.861253215699648
8.0875 222.30223612198574
8.0925 -27.693330605705526
8.0975 -26.366814641384813
8.1025 256.1402618038155
8.1075 -86.85931694064469
8.112499999999999 62.55165962659728
8.1175 155.30598416039518
8.1225 -144.1583815393968
8.1275 138.96494242246246
8.1325 -181.449710069923
8.1375 57.51438287197339
8.1425 -210.35565829336332
8.147499999999999 -74.31317677132265
8.1525 4.589530540671082
8.157499999999999 -83.13890824426342
8.1625 -64.84010305190048
8.1675 161.63908992983866
8.1725 180.3210591442211
8.1775 -126.95932552995251
8.1825 190.0141402815979
8.1875 31.8220291184871
8.192499999999999 143.63957154491266
8.1975 -122.69289700962133
8.202499999999999 -235.8666952047405
8.2075 256.4368120487028
8.2125 -80.27409240168738
8.2175 2.1917209332238743
8.2225 221.34334207815272
8.2275 -124.54512786431478
8.2325 -160.35346108118378
8.237499999999999 3.349517559345628
8.2425 -74.09835009774004
8.2475 78.00804518219303
8.2525 -80.21332458082634
8.2575 -17.036673648493483
8.2625 108.90017042440479
8.2675 51.44031958451381
8.272499999999999 -16.272272264494532
8.2775 20.799475444979727
8.282499999999999 -259.22747582286746
8.2875 -5.88039934671664
8.2925 103.71411819733032
8.2975 -108.89417911960064
8.3025 112.44266005326742
8.3075 -64.800794028972
8.3125 3.3450031588092672
8.317499999999999 -114.73589683821672
8.3225 113.30215741351762
8.327499999999999 140.4314308571386
8.3325 90.36739985817908
8.3375 308.38291555312054
8.3425 -290.93723653179336
8.3475 47.29284133392911
8.3525 -207.11240678567793
8.3575 201.2689558362158
8.362499999999999 -138.9320384059613
8.3675 26.174999331081867
8.3725 299.9028875781263
8.3775 -380.6412008345486
8.3825 306.1466861675991
8.3875 -270.2975057051635
8.3925 391.20410437201724
8.397499999999999 -81.63926722999258
8.4025 -131.01167951362152
8.407499999999999 11.510050507922783
8.4125 2.5102590772607805
8.4175 14.757338764461345
8.4225 4.892376774239204
8.4275 -145.08325553291291
8.4325 199.4237771204505
8.4375 1.0966739219027086
8.442499999999999 177.47929032432032
8.4475 -63.71558308954351
8.452499999999999 -495.47005408527866
8.4575 18.22021214755824
8.4625 240.57020212159753
8.4675 28.43953622384902
8.4725 -3.4899705762428974
8.4775 -12.614936222826328
8.4825 8.589253361738535
8.487499999999999 12.686652399237891
8.4925 -218.99782046096828
8.4975 50.68917165308636
8.5025 -109.39842508003541
8.5075 287.75536708134837
8.5125 -149.41508621390022
8.5175 -6.7561783133084266
8.522499999999999 155.9939549590279
8.5275 -228.86822116694682
8.532499999999999 -39.93069488398684
8.5375 237.67085640461463
8.5425 7.875839386945417
8.5475 -305.6488915313306
8.5525 173.781009664566
8.5575 240.7005844514641
8.5625 -12.156549297850615
8.567499999999999 -135.9619418163541
8.5725 142.52181160392544
8.577499999999999 -9.974914315457804
8.5825 -83.5385695395966
8.5875 97.89705125310154
8.5925 57.089694207454706
8.5975 -181.95761828976455
8.6025 330.12587307745787
8.6075 -69.0902795723994
8.612499999999999 -37.120882145952066
8.6175 -82.33749017066187
8.6225 269.03883180682556
8.6275 -13.225509948045145
8.6325 -202.4569577468287
8.6375 -219.38870467634993
8.6425 128.89538356422784
8.647499999999999 -179.9323638696556
8.6525 242.44572448294076
8.657499999999999 149.47763279383935
8.6625 -44.690232020984645
8.6675 29.796827628237537
8.6725 -281.3650746615113
8.6775 -221.98672626330335
8.6825 164.60272782654832
8.6875 -116.35678848221356
8.692499999999999 44.80093947668778
8.6975 197.34650863608195
8.702499999999999 -106.76534004358551
8.7075 254.11036978719545
8.7125 -323.1423259837252
8.7175 190.53233340801296
8.7225 -110.25418136177188
8.7275 -109.46876656042845
8.7325 117.40744017099878
8.737499999999999 -58.03656563999571
8.7425 224.8990672640968
8.747499999999999 87.11142544656865
8.7525 -33.65656449153982
8.7575 -15.694504788504002
8.7625 12.752218316786518
8.7675 -265.8420710717152
8.772499999999999 82.9037759791812
8.7775 247.66634316490914
8.782499999999999 -28.498768980099555
8.7875 -14.887520033233702
8.7925 71.4782608714386
8.7975 143.67637019902241
8.8025 -181.94699442155581
8.8075 -164.9780357284319
8.8125 156.18930686555373
8.817499999999999 -151.7876402846637
8.8225 -210.71278937755739
8.827499999999999 487.6634945879915
8.8325 14.81101181302089
8.8375 -209.50160129367555
8.8425 133.28271825899748
8.8475 108.61939676460291
8.8525 -164.41896351300463
8.8575 -247.14405539246718
8.862499999999999 -10.122616979596268
8.8675 89.02717805382493
8.872499999999999 -132.620376696988
8.8775 33.307984293566314
8.8825 243.27346221696214
8.8875 -6.430945150637672
8.8925 11.04820133195859
8.897499999999999 -26.605728513002376
8.9025 181.5228284106145
8.907499999999999 -57.30094309887036
8.9125 -27.695913872329346
8.9175 163.59794685134526
8.9225 -91.5510152025835
8.9275 83.62777382049937
8.9325 53.84262569700731
8.9375 -171.16302000031882
8.942499999999999 -50.64998764672736
8.9475 -151.4725275366512
8.952499999999999 168.69767373448022
8.9575 -32.90259894151948
8.9625 18.29952653851369
8.9675 -292.98358660955034
8.9725 35.67985070380736
8.9775 -54.83260578608669
8.9825 64.02266706726674
8.987499999999999 111.13437933014788
8.9925 222.04457606660893
8.997499999999999 -102.92031252472499
9.0025 -30.818872710016944
9.0075 -72.8327909753941
9.0125 -63.1082874628254
9.0175 166.19815024065656
9.022499999999999 94.38014204301795
9.0275 -214.02310910286494
9.032499999999999 37.96636544595908
9.0375 223.99194939622126
9.0425 -29.85556108715698
9.0475 -57.56033296389657
9.0525 156.47631815631712
9.0575 118.08694183027269
9.0625 -433.6356476740146
9.067499999999999 118.85407648720918
9.0725 79.05507346189088
9.077499999999999 -4.008320551364932
9.0825 161.61370412451402
9.0875 -97.69094678873992
9.0925 83.93481805970794
9.0975 -11.082713310875375
9.1025 -270.8373900077128
9.1075 297.23629797358234
9.112499999999999 -81.90362993590345
9.1175 74.08362579378706
9.122499999999999 20.60126315490311
9.1275 -48.79100912829774
9.1325 107.69104505892123
9.1375 -300.88551551565007
9.1425 10.615447064802725
9.147499999999999 61.98744903700236
9.1525 9.06689346549702
9.157499999999999 225.15079443818115
9.1625 -222.29780935671687
9.1675 301.6836370031307
9.1725 -146.94326480710345
9.1775 -233.25029455474294
9.1825 311.2039577111674
9.1875 7.1437340991235825
9.192499999999999 -285.57099198362476
9.1975 42.694243799788325
9.202499999999999 157.15886780572234
9.2075 -2.011660032134907
9.2125 156.4070705048578
9.2175 214.33939623110453
9.2225 -284.54634201424574
9.2275 -48.40361150703442
9.2325 -176.95303725340096
9.237499999999999 -441.604821581493
9.2425 323.92173846006375
9.247499999999999 -45.55079695906369
9.2525 76.99712605389973
9.2575 -44.2059774611937
9.2625 123.86411525328737
9.2675 -63.33175877657464
9.272499999999999 88.15181002558208
9.2775 37.763008120250184
9.282499999999999 17.845825073905786
9.2875 -16.318343940482535
9.2925 3.6043290737754137
9.2975 -77.03435446293989
9.3025 -26.347533171937606
9.3075 180.46896089568645
9.3125 -11.87564747475962
9.317499999999999 5.266400608918804
9.3225 53.94471867828717
9.327499999999999 141.37624391356934
9.3325 -126.15052332976533
9.3375 10.528291817511706
9.3425 24.53133189293097
9.3475 -147.16952028409008
9.3525 83.96913213555817
9.3575 -64.73749636478836
9.362499999999999 66.79115017101019
9.3675 102.3012755732252
9.372499999999999 -228.195357714705
9.3775 45.26199730355481
9.3825 38.533014740172185
9.3875 150.55675295059245
9.3925 55.70456774991647
9.397499999999999 39.37332010842549
9.4025 -170.33195554732924
9.407499999999999 187.46672674577795
9.4125 -214.47200681265238
9.4175 -126.63907310323555
9.4225 -50.9128868586799
9.4275 -30.741864707255246
9.4325 160.1273397216842
9.4375 104.149785416039
9.442499999999999 -140.99000811752276
9.4475 198.0069338016413
9.452499999999999 -202.47452378223159
9.4575 179.65043104922282
9.4625 234.73715716933188
9.4675 -147.8061041501222
9.4725 -148.43654654055575
9.4775 162.98558712990166
9.4825 -324.40719106370113
9.487499999999999 163.82532063198
9.4925 198.0842719252056
9.497499999999999 -213.00199921669773
9.5025 -160.95597545402845
9.5075 94.54060718511553
9.5125 -90.61250369427817
9.5175 -20.463995997838055
9.522499999999999 172.15941323144753
9.5275 -19.7351777953261
9.532499999999999 -45.604581328098156
9.5375 341.3318502606909
9.5425 -140.83873418464938
9.5475 47.015736512758295
9.5525 30.31260216601266
9.5575 -205.28170229755048
9.5625 255.52214164254798
9.567499999999999 -16.040354082060706
9.5725 -71.23540196535441
9.577499999999999 -61.595101996892865
9.5825 -249.91593837615287
9.5875 -95.1677147970312
9.5925 210.87928585903896
9.5975 5.9443804607191595
9.6025 -107.19235722716363
9.6075 268.48286327466315
9.612499999999999 -104.77471941673102
9.6175 124.47580599920552
9.622499999999999 -56.36976180040759
9.6275 -155.01481269453103
9.6325 174.81761829517697
9.6375 -138.573498578263
9.6425 88.93266604952134
9.647499999999999 20.591670909062497
9.6525 19.03489275306084
9.657499999999999 242.37501282249323
9.6625 -180.36156953350425
9.6675 217.8273275109876
9.6725 -77.32144944143617
9.6775 -291.9202634334778
9.6825 183.2105594468128
9.6875 68.62761299360986
9.692499999999999 -112.8350928864616
9.6975 -56.36459710934276
9.702499999999999 104.00675104049292
9.7075 -131.457603545616
9.7125 232.2650067026324
9.7175 -49.207510540322154
9.7225 -140.83261603240098
9.7275 417.2647162569797
9.7325 -384.10139173631944
9.737499999999999 1.3206419012933275
9.7425 154.53667046437502
9.747499999999999 -111.23841410368361
9.7525 182.45149697173778
9.7575 -296.52802737316733
9.7625 105.59810065159893
9.7675 110.26050504898701
9.772499999999999 99.53579891181165
9.7775 -76.38301810097875
9.782499999999999 -66.34724411868886
9.7875 18.710305143877065
9.7925 -124.51917124549107
9.7975 6.735316908941083
9.8025 -80.79899291567793
9.8075 333.9303989985237
9.8125 3.135297753411209
9.817499999999999 -73.30566594437867
9.8225 -171.7061904938148
9.827499999999999 88.30534306669865
9.8325 12.187414544329929
9.8375 -155.70605389397207
9.8425 258.45719287552544
9.8475 161.71925856727543
9.8525 -334.84447615602454
9.8575 -6.716331899340225
9.862499999999999 -1.352879837127756
9.8675 -16.415910152284365
9.872499999999999 82.35735824374643
9.8775 85.39637089190886
9.8825 193.20701598476708
9.8875 -218.5573366579518
9.8925 132.98613682858712
9.897499999999999 -137.5221506430677
9.9025 112.68469234561226
9.907499999999999 -136.07156985162473
9.9125 -78.9505116924898
9.9175 70.20901994938973
9.9225 -73.1471549305825
9.9275 87.75609468580691
9.9325 85.2295396594956
9.9375 -149.36719867200918
9.942499999999999 -58.28073433805082
9.9475 125.951930497356
9.952499999999999 -149.77414606348609
9.9575 138.8583347774773
9.9625 -47.99682254327832
9.9675 -57.80028701087382
9.9725 -76.79651945252081
9.9775 -66.21161814706605
9.9825 77.88548502366508
9.987499999999999 -52.78983664852429
9.9925 -2.090312980776723
9.997499999999999 193.54030632866798
10.0025 0.18068971045014062
