0.0075 54.22897511625731
0.012499999999999999 101.2382226716864
0.017499999999999998 -100.78843979306349
0.0225 -49.05011450766579
0.0275 108.00628543257683
0.0325 38.48062911422101
0.0375 -268.81624572770403
0.042499999999999996 -12.214314623916309
0.0475 -65.05733351086839
0.0525 4.86201569371696
0.057499999999999996 65.77156436214891
0.0625 -116.16841634314866
0.06749999999999999 -132.7797760376473
0.0725 31.183543034233193
0.0775 1.9496557447576037
0.08249999999999999 178.02462196140988
0.0875 116.96822184887763
0.0925 143.29324117847614
0.09749999999999999 -397.4144941869017
0.1025 51.17341703485943
0.1075 302.56958823997616
0.11249999999999999 -178.5663481835905
0.1175 311.0059220074706
0.1225 -235.46749629729018
0.1275 193.51417457089374
0.1325 -141.25671480469813
0.13749999999999998 75.90283361483999
0.1425 10.594969747325193
0.1475 -326.4515732214578
0.1525 245.45599934258914
0.1575 -155.96951445664874
0.1625 -73.0905707068607
0.16749999999999998 133.91104799472043
0.1725 -310.291913007633
0.1775 30.149203709663087
0.1825 -210.7086210442185
0.1875 -12.687173473801375
0.1925 368.9019294945649
0.19749999999999998 79.53299778813854
0.20249999999999999 247.95121633936387
0.2075 -270.0026756642582
0.2125 231.74890504582578
0.2175 -70.94210646272165
0.2225 301.13249485832034
0.22749999999999998 -371.9694713698315
0.23249999999999998 119.70955986272226
0.2375 83.28535177645796
0.2425 -80.66373008433959
0.2475 -136.8040078179226
0.2525 343.35511384042684
0.2575 -168.00300962781196
0.2625 -7.857206497428365
0.2675 51.39056170074261
0.27249999999999996 92.75886261954169
0.27749999999999997 -338.2932068385954
0.2825 264.88308886627675
0.2875 -178.93001901672523
0.2925 -122.89961597353131
0.2975 -153.13115604344907
0.3025 288.5406501337255
0.3075 48.70267988422504
0.3125 -162.93390627045605
0.3175 -131.30546029983765
0.3225 143.64432595555095
0.32749999999999996 24.633670772718528
0.33249999999999996 225.35439748146902
0.33749999999999997 4.4553396294496155
0.34249999999999997 -123.67866692149535
0.3475 -80.83265038494439
0.3525 -148.15610822381575
0.3575 391.6074234528847
0.3625 -161.76676030345433
0.3675 442.5501591994762
0.3725 -232.5611502856665
0.3775 64.39977662392891
0.3825 -273.4239809819756
0.38749999999999996 -45.093280070707614
0.39249999999999996 -157.98162467220544
0.39749999999999996 65.77706880435588
0.40249999999999997 94.54078156745527
0.4075 -143.0520633957816
0.4125 -310.20462038613886
0.4175 165.6501334905512
0.4225 269.4434744960349
0.4275 -279.88504871625514
0.4325 292.9465666303356
0.4375 8.980275346076743
0.4425 -259.9546401132502
0.44749999999999995 334.6110573841155
0.45249999999999996 -65.7905056857005
0.45749999999999996 -197.04850925125336
0.46249999999999997 160.2616803760504
0.46749999999999997 150.81442169054534
0.4725 -237.81371873344557
0.4775 -204.00365409691062
0.4825 212.50227311755546
0.4875 -77.52907002224235
0.4925 69.8524013867676
0.4975 11.356181663198612
0.5025 245.52848028803172
0.5075 -279.8354289961939
0.5125 113.22015593577913
0.5175 -101.82169091393664
0.5225 97.99548065912975
0.5275 -6.746637385417249
0.5325 220.9625102595583
0.5375 -156.65114762011086
0.5425 1.7064005062024084
0.5475 295.91513131335995
0.5525 -335.56440882624065
0.5575 153.40600155899995
0.5625 -239.13589767311666
0.5675 7.852456955416008
0.5725 242.6277331962758
0.5775 -44.91315117333564
0.5825 6.719720726185667
0.5875 -48.91099417843998
0.5925 364.382942844122
0.5974999999999999 -506.1507340272966
0.6024999999999999 79.42420057731083
0.6074999999999999 -126.5075862531958
0.6124999999999999 -304.979064391097
0.6174999999999999 53.367160684797916
0.6224999999999999 86.5761516012302
0.6275 -106.1483582854962
0.6325 173.22572747708116
0.6375 102.26926672598042
0.6425 -123.47675276508174
0.6475 270.57411155796444
0.6525 122.47453518724518
0.6575 -74.14105584258313
0.6625 -78.43680195379262
0.6675 -100.96468369961448
0.6725 249.40253961271566
0.6775 -108.20295571696131
0.6825 149.92771275733492
0.6875 -232.53188865931475
0.6925 -30.168344531743113
0.6975 134.43180522576858
0.7025 -2.05788474087981
0.7075 65.95046301037155
0.7125 -294.2915206733423
0.7174999999999999 -65.05299385452906
0.7224999999999999 -136.28187922981226
0.7274999999999999 165.2258315528361
0.7324999999999999 64.047016842143
0.7374999999999999 -179.93517441558242
0.7424999999999999 270.38590363633773
0.7474999999999999 -17.034734882680766
0.7525 45.33225361588946
0.7575 -163.46220916449406
0.7625 67.57468788676859
0.7675 50.697257355253754
0.7725 -136.6463664459926
0.7775 253.99869014419158
0.7825 -294.65992340794423
0.7875 95.05590871778463
0.7925 -55.573707279036924
0.7975 162.68975501968131
0.8025 -155.86389024943782
0.8075 27.275243723988538
0.8125 -82.37497385360432
0.8175 -11.122184445890278
0.8225 -39.84702458600808
0.8275 -11.078028968975694
0.8325 155.66938095239036
0.8374999999999999 83.65653993257399
0.8424999999999999 75.90621661804393
0.8474999999999999 232.96310472028054
0.8524999999999999 -225.7231399754372
0.8574999999999999 73.63101263156449
0.8624999999999999 -69.18481605141733
0.8674999999999999 -11.352134552067193
0.8724999999999999 33.37415352598201
0.8775 -137.10549009605586
0.8825 -11.700046087028408
0.8875 162.23213027727914
0.8925 96.58327593193935
0.8975 -106.2319102890223
0.9025 94.4691080902093
0.9075 -14.233457339416633
0.9125 -179.04345796897536
0.9175 5.6075957592153
0.9225 -40.25700539463449
0.9275 115.50712693068704
0.9325 -214.8701911050294
0.9375 52.45703977934104
0.9425 194.87802796200106
0.9475 29.623268481069008
0.9524999999999999 37.474958233140974
0.9574999999999999 -146.43946873402535
0.9624999999999999 192.44463850174316
0.9674999999999999 18.656598607065902
0.9724999999999999 -248.2625114811761
0.9774999999999999 -10.876498118169014
0.9824999999999999 153.42772188109788
0.9874999999999999 -188.71121399437163
0.9924999999999999 72.9601027812862
0.9974999999999999 78.14569979183231
1.0025 -199.31377064819893
1.0075 44.23533678902609
1.0125 162.45753779916762
1.0174999999999998 -220.975334384849
1.0225 23.33269652488995
1.0274999999999999 59.055015660920375
1.0325 -320.0039236259577
1.0374999999999999 415.7364326226741
1.0425 -66.37958044682249
1.0474999999999999 27.729741019790154
1.0525 22.005094281295367
1.0574999999999999 11.628340026174184
1.0625 -315.52045728634573
1.0675 355.0009612482194
1.0725 68.79846761905098
1.0775 -80.2091285489532
1.0825 -47.703000439533675
1.0875 -140.56449237871905
1.0925 240.72074648428975
1.0975 23.235835622379685
1.1025 -452.25957510332677
1.1075 34.53300618339397
1.1125 370.95530802604264
1.1175 145.596538847412
1.1225 -240.5425856302786
1.1275 -11.973000749967424
1.1324999999999998 14.200999460114309
1.1375 -137.16251155857566
1.1424999999999998 -204.73820695485537
1.1475 243.78058787097095
1.1524999999999999 187.25675086846945
1.1575 48.95647313211202
1.1624999999999999 -69.76648823122962
1.1675 -158.49120046223464
1.1724999999999999 -55.67758292992128
1.1775 139.41315457707924
1.1824999999999999 -68.18685933548521
1.1875 -5.666665029966346
1.1925 45.308606798232105
1.1975 -120.9931946142882
1.2025 111.19174924483396
1.2075 -196.8564622864633
1.2125 208.0637695914703
1.2175 -155.79392989528364
1.2225 -138.85530129453554
1.2275 400.52209827469306
1.2325 44.57526024106027
1.2375 -95.09211321037311
1.2425 -15.409285925157178
1.2475 -169.33219136222908
1.2525 203.29642867206576
1.2574999999999998 132.2272256756707
1.2625 -6.813801067583832
1.2674999999999998 -105.4787478649106
1.2725 -246.58527351820769
1.2774999999999999 323.53031323506906
1.2825 -135.2733503337022
1.2874999999999999 195.15159610470866
1.2925 -251.4837957649242
1.2974999999999999 173.04784844414235
1.3025 -184.395827508806
1.3074999999999999 163.69826622179005
1.3125 105.06901042179054
1.3175 -343.12937979986106
1.3225 88.00747263466612
1.3275 257.2775476324322
1.3325 -192.18618620907387
1.3375 28.41727926732217
1.3425 35.39151488361067
1.3475 47.187186064555505
1.3525 145.84715727417148
1.3575 -132.47480387578358
1.3625 -91.39760335489028
1.3675 -201.13643808341058
1.3724999999999998 338.5963108790672
1.3775 69.47751566548244
1.3824999999999998 -323.354479732305
1.3875 95.44808813570737
1.3924999999999998 -73.39902563044463
1.3975 86.75583227249959
1.4024999999999999 259.4189095217137
1.4075 -509.3075155139004
1.4124999999999999 455.9541248165727
1.4175 -284.60915427970957
1.4224999999999999 354.19275800416324
1.4275 -364.3832401757156
1.4324999999999999 -165.97586057203722
1.4375 25.330273053069316
1.4425 434.0864990186616
1.4475 -63.379317949381544
1.4525 -387.1366869582795
1.4575 -93.4679249967034
1.4625 363.1180418086854
1.4675 -212.29248126115027
1.4725 283.78166686872424
1.4775 -209.1961418580131
1.4825 5.750654116033866
1.4874999999999998 207.37960656823753
1.4925 -75.96622396281776
1.4974999999999998 61.63112912181862
1.5025 74.97304530161125
1.5074999999999998 -165.8660061292109
1.5125 -155.7335372217914
1.5174999999999998 312.19034279696024
1.5225 -286.0061504967116
1.5274999999999999 93.08162906654685
1.5325 -32.5423383177091
1.5374999999999999 -49.371221772994296
1.5425 -126.47260037275366
1.5474999999999999 -107.76459076957431
1.5525 145.5823301490423
1.5574999999999999 -58.4922182989822
1.5625 -72.9244179055518
1.5675 -35.08822665775499
1.5725 53.348239691049365
1.5775 257.4498191267195
1.5825 -201.42711426938249
1.5875 214.377120220214
1.5925 -25.387923900632423
1.5975 160.74901976962863
1.6025 -44.365414435015936
1.6075 133.84954474816868
1.6124999999999998 -12.495705349164025
1.6175 -170.2504284316618
1.6224999999999998 198.10635574944536
1.6275 -69.55179880026562
1.6324999999999998 -89.41510349335661
1.6375 -73.85147658189241
1.6424999999999998 171.70953418718165
1.6475 -29.23277961127473
1.6524999999999999 -104.97887603595039
1.6575 10.47796594930787
1.6624999999999999 147.94927682096272
1.6675 -210.73187294393807
1.6724999999999999 163.33352151121923
1.6775 -31.185948464424552
1.6824999999999999 59.99061328013346
1.6875 -122.56950411867547
1.6925 -25.392192904326933
1.6975 75.82612532761264
1.7025 -295.7171251503802
1.7075 71.5939409048574
1.7125 226.65947478028355
1.7175 28.623783847208767
1.7225 -230.35272838634504
1.7274999999999998 176.0277700854415
1.7325 54.92500697786247
1.7374999999999998 175.83333749392514
1.7425 2.1863844092687437
1.7474999999999998 -209.64484993810854
1.7525 133.28863178914656
1.7574999999999998 -230.7120782563615
1.7625 -7.9215128368794145
1.7674999999999998 87.04217486529852
1.7725 78.34788369644167
1.7774999999999999 27.45828877206112
1.7825 -55.19263225530471
1.7874999999999999 153.4946745346455
1.7925 41.52962280748325
1.7974999999999999 -112.98564257832551
1.8025 193.88689851533496
1.8074999999999999 145.49650365011217
1.8125 8.559820642659224
1.8175 -104.46033338824513
1.8225 3.965786655860218
1.8275 -99.60440815646638
1.8325 99.0001711864469
1.8375 -46.982741579601495
1.8425 -58.768827727180344
1.8475 34.42971224696094
1.8524999999999998 47.43615180662233
1.8575 -131.4386362999207
1.8624999999999998 -106.9985054495673
1.8675 -197.9244632910034
1.8724999999999998 77.54602323579908
1.8775 -178.1229300465422
1.8824999999999998 200.14569592689415
1.8875 67.00986595565297
1.8924999999999998 -78.67169446371781
1.8975 10.249269843279947
1.9024999999999999 -333.0879385395631
1.9075 320.02993445758955
1.9124999999999999 149.26353404563176
1.9175 -50.974853151036946
1.9224999999999999 274.57214720275584
1.9275 -316.1332193931467
1.9324999999999999 269.8583282729213
1.9375 -95.11695266046495
1.9425 -46.623409473490625
1.9475 134.21816552648755
1.9525 83.4362510225082
1.9575 -243.76160460486452
1.9625 -96.66146372120009
1.9674999999999998 191.348346438018
1.9725 160.4301800997427
1.9774999999999998 233.9442840277529
1.9825 163.60975392724964
1.9874999999999998 -327.26036431098
1.9925 -26.60926234595109
1.9974999999999998 -56.64871485726494
2.0025 158.15959058380105
2.0075 -210.09939092818345
2.0124999999999997 238.081054459227
2.0175 -105.73875315057657
2.0225 51.14068407818969
2.0275 -187.705889443658
2.0324999999999998 24.77303005937042
2.0375 -49.071082232297606
2.0425 0.44388815683126803
2.0475 -29.607273268360625
2.0524999999999998 -19.75026917887411
2.0575 -153.28457960627355
2.0625 87.54004032897245
2.0675 454.64221525650584
2.0725 -161.0146775958403
2.0775 -50.82618005131624
2.0825 121.75873321720506
2.0875 -131.42929893322892
2.0925 9.992439526773996
2.0974999999999997 -29.751581973858695
2.1025 -35.363452123508395
2.1075 -162.36790323699654
2.1125 -93.1657529033518
2.1174999999999997 94.78162959942854
2.1225 -122.61454897512907
2.1275 -72.07594155399232
2.1325 248.48504630814043
2.1374999999999997 36.483575848197205
2.1425 102.77128772434601
2.1475 -194.9407226402789
2.1525 6.334259502214332
2.1574999999999998 82.14632679569347
2.1625 36.40952273131911
2.1675 96.40817911314268
2.1725 238.9599037524165
2.1774999999999998 -227.81687060006175
2.1825 -59.76359122482909
2.1875 -69.99091063764169
2.1925 -21.73083964587766
2.1975 46.35569215270063
2.2024999999999997 50.71403322581983
2.2075 -75.15001015133551
2.2125 12.926246167893215
2.2175 -108.36041296929966
2.2224999999999997 105.36364973098381
2.2275 104.58696414573521
2.2325 -123.08676200835819
2.2375 -41.939758655529964
2.2424999999999997 -49.797086473854165
2.2475 -41.99219059922012
2.2525 49.34369896982921
2.2575 -219.61650518547188
2.2624999999999997 273.280018080506
2.2675 88.315546390891
2.2725 -54.862168609326254
2.2775 -17.74428264211422
2.2824999999999998 -126.6716739490816
2.2875 296.29012262297084
2.2925 169.49333959228824
2.2975 -225.7442406003996
2.3024999999999998 2.295014622935996
2.3075 13.219803392068084
2.3125 -109.90476323379326
2.3175 -68.09973011725027
2.3225 401.7556362466448
2.3274999999999997 -292.44620004370904
2.3325 -23.789515505581786
2.3375 -0.8707657621661494
2.3425 -152.48445490947833
2.3474999999999997 32.71109910502107
2.3525 230.57974859946663
2.3575 -331.84451436202966
2.3625 0.32714403257249947
2.3674999999999997 88.65729406444306
2.3725 -134.3181287306256
2.3775 205.376771808872
2.3825 29.18505773425121
2.3874999999999997 -92.31964413293993
2.3925 183.84950416879175
2.3975 -83.4872475768358
2.4025 -61.93611608693699
2.4074999999999998 -121.30042576925872
2.4125 -90.06511187179167
2.4175 110.69715869079293
2.4225 -221.56668911035518
2.4274999999999998 303.78205321970756
2.4325 216.35449051962857
2.4375 96.32582064669441
2.4425 -154.2808370648291
2.4475 122.24647150915177
2.4524999999999997 -75.39557456603076
2.4575 -49.706988471124326
2.4625 -160.7256591153316
2.4675 27.311415583624566
2.4724999999999997 225.58562616119764
2.4775 -213.2751072249068
2.4825 157.472231126689
2.4875 -142.34709714497222
2.4924999999999997 139.2593492876617
2.4975 24.433626826600573
2.5025 13.58798980999957
2.5075 27.71223087489758
2.5124999999999997 -142.89722319438377
2.5175 -164.12231523767554
2.5225 169.32584346346857
2.5275 193.31888895005258
2.5324999999999998 -326.2090320836826
2.5375 243.7254532477362
2.5425 -222.91208279357673
2.5475 79.33296634254673
2.5524999999999998 81.00680692567813
2.5574999999999997 142.04372148122576
2.5625 -104.4621583663738
2.5675 174.37136503879924
2.5725 95.02559644688256
2.5774999999999997 -164.17419584237047
2.5825 -104.56274786331973
2.5875 -14.90224249500388
2.5925 -2.6744000648633186
2.5974999999999997 98.33888021141954
2.6025 -147.9924451839615
2.6075 -91.15470756814197
2.6125 163.3425030734616
2.6174999999999997 43.570977806577524
2.6225 84.1637573667616
2.6275 -261.5970952964302
2.6325 64.26305771156764
2.6374999999999997 -109.41150431474782
2.6425 74.49429649987214
2.6475 -92.72322690911679
2.6525 136.92119324365038
2.6574999999999998 251.70025663557922
2.6625 -148.89299687086276
2.6675 21.46208754469189
2.6725 165.1956109387524
2.6774999999999998 74.71402285336531
2.6824999999999997 -128.63183960988331
2.6875 -189.76599904791865
2.6925 -203.11411218261858
2.6975 170.70292458238043
2.7024999999999997 -145.74685076611019
2.7075 38.79599949334849
2.7125 217.07007695428103
2.7175 -111.80531217481507
2.7224999999999997 46.02989159772741
2.7275 2.051448187072053
2.7325 97.55700799339311
2.7375 -189.4676480693442
2.7424999999999997 110.46354905558732
2.7475 27.770818143453372
2.7525 59.343430382464334
2.7575 73.27121633650813
2.7624999999999997 16.080690714030485
2.7675 -82.26872128935388
2.7725 233.7182933316477
2.7775 -240.56305386020261
2.7824999999999998 -6.7856100126079735
2.7875 42.14453411658573
2.7925 -151.09256260795678
2.7975 -95.30777174462642
2.8024999999999998 233.2795313116269
2.8074999999999997 229.51761218387094
2.8125 -197.32587987308537
2.8175 87.19940257055751
2.8225 124.73397423386625
2.8274999999999997 -228.08218518814238
2.8325 -82.56712233582513
2.8375 88.63760402516768
2.8425 -31.833926724517667
2.8474999999999997 -143.5195034649599
2.8525 -91.17008522196272
2.8575 103.30123924040575
2.8625 396.5057727811389
2.8674999999999997 -216.0032846848268
2.8725 21.211568053017587
2.8775 25.449367210450948
2.8825 -221.1601116686599
2.8874999999999997 -138.5997881716279
2.8925 76.44752292123447
2.8975 -97.43334252518504
2.9025 83.08576021780193
2.9074999999999998 -5.89853853124324
2.9125 52.012347082067905
2.9175 -21.990715320825178
2.9225 81.96948402347581
2.9274999999999998 28.933801172080102
2.9324999999999997 165.58552741603376
2.9375 -313.59710738563695
2.9425 153.52597792456615
2.9475 132.19326845694573
2.9524999999999997 -275.22696186901277
2.9575 106.53872471592652
2.9625 162.32358400318947
2.9675 99.26131999063804
2.9724999999999997 -119.72035821195908
2.9775 64.97063065103929
2.9825 44.607963328051746
2.9875 12.616306806829675
2.9924999999999997 31.713363755314095
2.9975 58.46725139903592
3.0025 -180.08457682231526
3.0075 -27.1645288748821
3.0124999999999997 240.48688572009314
3.0175 -357.8663927746042
3.0225 147.24352244487608
3.0275 -128.65875811129766
3.0324999999999998 26.411278009547942
3.0374999999999996 72.95574379847554
3.0425 -1.2762766129162488
3.0475 -97.48410571442719
3.0524999999999998 77.36955909793913
3.0574999999999997 -236.29166414421377
3.0625 -120.17250197942494
3.0675 278.6913597899613
3.0725 309.31533453525606
3.0774999999999997 9.710466342800204
3.0825 -214.82838470725017
3.0875 34.04057802299917
3.0925 -190.23942713228897
3.0974999999999997 255.38748525120823
3.1025 202.49332394852615
3.1075 -143.42633151705894
3.1125 -39.92340773516721
3.1174999999999997 -70.53460931126335
3.1225 53.72705530636124
3.1275 225.8061188627357
3.1325 -9.802696540536788
3.1374999999999997 -202.76336478816512
3.1425 171.66838127085467
3.1475 -249.46107475736702
3.1525 160.8302745712029
3.1574999999999998 88.86581244619535
3.1624999999999996 -95.54951534060959
3.1675 -355.26960137100775
3.1725 246.56856643343153
3.1774999999999998 -154.56382213349812
3.1824999999999997 -10.709904724713716
3.1875 32.93229019121712
3.1925 12.092119875505222
3.1975 130.94537751245974
3.2024999999999997 -83.59512191987285
3.2075 113.38093059748327
3.2125 -67.36886185517878
3.2175 -234.95019426101246
3.2224999999999997 138.34207817993868
3.2275 175.2929979501753
3.2325 -62.916878592326775
3.2375 -73.83794295305466
3.2424999999999997 64.44466667123507
3.2475 91.11370232250408
3.2525 111.37156049725736
3.2575 -186.77128944867155
3.2624999999999997 -164.6004977326842
3.2675 -71.97750359497253
3.2725 239.99748038429675
3.2775 -72.97097751531695
3.2824999999999998 -8.907979013667605
3.2874999999999996 150.85148535580936
3.2925 68.97708599231903
3.2975 -191.74245940771823
3.3024999999999998 81.8862457173637
3.3074999999999997 76.04505361297585
3.3125 -38.11759541316615
3.3175 32.452857775178536
3.3225 94.11856853345107
3.3274999999999997 -173.84662189985363
3.3325 71.99054427543061
3.3375 113.07269709769272
3.3425 -285.6074308857505
3.3474999999999997 -3.3387868445344973
3.3525 199.88790507653854
3.3575 -48.91502145321019
3.3625 72.73812810947763
3.3674999999999997 24.36811433235315
3.3725 93.58689799766981
3.3775 -141.88978868644153
3.3825 91.36665954836099
3.3874999999999997 141.01958258598933
3.3924999999999996 -144.29508939866125
3.3975 -95.53388915659143
3.4025 -62.95579768930389
3.4074999999999998 304.15899882210044
3.4124999999999996 -147.2402473070263
3.4175 -75.5779063192783
3.4225 55.11794016416392
3.4274999999999998 -346.9273870912961
3.4324999999999997 5.235340091062672
3.4375 75.23228256153014
3.4425 -27.397404992372035
3.4475 21.582117596728263
3.4524999999999997 158.6353056065333
3.4575 10.776186461864704
3.4625 -177.03960418645624
3.4675 103.67022924479157
3.4724999999999997 -391.9330371578882
3.4775 247.01930198373114
3.4825 69.02816327372861
3.4875 68.18239951783835
3.4924999999999997 15.786848938405228
3.4975 166.66059983662913
3.5025 -121.9178977453496
3.5075 129.83548981070797
3.5124999999999997 -79.47132071848112
3.5174999999999996 34.71317896419193
3.5225 -180.57307159347044
3.5275 95.13654322186912
3.5324999999999998 157.9849737605362
3.5374999999999996 -123.35290347334711
3.5425 166.12655354295802
3.5475 76.89349985019219
3.5524999999999998 -453.3218128389765
3.5574999999999997 218.0145111789774
3.5625 -70.34416866408283
3.5675 49.21521487775378
3.5725 160.56166583131431
3.5774999999999997 107.66320237387136
3.5825 -53.30831926080794
3.5875 136.87854144844644
3.5925 60.49440303715621
3.5974999999999997 -77.96153269817783
3.6025 -286.84665357065467
3.6075 256.36866668048043
3.6125 -12.979535252923405
3.6174999999999997 -94.22047190148699
3.6225 66.58658945583514
3.6275 122.77040685093951
3.6325 -180.38202565765556
3.6374999999999997 -87.92193956091515
3.6424999999999996 -4.679047729480922
3.6475 143.0176835276885
3.6525 270.3061050144748
3.6574999999999998 -1.8801509772131884
3.6624999999999996 -71.53684675835729
3.6675 -193.53689618513584
3.6725 -31.686656315414822
3.6774999999999998 -142.7189696391024
3.6824999999999997 16.42091509978352
3.6875 85.87524894250907
3.6925 109.72184816652049
3.6975 47.53674488924549
3.7024999999999997 -55.770590923553
3.7075 124.74199394641403
3.7125 -144.34708175148072
3.7175 109.00102888003954
3.7224999999999997 164.37858997158662
3.7275 35.416385140920205
3.7325 -206.72244063525318
3.7375 90.94701109598364
3.7424999999999997 -211.03813807140662
3.7474999999999996 104.67123887704916
3.7525 18.48243594765358
3.7575 120.53082127152511
3.7624999999999997 -0.712208134565907
3.7674999999999996 -150.18545311214416
3.7725 22.655539882080376
3.7775 64.48820639854871
3.7824999999999998 -122.19827855966935
3.7874999999999996 -7.075158054879435
3.7925 -227.4801365585849
3.7975 -109.79472689186346
3.8024999999999998 373.3523335215393
3.8074999999999997 -311.0452841905313
3.8125 103.12320806290523
3.8175 103.59155724929542
3.8225 -43.41902644387551
3.8274999999999997 78.57878683615259
3.8325 172.06442715085797
3.8375 -139.5829971204484
3.8425 86.40703764115854
3.8474999999999997 25.68554636170162
3.8525 -304.72116327294236
3.8575 169.94715408796935
3.8625 -64.69275606062696
3.8674999999999997 -13.008240671653974
3.8724999999999996 -163.62216655495737
3.8775 93.75968921777964
3.8825 -91.7648802567444
3.8874999999999997 188.04264203854737
3.8924999999999996 4.686986747842845
3.8975 -79.48404546458897
3.9025 -238.0259166121723
3.9074999999999998 136.21621199220962
3.9124999999999996 15.058205375233928
3.9175 248.28933491279957
3.9225 -11.993442432721416
3.9274999999999998 68.20631920882298
3.9324999999999997 -273.2043360792791
3.9375 -139.4944403667999
3.9425 304.44795466839395
3.9475 -129.73848697788176
3.9524999999999997 215.2661786602094
3.9575 -14.09630778392969
3.9625 -100.50390071161799
3.9675 -100.13330478437611
3.9724999999999997 91.98213144026877
3.9775 -158.73889312440207
3.9825 98.93396094901587
3.9875 31.050841659390173
3.9924999999999997 243.91890254128683
3.9974999999999996 -143.62018322886303
4.0024999999999995 235.63836691024628
4.007499999999999 -195.60278965125886
4.0125 3.7911498975458158
4.0175 74.96115516300024
4.0225 -147.1532933182062
4.0275 89.25826567498483
4.0325 -41.12634678763876
4.0375 -154.9876781313911
4.0424999999999995 -15.316585460916663
4.047499999999999 -72.08021383907493
4.0525 15.971805144220617
4.0575 -177.4520647047162
4.0625 156.78459665800182
4.0675 45.60236755071027
4.0725 -217.46884479095613
4.0775 92.18704486765783
4.0825 146.51687475518432
4.0874999999999995 -77.07573673102551
4.0925 29.673745803015922
4.0975 -172.37577288690494
4.1025 86.16346423131685
4.1075 110.52030019422926
4.1125 112.71389278517812
4.1175 -67.77433628992245
4.1225 54.58773521638469
4.1274999999999995 -264.72051412880785
4.132499999999999 262.3194751749119
4.1375 97.02178309748335
4.1425 1.0096464431473309
4.1475 8.917887720196392
4.1525 -137.51387371574643
4.1575 95.19799870325255
4.1625 -203.0085884648346
4.1674999999999995 311.92407446807897
4.172499999999999 -23.024272112458657
4.1775 -0.19757785547867873
4.1825 41.46763509975115
4.1875 13.235187855385966
4.1925 -134.50097242976292
4.1975 -298.7569187606894
4.2025 271.009194138579
4.2075 -228.34259179004172
4.2124999999999995 92.83208635940625
4.2175 183.38010248744436
4.2225 326.6082755653775
4.2275 -178.6637952456405
4.2325 -91.84444932947198
4.2375 98.9150339681732
4.2425 109.31728311215768
4.2475 -18.573154634402602
4.2524999999999995 -213.1562411692312
4.257499999999999 210.89506652324334
4.2625 26.25689198845068
4.2675 -6.692218252823624
4.2725 -41.70854760812244
4.2775 -136.11360188390086
4.2825 -37.4576523731625
4.2875 92.97428905521024
4.2924999999999995 76.51025714065022
4.297499999999999 -169.4243989274341
4.3025 217.86131578365115
4.3075 8.295785483429475
4.3125 -62.68291015090066
4.3175 -262.858559706957
4.3225 379.4510944274632
4.3275 -361.14117245140795
4.3325 -114.87790781542503
4.3374999999999995 -127.39285377705343
4.342499999999999 327.3402803062042
4.3475 -98.81132973486562
4.3525 203.94622089008686
4.3575 75.69117819212767
4.3625 -232.48635240059917
4.3675 85.64448159798742
4.3725 0.7038285713457662
4.3774999999999995 92.39326091566336
4.382499999999999 -163.50397710670737
4.3875 -21.40227134283164
4.3925 328.9833831482229
4.3975 -291.1604992841327
4.4025 273.27031418522927
4.4075 -0.6637413577686816
4.4125 -66.88231453441237
4.4174999999999995 73.64414308553798
4.422499999999999 -44.39645863639584
4.4275 -66.67193660070777
4.4325 -179.81029817272892
4.4375 98.57777569410521
4.4425 -138.17897920987863
4.4475 -94.57467944157715
4.4525 241.92068679212383
4.4575 -62.192638462850226
4.4624999999999995 -156.10607454653575
4.467499999999999 -16.807746315628016
4.4725 194.46751851270326
4.4775 101.46290239156033
4.4825 -144.25807336698108
4.4875 169.70587656423467
4.4925 -137.34618534199313
4.4975 28.55784725616384
4.5024999999999995 160.26567133350255
4.507499999999999 -44.82902342189226
4.5125 -73.57136475915762
4.5175 91.05475536775656
4.5225 -190.3088037365443
4.5275 -128.97113678555766
4.5325 137.7264213460362
4.5375 -20.537907856714718
4.5424999999999995 -6.230831727911252
4.547499999999999 -134.8066529273614
4.5525 440.039912754326
4.5575 -17.82750719764757
4.5625 -86.31343422772888
4.5675 -5.114490267680214
4.5725 84.37683350613833
4.5775 -73.48171703853792
4.5825 -54.76856049175125
4.5874999999999995 319.0532255520912
4.592499999999999 -226.93921155433787
4.5975 -69.67783114441073
4.6025 183.47356577984476
4.6075 -57.81646723136914
4.6125 -204.73727879078916
4.6175 -137.97828944710474
4.6225 8.990481959881219
4.6274999999999995 292.1930293878163
4.632499999999999 -312.13568824327353
4.6375 46.31003036238567
4.6425 99.08734529966357
4.6475 195.38650508736666
4.6525 -51.749858205026065
4.6575 -77.04859920723463
4.6625 149.09224894154562
4.6674999999999995 0.28845661475459106
4.672499999999999 -170.6256477771865
4.6775 11.136518207089619
4.6825 -117.599581448969
4.6875 60.461461913830064
4.6925 -80.65844778964065
4.6975 -33.89841934220565
4.7025 222.53072869971038
4.7075 -208.55311624058604
4.7124999999999995 308.0134096059662
4.717499999999999 -166.96577491821793
4.7225 59.93164316651644
4.7275 3.1311212618341973
4.7325 145.54186161184958
4.7375 -250.8024338464313
4.7425 136.46811233147716
4.7475 -69.4476148757153
4.7524999999999995 -146.5927089996612
4.757499999999999 280.66677793484166
4.7625 257.6512900078968
4.7675 -292.2271245070823
4.7725 146.10525585129506
4.7775 -64.01176608213109
4.7825 -157.69563895092384
4.7875 300.845723051321
4.7924999999999995 -99.13112003686872
4.797499999999999 -143.21615793406067
4.8025 280.8898646929314
4.8075 31.15496051541229
4.8125 -22.72317562358951
4.8175 -51.17457287298206
4.8225 -161.81481206278357
4.8275 -331.02468985581095
4.8325 66.07658483196695
4.8374999999999995 -21.026605267977907
4.842499999999999 149.00499382162994
4.8475 -67.75714911915009
4.8525 140.23877209028214
4.8575 -179.1685716889295
4.8625 116.35894988897613
4.8675 -185.77497264551295
4.8725 60.03597347880713
4.8774999999999995 12.61479384841277
4.882499999999999 60.17850868860656
4.8875 -84.19484242512432
4.8925 22.694417044726702
4.8975 143.02388799935957
4.9025 59.24908509570414
4.9075 -204.31423980096804
4.9125 -78.68690612370982
4.9174999999999995 138.57654581178352
4.922499999999999 89.91957653571762
4.9275 12.822899712802316
4.9325 -232.753730759754
4.9375 -90.17256007847168
4.9425 158.4646247713017
4.9475 123.67076441782821
4.9525 10.422242452603344
4.9575 -134.96733344036602
4.9624999999999995 0.3214445821576699
4.967499999999999 -208.79668425546384
4.9725 235.81823158597092
4.9775 -209.13428372810333
4.9825 64.63716529977242
4.9875 133.8240699917317
4.9925 -88.45815344581962
4.9975 -3.2873931024367344
5.0024999999999995 7.40999741134629
5.007499999999999 -76.85122728147611
5.0125 -91.3725684812771
5.0175 164.05237992569383
5.0225 36.00932825564976
5.0275 -30.398632102781736
5.0325 -62.61520230109335
5.0375 -32.414469580481175
5.0424999999999995 -32.40332147968131
5.047499999999999 74.3215184382109
5.0525 -86.47354122975246
5.0575 -101.57040375837258
5.0625 222.2732945091033
5.0675 -167.50310490273037
5.0725 314.82762641473266
5.0775 -120.68109068843442
5.0825 -99.24694050382992
5.0874999999999995 -87.90832688269758
5.092499999999999 296.50604986919205
5.0975 -87.19838450139144
5.1025 -33.75196021724957
5.1075 12.01279028654167
5.1125 287.6080006813632
5.1175 -207.44429707065063
5.1225 127.92182630453934
5.1274999999999995 -302.25036796196525
5.132499999999999 -230.49345246728294
5.1375 189.07951989101613
5.1425 -54.27532575135506
5.1475 163.44004915283708
5.1525 86.60585864106612
5.1575 -60.60920681658844
5.1625 -73.64300172170876
5.1674999999999995 226.79052871736522
5.172499999999999 -54.67527205868432
5.177499999999999 103.90136949974577
5.1825 -16.756691074619788
5.1875 20.18843104205546
5.1925 72.13380346307052
5.1975 29.286366340411636
5.2025 -14.077390408754496
5.2075 -188.9378376118532
5.2124999999999995 -69.76519719004789
5.217499999999999 -109.2383128146324
5.2225 95.65925627536892
5.2275 202.01063415854333
5.2325 -173.83580776047853
5.2375 245.31655689454226
5.2425 105.04325808788093
5.2475 49.40336227051704
5.2524999999999995 -7.326391787142273
5.257499999999999 -207.91439317267336
5.2625 151.81359085060106
5.2675 16.91272501047213
5.2725 -55.64686005785552
5.2775 24.599085369658706
5.2825 -28.629391846406012
5.2875 -145.31243116570295
5.2924999999999995 363.6733692941294
5.297499999999999 -202.3134216396386
5.302499999999999 234.42644379542713
5.3075 -134.9315468683282
5.3125 124.66128670078105
5.3175 -112.9931971726124
5.3225 -163.2147367747558
5.3275 -98.18998963544003
5.3325 140.71145698547704
5.3374999999999995 226.29287461332748
5.342499999999999 -65.64463480918785
5.3475 12.279316833528078
5.3525 -67.02398970801309
5.3575 -66.55519813458189
5.3625 95.76828428538458
5.3675 117.76592700304542
5.3725 -37.10768343252661
5.3774999999999995 -284.36080446817243
5.382499999999999 -114.9089172785007
5.3875 335.03939830762005
5.3925 -111.44916586891219
5.3975 -43.04055682996885
5.4025 26.011515607985544
5.4075 -121.910437497139
5.4125 137.46590695999495
5.4174999999999995 -34.285062786989016
5.422499999999999 -11.964818333203025
5.427499999999999 -352.93197219127734
5.4325 151.53966405792954
5.4375 -232.19030494003192
5.4425 222.12890224745678
5.4475 -67.06049519188866
5.4525 153.02685533766768
5.4575 -23.60319950569088
5.4624999999999995 141.523276154753
5.467499999999999 -289.008156916238
5.4725 49.94245075009676
5.4775 -83.9972277917819
5.4825 -29.17414951196883
5.4875 70.47131375243148
5.4925 -41.05557565100369
5.4975 89.78680384208336
5.5024999999999995 -135.5354925514164
5.507499999999999 58.76787194682019
5.5125 -70.45576362424609
5.5175 233.48270591582929
5.5225 -187.62812511794445
5.5275 215.9789307650393
5.5325 152.98677391380795
5.5375 -83.5275601288447
5.5424999999999995 116.73975854870109
5.547499999999999 183.7688800516576
5.552499999999999 -6.3547053627757455
5.5575 -198.80784698557113
5.5625 -20.70789159023704
5.5675 -22.14719717026694
5.5725 160.80824680195406
5.5775 -237.29755016592796
5.5825 309.16008510610766
5.5874999999999995 -306.17363019640374
5.592499999999999 -8.332445447491283
5.5975 -39.4723266440081
5.6025 267.5905922981371
5.6075 -103.05776320308351
5.6125 -123.41685379657997
5.6175 -42.93433630654068
5.6225 -31.345978555316208
5.6274999999999995 350.0752514262634
5.632499999999999 -59.030369574230335
5.6375 -240.45664471041414
5.6425 -93.11764535220063
5.6475 -19.811051474028577
5.6525 197.81739003431548
5.6575 -102.32835171285348
5.6625 154.9239393960113
5.6674999999999995 -225.71910809521
5.672499999999999 31.711463149002235
5.677499999999999 -230.44914454974165
5.6825 80.60836226049999
5.6875 84.95801994182153
5.6925 16.507870338656236
5.6975 103.12935608483193
5.7025 4.859989950559175
5.7075 -144.369284100446
5.7124999999999995 32.47975417039932
5.717499999999999 -54.79314728318241
5.7225 -0.18230277176456072
5.7275 220.69634362903645
5.7325 -455.3501293287567
5.7375 252.85462555163997
5.7425 -74.43202808953586
5.7475 211.29007788601987
5.7524999999999995 81.6864636901646
5.757499999999999 -23.949435197089922
5.7625 88.48376505012176
5.7675 -98.06883576965524
5.7725 -34.2762004567388
5.7775 82.52853439587844
5.7825 14.455372633726013
5.7875 -235.5164634898866
5.7924999999999995 -97.96795779017242
5.797499999999999 53.78183616470614
5.802499999999999 61.82417084887274
5.8075 168.9469380417452
5.8125 -156.3808392692124
5.8175 -265.0681454710548
5.8225 21.31533399944898
5.8275 171.30947261184286
5.8325 -85.72531947411863
5.8374999999999995 -55.03689570039012
5.842499999999999 61.54079168466893
5.8475 210.13811663708668
5.8525 -9.784069572321593
5.8575 144.1906806620171
5.8625 36.852046620202344
5.8675 -150.63387698619846
5.8725 24.514661289953462
5.8774999999999995 -50.984358551116976
5.882499999999999 -140.79487839140106
5.8875 -31.92646667213366
5.8925 81.99745783246574
5.8975 112.10345235504336
5.9025 -79.26659578586788
5.9075 -178.1936172322754
5.9125 -7.571757377679576
5.9174999999999995 135.04919392532804
5.922499999999999 303.3348128165178
5.927499999999999 -140.21750882689537
5.9325 -332.4128664417284
5.9375 161.91677082788797
5.9425 179.60709593578449
5.9475 -40.93178175633755
5.9525 141.58187888448586
5.9575 -218.33985013557466
5.9624999999999995 208.6315830958689
5.967499999999999 1.1201634632035
5.9725 -18.153996202650113
5.9775 -250.24154313341134
5.9825 240.80245979200453
5.9875 -152.8165399065938
5.9925 -151.8190376588033
5.9975 89.51031825750236
6.0024999999999995 -0.2926952142088666
6.007499999999999 -96.03235092620257
6.012499999999999 -94.93146880086178
6.0175 219.31098574728392
6.0225 -68.12973809080506
6.0275 -0.6406830188276214
6.0325 -76.06336491000978
6.0375 81.58118583799218
6.0424999999999995 -307.79426709283615
6.047499999999999 92.13374657171366
6.052499999999999 238.52963755050902
6.0575 -5.333203683802249
6.0625 144.36949542513005
6.0675 153.40488414354715
6.0725 43.488082508323586
6.0775 -53.05034024463771
6.0825 8.41015266553805
6.0874999999999995 -279.86034899243907
6.092499999999999 2.1707518927472056
6.0975 219.4922791673546
6.1025 -17.810749387052148
6.1075 -118.52251095274725
6.1125 261.23982973289174
6.1175 -92.62268557209265
6.1225 19.55754106699367
6.1274999999999995 -130.1180076886604
6.132499999999999 -20.04232884001691
6.137499999999999 -53.53477037102874
6.1425 -36.945941361683396
6.1475 144.75417793211489
6.1525 -148.596004370519
6.1575 86.39933073782943
6.1625 -68.72367598424674
6.1674999999999995 -146.7237555680117
6.172499999999999 169.22081720083287
6.177499999999999 151.05235749468048
6.1825 -118.44452530192868
6.1875 -169.1930126094916
6.1925 68.62760694072351
6.1975 -47.19311582071648
6.2025 140.33218575888336
6.2075 -308.8066999690533
6.2124999999999995 -41.34124320099879
6.217499999999999 188.82584000316362
6.2225 16.688024763418433
6.2275 109.36296174528681
6.2325 2.1236306989010365
6.2375 293.8646894844347
6.2425 -87.34657244911327
6.2475 -4.163492872004724
6.2524999999999995 -175.35749187359076
6.257499999999999 -74.54882346595181
6.262499999999999 50.729327816933974
6.2675 208.96849451323254
6.2725 -132.1480140521986
6.2775 32.055591580654585
6.2825 -165.44949425621985
6.2875 142.62245044505354
6.2924999999999995 -168.9686294810485
6.297499999999999 89.14359779354227
6.302499999999999 -31.553407257158092
6.3075 -240.63410732779982
6.3125 324.8770180918986
6.3175 -32.89811664759763
6.3225 -123.85990376023715
6.3275 176.1075025861003
6.3325 10.226898605627234
6.3374999999999995 -215.12283473216067
6.342499999999999 134.70199562762366
6.3475 -48.491122032436905
6.3525 -205.67509444743786
6.3575 82.15415337511232
6.3625 -132.29324319117433
6.3675 88.93842550246164
6.3725 26.227573386016612
6.3774999999999995 -85.03271611208137
6.382499999999999 105.4827429014818
6.387499999999999 27.25284496050622
6.3925 418.6124058756524
6.3975 -378.88757728810805
6.4025 -16.27537055279549
6.4075 140.68875155612673
6.4125 -18.319076571896268
6.4174999999999995 107.6781387262231
6.422499999999999 -397.5671369273878
6.427499999999999 208.53689963698042
6.4325 -85.51609277307966
6.4375 13.921060144640297
6.4425 22.922541646436986
6.4475 -38.682323919296906
6.4525 89.09276094577223
6.4575 119.01641121457615
6.4624999999999995 -85.03274611334412
6.467499999999999 181.71117607496504
6.4725 219.88770791611987
6.4775 -308.47179403083663
6.4825 65.73626182364185
6.4875 -139.40353746177084
6.4925 29.06488412354091
6.4975 191.0395065969172
6.5024999999999995 47.62883810753243
6.507499999999999 -204.9028819451971
6.512499999999999 -179.0880672478851
6.5175 115.25480552106518
6.5225 214.1663826332138
6.5275 28.597276284143316
6.5325 -123.75693784747897
6.5375 -46.46648786869756
6.5424999999999995 176.0256772999882
6.547499999999999 38.58412452294975
6.552499999999999 -122.97503704272303
6.5575 -14.042623945442315
6.5625 36.14686904470889
6.5675 -80.32474269144076
6.5725 491.9714632777912
6.5775 -445.3872091365497
6.5825 -38.54325517118949
6.5874999999999995 139.94673953554337
6.592499999999999 -277.3937054351557
6.5975 85.72381730562957
6.6025 -129.34177106967715
6.6075 -131.6260169498856
6.6125 133.71268372456282
6.6175 30.86348587889304
6.6225 66.13255324029554
6.6274999999999995 -21.70366797591274
6.632499999999999 104.40421329590062
6.637499999999999 -175.23943499671012
6.6425 1.0741894229039088
6.6475 152.96264210863234
6.6525 -76.48480080604125
6.6575 -125.97931296566706
6.6625 84.06270975842861
6.6674999999999995 -266.964232250581
6.672499999999999 250.31396486583537
6.677499999999999 -93.7748590668013
6.6825 -191.12550284805795
6.6875 75.0634338757817
6.6925 207.15191397484193
6.6975 -299.29299190776237
6.7025 81.21010337711431
6.7075 3.5101809005748574
6.7124999999999995 -38.78972265021029
6.717499999999999 46.54420298181347
6.722499999999999 -37.479844623018494
6.7275 -128.8979755483238
6.7325 222.83317662704016
6.7375 110.42540514748771
6.7425 -59.371731836823706
6.7475 -8.781275391268556
6.7524999999999995 -115.17680171158757
6.757499999999999 32.124235785662336
6.762499999999999 65.34632330595915
6.7675 -127.22851028092735
6.7725 370.5306310725432
6.7775 104.65317482726391
6.7825 0.1859573005828104
6.7875 -200.59127652338088
6.7924999999999995 -109.9100402980089
6.797499999999999 295.0124359507055
6.802499999999999 -229.17992849716057
6.8075 98.555207375789
6.8125 -163.03829698002568
6.8175 361.07577259348034
6.8225 -210.88700986835116
6.8275 -41.73023509989118
6.8325 160.5337128784654
6.8374999999999995 -249.97088805739295
6.842499999999999 230.10792360888595
6.847499999999999 56.81502659412855
6.8525 94.59964036059733
6.8575 -70.237271796398
6.8625 -175.06669877891534
6.8675 13.359623092835546
6.8725 -63.24357611761904
6.8774999999999995 136.84742487559942
6.882499999999999 -4.049155164820953
6.887499999999999 329.0387883749526
6.8925 65.57069117060189
6.8975 13.859741511122
6.9025 -13.843714783929281
6.9075 -380.0602450664689
6.9125 -24.285940610522825
6.9174999999999995 150.54446769666694
6.922499999999999 -8.8918110963217
6.927499999999999 -370.1026806917923
6.9325 387.5623805664117
6.9375 -253.60340173850443
6.9425 -231.18964176972528
6.9475 59.93988496078002
6.9525 -150.84003961090278
6.9575 356.80712161118527
6.9624999999999995 -203.2877934401899
6.967499999999999 79.14036257800531
6.972499999999999 154.52721401372366
6.9775 -130.90185199627055
6.9825 -14.628535711592502
6.9875 34.14049854441965
6.9925 201.57724881219391
6.9975 38.32355013438301
7.0024999999999995 -243.94581762150457
7.007499999999999 -11.601477777127451
7.012499999999999 96.6702688286471
7.0175 169.3788822748069
7.0225 -53.484839848412264
7.0275 -130.21117239941466
7.0325 -118.17464552170023
7.0375 106.33080912270334
7.0424999999999995 67.69699592942189
7.047499999999999 71.35920033389307
7.052499999999999 278.137737277595
7.0575 -252.1308450221
7.0625 -293.4346382257846
7.0675 -47.71641968855721
7.0725 4.996936635665246
7.0775 -37.34029743372098
7.0825 28.679320000501733
7.0874999999999995 266.99169972246983
7.092499999999999 -160.9384207019952
7.097499999999999 237.95372383675343
7.1025 -257.41018801786606
7.1075 16.158116670239007
7.1125 226.0294832640903
7.1175 12.97514138377597
7.1225 -151.5097151658088
7.1274999999999995 247.12297555785355
7.132499999999999 -162.4813740655883
7.137499999999999 129.96814874955433
7.1425 -96.97501323421406
7.1475 150.6029893703566
7.1525 -173.50526595331553
7.1575 223.92321461174313
7.1625 -85.12622346883643
7.1674999999999995 151.84513033598523
7.172499999999999 -0.1885934641698884
7.177499999999999 45.33844038944718
7.1825 -366.0139496507058
7.1875 237.46871526496315
7.1925 -169.94488951896997
7.1975 166.63606367232885
7.2025 87.99370310774158
7.2075 -189.2614438639424
7.2124999999999995 119.27363283044654
7.217499999999999 97.93258011692404
7.222499999999999 -233.78692635197413
7.2275 -88.76117304194771
7.2325 194.01072718120147
7.2375 110.41420704458328
7.2425 -393.43244921515384
7.2475 123.73448584984816
7.2524999999999995 150.46496303454512
7.257499999999999 8.71741375597908
7.262499999999999 54.00540544310499
7.2675 -95.27023805957938
7.2725 -41.97089101851531
7.2775 -55.91956153579594
7.2825 126.08514610436924
7.2875 -164.71526808965703
7.2924999999999995 110.24271193165787
7.297499999999999 -160.91902356978508
7.302499999999999 7.090511859012141
7.3075 140.9926027662046
7.3125 -162.34840504790134
7.3175 172.42714241745733
7.3225 16.156953200216197
7.3275 -216.55036718508353
7.3325 262.5835031298911
7.3374999999999995 -166.9690387398019
7.342499999999999 108.98807570326449
7.347499999999999 -299.2863966301687
7.3525 410.265495871983
7.3575 -133.93264271942675
7.3625 -59.50750807792923
7.3675 175.30753681046772
7.3725 -136.40773110583518
7.3774999999999995 136.66437138144764
7.382499999999999 64.27931313259656
7.387499999999999 -71.42989673054024
7.3925 -58.281111985524866
7.3975 31.517559987664246
7.4025 20.479716986422176
7.4075 -305.8122615654313
7.4125 34.09761200249319
7.4174999999999995 95.16485915052193
7.422499999999999 132.75066586503863
7.427499999999999 -52.92457784606508
7.4325 -149.76907321839232
7.4375 -0.5449276727183804
7.4425 -29.418223995532173
7.4475 131.24887660245378
7.4525 162.39128369475864
7.4575 132.63671922694644
7.4624999999999995 -129.8932211221841
7.467499999999999 -69.49871044736841
7.472499999999999 71.33797470366923
7.4775 -178.8840349760047
7.4825 -126.15175206569307
7.4875 -42.65437425984675
7.4925 -39.96176119156034
7.4975 -135.775157638863
7.5024999999999995 233.42603274099514
7.507499999999999 53.761217533714955
7.512499999999999 182.18036871790875
7.5175 -401.5939253613247
7.5225 5.218847817959447
7.5275 6.270200490196261
7.5325 14.313095855856552
7.5375 86.39931705304292
7.5424999999999995 12.52684751519355
7.547499999999999 -166.4688534765967
7.552499999999999 -67.51621279398688
7.557499999999999 12.371098064999357
7.5625 56.55673388054433
7.5675 -40.80438218359348
7.5725 -25.41754481842245
7.5775 85.15052028095717
7.5825 50.41261817091074
7.5874999999999995 -71.2306749242891
7.592499999999999 -72.7491912066997
7.597499999999999 -69.55993855076052
7.6025 198.44543199476817
7.6075 82.96514250945229
7.6125 -63.712575594537704
7.6175 89.18104150358519
7.6225 -166.88875588703152
7.6274999999999995 144.5372480121124
7.632499999999999 36.30491201248934
7.637499999999999 -120.28505697999604
7.6425 -28.30061906106917
7.6475 -121.81401580719402
7.6525 248.2008969799417
7.6575 286.63680842253285
7.6625 -374.20069975538837
7.6674999999999995 225.5472277029104
7.672499999999999 159.4530029179557
7.677499999999999 -200.39136205639687
7.682499999999999 -60.35735174238399
7.6875 30.345189853410155
7.6925 85.84102223875736
7.6975 68.60521678780098
7.7025 -49.331542668699704
7.7075 26.33802829819552
7.7124999999999995 56.81836436619353
7.717499999999999 -12.152314645930913
7.722499999999999 98.88577786836987
7.7275 -138.44547371604278
7.7325 -67.95434781393314
7.7375 -96.48767877505406
7.7425 63.987931131555264
7.7475 33.517176519470034
7.7524999999999995 -178.08656483172845
7.757499999999999 313.9892194158549
7.762499999999999 -212.82418008759598
7.7675 8.100479368304649
7.7725 213.35223231318872
7.7775 -93.59815662943768
7.7825 -199.60324572687307
7.7875 144.5027860353002
7.7924999999999995 -5.904240350178813
7.797499999999999 32.99308972393923
7.802499999999999 -20.153571943265327
7.807499999999999 -12.286517662925064
7.8125 -135.44346867815344
7.8175 -73.43963921486073
7.8225 -184.25100376518276
7.8275 228.94397330270462
7.8325 38.78447361349011
7.8374999999999995 45.97300249275218
7.842499999999999 -144.22149880125048
7.847499999999999 141.01426446741414
7.8525 115.93508533809158
7.8575 -129.50077855173797
7.8625 -174.64541709990118
7.8675 179.64302613228847
7.8725 -10.32783548561548
7.8774999999999995 -17.00969856575024
7.882499999999999 126.08553980515055
7.887499999999999 -62.16458543999989
7.8925 -87.66642643800746
7.8975 78.18105009550767
7.9025 12.53459599922014
7.9075 68.00860246591961
7.9125 -14.033458033335462
7.9174999999999995 -144.81314594038014
7.922499999999999 -114.2601499720389
7.927499999999999 123.20108142529844
7.932499999999999 40.78307852376961
7.9375 -239.2366238863433
7.9425 237.59567718770765
7.9475 -0.6556418063341702
7.9525 120.04272730671346
7.9575 2.924745207094033
7.9624999999999995 -63.72596878983307
7.967499999999999 90.87666550357544
7.972499999999999 -65.42262243842413
7.9775 -8.305512866536928
7.9825 150.3982868071059
7.9875 1.1696747576484356
7.9925 -124.43883918012301
7.9975 182.24127417614184
8.0025 6.892934464079163
8.0075 -106.51279507192238
8.0125 97.34166340327467
8.0175 -245.0670584984772
8.022499999999999 202.3727699270676
8.0275 -33.11270765336629
8.032499999999999 74.16820448526303
8.0375 84.23718907590586
8.0425 67.98169725453829
8.0475 -272.5913155405482
8.0525 2.602417166699185
8.0575 -73.99691924959237
8.0625 -57.737330413677185
8.067499999999999 -196.69727288885096
8.0725 129.2234610900382
8.077499999999999 106.76997747561602
8.0825 9.569712129015103
8.0875 93.65527205972835
8.0925 195.24150302209316
8.0975 -236.59368628881984
8.1025 111.82268711664857
8.1075 55.18126414524472
8.112499999999999 -50.47948019564379
8.1175 -150.06341218599687
8.1225 -53.42007949108527
8.1275 12.187417965526556
8.1325 93.20114202445045
8.1375 -14.02133962853784
8.1425 58.7255767455726
8.147499999999999 -44.44647126773139
8.1525 -43.143014300274174
8.157499999999999 -21.294462594660725
8.1625 30.17476504869167
8.1675 179.6004685515763
8.1725 22.458004462598346
8.1775 -56.06496844541191
8.1825 153.7123434002237
8.1875 -237.677850909538
8.192499999999999 5.490993746201117
8.1975 77.65640590809532
8.202499999999999 202.13091737913027
8.2075 -302.8800861771816
8.2125 125.81817170958566
8.2175 -72.98373410487035
8.2225 -56.618748464407645
8.2275 79.37431239200265
8.2325 -207.6434845004549
8.237499999999999 144.85758238306786
8.2425 -81.43159717341977
8.2475 148.62994968907202
8.2525 68.59307656465081
8.2575 -26.045821328220946
8.2625 30.174067387748337
8.2675 92.64305162666345
8.272499999999999 32.37674542689104
8.2775 -33.65825245732274
8.282499999999999 -123.87695632008061
8.2875 -215.82324815976386
8.2925 -84.81633516255336
8.2975 51.45714924023844
8.3025 75.72317217032555
8.3075 -4.2890381561759074
8.3125 -167.83155530607718
8.317499999999999 200.98429859190213
8.3225 -41.868787773645565
8.327499999999999 180.0303240125116
8.3325 1.071552206640945
8.3375 117.87189580535238
8.3425 -78.54020402800083
8.3475 -14.230961148826248
8.3525 173.22490040279615
8.3575 -213.54187792690647
8.362499999999999 -19.364263063547373
8.3675 -56.36487409468523
8.3725 217.65275674229278
8.3775 104.71119661149228
8.3825 -112.10745133914912
8.3875 76.46394802045772
8.3925 -97.39685289724001
8.397499999999999 34.22514815993344
8.4025 72.4146174535173
8.407499999999999 -131.75588721872597
8.4125 -240.49593136398002
8.4175 277.93309098316
8.4225 32.57650830854748
8.4275 -336.1987664637029
8.4325 98.74603655905979
8.4375 -24.11843392204821
8.442499999999999 34.444732270597534
8.4475 -145.4699593749752
8.452499999999999 -154.96557878018203
8.4575 254.74315813163284
8.4625 -135.18813016785833
8.4675 -138.95979167935315
8.4725 66.6388479711731
8.4775 126.79163505084746
8.4825 120.288985040064
8.487499999999999 -59.73099814246768
8.4925 -11.618129267458407
8.4975 -83.61037071958594
8.5025 -158.62338286786596
8.5075 230.7283847897391
8.5125 98.81501768614325
8.5175 148.88379589149048
8.522499999999999 -85.98837173836016
8.5275 12.731427248438814
8.532499999999999 -55.159964988077455
8.5375 -19.820862166563558
8.5425 122.78434018410073
8.5475 -59.79037406263868
8.5525 86.7914495117523
8.5575 -91.45715085711866
8.5625 -69.90256325135802
8.567499999999999 3.0904400923365967
8.5725 209.63722785742854
8.577499999999999 25.02079586606383
8.5825 -150.4916550626115
8.5875 304.16875168325396
8.5925 -211.8000453043747
8.5975 55.061770283539616
8.6025 102.04084770398333
8.6075 -211.17370575110226
8.612499999999999 12.300005270088928
8.6175 137.52132113446967
8.6225 17.346072690762508
8.6275 -83.16677436779983
8.6325 129.13234616950652
8.6375 -278.49113377203525
8.6425 3.4871640025227713
8.647499999999999 -15.975065840673082
8.6525 -87.96828985882765
8.657499999999999 33.55630223698587
8.6625 -42.22498244507097
8.6675 -169.9351004145147
8.6725 51.98142992550897
8.6775 54.52134768530717
8.6825 192.8696932343011
8.6875 -207.58459169272322
8.692499999999999 110.92558544337858
8.6975 -36.884900108261014
8.702499999999999 94.18449157129399
8.7075 96.24991429391933
8.7125 -125.10917844717505
8.7175 388.9138163953931
8.7225 2.4756728846940477
8.7275 -120.14653364958198
8.7325 2.909283503683031
8.737499999999999 -263.000042339559
8.7425 -188.56482273411405
8.747499999999999 331.5709602166217
8.7525 -81.71249583848312
8.7575 -180.3663218387908
8.7625 -142.8252277956935
8.7675 98.72927049153787
8.772499999999999 -173.2563799514471
8.7775 125.64075187360586
8.782499999999999 -10.159487347250757
8.7875 172.98229867858933
8.7925 139.72032947968214
8.7975 -164.21355381472767
8.8025 -156.38651463966633
8.8075 193.57456566537215
8.8125 -58.38326312714741
8.817499999999999 -13.122768123666168
8.8225 -82.1141523493734
8.827499999999999 1.707028887914003
8.8325 85.30827685510441
8.8375 -299.5884348692022
8.8425 -6.143118693985232
8.8475 56.38640618517632
8.8525 176.33585811858308
8.8575 -68.35665527327433
8.862499999999999 -30.191443382257717
8.8675 25.2495656429557
8.872499999999999 195.2256806867269
8.8775 33.49303655605629
8.8825 -32.6767045652578
8.8875 33.147016844142506
8.8925 -25.027108302805427
8.897499999999999 114.71208353328882
8.9025 -92.06251850795189
8.907499999999999 278.3340453427864
8.9125 -214.96617932278227
8.9175 9.655938324044639
8.9225 203.72717920356908
8.9275 63.65334214746863
8.9325 4.086409430212553
8.9375 46.55405912034022
8.942499999999999 -164.5926444416147
8.9475 33.87528461847062
8.952499999999999 70.46729279371661
8.9575 79.6446595274283
8.9625 -94.83201112786983
8.9675 24.73947874588782
8.9725 -84.21552418377252
8.9775 -199.2664152339682
8.9825 83.93280389598489
8.987499999999999 37.58271961089703
8.9925 -139.95343073822715
8.997499999999999 -124.9098141349259
9.0025 397.5692426739129
9.0075 -187.88624414000748
9.0125 99.58696119679902
9.0175 -183.2091321498961
9.022499999999999 82.96124313480225
9.0275 -166.65635149992292
9.032499999999999 -130.6305839997177
9.0375 -83.76346466327365
9.0425 108.60112869307252
9.0475 289.72073421107865
9.0525 -69.01051108338369
9.0575 -51.54283547833078
9.0625 27.473656359668702
9.067499999999999 -134.6493010413
9.0725 309.0239649031564
9.077499999999999 -65.01663864013621
9.0825 45.02267315151074
9.0875 -44.03194487304551
9.0925 -72.43679674230144
9.0975 -6.113099667333637
9.1025 -42.248829558987694
9.1075 99.2387585147151
9.112499999999999 93.25287762304211
9.1175 -21.238167856807532
9.122499999999999 -243.25224316596262
9.1275 10.888855414600473
9.1325 -12.863773012097141
9.1375 181.78058978604534
9.1425 -48.606819007358254
9.147499999999999 82.3415362620135
9.1525 39.22408330076792
9.157499999999999 134.64417872043956
9.1625 51.0591111711212
9.1675 -85.58909637209959
9.1725 58.860069511604316
9.1775 -42.60715806200189
9.1825 28.98989780949003
9.1875 -4.008818467058927
9.192499999999999 -78.07652253807288
9.1975 -63.57068278019761
9.202499999999999 113.75647298292041
9.2075 35.23403720278092
9.2125 26.94780133181868
9.2175 122.23136837346438
9.2225 39.847742182001
9.2275 -173.33577171408015
9.2325 -115.2558481965301
9.237499999999999 272.41497746062555
9.2425 -17.203809104237738
9.247499999999999 34.855489296105254
9.2525 125.98549664698936
9.2575 -18.614677434718985
9.2625 -8.12004427073411
9.2675 183.42914943668723
9.272499999999999 -150.77699735220594
9.2775 -256.19767369395254
9.282499999999999 145.56411123254136
9.2875 -9.431894880951454
9.2925 -130.1613456969574
9.2975 -24.249793825955354
9.3025 79.31986710699248
9.3075 -1.2704568942814638
9.3125 -72.04974203020794
9.317499999999999 34.03463803614443
9.3225 141.94577288490842
9.327499999999999 60.755870358043104
9.3325 -305.4544234777954
9.3375 157.25628848508293
9.3425 -54.35189739528999
9.3475 -23.77839595861533
9.3525 88.04693442718253
9.3575 -202.98460331056827
9.362499999999999 145.78043178479044
9.3675 -56.99241313923345
9.372499999999999 -209.53955848338992
9.3775 210.94662468015605
9.3825 -160.69614820217168
9.3875 60.92523755245755
9.3925 54.91527229181605
9.397499999999999 33.563078056717984
9.4025 -144.24787175338705
9.407499999999999 11.394344124710708
9.4125 21.642500352039875
9.4175 6.89865179353599
9.4225 47.603391904928856
9.4275 -68.37689099341202
9.4325 -134.53768647504836
9.4375 160.33011628281727
9.442499999999999 -63.54984664005151
9.4475 -3.4711847855534304
9.452499999999999 -161.7297537952013
9.4575 161.29575151499054
9.4625 -140.18060964223852
9.4675 30.136320864795632
9.4725 59.73489593810392
9.4775 139.40379089349037
9.4825 -182.99925134237859
9.487499999999999 73.51484132746822
9.4925 154.0498228678122
9.497499999999999 6.319715995344742
9.5025 -93.2530023651346
9.5075 -95.09495041860633
9.5125 106.16958786325463
9.5175 66.15227959688899
9.522499999999999 -199.324631105313
9.5275 128.36208904561983
9.532499999999999 27.575644862866888
9.5375 -97.94000332410191
9.5425 125.37149501433287
9.5475 15.84616854041634
9.5525 230.47142206634436
9.5575 -180.95927600661716
9.5625 -69.07064874614258
9.567499999999999 -19.81795913319136
9.5725 30.124572936117577
9.577499999999999 96.10685353568388
9.5825 -95.85660221319152
9.5875 122.9086089836239
9.5925 -410.18466345660795
9.5975 -2.7714062530938914
9.6025 -8.151692576487992
9.6075 48.53033249858559
9.612499999999999 -49.58827577716682
9.6175 -139.9167149823434
9.622499999999999 228.27584518135072
9.6275 -91.50064360877089
9.6325 -12.011103176057908
9.6375 -20.49070586999431
9.6425 74.26858515763011
9.647499999999999 -208.78223285773424
9.6525 -119.26242893782471
9.657499999999999 198.00222544557295
9.6625 35.79417498937359
9.6675 145.57251053343438
9.6725 -70.90311218988302
9.6775 -55.53886367020797
9.6825 -113.50600323018172
9.6875 459.4931699583525
9.692499999999999 -386.30855463528144
9.6975 27.75330122195978
9.702499999999999 2.254647200196553
9.7075 219.00607712427876
9.7125 -65.40803892987087
9.7175 198.4907481126391
9.7225 -165.9847938921175
9.7275 174.528178481145
9.7325 -224.56889310398694
9.737499999999999 21.406593103680894
9.7425 105.77933643766484
9.747499999999999 -241.23429823113975
9.7525 330.656115921569
9.7575 -150.07114330087134
9.7625 -62.71263613890254
9.7675 168.67497791079737
9.772499999999999 -102.28360482946779
9.7775 -43.889668621514
9.782499999999999 -89.38593144314353
9.7875 -83.07557821029629
9.7925 -27.44601967013122
9.7975 48.86868134487129
9.8025 -123.72273140773805
9.8075 167.65887830130094
9.8125 159.07304639936032
9.817499999999999 -344.0835668692628
9.8225 228.96509866555033
9.827499999999999 119.15990541210758
9.8325 -64.82951181664424
9.8375 -12.085618943987823
9.8425 61.484070218328526
9.8475 34.577026917795166
9.8525 -69.26546957768404
9.8575 157.48865760754938
9.862499999999999 -64.03116295117228
9.8675 66.33949774001405
9.872499999999999 -170.58999088165936
9.8775 76.1964747230965
9.8825 145.36403096910536
9.8875 90.85716494595948
9.8925 -236.32770092415115
9.897499999999999 7.867350871771093
9.9025 -76.81768902775373
9.907499999999999 264.11554892912415
9.9125 -139.42480756755086
9.9175 -43.90624431918118
9.9225 101.79723251606742
9.9275 -153.92833564918087
9.9325 -32.08953300924125
9.9375 149.9643601221822
9.942499999999999 64.57062263058621
9.9475 -10.033474411817295
9.952499999999999 -96.49744339657097
9.9575 14.520088647081325
9.9625 -47.26830530121333
9.9675 -66.18717053912468
9.9725 89.01154489582902
9.9775 -152.73247821056225
9.9825 68.54830228702001
9.987499999999999 -143.9782742218805
9.9925 122.33340345757053
9.997499999999999 -126.40892920600727
10.0025 -80.00533635296703
