0.0075 194.6852647828552
0.012499999999999999 -28.321538888948176
0.017499999999999998 8.393204583776262
0.0225 54.43706229564989
0.0275 -45.97708016438042
0.0325 -0.9740691562340934
0.0375 60.35187019587753
0.042499999999999996 168.41371954607382
0.0475 18.4027014074352
0.0525 35.62771377253421
0.057499999999999996 65.67315943083503
0.0625 -220.15140717305368
0.06749999999999999 104.78874105953018
0.0725 231.29281611230883
0.0775 -216.5394877798035
0.08249999999999999 -293.03901710050127
0.0875 218.32460002001676
0.0925 161.8405978849448
0.09749999999999999 -241.8325263051541
0.1025 65.25150984159873
0.1075 -323.06318317893914
0.11249999999999999 194.71665084072902
0.1175 3.356257843042568
0.1225 164.33645556658058
0.1275 -22.706248332176465
0.1325 -86.62738428391742
0.13749999999999998 66.38198637045568
0.1425 -48.84670620941675
0.1475 -208.57302194683353
0.1525 81.52466582749942
0.1575 88.35404695873918
0.1625 -280.4647814723323
0.16749999999999998 143.9133058952738
0.1725 -68.97212591512951
0.1775 279.0688841009225
0.1825 127.67955558110636
0.1875 -86.48699442757331
0.1925 391.209675132805
0.19749999999999998 -261.4206607650795
0.20249999999999999 119.9679373167153
0.2075 66.14647066818203
0.2125 -42.74801135890474
0.2175 18.65594706648482
0.2225 151.4456651015358
0.22749999999999998 -152.87843330114575
0.23249999999999998 -272.31410821506296
0.2375 72.06522794516432
0.2425 -45.13624608966346
0.2475 174.69823984951393
0.2525 10.806016401610307
0.2575 -63.579043132082816
0.2625 -79.75837201092813
0.2675 89.28630501304866
0.27249999999999996 316.0894904473426
0.27749999999999997 -157.82719554074103
0.2825 52.12582514780641
0.2875 147.77250523595185
0.2925 -164.1511904003927
0.2975 -109.06274662575112
0.3025 102.9304132541386
0.3075 -435.2218131195518
0.3125 380.5654823844191
0.3175 15.819634528869255
0.3225 -50.16726310713229
0.32749999999999996 77.32247053704542
0.33249999999999996 -27.921519420644845
0.33749999999999997 75.7763280918562
0.34249999999999997 -106.64657425528802
0.3475 19.819186290105264
0.3525 9.844697782043273
0.3575 -224.7073686692327
0.3625 71.29810670984537
0.3675 149.8579635387121
0.3725 -21.235616696798235
0.3775 -12.708294625943545
0.3825 165.80387548783116
0.38749999999999996 -221.8435157619232
0.39249999999999996 -17.429910199726496
0.39749999999999996 -144.1642809982299
0.40249999999999997 -196.24584309880467
0.4075 25.448786133361967
0.4125 -56.98998185269065
0.4175 31.54644330861952
0.4225 4.89745981713064
0.4275 211.17788737447418
0.4325 -38.85928794661814
0.4375 8.584937127437682
0.4425 30.107499059587433
0.44749999999999995 -154.04931732021802
0.45249999999999996 180.3059866677188
0.45749999999999996 196.91694108200144
0.46249999999999997 -114.5521164713658
0.46749999999999997 32.828003564975695
0.4725 136.60194296437672
0.4775 -122.47461019040203
0.4825 58.590568168356825
0.4875 188.70531124592634
0.4925 -227.20982873402437
0.4975 -111.27486616425799
0.5025 -43.474148763960855
0.5075 17.870267418467737
0.5125 -77.15668908565931
0.5175 190.71365077645999
0.5225 275.6859914526168
0.5275 -539.9106797122316
0.5325 122.09254542517631
0.5375 189.7991449167046
0.5425 23.63853125595375
0.5475 -265.3801726831533
0.5525 408.1500410435182
0.5575 -115.18165796861786
0.5625 -170.57821091215905
0.5675 45.4494796683272
0.5725 60.07325462032994
0.5775 8.776013952710596
0.5825 160.23034510978806
0.5875 -283.6227169219798
0.5925 55.66595056531782
0.5974999999999999 -17.572204544124805
0.6024999999999999 115.9210698797632
0.6074999999999999 118.65032712197313
0.6124999999999999 -435.76679789993705
0.6174999999999999 -16.731917137153804
0.6224999999999999 -199.92356309053375
0.6275 448.62203961545396
0.6325 -208.1081492719005
0.6375 141.32861960644198
0.6425 235.4330227410432
0.6475 -157.16323555534933
0.6525 -64.43765308656128
0.6575 82.73447227428112
0.6625 -106.2903703153804
0.6675 116.17464752647031
0.6725 -124.73687948772663
0.6775 -274.3776448056699
0.6825 127.7965176092735
0.6875 -105.1107609290595
0.6925 -2.3950300167706855
0.6975 100.00745350048334
0.7025 201.24516536119614
0.7075 89.95991165446581
0.7125 -65.8648713157322
0.7174999999999999 -81.69280714794871
0.7224999999999999 -114.96881697071714
0.7274999999999999 19.261772795808987
0.7324999999999999 315.86670685990805
0.7374999999999999 -312.8520523422367
0.7424999999999999 251.42463082402793
0.7474999999999999 234.5149793639735
0.7525 -16.25846405173119
0.7575 40.549464612068206
0.7625 66.54612327893915
0.7675 -239.03698548361038
0.7725 -42.89598469233035
0.7775 -192.70411665995925
0.7825 197.612833003506
0.7875 -210.46566739730457
0.7925 60.86812758292303
0.7975 -109.73401433648642
0.8025 72.50344967928667
0.8075 -16.239434829743125
0.8125 210.10527426791708
0.8175 -84.13469986084334
0.8225 -160.0241485033903
0.8275 22.91429077284389
0.8325 -70.9947219667694
0.8374999999999999 -73.92950483318823
0.8424999999999999 235.68792952264064
0.8474999999999999 90.2704852527506
0.8524999999999999 -55.40887530429169
0.8574999999999999 107.36111827764455
0.8624999999999999 -9.103375527334125
0.8674999999999999 -95.79545621851848
0.8724999999999999 70.2030587774328
0.8775 -272.73990534728944
0.8825 92.83586296573111
0.8875 248.56534574055607
0.8925 -147.3987184507233
0.8975 53.206898939419126
0.9025 115.383663839418
0.9075 24.993337489952566
0.9125 -224.42119557164347
0.9175 -36.16125465019561
0.9225 146.69161053082422
0.9275 165.90129248282616
0.9325 -46.750333368318785
0.9375 -85.2577128189814
0.9425 -14.864084441572057
0.9475 -269.8924544132298
0.9524999999999999 333.4179776610945
0.9574999999999999 -11.025635118994153
0.9624999999999999 -61.793083882534965
0.9674999999999999 -180.8479513209876
0.9724999999999999 -139.7947547174859
0.9774999999999999 -94.93522106405679
0.9824999999999999 388.2005387421272
0.9874999999999999 -56.10022624519379
0.9924999999999999 9.226430706697387
0.9974999999999999 64.25590977913392
1.0025 -135.53980141698608
1.0075 -7.776651264772498
1.0125 -1.7420864819008572
1.0174999999999998 -42.29872481696199
1.0225 126.872414766636
1.0274999999999999 -7.660045041054773
1.0325 211.7290660997716
1.0374999999999999 -161.22547804732858
1.0425 -18.026436623171406
1.0474999999999999 51.034013009482386
1.0525 -35.55619155165461
1.0574999999999999 54.219627354391186
1.0625 -129.0477018502683
1.0675 -174.73777335557506
1.0725 405.98144134661953
1.0775 -235.47549294965683
1.0825 -300.72228864546986
1.0875 279.93935179133234
1.0925 -206.0467256156212
1.0975 13.892023922512605
1.1025 87.89450445880978
1.1075 92.7763230912909
1.1125 -86.38845606959092
1.1175 277.9313246423678
1.1225 186.71190050163645
1.1275 -615.4606553822313
1.1324999999999998 162.10437925059773
1.1375 240.3637268521551
1.1424999999999998 -175.54977463777925
1.1475 387.4473628306057
1.1524999999999999 -176.80845235206735
1.1575 -62.423561340234
1.1624999999999999 -183.6197458798989
1.1675 -167.30413942305742
1.1724999999999999 5.613244944356582
1.1775 215.45221017444214
1.1824999999999999 167.88944037402484
1.1875 -283.90870754478345
1.1925 56.65870396191452
1.1975 153.6487870409411
1.2025 -83.62897281833334
1.2075 237.3504173910969
1.2125 -90.9107406219996
1.2175 -154.2798936040664
1.2225 270.9274622198835
1.2275 57.4439420123975
1.2325 -89.30266557008167
1.2375 297.34686078503955
1.2425 -160.46899594401867
1.2475 -260.8787840102473
1.2525 16.92253963409362
1.2574999999999998 187.71990845476748
1.2625 -271.6843409188334
1.2674999999999998 20.02285124389373
1.2725 31.637485643859254
1.2774999999999999 169.46741269511023
1.2825 -381.2270344395142
1.2874999999999999 110.7095976353978
1.2925 281.0279618211962
1.2974999999999999 -228.27727892590724
1.3025 94.70167518153451
1.3074999999999999 -118.03459252163957
1.3125 -118.46580146059505
1.3175 140.95141813801655
1.3225 -12.985621824895247
1.3275 162.07815735745078
1.3325 110.24774688041977
1.3375 -103.52833748312734
1.3425 -156.66255546868555
1.3475 104.2868749361043
1.3525 -20.424151752957858
1.3575 107.46776855600312
1.3625 158.18197678918898
1.3675 -309.78389873069597
1.3724999999999998 25.57661625054333
1.3775 163.51176901361424
1.3824999999999998 -146.7864287322261
1.3875 -129.97545774139857
1.3924999999999998 156.2771542472397
1.3975 8.910821106974847
1.4024999999999999 -6.688666787553821
1.4075 -8.612273804347707
1.4124999999999999 54.39944360702506
1.4175 -169.33813055957688
1.4224999999999999 129.2970049749565
1.4275 130.6867108357671
1.4324999999999999 -3.316972768490482
1.4375 -93.11430257992515
1.4425 -29.0692664132536
1.4475 27.076679651013357
1.4525 -8.242366656096355
1.4575 81.66566755170219
1.4625 -62.19353534270494
1.4675 -295.77969850776213
1.4725 310.90983348944343
1.4775 11.107965689531463
1.4825 15.209288576395233
1.4874999999999998 -17.763544044927354
1.4925 85.74262072864012
1.4974999999999998 -147.41511591720453
1.5025 87.33568962263664
1.5074999999999998 -298.4532716299249
1.5125 225.33481461775725
1.5174999999999998 26.214241706468336
1.5225 -108.19414985290354
1.5274999999999999 -176.42971904285125
1.5325 -26.527814444144045
1.5374999999999999 5.7142999872130105
1.5425 -230.92464640560704
1.5474999999999999 98.88346224459004
1.5525 160.06192223143543
1.5574999999999999 -46.76939377582997
1.5625 -21.586233822610808
1.5675 -3.207842122575945
1.5725 -64.63265721529137
1.5775 79.06291352871953
1.5825 30.59954161164681
1.5875 139.82304248705876
1.5925 -50.8355109703682
1.5975 -72.57999171671231
1.6025 25.463205950814977
1.6075 67.61724730966354
1.6124999999999998 -67.04625511884315
1.6175 -113.98983622617651
1.6224999999999998 343.0490435895817
1.6275 -66.96923292962909
1.6324999999999998 136.89643009611223
1.6375 37.56602614511513
1.6424999999999998 -82.98820953296942
1.6475 -83.61174367211004
1.6524999999999999 -8.499245889134873
1.6575 -73.05588148364166
1.6624999999999999 -61.828133910413904
1.6675 89.98288999003957
1.6724999999999999 275.56361235434116
1.6775 -252.3646201247964
1.6824999999999999 -146.44980166893615
1.6875 -74.35448640477213
1.6925 116.29353581992402
1.6975 54.57838192797016
1.7025 -148.3303658214345
1.7075 152.31637174937174
1.7125 -27.81953381230535
1.7175 -221.26352266594108
1.7225 216.96824345760706
1.7274999999999998 391.7594409038947
1.7325 -359.2409814201874
1.7374999999999998 346.4986127284956
1.7425 -22.325859163792007
1.7474999999999998 15.821976732715216
1.7525 96.58138298219977
1.7574999999999998 -106.0134531336862
1.7625 -287.58268902389625
1.7674999999999998 156.28372215526034
1.7725 233.89006042970504
1.7774999999999999 -56.92891059800552
1.7825 -271.3486075773705
1.7874999999999999 240.21077541446547
1.7925 -257.2932949399694
1.7974999999999999 -1.86086253378824
1.8025 377.0495949278672
1.8074999999999999 -153.53888530994018
1.8125 93.51800772967373
1.8175 -119.91054253256141
1.8225 28.735151034627226
1.8275 -140.9283374297129
1.8325 144.17315400327152
1.8375 -156.9516929015693
1.8425 153.4363491521124
1.8475 -184.32173568964106
1.8524999999999998 217.2852304837262
1.8575 -54.213628417686834
1.8624999999999998 26.746434698450184
1.8675 -117.18087369408012
1.8724999999999998 -205.48175762572646
1.8775 64.64599409242683
1.8824999999999998 97.38652318614913
1.8875 18.883436641466982
1.8924999999999998 -45.35332496330378
1.8975 156.45966403429645
1.9024999999999999 -145.9719418190865
1.9075 65.8783922795632
1.9124999999999999 -86.0139339902561
1.9175 -53.55311745904278
1.9224999999999999 -57.77627100004563
1.9275 -61.445564913438865
1.9324999999999999 123.25174816311257
1.9375 -89.14577265070649
1.9425 96.81892192752595
1.9475 -267.57736910999733
1.9525 72.204939615069
1.9575 248.36189086139902
1.9625 -269.1270709155255
1.9674999999999998 190.93221313359243
1.9725 -215.40680352644503
1.9774999999999998 79.19247529773308
1.9825 -46.46739001193172
1.9874999999999998 158.18757623539466
1.9925 -43.48892254368048
1.9974999999999998 -387.39847577296104
2.0025 66.45603238177154
2.0075 223.35295087263574
2.0124999999999997 89.19060611668378
2.0175 78.73302832814034
2.0225 -4.274769660881488
2.0275 -63.37443136212731
2.0324999999999998 -103.01976318261902
2.0375 -96.05452159620289
2.0425 345.2065220289155
2.0475 15.42896203292514
2.0524999999999998 279.7398286566089
2.0575 -345.8708223575796
2.0625 134.82398470948354
2.0675 -60.47773338816623
2.0725 -7.3693180675834284
2.0775 67.35107873827056
2.0825 -2.257363696112168
2.0875 -239.27198185481492
2.0925 -56.73900957880095
2.0974999999999997 53.75117816379184
2.1025 112.42465018339416
2.1075 67.27728583793703
2.1125 -2.942916539355301
2.1174999999999997 281.6837414293831
2.1225 61.56601103561911
2.1275 -681.1026663967737
2.1325 168.2463497383605
2.1374999999999997 -23.744483083862068
2.1425 160.35182469651926
2.1475 203.97289674970958
2.1525 -164.96269139838216
2.1574999999999998 153.36439059707814
2.1625 102.77447522692829
2.1675 -192.98708225412443
2.1725 -238.33128499137064
2.1774999999999998 -30.349674515852747
2.1825 178.37706837474303
2.1875 -8.995443879253543
2.1925 -309.0986625208456
2.1975 551.7513867689888
2.2024999999999997 -261.5488456340345
2.2075 -55.307386822139264
2.2125 -80.1698864367357
2.2175 336.7064308410443
2.2224999999999997 -138.72862616017764
2.2275 48.32407500146706
2.2325 -145.86529390924866
2.2375 107.8483714175924
2.2424999999999997 -221.0566073779784
2.2475 38.98904656602234
2.2525 293.415079507826
2.2575 -134.42364706989372
2.2624999999999997 307.06874839803197
2.2675 -133.80622318793237
2.2725 -129.54173211756907
2.2775 156.04929886738722
2.2824999999999998 286.8342067309807
2.2875 -296.2486658780663
2.2925 -354.43633077253054
2.2975 519.1741263893132
2.3024999999999998 -62.249356376409516
2.3075 -310.90206158337844
2.3125 -15.451844311824297
2.3175 169.75668422903297
2.3225 232.93281224461958
2.3274999999999997 -144.5908236881525
2.3325 -30.19548355230751
2.3375 -165.18291277271067
2.3425 -87.61262838418646
2.3474999999999997 87.79509790639057
2.3525 -8.364270471209496
2.3575 136.55859271872254
2.3625 -34.37284306058724
2.3674999999999997 -79.00026589189538
2.3725 -312.53086013912264
2.3775 221.58103681951005
2.3825 148.7169626195177
2.3874999999999997 -246.02351112376198
2.3925 -12.184334677856974
2.3975 -104.58788036850932
2.4025 155.8098905012723
2.4074999999999998 534.8149257594742
2.4125 -491.6558670338939
2.4175 136.79490075697697
2.4225 119.85512467372111
2.4274999999999998 -163.81689422468295
2.4325 50.96095993469582
2.4375 -21.129705660080493
2.4425 -133.26276584025754
2.4475 -35.66404398587478
2.4524999999999997 -59.41330595508952
2.4575 -17.718180227680328
2.4625 -169.30497074283542
2.4675 272.10846113837374
2.4724999999999997 11.615691006937864
2.4775 -150.64881735187703
2.4825 70.58052492805129
2.4875 215.02038226206585
2.4924999999999997 75.99646340993102
2.4975 9.878475782698663
2.5025 -204.99401893902626
2.5075 312.90514062934164
2.5124999999999997 11.51475412694962
2.5175 -271.9571397692933
2.5225 -124.34614027844827
2.5275 88.76717592618662
2.5324999999999998 154.09811963745386
2.5375 295.4584076162838
2.5425 -93.82228106278183
2.5475 -210.31449735038268
2.5524999999999998 -33.44634038009902
2.5574999999999997 -93.83817436330602
2.5625 139.49360546323794
2.5675 13.54741704967015
2.5725 -143.45590802508505
2.5774999999999997 58.83812806177813
2.5825 -10.99222344954703
2.5875 -95.12653174785697
2.5925 68.11213103393875
2.5974999999999997 74.70310160421884
2.6025 39.6038508640418
2.6075 28.919330102469903
2.6125 180.3015496388601
2.6174999999999997 -189.07323936351233
2.6225 225.90482538569086
2.6275 -150.08871088239195
2.6325 -127.18392314110734
2.6374999999999997 -92.72016809616154
2.6425 68.5241767978997
2.6475 238.8579766333809
2.6525 -303.174201319576
2.6574999999999998 227.58953813695553
2.6625 -76.42459195607557
2.6675 -102.99044405384701
2.6725 156.98790547837962
2.6774999999999998 -154.12072979963654
2.6824999999999997 49.10122350093644
2.6875 54.88222682199272
2.6925 -232.27464427932838
2.6975 342.591375115898
2.7024999999999997 155.17174561558986
2.7075 -106.89955542952131
2.7125 77.24441304109764
2.7175 -126.32157395029796
2.7224999999999997 87.49473236933963
2.7275 -75.66858118839357
2.7325 -134.7336609077762
2.7375 131.28004817761587
2.7424999999999997 -146.79418511132184
2.7475 110.16586422347189
2.7525 -19.43398665609155
2.7575 -188.5381652634232
2.7624999999999997 216.599974536203
2.7675 -37.193877060395934
2.7725 -22.471059222596406
2.7775 -66.14100491181387
2.7824999999999998 226.06399103230353
2.7875 1.2470553830016247
2.7925 -279.0853674262807
2.7975 -10.722831058253707
2.8024999999999998 180.44244135843277
2.8074999999999997 159.49734320528052
2.8125 -129.7763804149128
2.8175 -230.20235468873082
2.8225 -46.501109062737505
2.8274999999999997 -90.85249369671612
2.8325 98.73382831495454
2.8375 206.47144243921983
2.8425 -71.44695823812873
2.8474999999999997 45.65034641223441
2.8525 92.73972076123384
2.8575 -191.90921109730988
2.8625 -145.5146436241457
2.8674999999999997 225.31064432411958
2.8725 -109.0424543078365
2.8775 142.06357336941863
2.8825 -147.73908725044944
2.8874999999999997 -241.11594535495846
2.8925 272.7288525136572
2.8975 -393.5311204734668
2.9025 450.94194346031344
2.9074999999999998 -296.681523307459
2.9125 2.094490261860649
2.9175 119.8251665706864
2.9225 -150.71029546579203
2.9274999999999998 324.2105851570263
2.9324999999999997 -33.79710014349413
2.9375 22.962045414404354
2.9425 156.79834092070507
2.9475 98.47158438243288
2.9524999999999997 -261.544571769938
2.9575 61.30862599181745
2.9625 191.54382124445354
2.9675 -33.56183313589852
2.9724999999999997 -282.73931543061036
2.9775 -169.94087461314143
2.9825 358.7416880366265
2.9875 57.14385201325968
2.9924999999999997 -212.797700288857
2.9975 -118.57567950638852
3.0025 -107.1762483912518
3.0075 100.19105412292676
3.0124999999999997 11.139228321157677
3.0175 -10.792476094859909
3.0225 43.15030565979734
3.0275 17.18177896646816
3.0324999999999998 -98.60029006278226
3.0374999999999996 95.13512658329577
3.0425 68.23280795530697
3.0475 121.67826246178902
3.0524999999999998 -152.03856742507475
3.0574999999999997 79.73817221335503
3.0625 -79.46081685532337
3.0675 -12.409920225330652
3.0725 95.92997819630605
3.0774999999999997 -172.12045319319128
3.0825 -50.06296082233707
3.0875 133.0072135051731
3.0925 -217.5210767591241
3.0974999999999997 107.37167349164784
3.1025 -17.528403818983744
3.1075 268.14620884180016
3.1125 20.784671137659423
3.1174999999999997 -20.128399041638612
3.1225 115.87419290672254
3.1275 -80.3850625987124
3.1325 123.7349077097094
3.1374999999999997 -195.78012902332569
3.1425 -232.62829205901625
3.1475 105.60472935165195
3.1525 199.7406565104603
3.1574999999999998 -215.11560995438728
3.1624999999999996 13.509584404671532
3.1675 137.99458815942947
3.1725 -223.6430341348029
3.1774999999999998 155.0174074090051
3.1824999999999997 120.6472748572394
3.1875 -180.9446966758713
3.1925 57.838159229906516
3.1975 -65.9690753069166
3.2024999999999997 15.318842924353813
3.2075 77.97782680504557
3.2125 -308.09605742669856
3.2175 121.41863995539204
3.2224999999999997 -19.113356581900543
3.2275 42.15546510298414
3.2325 79.88179431100657
3.2375 -28.61654972693689
3.2424999999999997 -90.69436388317513
3.2475 103.28799341973439
3.2525 293.5494162146577
3.2575 24.92160973410626
3.2624999999999997 79.74527830192228
3.2675 -215.46505624144586
3.2725 -23.902368676597572
3.2775 -321.8951548063761
3.2824999999999998 328.04926830523533
3.2874999999999996 139.90305243360575
3.2925 -310.51314100327727
3.2975 165.00434683586016
3.3024999999999998 -100.36055678356928
3.3074999999999997 271.5813542157265
3.3125 -186.21767812098648
3.3175 91.24210720071912
3.3225 -220.20015106677783
3.3274999999999997 80.25920782783076
3.3325 -85.64202215236467
3.3375 181.0899222949621
3.3425 228.02532746606698
3.3474999999999997 -221.72507538205892
3.3525 -149.70797242299014
3.3575 -63.86117934923444
3.3625 80.66773462788989
3.3674999999999997 -53.231659586852054
3.3725 315.8499268115345
3.3775 -216.60620321941946
3.3825 -13.565205561542284
3.3874999999999997 224.114634379082
3.3924999999999996 -303.48285812665716
3.3975 66.80085304239516
3.4025 -90.9092792734852
3.4074999999999998 -242.78904926234648
3.4124999999999996 63.024933033404636
3.4175 100.92427623407121
3.4225 236.90171916338983
3.4274999999999998 52.17010780112645
3.4324999999999997 109.3930753153914
3.4375 174.06705532258084
3.4425 -301.6823178686613
3.4475 244.01330664631206
3.4524999999999997 -288.4761624194529
3.4575 320.2250468803514
3.4625 14.818914645649237
3.4675 -391.9216862196036
3.4724999999999997 96.82760939844272
3.4775 -315.12764127912914
3.4825 422.87597953898126
3.4875 -92.34609281194803
3.4924999999999997 -75.27217968486953
3.4975 85.45326544119219
3.5025 93.12272175007551
3.5075 -137.81547601537872
3.5124999999999997 155.97542154738207
3.5174999999999996 61.35749443025737
3.5225 -100.40806667798628
3.5275 13.517553753257415
3.5324999999999998 -175.5388366774031
3.5374999999999996 -136.87686604898192
3.5425 153.4324893186003
3.5475 -83.98524748490203
3.5524999999999998 -136.76827532710843
3.5574999999999997 11.726626761723741
3.5625 -12.063345243335158
3.5675 -92.33007694047538
3.5725 28.13559494419067
3.5774999999999997 -154.79639448820274
3.5825 244.11405259721153
3.5875 186.85572287087527
3.5925 -2.6491346593431397
3.5974999999999997 23.671322175589452
3.6025 -176.52795166428106
3.6075 104.51528882630646
3.6125 -83.51005518153931
3.6174999999999997 -154.8067403183931
3.6225 11.394788288142284
3.6275 297.23759618611854
3.6325 -145.14106276863728
3.6374999999999997 245.6284456139696
3.6424999999999996 136.96708300408687
3.6475 -276.27931280695054
3.6525 141.73139938829468
3.6574999999999998 36.27029187112529
3.6624999999999996 -147.04996798242527
3.6675 2.5120834303631585
3.6725 -87.11203139312543
3.6774999999999998 229.086628780724
3.6824999999999997 -161.1095658001886
3.6875 78.57949173424264
3.6925 69.34799028780323
3.6975 -28.93645634962537
3.7024999999999997 100.71133523196136
3.7075 -132.45332387630074
3.7125 79.94950584517949
3.7175 291.6684533611675
3.7224999999999997 -100.76720653093948
3.7275 -134.27490080919898
3.7325 -197.019691196203
3.7375 67.77598662254245
3.7424999999999997 -20.329732778885674
3.7474999999999996 -260.9993532955061
3.7525 277.93392869934036
3.7575 60.449299033476265
3.7624999999999997 33.68353957428307
3.7674999999999996 -64.34555144686726
3.7725 -33.101968122394624
3.7775 -0.9781834083493559
3.7824999999999998 135.1585484293489
3.7874999999999996 -386.0562433905611
3.7925 40.16510619767176
3.7975 22.392899222334247
3.8024999999999998 216.17960526401288
3.8074999999999997 65.3758540225842
3.8125 171.04575624892593
3.8175 -195.6591306410588
3.8225 231.17203221275372
3.8274999999999997 -106.74396391360611
3.8325 125.5361569778105
3.8375 -200.19632608422123
3.8425 58.5839502582316
3.8474999999999997 -13.226251952960165
3.8525 -70.6331353003041
3.8575 -182.6895122529023
3.8625 68.51392636646146
3.8674999999999997 26.918302458639168
3.8724999999999996 108.18369668266892
3.8775 -132.20542696211538
3.8825 212.11530893558813
3.8874999999999997 -143.86787273300277
3.8924999999999996 -305.9450689973698
3.8975 212.97413324119384
3.9025 102.19679196500863
3.9074999999999998 -41.48942496424979
3.9124999999999996 -29.824228715753332
3.9175 54.004560407537646
3.9225 -314.35987317447837
3.9274999999999998 268.8910215065778
3.9324999999999997 90.24253539213706
3.9375 277.3148694853904
3.9425 -532.3906605648334
3.9475 397.8640006065201
3.9524999999999997 -280.7739878420181
3.9575 -144.03362102509848
3.9625 -15.561350499861103
3.9675 185.23843795763224
3.9724999999999997 -25.82632807664424
3.9775 77.11630843867906
3.9825 -69.03646704428498
3.9875 126.09865614668793
3.9924999999999997 58.825635693872066
3.9974999999999996 -238.49802516731975
4.0024999999999995 163.45391078890162
4.007499999999999 167.01131972992505
4.0125 -38.460163252817765
4.0175 -11.430962179113815
4.0225 -36.0944513121432
4.0275 169.25504179923283
4.0325 -169.0462506428416
4.0375 -310.90882418092576
4.0424999999999995 158.09263192054325
4.047499999999999 122.36448502894436
4.0525 -137.58652914221713
4.0575 157.6828857825671
4.0625 -87.51658802608115
4.0675 19.05782608674046
4.0725 86.19811884781616
4.0775 31.123856574675873
4.0825 -218.68234086671765
4.0874999999999995 190.11324603188277
4.0925 -87.12086163320917
4.0975 -125.59597551529538
4.1025 -10.269169332160494
4.1075 247.9137804215897
4.1125 -62.34686074350306
4.1175 388.2699514005316
4.1225 -164.29211185805917
4.1274999999999995 67.35343910077553
4.132499999999999 -52.48867555167264
4.1375 15.214009827743158
4.1425 -86.20241718662695
4.1475 -76.12834606610383
4.1525 209.41479790329936
4.1575 48.418228438047045
4.1625 -168.4254750408598
4.1674999999999995 98.61598256538124
4.172499999999999 -69.69422841351525
4.1775 3.425047843660508
4.1825 -16.012565017688743
4.1875 -214.27865525347858
4.1925 187.57898199689058
4.1975 -89.54111307338569
4.2025 32.2514230797348
4.2075 175.04738217641045
4.2124999999999995 -272.6273792295129
4.2175 111.20018078392596
4.2225 -91.4401319171113
4.2275 -5.5838492005177605
4.2325 125.81476712549804
4.2375 -65.13591330778816
4.2425 -66.5384686711911
4.2475 2.1454574399518025
4.2524999999999995 157.17525754161505
4.257499999999999 21.065407855116952
4.2625 -348.50453597311787
4.2675 202.6005992531919
4.2725 17.79920630252225
4.2775 -93.50062505725172
4.2825 294.4359250407614
4.2875 -177.52751261714303
4.2924999999999995 96.75770843001177
4.297499999999999 155.88673274870212
4.3025 -52.58163788548782
4.3075 -118.66094572680244
4.3125 86.42709795917676
4.3175 30.30924755113351
4.3225 -45.80181673495273
4.3275 -77.25105832079589
4.3325 121.62182456001536
4.3374999999999995 -328.37654708032125
4.342499999999999 172.1587977018394
4.3475 89.79523630226673
4.3525 -64.01076051349115
4.3575 154.72886565908826
4.3625 -52.802008739792086
4.3675 142.85674833291174
4.3725 17.800649751434566
4.3774999999999995 -88.02261064024223
4.382499999999999 151.64121306894538
4.3875 -137.2885671273825
4.3925 45.97590879928846
4.3975 -165.52087699754458
4.4025 231.68797695506112
4.4075 -44.44442486580936
4.4125 59.355823798837115
4.4174999999999995 -8.797978199548947
4.422499999999999 86.9241878289397
4.4275 75.94229849856382
4.4325 -56.64008291500119
4.4375 -281.0876543336399
4.4425 21.082978693353567
4.4475 11.360640008744053
4.4525 42.177159700315116
4.4575 -61.12304975990531
4.4624999999999995 -121.23761680985508
4.467499999999999 161.27789906950642
4.4725 -40.12631351226527
4.4775 108.74068476432284
4.4825 -131.6906708553637
4.4875 8.992796859946392
4.4925 -2.1616628259800184
4.4975 -67.99591739253421
4.5024999999999995 314.87599428934084
4.507499999999999 -87.40652354151945
4.5125 -16.713812197489617
4.5175 -123.9408977942568
4.5225 -19.08477791192585
4.5275 49.622200823485024
4.5325 -227.37751878547985
4.5375 -27.4169203203465
4.5424999999999995 4.284585929309052
4.547499999999999 46.72346203994254
4.5525 91.64119590616264
4.5575 -230.10374599884076
4.5625 148.65944960670336
4.5675 63.35766907765937
4.5725 -60.77320960758484
4.5775 160.04096835607078
4.5825 -260.40041019139636
4.5874999999999995 143.8432178794964
4.592499999999999 138.0355990303041
4.5975 -180.62120677736362
4.6025 -113.89295958287215
4.6075 -123.79196343353968
4.6125 276.84821886555824
4.6175 92.30065510178824
4.6225 8.016039005019293
4.6274999999999995 -30.91952363224561
4.632499999999999 -207.03066281877798
4.6375 134.36044006742077
4.6425 -222.2407172168802
4.6475 167.63202835540366
4.6525 -103.18302637011728
4.6575 95.6422975352638
4.6625 -305.264746810139
4.6674999999999995 188.12620555571593
4.672499999999999 261.8637834949573
4.6775 291.1148551261388
4.6825 -14.408975088759107
4.6875 -159.99939144163463
4.6925 -171.4936001643594
4.6975 82.73391203791307
4.7025 -118.98729686518806
4.7075 -371.84617677249656
4.7124999999999995 328.77495751708506
4.717499999999999 65.28512552867898
4.7225 -368.3851831354584
4.7275 470.5428200354989
4.7325 -5.434272049587858
4.7375 3.5691445830001363
4.7425 -26.507356000816184
4.7475 89.19445496289133
4.7524999999999995 111.59539146430222
4.757499999999999 -227.884698718089
4.7625 10.954401495787879
4.7675 -34.4002218445327
4.7725 -17.24855940882006
4.7775 116.45820880360236
4.7825 59.10839614782397
4.7875 -57.782430732991536
4.7924999999999995 120.63954867678312
4.797499999999999 -24.99392152769247
4.8025 -153.0053056148555
4.8075 -112.08845665808856
4.8125 -97.34176755239513
4.8175 35.727742193232984
4.8225 -62.4045504742817
4.8275 159.27308073981084
4.8325 -176.1115488748287
4.8374999999999995 99.07453449730205
4.842499999999999 -11.252193667947546
4.8475 13.332075683371624
4.8525 197.76701876946407
4.8575 -235.16751478956084
4.8625 298.4293750978098
4.8675 -276.1939484245103
4.8725 231.4737265557338
4.8774999999999995 -201.40149391471203
4.882499999999999 -155.80849313982608
4.8875 106.50135649837028
4.8925 -85.42607299732659
4.8975 76.06112067081344
4.9025 313.6327318126922
4.9075 -264.47708713960265
4.9125 -15.483235567285307
4.9174999999999995 -114.443347945956
4.922499999999999 -181.28023596311388
4.9275 222.94195002107597
4.9325 61.31368798119118
4.9375 174.33317987896334
4.9425 -142.89826955421432
4.9475 281.2165651542025
4.9525 -253.87539344972882
4.9575 0.2232848585329611
4.9624999999999995 -40.7709521581106
4.967499999999999 -5.31833332107011
4.9725 145.63234917044943
4.9775 -73.44045826249217
4.9825 -107.3165031103291
4.9875 95.64126867616987
4.9925 -4.525104144768859
4.9975 189.31013268955928
5.0024999999999995 -260.10697310385694
5.007499999999999 205.1338048883731
5.0125 142.5660939282843
5.0175 -119.25753960374433
5.0225 92.94571563216691
5.0275 163.32059389473048
5.0325 -273.9905415717973
5.0375 -90.86284959311966
5.0424999999999995 -56.855845483238525
5.047499999999999 98.6080473629694
5.0525 143.33865183980006
5.0575 -21.717228086128237
5.0625 258.8119008314148
5.0675 -255.96179705543454
5.0725 -48.47383972608137
5.0775 42.981741920252745
5.0825 167.35995670660418
5.0874999999999995 -231.26791131407182
5.092499999999999 144.0944934556257
5.0975 -372.9682011034971
5.1025 168.91287858187485
5.1075 165.07003117944595
5.1125 393.8810364513472
5.1175 -135.51350721816422
5.1225 11.43483306572272
5.1274999999999995 -78.70477062562246
5.132499999999999 -68.22998231006044
5.1375 -73.40705304068484
5.1425 -151.9388703999033
5.1475 -382.94165081783655
5.1525 223.43121429830364
5.1575 -81.92261547184225
5.1625 210.79614966248778
5.1674999999999995 -74.15145805672563
5.172499999999999 228.47055699514576
5.177499999999999 139.00700702189883
5.1825 -313.21739364041775
5.1875 19.086932311814557
5.1925 -0.21432862630411667
5.1975 -51.88759919988023
5.2025 -34.07423207106901
5.2075 20.817258561887943
5.2124999999999995 -187.2878051360625
5.217499999999999 283.4998982328335
5.2225 -229.63684489971604
5.2275 178.67187877666385
5.2325 -275.8024312548562
5.2375 -206.70098335054223
5.2425 132.75630301019947
5.2475 328.5447583708208
5.2524999999999995 -265.9518216779342
5.257499999999999 221.39160720172555
5.2625 -34.06071887072267
5.2675 -37.565706657983775
5.2725 -98.43659238331216
5.2775 -20.334741279165947
5.2825 151.45371817075073
5.2875 62.3988297400763
5.2924999999999995 -66.03857283731428
5.297499999999999 95.45320766862149
5.302499999999999 20.986987218884686
5.3075 -261.9110288387658
5.3125 51.64222900388592
5.3175 272.50579174350344
5.3225 -32.16696014971014
5.3275 -177.68339827372802
5.3325 176.94330610368758
5.3374999999999995 253.07166718687083
5.342499999999999 -298.5893034081017
5.3475 -149.72813682433656
5.3525 381.2321150151966
5.3575 -298.7450325942851
5.3625 -19.96742706899811
5.3675 113.11839502439707
5.3725 -180.80677842026682
5.3774999999999995 89.21179194260068
5.382499999999999 -70.92626484200423
5.3875 -76.88834973210915
5.3925 -28.362578905786417
5.3975 371.7859690409989
5.4025 -256.0443580304064
5.4075 304.8938286982838
5.4125 -312.50443152674865
5.4174999999999995 253.5559243454554
5.422499999999999 -64.37176741871234
5.427499999999999 -78.42549722633458
5.4325 -257.70365629092856
5.4375 178.75196520669317
5.4425 -30.41645633984174
5.4475 83.40040918498643
5.4525 -24.875030931510263
5.4575 72.46683103275339
5.4624999999999995 98.82961524134035
5.467499999999999 -62.298058689436196
5.4725 297.380310482403
5.4775 -167.87125355591442
5.4825 131.5155122987711
5.4875 -79.23317780036543
5.4925 -53.75157515418529
5.4975 -167.62361036951367
5.5024999999999995 -67.04214770912114
5.507499999999999 -215.72197139704897
5.5125 88.5885022216423
5.5175 -78.77594145013292
5.5225 70.55958661255204
5.5275 212.70043158957742
5.5325 313.03829090465774
5.5375 -259.6083785654997
5.5424999999999995 -11.590440075711117
5.547499999999999 171.50973373815452
5.552499999999999 48.90989261891771
5.5575 -50.979403605722396
5.5625 -224.01437173799863
5.5675 -131.37451965389786
5.5725 2.3905020630322937
5.5775 58.468871730393175
5.5825 145.2690669720933
5.5874999999999995 -175.43674455142244
5.592499999999999 144.48649936295593
5.5975 -127.91417400877182
5.6025 62.06456228268055
5.6075 132.30833066830792
5.6125 -16.28160068344126
5.6175 -318.4022472644118
5.6225 108.6531434481507
5.6274999999999995 182.76372116581152
5.632499999999999 -0.9909696044120471
5.6375 1.5275069239824568
5.6425 129.33032177198945
5.6475 -42.8464965567549
5.6525 -96.32194785211045
5.6575 157.16276889097068
5.6625 -65.72543406116048
5.6674999999999995 -62.0483516044888
5.672499999999999 75.05254746362783
5.677499999999999 -94.60924612674387
5.6825 184.53830710771217
5.6875 -130.67633505365816
5.6925 -53.9874250317085
5.6975 238.9230697678723
5.7025 101.04669757096674
5.7075 -127.87077757696314
5.7124999999999995 89.22800782249166
5.717499999999999 -47.17474297503935
5.7225 323.6776621672137
5.7275 -205.455078871245
5.7325 -289.7884816020239
5.7375 87.9169310606349
5.7425 103.71029132573187
5.7475 -150.95505695195533
5.7524999999999995 -160.01759615523514
5.757499999999999 -107.98000945820624
5.7625 36.72090833746529
5.7675 374.91869471246764
5.7725 -333.815788253532
5.7775 299.3241411135619
5.7825 80.48684721174995
5.7875 -252.47515826416253
5.7924999999999995 -138.45184029980027
5.797499999999999 74.26776696529785
5.802499999999999 10.96121161795062
5.8075 -231.37962417393427
5.8125 185.07625224969541
5.8175 85.80176334951794
5.8225 -75.83789147251795
5.8275 -164.90583992656985
5.8325 159.33972920292354
5.8374999999999995 163.98100442151582
5.842499999999999 -55.39986610930733
5.8475 97.47077081105901
5.8525 -372.8682346590911
5.8575 -73.00206059991238
5.8625 95.79651382882253
5.8675 140.15941434223862
5.8725 -212.38286993400908
5.8774999999999995 303.4419732479276
5.882499999999999 -0.31265565960242875
5.8875 -294.8597335366551
5.8925 50.37254470791241
5.8975 382.5808855017312
5.9025 -93.46870572035337
5.9075 229.72105647047684
5.9125 -93.07113194709402
5.9174999999999995 -72.45713088763448
5.922499999999999 -109.84678592512107
5.927499999999999 49.088663597293085
5.9325 -124.9426149727422
5.9375 -0.9916736965471178
5.9425 184.01894083981463
5.9475 -156.15797673108636
5.9525 199.84496669032467
5.9575 -39.70458286698577
5.9624999999999995 272.12941609931045
5.967499999999999 -117.82605374429198
5.9725 140.9352246932804
5.9775 23.920906430531446
5.9825 52.11060845470784
5.9875 86.8422739864687
5.9925 -47.71849043360911
5.9975 -408.61727794625057
6.0024999999999995 -33.06191656821317
6.007499999999999 -223.59171131674296
6.012499999999999 170.135542148757
6.0175 226.7548582686361
6.0225 -213.6018258448369
6.0275 177.80722623232793
6.0325 -39.398934706274666
6.0375 -149.68341938297957
6.0424999999999995 269.0270885493967
6.047499999999999 -222.63585575606214
6.052499999999999 250.81080847523327
6.0575 -350.3327355531827
6.0625 134.7867526160778
6.0675 64.108202114785
6.0725 97.54681769606486
6.0775 -15.752192348138628
6.0825 -210.18631248142782
6.0874999999999995 -42.11633964041324
6.092499999999999 -270.4137620457337
6.0975 295.6015337720086
6.1025 209.6714329813246
6.1075 4.712189946797396
6.1125 391.0690515495181
6.1175 -401.33067382060364
6.1225 -72.58218812494809
6.1274999999999995 -105.5708279905412
6.132499999999999 -20.376257952579707
6.137499999999999 -2.930345648407383
6.1425 64.15277287233654
6.1475 -13.076078132179727
6.1525 99.62824168428494
6.1575 -30.78026671832361
6.1625 318.27846198852944
6.1674999999999995 -204.97357403245238
6.172499999999999 -159.30912998737824
6.177499999999999 140.57978006164768
6.1825 -73.75999289583949
6.1875 -125.10703138312144
6.1925 232.33038754660186
6.1975 -233.68573906670954
6.2025 244.76946623604746
6.2075 69.61489823242152
6.2124999999999995 86.86078812098738
6.217499999999999 76.15391339222651
6.2225 128.51872998070482
6.2275 -180.81418476818246
6.2325 90.48876736782452
6.2375 -91.08340910668035
6.2425 -36.475155362202
6.2475 196.33132906530972
6.2524999999999995 -175.31705497424286
6.257499999999999 -109.4779097413154
6.262499999999999 -134.61162077113585
6.2675 7.125923349473361
6.2725 195.83025771217766
6.2775 80.31639490587393
6.2825 -186.83480666156962
6.2875 -35.99085668871221
6.2924999999999995 -17.789473688931487
6.297499999999999 -206.05926232749894
6.302499999999999 -146.97944968537954
6.3075 165.00738143727003
6.3125 -77.43853798808632
6.3175 71.35481416243805
6.3225 233.68828305536437
6.3275 -234.69797180292386
6.3325 270.3057146690979
6.3374999999999995 -164.83707269006797
6.342499999999999 -133.08298625651904
6.3475 -86.26234942338753
6.3525 109.49394008708148
6.3575 -314.2000176961992
6.3625 206.52139612070576
6.3675 -67.8774622752075
6.3725 4.718326290600964
6.3774999999999995 -65.10834052616258
6.382499999999999 312.96374553021855
6.387499999999999 -6.957351254313927
6.3925 -101.78915276809802
6.3975 -3.9737417275294
6.4025 168.16381323810302
6.4075 -193.26969322810055
6.4125 102.32433239894466
6.4174999999999995 21.776142671092277
6.422499999999999 55.479909757930756
6.427499999999999 71.32273249962847
6.4325 57.26989064056398
6.4375 -219.17553544094957
6.4425 140.8984165157435
6.4475 57.97749958484053
6.4525 4.666005321976456
6.4575 19.39481627386684
6.4624999999999995 -135.18958463697132
6.467499999999999 12.483841034008345
6.4725 176.6431439469074
6.4775 22.841414564054208
6.4825 -84.29106813642586
6.4875 -122.63230274869697
6.4925 194.62039853291327
6.4975 -62.52968472141558
6.5024999999999995 100.31959446736987
6.507499999999999 -74.4919827182751
6.512499999999999 -33.673286708531855
6.5175 -167.8667680381727
6.5225 196.71835463143964
6.5275 66.66737048746852
6.5325 -105.72938716425915
6.5375 -200.3155171535766
6.5424999999999995 47.22947017981019
6.547499999999999 140.1172421724852
6.552499999999999 2.6424149686182172
6.5575 -78.84188869952119
6.5625 125.54758795235855
6.5675 126.82959691181107
6.5725 80.49352176899626
6.5775 163.50075262888458
6.5825 -135.67586872297403
6.5874999999999995 -52.036230653111204
6.592499999999999 -203.99399161785072
6.5975 49.096427674081234
6.6025 87.29070608455338
6.6075 -92.89781603384736
6.6125 -31.23933511935091
6.6175 105.4917334772614
6.6225 34.96165639623222
6.6274999999999995 36.00343050741494
6.632499999999999 209.1828187314564
6.637499999999999 -423.8791248532345
6.6425 215.30164396872527
6.6475 68.9556508466978
6.6525 10.442214674808378
6.6575 90.5718603799923
6.6625 -7.71128955812169
6.6674999999999995 -129.93156114051163
6.672499999999999 -137.8091563702745
6.677499999999999 10.015551482280976
6.6825 3.0766148229342924
6.6875 -52.762536881062516
6.6925 -21.624678203883576
6.6975 5.606501042086284
6.7025 0.8971729920612342
6.7075 137.16350234863305
6.7124999999999995 -136.14861397432776
6.717499999999999 69.40951021268856
6.722499999999999 -77.8098916445893
6.7275 298.24500700885335
6.7325 -148.73735972802714
6.7375 -324.24326728918845
6.7425 240.32326485306658
6.7475 154.35320807143387
6.7524999999999995 -315.060079488101
6.757499999999999 290.5167088318824
6.762499999999999 -140.47301537057876
6.7675 73.21261354098301
6.7725 21.581215979832052
6.7775 -157.57614609255046
6.7825 248.80138883344847
6.7875 -462.0977098459754
6.7924999999999995 45.0856821193327
6.797499999999999 241.49925694897868
6.802499999999999 96.2836256470327
6.8075 87.55828761015408
6.8125 -89.16141113787405
6.8175 54.510134976524824
6.8225 27.98769029786661
6.8275 -221.97974945649338
6.8325 267.2482925618752
6.8374999999999995 -195.42078435912046
6.842499999999999 -11.840353620828644
6.847499999999999 85.18676674077258
6.8525 -32.70196951023228
6.8575 109.7957997001756
6.8625 69.91586471581876
6.8675 -231.36015026217666
6.8725 93.70363120041625
6.8774999999999995 51.58684588334986
6.882499999999999 -48.994269262415855
6.887499999999999 42.96062701837366
6.8925 146.26490151811169
6.8975 -151.9709422103245
6.9025 174.82054868167415
6.9075 -80.8045859142438
6.9125 -334.1669413229549
6.9174999999999995 366.4667660780627
6.922499999999999 185.09128071118712
6.927499999999999 -51.4863553379372
6.9325 -225.99331450491368
6.9375 35.330693507863934
6.9425 117.50090163766446
6.9475 -260.23145952767146
6.9525 -304.57411800489456
6.9575 68.78125919738417
6.9624999999999995 -79.44548239411007
6.967499999999999 304.95354265899863
6.972499999999999 -253.2389829298086
6.9775 38.380350436278434
6.9825 170.40919261400853
6.9875 104.66841007377498
6.9925 25.900653639200033
6.9975 -142.59759874115647
7.0024999999999995 125.2951410111373
7.007499999999999 -246.4899935868454
7.012499999999999 88.61428258304738
7.0175 -144.77282266423563
7.0225 -215.92805743958257
7.0275 505.1047486862326
7.0325 -309.3226019464028
7.0375 295.1717239708899
7.0424999999999995 469.5149667733993
7.047499999999999 -246.62646821260893
7.052499999999999 -79.96913035538097
7.0575 -1.5547025423237824
7.0625 157.32065369419928
7.0675 42.5357462076097
7.0725 -580.0413221238044
7.0775 405.8556615131026
7.0825 -97.87728739492967
7.0874999999999995 90.7888598999637
7.092499999999999 32.39635967350265
7.097499999999999 -161.37681231168867
7.1025 71.601904759791
7.1075 -101.47302038321365
7.1125 102.0691686328466
7.1175 131.38054753918908
7.1225 33.21924753234133
7.1274999999999995 -167.36463881156757
7.132499999999999 -125.97344673191657
7.137499999999999 230.15172051807693
7.1425 126.42298887672285
7.1475 -242.9657357121951
7.1525 -13.059652967164224
7.1575 -32.25999347335537
7.1625 -137.73681007276892
7.1674999999999995 -147.08926082046202
7.172499999999999 197.64927572158192
7.177499999999999 63.57369711759666
7.1825 53.95586881864656
7.1875 -34.74425020618365
7.1925 206.22367878722235
7.1975 -289.8142483444347
7.2025 105.78731170755258
7.2075 0.801226289213623
7.2124999999999995 -18.298985002562674
7.217499999999999 106.21719677499715
7.222499999999999 -133.05153898924326
7.2275 269.6090010682722
7.2325 266.9296648088035
7.2375 -320.1858895085427
7.2425 -84.93614211309418
7.2475 93.18868005256058
7.2524999999999995 12.05141270162363
7.257499999999999 8.812528746188525
7.262499999999999 -18.315988415600714
7.2675 -225.8499538656353
7.2725 64.7728472605939
7.2775 -84.69807909965745
7.2825 -245.5465158168797
7.2875 260.589203795569
7.2924999999999995 -40.04793541071802
7.297499999999999 132.80070527381702
7.302499999999999 -71.72992166114986
7.3075 174.78473295544873
7.3125 146.2092525393462
7.3175 67.00639916499973
7.3225 -272.47853250406325
7.3275 -31.394798175911912
7.3325 -227.1886811169525
7.3374999999999995 210.10038207187415
7.342499999999999 64.34359379868083
7.347499999999999 -129.0149909011038
7.3525 308.49602442568823
7.3575 29.72172387503315
7.3625 6.6652986987333565
7.3675 -173.86058722449292
7.3725 -26.12571212501613
7.3774999999999995 252.20453851857857
7.382499999999999 -5.236364936829766
7.387499999999999 -277.4911846038202
7.3925 229.73816791437764
7.3975 -222.88396139613803
7.4025 -4.66438198062409
7.4075 4.763355817461999
7.4125 -152.21028524474227
7.4174999999999995 229.1901473483222
7.422499999999999 214.498104819006
7.427499999999999 -147.69242745760246
7.4325 98.44389762499857
7.4375 -129.10555185095055
7.4425 93.34846546210103
7.4475 -211.89451931365807
7.4525 -201.3325355517446
7.4575 71.58445139360401
7.4624999999999995 151.02588901220727
7.467499999999999 45.00228999095677
7.472499999999999 -11.673524789832257
7.4775 101.42434553844838
7.4825 246.65872503081707
7.4875 -370.5085280369684
7.4925 -49.8092758026896
7.4975 25.628988718045942
7.5024999999999995 -15.812033616843411
7.507499999999999 163.3436004222803
7.512499999999999 41.15057754434765
7.5175 -132.0282295368126
7.5225 -30.858026306995697
7.5275 23.23524533437671
7.5325 -16.25387089788012
7.5375 184.48815986544776
7.5424999999999995 90.57423895872454
7.547499999999999 -156.9658444182559
7.552499999999999 -209.50199953412158
7.557499999999999 259.76372826202623
7.5625 1.8286558492691722
7.5675 133.7207890657147
7.5725 65.121011783177
7.5775 -101.73869850633221
7.5825 -93.03049369058681
7.5874999999999995 127.20671745577779
7.592499999999999 -137.7460191445871
7.597499999999999 147.5417312464137
7.6025 5.969772055761151
7.6075 -10.473193708971724
7.6125 144.33614796891197
7.6175 -57.39600815276747
7.6225 -162.82344675282013
7.6274999999999995 -18.896263957681462
7.632499999999999 9.65488489154802
7.637499999999999 -132.32698142041892
7.6425 -48.30618183058459
7.6475 184.47811534728163
7.6525 79.68540206464043
7.6575 -187.63459137694986
7.6625 221.76213525604493
7.6674999999999995 -440.26059134362225
7.672499999999999 261.6782430540253
7.677499999999999 -209.200174198786
7.682499999999999 87.51544679383643
7.6875 122.12917163781754
7.6925 -122.10088084180148
7.6975 17.299766235155843
7.7025 76.40073858367175
7.7075 64.48735781020025
7.7124999999999995 59.29970130507574
7.717499999999999 293.19749492211093
7.722499999999999 -275.6081436694431
7.7275 -0.8952147846407491
7.7325 -0.35541114338110896
7.7375 30.88662711606011
7.7425 92.35855254690162
7.7475 124.58321420420188
7.7524999999999995 -169.73447783384475
7.757499999999999 -147.45232399644166
7.762499999999999 225.90272134976408
7.7675 -143.5520721383992
7.7725 -221.0330559919693
7.7775 104.63056677043299
7.7825 -77.77681163383845
7.7875 161.90080456376646
7.7924999999999995 21.839178547941568
7.797499999999999 -156.92323374320375
7.802499999999999 -161.71846662604807
7.807499999999999 100.32992398108401
7.8125 8.51918764953146
7.8175 274.95720683087677
7.8225 -41.34018019573084
7.8275 -68.37482991981982
7.8325 68.4752501991171
7.8374999999999995 94.63378752152745
7.842499999999999 164.45730506100182
7.847499999999999 10.935087755245549
7.8525 -222.88197591783285
7.8575 -152.249734931486
7.8625 77.13797119256448
7.8675 132.7121262165982
7.8725 53.484250876254144
7.8774999999999995 -149.88199599760105
7.882499999999999 -26.991215198571698
7.887499999999999 78.35482925193635
7.8925 -196.0538994936281
7.8975 260.6963422523696
7.9025 -321.8380608901489
7.9075 369.0508520784706
7.9125 28.043245267741042
7.9174999999999995 -151.19464453613983
7.922499999999999 -12.755891892459077
7.927499999999999 -135.56595232030296
7.932499999999999 64.86467638881798
7.9375 -108.2049008975177
7.9425 310.78807106186025
7.9475 -91.94316197110572
7.9525 96.02267334782294
7.9575 -307.8488628118097
7.9624999999999995 263.05731445407605
7.967499999999999 0.704252602351025
7.972499999999999 -87.09605032574925
7.9775 -255.8661030276957
7.9825 -18.445149444062977
7.9875 -12.933262976386912
7.9925 -128.83740997281734
7.9975 123.74521919634901
8.0025 -92.82493724271212
8.0075 -60.61912776047439
8.0125 338.2919287584855
8.0175 -196.08228009605568
8.022499999999999 192.33886490502073
8.0275 -60.32457536283397
8.032499999999999 -240.90701550851927
8.0375 27.81767057598744
8.0425 107.45387172108865
8.0475 -298.4894893385302
8.0525 124.44970976924247
8.0575 91.6841119230139
8.0625 125.7584907107845
8.067499999999999 22.565995389489743
8.0725 246.3951604506044
8.077499999999999 -4.198186898057512
8.0825 -322.75684857486215
8.0875 213.58842120169132
8.0925 -59.783875368057544
8.0975 240.63158312616207
8.1025 -178.93232069254955
8.1075 -1.4919375321383634
8.112499999999999 -36.16483861683339
8.1175 105.89608622005649
8.1225 -17.074773015244674
8.1275 -230.3559906289152
8.1325 104.29366081382554
8.1375 201.00361828664248
8.1425 -7.62867529965718
8.147499999999999 -175.47584192070562
8.1525 -45.60326989132115
8.157499999999999 116.39173689397337
8.1625 -77.57231279626781
8.1675 28.95532740706158
8.1725 -39.45795511806136
8.1775 155.9236068007222
8.1825 -166.36263801917124
8.1875 -159.83425810963297
8.192499999999999 15.462346727552692
8.1975 64.90235047451131
8.202499999999999 63.34894002604513
8.2075 -32.56645834607326
8.2125 161.21247092091434
8.2175 99.23795650727459
8.2225 -111.9697694915213
8.2275 -149.18679199978786
8.2325 -17.274747024208466
8.237499999999999 113.66494538054539
8.2425 -140.67202940492692
8.2475 -51.105109949304115
8.2525 -4.9576720882929335
8.2575 151.86063644916015
8.2625 -29.06730192267392
8.2675 469.1334960463344
8.272499999999999 -290.97107565344237
8.2775 -6.47851267905943
8.282499999999999 -44.422839878354985
8.2875 2.397955929395337
8.2925 -127.13696313825619
8.2975 112.22424592605817
8.3025 -80.3535034414476
8.3075 136.9168374024193
8.3125 -131.5286950904738
8.317499999999999 -98.93415266761157
8.3225 81.42458931267112
8.327499999999999 87.80552827961303
8.3325 126.37396905033211
8.3375 -150.65543164342887
8.3425 216.25288512466057
8.3475 -126.57037863295425
8.3525 -1.0146285607382135
8.3575 110.17119369120896
8.362499999999999 150.27865489682725
8.3675 -100.85863518178125
8.3725 68.5569496246686
8.3775 -5.737990458023509
8.3825 -53.01334000309581
8.3875 170.75443365827994
8.3925 -30.791087502715218
8.397499999999999 -84.38280862605076
8.4025 4.321528010508262
8.407499999999999 54.920105982107046
8.4125 -27.463171378884674
8.4175 -179.2950878692286
8.4225 25.165909292932437
8.4275 85.63730859870917
8.4325 27.6191422199761
8.4375 -54.670985167723785
8.442499999999999 -84.75009711145162
8.4475 10.708722832862906
8.452499999999999 -123.60778150373444
8.4575 -55.151551249899164
8.4625 36.06271655538219
8.4675 168.50396025217842
8.4725 74.66742497101887
8.4775 -255.62771325708476
8.4825 103.75141378025043
8.487499999999999 249.5772025398946
8.4925 -314.75266720708584
8.4975 136.6095585480727
8.5025 89.3294498553206
8.5075 -71.41389951116844
8.5125 -17.13433733150312
8.5175 137.54069622627847
8.522499999999999 -93.54345873511103
8.5275 53.37695142583525
8.532499999999999 0.6542335891679075
8.5375 -173.30036068416462
8.5425 240.2341954791578
8.5475 -151.00801760210916
8.5525 -11.019438410807759
8.5575 37.122954996355745
8.5625 35.89825581747933
8.567499999999999 -82.83318353427775
8.5725 139.74768563109603
8.577499999999999 -29.97561587707667
8.5825 -98.16120500284904
8.5875 88.15153646143624
8.5925 -138.68104534172284
8.5975 50.88236925841188
8.6025 103.84866267606492
8.6075 123.87580146884163
8.612499999999999 -163.17276507396636
8.6175 246.03355812558527
8.6225 -73.7750178045501
8.6275 -89.02243956490936
8.6325 -58.75346699841408
8.6375 -14.75910679940383
8.6425 40.49401576508152
8.647499999999999 133.3119069217519
8.6525 -138.84600241630588
8.657499999999999 23.219706292184224
8.6625 -40.0222294274435
8.6675 -15.5867922943844
8.6725 84.115453294181
8.6775 -86.09497148005215
8.6825 -16.64602154814466
8.6875 61.22565302582081
8.692499999999999 -210.5144101067684
8.6975 202.1698396752552
8.702499999999999 -49.47516108198565
8.7075 52.44961871041106
8.7125 -49.931899319147426
8.7175 50.42908478503925
8.7225 -226.4652281834378
8.7275 276.413469571998
8.7325 -150.06879155715018
8.737499999999999 72.58534858691856
8.7425 -229.9562711732394
8.747499999999999 5.444212829835042
8.7525 48.020025164607986
8.7575 -95.4744685634875
8.7625 -55.994306655484486
8.7675 228.75149138539697
8.772499999999999 -133.0052119735607
8.7775 -5.783993644286689
8.782499999999999 81.30116740734613
8.7875 -58.21593253161082
8.7925 -19.892398121573855
8.7975 22.868230034816264
8.8025 187.0829985059317
8.8075 -171.6621929511792
8.8125 43.09001739859454
8.817499999999999 -188.4037793439939
8.8225 70.82132558960971
8.827499999999999 58.91940741208298
8.8325 -154.50965913832997
8.8375 128.86952908786117
8.8425 230.86932440606458
8.8475 -9.12511976491234
8.8525 -72.67360034417722
8.8575 85.60745798375125
8.862499999999999 -168.92455078368135
8.8675 -94.26139224223547
8.872499999999999 -209.7013585829913
8.8775 19.842959001219345
8.8825 207.50727781360044
8.8875 251.53222189856336
8.8925 300.6268821627284
8.897499999999999 -196.3470786097833
8.9025 -245.06313307009893
8.907499999999999 -129.47740322577076
8.9125 408.018710910601
8.9175 -127.04501446552682
8.9225 -18.27837249025009
8.9275 -42.79337201812412
8.9325 -80.4463330723089
8.9375 244.3709588708619
8.942499999999999 -273.0466718774408
8.9475 217.3742465330222
8.952499999999999 0.6299869436323576
8.9575 -253.1819837050669
8.9625 315.5823470623243
8.9675 102.63572497906858
8.9725 -354.36703173732957
8.9775 105.85903248942114
8.9825 55.106628438056056
8.987499999999999 -189.5332423433495
8.9925 160.12852766642135
8.997499999999999 110.76833563398199
9.0025 -128.4251683453494
9.0075 -165.95919163031385
9.0125 -126.48027714323553
9.0175 159.26409509844942
9.022499999999999 81.01118434676484
9.0275 -127.98269781397512
9.032499999999999 237.31865750169914
9.0375 -23.82678694274878
9.0425 62.95450187818457
9.0475 66.16973016690565
9.0525 0.484075900955449
9.0575 -63.820217493580714
9.0625 -74.32464310920123
9.067499999999999 -258.2292813748898
9.0725 315.4609567556668
9.077499999999999 -38.51946824895096
9.0825 -73.84801100839567
9.0875 -55.270011433228554
9.0925 -114.93888204299999
9.0975 12.51430088513519
9.1025 25.265373808317626
9.1075 -39.5981852308398
9.112499999999999 80.54504124007012
9.1175 151.69512639077587
9.122499999999999 130.74040789849528
9.1275 -235.00063072597655
9.1325 163.63316478102797
9.1375 -12.551756063588437
9.1425 196.6432653525287
9.147499999999999 -495.95676220228654
9.1525 263.3373288056031
9.157499999999999 -59.41588395833391
9.1625 -51.23768125288299
9.1675 59.281132431410995
9.1725 -168.13666742448953
9.1775 -69.92788462962882
9.1825 -32.7842879749969
9.1875 -62.49447399598346
9.192499999999999 -205.0016541288106
9.1975 155.48437943216766
9.202499999999999 -78.64031087305311
9.2075 129.87880643652602
9.2125 1.1899036929610955
9.2175 -154.08158472275323
9.2225 252.25810876675865
9.2275 -18.234664211434282
9.2325 -106.19899952059218
9.237499999999999 120.73278477212087
9.2425 -3.9394337045654964
9.247499999999999 -68.45647000076826
9.2525 70.83316674589591
9.2575 34.808217832776386
9.2625 306.2687805170476
9.2675 -209.3857686551494
9.272499999999999 54.32077095360651
9.2775 -77.6693931652522
9.282499999999999 79.20573190833225
9.2875 156.01022844002748
9.2925 -342.25611919584554
9.2975 4.371438861244111
9.3025 267.47469189360083
9.3075 -142.2983390401236
9.3125 67.514227118305
9.317499999999999 -69.62501938210252
9.3225 -147.531846948807
9.327499999999999 34.83598794898239
9.3325 -21.147391141300304
9.3375 251.89980161332727
9.3425 -2.6728426966824834
9.3475 -4.563542538947527
9.3525 135.41302292301464
9.3575 -141.3695337627196
9.362499999999999 82.61297163403225
9.3675 24.204994835113315
9.372499999999999 -164.22012238067074
9.3775 -129.90711381218728
9.3825 37.350981238662946
9.3875 74.60246486844255
9.3925 104.84788387778472
9.397499999999999 70.04693799581989
9.4025 -93.0038649053139
9.407499999999999 45.142669583711005
9.4125 33.32723405115246
9.4175 -21.901168196544834
9.4225 -92.62366067892413
9.4275 126.50257031839207
9.4325 11.413841590091238
9.4375 -179.56979226041855
9.442499999999999 -148.5187746067787
9.4475 -22.453777574163293
9.452499999999999 45.30607034278908
9.4575 30.374188376582687
9.4625 -47.96098175843242
9.4675 -17.5897675201884
9.4725 217.94973220244566
9.4775 18.643275644989803
9.4825 -8.086805404612871
9.487499999999999 -45.72915979526045
9.4925 -25.900323954271048
9.497499999999999 -53.082236718731664
9.5025 124.13330829408481
9.5075 -74.06908130003383
9.5125 -33.23016101800314
9.5175 144.97709093289117
9.522499999999999 -136.96707649065482
9.5275 -210.622373993048
9.532499999999999 -160.11137839198088
9.5375 141.6698565348127
9.5425 120.24230550954418
9.5475 -247.10962111418922
9.5525 62.57581209053717
9.5575 57.71353757013678
9.5625 243.29425440789
9.567499999999999 -66.16493881392294
9.5725 -60.45715370618283
9.577499999999999 -69.5554171433503
9.5825 4.225934940966045
9.5875 96.0957247120112
9.5925 -58.34919925919677
9.5975 138.03166123298422
9.6025 11.912048020007818
9.6075 -43.51617842771626
9.612499999999999 31.757256918556383
9.6175 70.11673790736577
9.622499999999999 64.3407903912124
9.6275 -154.49051917977314
9.6325 121.5320507156661
9.6375 86.02805438721182
9.6425 -39.700649280369404
9.647499999999999 6.633377684132804
9.6525 -157.3681847737185
9.657499999999999 287.5292361161813
9.6625 57.28104206387211
9.6675 -185.38636635495598
9.6725 -111.34889335899238
9.6775 108.14780375747054
9.6825 125.59098023925593
9.6875 -50.123687917799764
9.692499999999999 -41.44236245708425
9.6975 -90.4802840831335
9.702499999999999 14.654855898350279
9.7075 -119.52482221873768
9.7125 146.2251805699506
9.7175 120.02289653783058
9.7225 -154.99547201206525
9.7275 140.52831638239573
9.7325 -96.79968664423325
9.737499999999999 -19.91462228066764
9.7425 192.66074654504777
9.747499999999999 -21.282543540358983
9.7525 -52.146845374648024
9.7575 91.41483532606802
9.7625 30.69110385363771
9.7675 83.98497158513158
9.772499999999999 -129.1411555863454
9.7775 -120.14576552514656
