0.0075 43.30526981378071
0.012499999999999999 347.3451362532064
0.017499999999999998 98.44664227999412
0.0225 -128.46760296035964
0.0275 162.57369505662004
0.0325 -114.13090716381876
0.0375 27.02029543570987
0.042499999999999996 -45.40743671453873
0.0475 -32.82035745367901
0.0525 -154.12555526589713
0.057499999999999996 126.91959648934558
0.0625 451.3581275563505
0.06749999999999999 -247.2371924704794
0.0725 -22.92008733260919
0.0775 -68.07206697923115
0.08249999999999999 65.77419526235654
0.0875 94.05833968264358
0.0925 -229.6793753082319
0.09749999999999999 -143.5204881116666
0.1025 22.023868558342333
0.1075 -70.15395750024538
0.11249999999999999 386.2462285909404
0.1175 -117.21757550200839
0.1225 -49.68839979399448
0.1275 -6.449833577226005
0.1325 226.23261760344005
0.13749999999999998 101.31900370331977
0.1425 -32.932445329325795
0.1475 -139.83788732240066
0.1525 -106.42057026914972
0.1575 138.83203445997685
0.1625 -46.4184769005589
0.16749999999999998 208.04812459087066
0.1725 13.399126334464968
0.1775 286.9562155505135
0.1825 -185.5274264368782
0.1875 -313.9992085205045
0.1925 87.3874907503022
0.19749999999999998 -84.40279828320014
0.20249999999999999 238.04288811597254
0.2075 -410.7302428014919
0.2125 -3.0867262353633445
0.2175 226.83198204107316
0.2225 -23.361705130723703
0.22749999999999998 -196.89414012231447
0.23249999999999998 72.65296215644184
0.2375 -336.8096736075605
0.2425 333.67005988301736
0.2475 3.234216390557355
0.2525 -120.02925226586798
0.2575 357.3327811044895
0.2625 85.58949849428798
0.2675 -338.833042454885
0.27249999999999996 -14.668685559384793
0.27749999999999997 82.59405689054677
0.2825 115.022577062414
0.2875 196.33568174851317
0.2925 -132.00127406015773
0.2975 95.98564474982436
0.3025 -83.86766575959935
0.3075 108.2978041498988
0.3125 -62.14532278713414
0.3175 -61.654730559276466
0.3225 159.95614909525875
0.32749999999999996 -181.6930066260067
0.33249999999999996 177.3190169995068
0.33749999999999997 35.3564523552056
0.34249999999999997 -247.61709188140796
0.3475 -31.034434126695754
0.3525 147.15144778000163
0.3575 -175.0256967899935
0.3625 30.58030948638175
0.3675 124.54468626678067
0.3725 -196.18570846248895
0.3775 17.74805148495445
0.3825 175.63113358847397
0.38749999999999996 -382.27515197558495
0.39249999999999996 166.02321708828805
0.39749999999999996 45.31589865119708
0.40249999999999997 -82.07891047131429
0.4075 -87.9429073513392
0.4125 129.8482921752143
0.4175 -18.681625236088667
0.4225 28.315110197313444
0.4275 -126.08275870125244
0.4325 18.34062918134311
0.4375 -50.534598888931754
0.4425 12.885384184864161
0.44749999999999995 -18.47354254701667
0.45249999999999996 26.604557411079398
0.45749999999999996 140.36922363358815
0.46249999999999997 11.225006668390037
0.46749999999999997 -76.47023545614704
0.4725 60.9696293551085
0.4775 -68.29643037000139
0.4825 -6.81938149983132
0.4875 160.65741545349843
0.4925 -72.59527183353302
0.4975 169.22880227376479
0.5025 -227.83146647755666
0.5075 -53.83213683448094
0.5125 -11.028574453236349
0.5175 -29.158489642322326
0.5225 262.90287973027097
0.5275 -78.44051864805637
0.5325 119.02380336781539
0.5375 -233.94660649392597
0.5425 145.5256169807485
0.5475 -80.36923693261386
0.5525 89.55636914314162
0.5575 -228.16615424869596
0.5625 -199.5431963573041
0.5675 257.65889867518325
0.5725 -45.99783994440462
0.5775 -99.22340099332067
0.5825 1.777253225218623
0.5875 52.96704213337684
0.5925 65.11395168338748
0.5974999999999999 -51.28115775385122
0.6024999999999999 -62.49683152942201
0.6074999999999999 214.74510508360953
0.6124999999999999 87.2145868938726
0.6174999999999999 124.17909108455844
0.6224999999999999 -151.47573940189542
0.6275 31.78006524697456
0.6325 121.87868010784644
0.6375 -58.319988358664276
0.6425 -129.23270174213295
0.6475 109.07227529983707
0.6525 -102.06597330098742
0.6575 11.971169653160151
0.6625 -154.59091932664413
0.6675 63.090424408342095
0.6725 80.53222195050928
0.6775 -66.41773971741081
0.6825 17.365196160138474
0.6875 79.6092638928976
0.6925 173.80334297299072
0.6975 -67.23500806340974
0.7025 -172.17222905663562
0.7075 295.2512299488566
0.7125 -398.72790973140775
0.7174999999999999 59.06055558159432
0.7224999999999999 13.826991185300146
0.7274999999999999 -52.05654052110662
0.7324999999999999 91.28598773185077
0.7374999999999999 54.98448375754179
0.7424999999999999 124.19411309018633
0.7474999999999999 -88.98578039035449
0.7525 146.91587181203352
0.7575 -202.15221643349713
0.7625 218.76783683364363
0.7675 -220.6707269258355
0.7725 79.32671042134174
0.7775 219.7923878514894
0.7825 -8.232395446936847
0.7875 -138.14520792003202
0.7925 45.77116149731264
0.7975 -88.58480798720551
0.8025 -98.39522722120968
0.8075 149.4967093862423
0.8125 48.58300379445528
0.8175 -87.96122831983284
0.8225 -21.64582369915561
0.8275 -154.44385155764928
0.8325 183.63867457133983
0.8374999999999999 95.55832439559113
0.8424999999999999 -115.87786569288818
0.8474999999999999 60.898885588046475
0.8524999999999999 128.64179081820095
0.8574999999999999 -229.65283734915025
0.8624999999999999 -206.1862093811966
0.8674999999999999 454.50616505650095
0.8724999999999999 -84.08238848143824
0.8775 -189.82450756315976
0.8825 16.906192103924695
0.8875 317.13790404850624
0.8925 -327.1422338125796
0.8975 68.05228509398474
0.9025 -28.48673031550028
0.9075 -196.6898309966761
0.9125 259.33401688610286
0.9175 -17.986529154001826
0.9225 5.042411970763927
0.9275 24.736103768309498
0.9325 -50.84976499136918
0.9375 200.8552486865381
0.9425 83.76206263057823
0.9475 -106.34258198664145
0.9524999999999999 32.71049809288251
0.9574999999999999 45.48935647831161
0.9624999999999999 -137.1584221759282
0.9674999999999999 163.28223935276537
0.9724999999999999 81.42305812980294
0.9774999999999999 63.58263854657086
0.9824999999999999 -389.1689505549819
0.9874999999999999 -34.34536558827748
0.9924999999999999 65.36678469348988
0.9974999999999999 -97.46085657798184
1.0025 154.88450931535593
1.0075 -75.00670517229457
1.0125 179.3167724003464
1.0174999999999998 -34.58228003363441
1.0225 -42.717551392641475
1.0274999999999999 88.27626579021143
1.0325 44.39114472852419
1.0374999999999999 -134.13977643763573
1.0425 5.257363649607966
1.0474999999999999 -13.36321271760621
1.0525 75.63952417591713
1.0574999999999999 -115.24125231903517
1.0625 -74.73797912483698
1.0675 -196.53567819263176
1.0725 94.03385444153928
1.0775 76.29875692286683
1.0825 -226.6393718288919
1.0875 157.17534415710276
1.0925 -24.765891601019668
1.0975 117.1775288164529
1.1025 -158.10967979885743
1.1075 8.374472742725942
1.1125 -14.55636583187415
1.1175 33.91055676096146
1.1225 -242.56681721128385
1.1275 263.817297165252
1.1324999999999998 -157.9362567100471
1.1375 52.76171941244492
1.1424999999999998 -65.31029442109089
1.1475 397.10826814002536
1.1524999999999999 262.83358391888993
1.1575 -311.5602121795175
1.1624999999999999 -22.651757091284658
1.1675 -118.10190877601735
1.1724999999999999 -57.61946940030355
1.1775 312.00867513416404
1.1824999999999999 -322.69528072032784
1.1875 -8.706442241559065
1.1925 138.27222089755702
1.1975 101.76067202987682
1.2025 89.20586103507547
1.2075 -296.35258686391796
1.2125 -5.085655402711809
1.2175 32.774339858914644
1.2225 16.919440424701264
1.2275 -85.88588215321629
1.2325 430.05354282512513
1.2375 -82.8993071068769
1.2425 -81.48292801813336
1.2475 -52.724469555133595
1.2525 190.2042242032376
1.2574999999999998 -154.08175289595002
1.2625 58.49534613416823
1.2674999999999998 117.81063348999399
1.2725 -371.69855786188316
1.2774999999999999 268.8695131012941
1.2825 -281.3798964695682
1.2874999999999999 -158.3905665226287
1.2925 207.2125129070155
1.2974999999999999 167.3694415548323
1.3025 -0.5420055513717241
1.3074999999999999 -300.8003816692288
1.3125 -50.859163413262316
1.3175 84.91531564440778
1.3225 63.33243709459857
1.3275 -537.0184942966241
1.3325 254.76907869630745
1.3375 -60.46145428192988
1.3425 78.31650948117155
1.3475 -109.36813354191386
1.3525 319.40267174046136
1.3575 -196.52940477069015
1.3625 21.403015321513948
1.3675 374.4493812749661
1.3724999999999998 -146.5138614704611
1.3775 266.4600976106212
1.3824999999999998 -296.2121106552551
1.3875 -168.7784225279146
1.3924999999999998 39.61761723293868
1.3975 187.69601902821458
1.4024999999999999 145.63161979764504
1.4075 61.68475682307478
1.4124999999999999 -90.30659025924385
1.4175 259.40631861347595
1.4224999999999999 107.34410414047093
1.4275 -171.8449283069406
1.4324999999999999 17.518800651630816
1.4375 -156.98684188098147
1.4425 -232.99572436626
1.4475 152.4388690105155
1.4525 -172.39763222801207
1.4575 204.0304520011438
1.4625 -149.56180140226556
1.4675 77.0883870990028
1.4725 -88.13239720192199
1.4775 189.79603820699654
1.4825 -320.56692916483235
1.4874999999999998 208.4879624620948
1.4925 -68.07814218559305
1.4974999999999998 66.17064879109664
1.5025 -2.9948648689402564
1.5074999999999998 154.52392630955552
1.5125 -198.50384761136235
1.5174999999999998 149.99975582250514
1.5225 -65.24005659637648
1.5274999999999999 15.637167638354871
1.5325 43.83854732509393
1.5374999999999999 -65.08715706876643
1.5425 101.55796731387296
1.5474999999999999 -192.3878066360192
1.5525 6.850785321610717
1.5574999999999999 -64.97953378892815
1.5625 90.9220146491523
1.5675 -47.275274410330944
1.5725 -34.84428474556101
1.5775 86.46392424602854
1.5825 -14.110136918626262
1.5875 59.68967785067483
1.5925 -39.201634855918215
1.5975 28.967312648359652
1.6025 20.13722941330686
1.6075 364.5897012833778
1.6124999999999998 -350.0683065286911
1.6175 -135.38473699562456
1.6224999999999998 4.784989688552809
1.6275 -184.831564977182
1.6324999999999998 12.486816553984116
1.6375 190.74352808662047
1.6424999999999998 -98.52327247902521
1.6475 284.72619774222534
1.6524999999999999 59.49217993277124
1.6575 -36.952707304355044
1.6624999999999999 -148.0400480757138
1.6675 169.01846631551115
1.6724999999999999 -226.70302134999042
1.6775 113.36741266009544
1.6824999999999999 -167.53418305290757
1.6875 121.43149273320451
1.6925 31.797098332314125
1.6975 39.22717430257798
1.7025 -63.15226525134007
1.7075 -77.44228242200445
1.7125 -21.347248369033007
1.7175 298.1267991387753
1.7225 115.73188573283687
1.7274999999999998 102.50542969233933
1.7325 -68.86862813788002
1.7374999999999998 -157.80416351869712
1.7425 13.980934901596694
1.7474999999999998 -190.1562992913526
1.7525 394.7835229236305
1.7574999999999998 -249.43570316316686
1.7625 -200.87220703188976
1.7674999999999998 2.425969213730977
1.7725 139.89177801169959
1.7774999999999999 -174.45938900686502
1.7825 20.467361466381274
1.7874999999999999 154.30434226468364
1.7925 -0.8087540402654027
1.7974999999999999 66.26266740098018
1.8025 -220.54378447759487
1.8074999999999999 51.99981155445052
1.8125 317.2051779326796
1.8175 -79.66953642975436
1.8225 -205.55042156840705
1.8275 255.51249998673296
1.8325 -137.38273898579047
1.8375 -229.95797387648471
1.8425 82.01066707265005
1.8475 64.54487325732752
1.8524999999999998 -278.4988503714962
1.8575 259.2628952083979
1.8624999999999998 61.9072293447851
1.8675 -119.41732861541007
1.8724999999999998 -269.51099391685864
1.8775 216.1150530733423
1.8824999999999998 251.69854024754736
1.8875 -85.94622245608319
1.8924999999999998 -145.46950988237197
1.8975 -0.016792548899656597
1.9024999999999999 380.26008137226836
1.9075 -68.51016541869039
1.9124999999999999 -75.07554649086195
1.9175 -48.41060232759219
1.9224999999999999 65.61577333125722
1.9275 140.98774361431563
1.9324999999999999 -190.15923033577224
1.9375 -87.96861889405824
1.9425 27.956815248343112
1.9475 -144.9857062297175
1.9525 503.01343961089896
1.9575 -77.04904455492658
1.9625 -234.59516602848484
1.9674999999999998 -33.51905462483483
1.9725 87.81656249404048
1.9774999999999998 -13.649535032002289
1.9825 -166.35126365884818
1.9874999999999998 24.58834502913404
1.9925 162.60225364711064
1.9974999999999998 -144.15489033982146
2.0025 179.0514071522388
2.0075 -15.995343289540825
2.0124999999999997 139.75961749843708
2.0175 -96.51020005191661
2.0225 58.78267142663468
2.0275 -25.231910927833464
2.0324999999999998 60.67296384221176
2.0375 -196.76987765529464
2.0425 -3.4625273158994316
2.0475 425.80302918517384
2.0524999999999998 -260.4043521994198
2.0575 -313.7791473502875
2.0625 84.26943628844651
2.0675 -71.89630386150556
2.0725 115.48461071982719
2.0775 -207.78174916866612
2.0825 296.871609202866
2.0875 -132.20727246742382
2.0925 -200.9868844902157
2.0974999999999997 13.79837655986473
2.1025 151.43812820536226
2.1075 -172.33619766856185
2.1125 293.77323524041043
2.1174999999999997 -150.07343905539386
2.1225 47.771307130335536
2.1275 261.12590164821205
2.1325 -82.53459136134099
2.1374999999999997 257.30899323228573
2.1425 -396.9852461199525
2.1475 57.327757385372045
2.1525 -120.40540599282582
2.1574999999999998 142.37865926288796
2.1625 -50.52974915355755
2.1675 -27.906663532206142
2.1725 116.42897691534439
2.1774999999999998 -5.2449764177060025
2.1825 -135.2579248160248
2.1875 114.25050009219355
2.1925 -85.7414398894652
2.1975 -73.44712742477456
2.2024999999999997 35.08284478649646
2.2075 130.86405527383656
2.2125 -168.77741906462643
2.2175 117.2895476102447
2.2224999999999997 -95.82924579860861
2.2275 -58.60873735414616
2.2325 98.89242183222325
2.2375 205.2511468667428
2.2424999999999997 -139.7599935175531
2.2475 222.9688010196492
2.2525 -198.88761902736795
2.2575 -102.51545827233463
2.2624999999999997 403.01198123116984
2.2675 -172.2081866227126
2.2725 -64.77762252737323
2.2775 -103.57040385895426
2.2824999999999998 -321.32508541755413
2.2875 -71.42095582790397
2.2925 2.1716019285250097
2.2975 -22.945642223997968
2.3024999999999998 11.186818745279954
2.3075 259.253784824944
2.3125 -34.843857885489314
2.3175 -47.11550623835812
2.3225 -166.71149132074487
2.3274999999999997 295.02662852175166
2.3325 -110.96153152870919
2.3375 66.32798830821638
2.3425 -91.96762300066464
2.3474999999999997 248.89142735999076
2.3525 170.5081977021618
2.3575 -120.91271287156759
2.3625 -76.69961721603396
2.3674999999999997 -109.19148821221707
2.3725 -114.38703978648527
2.3775 232.58896369316835
2.3825 77.1938655188276
2.3874999999999997 92.96763588044284
2.3925 9.570709144663464
2.3975 -68.16004884026152
2.4025 123.66392051134878
2.4074999999999998 0.18822765929956412
2.4125 14.282592598297478
2.4175 87.95603007472414
2.4225 126.90727623394686
2.4274999999999998 -279.62500224464515
2.4325 -75.44495914461594
2.4375 -0.34925312103351674
2.4425 52.774124276667976
2.4475 70.51543929387556
2.4524999999999997 -25.20548786667994
2.4575 -92.410961792268
2.4625 20.978106252981682
2.4675 -184.46344797006674
2.4724999999999997 157.58965738492176
2.4775 -45.64081206356752
2.4825 21.34630556619277
2.4875 -15.245742215983421
2.4924999999999997 139.81692986135872
2.4975 -360.3479551177105
2.5025 -72.95907964611742
2.5075 133.58015933085312
2.5124999999999997 44.4336694131149
2.5175 -91.29421649925027
2.5225 4.014101320991942
2.5275 -14.046122513748855
2.5324999999999998 107.64931646046918
2.5375 126.49457886361259
2.5425 -210.67902374584366
2.5475 -37.10655285862524
2.5524999999999998 180.6039852630405
2.5574999999999997 -193.58541849058605
2.5625 -105.49778945584032
2.5675 166.8502741357648
2.5725 -71.83987451272347
2.5774999999999997 214.0724081515344
2.5825 -328.25176814419495
2.5875 187.1958592923996
2.5925 245.09273089481172
2.5974999999999997 -395.7901910835279
2.6025 -90.24503773430216
2.6075 223.21305893198564
2.6125 -6.666050177731351
2.6174999999999997 -214.69219029064897
2.6225 64.71528977222341
2.6275 42.043080504322035
2.6325 242.92834900701862
2.6374999999999997 124.31646337145955
2.6425 -193.76080810953556
2.6475 432.99244612813015
2.6525 -397.2920577177903
2.6574999999999998 -128.0681662797436
2.6625 116.74997397866609
2.6675 -116.83445332385536
2.6725 27.83659492514038
2.6774999999999998 -74.41068633600337
2.6824999999999997 226.36670318128068
2.6875 67.53881440317798
2.6925 -238.93951940760215
2.6975 247.84707024535322
2.7024999999999997 -152.6761847885539
2.7075 -167.3912520369751
2.7125 31.93930418614578
2.7175 0.01267355974290794
2.7224999999999997 192.19250249466168
2.7275 -181.41762450892307
2.7325 -173.09761563751587
2.7375 -20.445858719230493
2.7424999999999997 242.8011962867698
2.7475 -18.768711549557224
2.7525 241.08396637739193
2.7575 -444.90823029223344
2.7624999999999997 5.6499328043293655
2.7675 219.70188298952968
2.7725 39.16138329331846
2.7775 16.309122499722704
2.7824999999999998 265.83957228233123
2.7875 -47.186316850338905
2.7925 230.781554330264
2.7975 -69.22367202896146
2.8024999999999998 243.05052020180673
2.8074999999999997 -162.82932700031836
2.8125 -66.92225792614656
2.8175 -91.88598403818432
2.8225 -115.8160723025454
2.8274999999999997 -33.17816461896074
2.8325 -23.266949563537025
2.8375 -295.4043550780674
2.8425 176.88153990198913
2.8474999999999997 -38.943842031795285
2.8525 39.13320973907919
2.8575 86.47987254886775
2.8625 360.4783692910226
2.8674999999999997 -293.05658757688053
2.8725 -84.31360452905622
2.8775 138.41311840684708
2.8825 -8.114826551121533
2.8874999999999997 15.952570650434819
2.8925 -179.37550881991677
2.8975 -150.73965012237517
2.9025 -91.24476362831699
2.9074999999999998 166.51779132585284
2.9125 41.80841154821406
2.9175 2.5312723301246534
2.9225 122.40205897884402
2.9274999999999998 -16.9109357246352
2.9324999999999997 23.239574990295107
2.9375 -94.64141606629529
2.9425 -125.54432649929531
2.9475 22.661563688252524
2.9524999999999997 -20.04217501775309
2.9575 438.9893840641388
2.9625 -81.94390347311231
2.9675 22.171572933079112
2.9724999999999997 -70.0996312662987
2.9775 60.51538405182109
2.9825 -163.2814091862449
2.9875 149.93066844094946
2.9924999999999997 48.1608533946663
2.9975 294.5960621365681
3.0025 -74.24105613093005
3.0075 -148.78667357995124
3.0124999999999997 3.905976901639768
3.0175 -137.61021066528258
3.0225 -9.246840381525224
3.0275 200.65628781232212
3.0324999999999998 -346.9996959242314
3.0374999999999996 92.72557306049733
3.0425 -27.732748054250255
3.0475 203.99733225187825
3.0524999999999998 49.742860375701106
3.0574999999999997 -265.1349215711186
3.0625 12.5413941800908
3.0675 -139.45165988196894
3.0725 71.67219534988418
3.0774999999999997 138.58836551979854
3.0825 -123.1775250390789
3.0875 -180.6361310897349
3.0925 52.33935031924067
3.0974999999999997 -48.56411957857049
3.1025 -370.0746495119666
3.1075 80.58270644381065
3.1125 232.74097364386262
3.1174999999999997 98.27654801550379
3.1225 -138.05521229003207
3.1275 101.45557076718453
3.1325 -119.15248799464707
3.1374999999999997 81.10716509709813
3.1425 -374.10191954512123
3.1475 104.69129748446908
3.1525 80.78358437239916
3.1574999999999998 377.88549037366585
3.1624999999999996 -31.876923534243176
3.1675 18.051628999302004
3.1725 115.49952187374988
3.1774999999999998 25.78283993044903
3.1824999999999997 -159.48217677745546
3.1875 5.890112650284123
3.1925 -167.35121456233358
3.1975 95.93260725433089
3.2024999999999997 126.6464502558434
3.2075 -224.24210382318793
3.2125 108.2727269101932
3.2175 -114.960536556407
3.2224999999999997 73.957111258294
3.2275 -8.76803167594899
3.2325 -140.83209416833057
3.2375 188.88565646819282
3.2424999999999997 -48.19086939487473
3.2475 143.6332941754365
3.2525 -58.91053768842947
3.2575 186.06630201275996
3.2624999999999997 -460.97474205421213
3.2675 91.01742774401414
3.2725 11.438091426550564
3.2775 175.26904124283
3.2824999999999998 155.04327231344226
3.2874999999999996 -39.340849268051315
3.2925 12.22927183240903
3.2975 -26.38698641146245
3.3024999999999998 77.74426079009694
3.3074999999999997 155.11008999420363
3.3125 -125.58605220288868
3.3175 -119.54028747492978
3.3225 142.75431928485534
3.3274999999999997 -209.4941401901658
3.3325 -64.98386594495177
3.3375 99.63830664739054
3.3425 -11.322168652651712
3.3474999999999997 -62.83471969842319
3.3525 -125.87992509824481
3.3575 90.34312383640712
3.3625 9.191107377841606
3.3674999999999997 65.21178922239889
3.3725 -299.70730803044006
3.3775 -9.995220696464347
3.3825 180.93535184176002
3.3874999999999997 -99.42758225173502
3.3924999999999996 185.4326529742014
3.3975 -164.05863650482124
3.4025 108.88985893776518
3.4074999999999998 -5.302014476319074
3.4124999999999996 -85.43382983696802
3.4175 31.88998592614141
3.4225 110.06957596019544
3.4274999999999998 10.597775136784946
3.4324999999999997 18.290249832269854
3.4375 -153.53285308236096
3.4425 87.15718289880472
3.4475 -95.32001660211483
3.4524999999999997 -54.85245070030178
3.4575 -38.19984650667408
3.4625 148.78352436845432
3.4675 -28.62096096523644
3.4724999999999997 -64.29132390128485
3.4775 -39.19760837065493
3.4825 -18.336526122133165
3.4875 196.7341141763341
3.4924999999999997 -109.67381035514673
3.4975 298.56577103605076
3.5025 -386.9621271439931
3.5075 353.0938453202684
3.5124999999999997 -83.28017366377559
3.5174999999999996 -4.435406948382543
3.5225 159.3083091962524
3.5275 26.638040399317788
3.5324999999999998 3.2600977430552276
3.5374999999999996 -77.34790529179872
3.5425 -18.964603741981485
3.5475 93.83172724984328
3.5524999999999998 -287.3724928083665
3.5574999999999997 38.39144430782211
3.5625 188.01212759630698
3.5675 -133.2360394521923
3.5725 43.83770590809994
3.5774999999999997 160.22954191808722
3.5825 -374.5138250400203
3.5875 153.5026208888425
3.5925 86.33728549478096
3.5974999999999997 -91.42807792291946
3.6025 179.29667260698247
3.6075 106.82554626186146
3.6125 -57.43757227061237
3.6174999999999997 176.50400269574837
3.6225 -164.4413212961437
3.6275 -78.8587370402428
3.6325 2.036612825813117
3.6374999999999997 -206.619382876524
3.6424999999999996 273.66823731529826
3.6475 -49.147041218866995
3.6525 -189.143202834574
3.6574999999999998 -101.1717280308375
3.6624999999999996 17.90869008830036
3.6675 12.197470757067217
3.6725 250.24476313736156
3.6774999999999998 -61.90747935530798
3.6824999999999997 0.4470047353757396
3.6875 89.41215070460076
3.6925 -23.37157028278771
3.6975 -179.63230568106724
3.7024999999999997 -97.81544255505294
3.7075 114.90784854930762
3.7125 57.8222700413975
3.7175 22.82846689737947
3.7224999999999997 118.26839933619705
3.7275 -286.897254253057
3.7325 -127.72548961972228
3.7375 19.71803926969331
3.7424999999999997 268.52735284458697
3.7474999999999996 190.44483452783746
3.7525 132.42301812705477
3.7575 -223.5787867595935
3.7624999999999997 158.04899481043012
3.7674999999999996 81.61805370554144
3.7725 -106.60288846919522
3.7775 133.03676823596683
3.7824999999999998 -165.2115883875552
3.7874999999999996 118.66389927216909
3.7925 68.6062723585455
3.7975 -81.27972380742169
3.8024999999999998 -17.363557012199756
3.8074999999999997 -438.39019621288554
3.8125 13.021957564784222
3.8175 39.29168719883151
3.8225 102.74294389978223
3.8274999999999997 11.857758300755908
3.8325 -75.2326783676632
3.8375 50.61468233363807
3.8425 -66.73033247962907
3.8474999999999997 210.52477041125215
3.8525 -143.15908605823478
3.8575 277.0327531374961
3.8625 -88.89056164577802
3.8674999999999997 106.65317348041623
3.8724999999999996 -332.07526249521635
3.8775 245.14825836352864
3.8825 10.83958399867302
3.8874999999999997 -467.9947114704254
3.8924999999999996 90.56761460095953
3.8975 61.91432872254359
3.9025 241.65416537693235
3.9074999999999998 -188.131907506236
3.9124999999999996 55.34150957414727
3.9175 -101.74369394685229
3.9225 -101.56450666806016
3.9274999999999998 100.20656214407676
3.9324999999999997 19.918597842734947
3.9375 8.19246192403909
3.9425 92.2523320892657
3.9475 47.4737352635011
3.9524999999999997 45.46019630359836
3.9575 44.4612203095677
3.9625 -149.7652551629544
3.9675 48.68823309195247
3.9724999999999997 147.79466551077783
3.9775 -118.4737273205084
3.9825 34.58682858034482
3.9875 -338.62785691077954
3.9924999999999997 316.07345687775666
3.9974999999999996 -145.06670003346431
4.0024999999999995 -40.55121402780596
4.007499999999999 244.99094647915092
4.0125 132.26150159202007
4.0175 -206.58279028371888
4.0225 -79.11157886650572
4.0275 17.864129923299917
4.0325 -199.38747506618986
4.0375 85.3772050852246
4.0424999999999995 -0.4168075433304694
4.047499999999999 77.51918407982959
4.0525 -13.018203459406397
4.0575 74.16490447794547
4.0625 -138.4002428649186
4.0675 121.88476023217848
4.0725 -85.78470519733384
4.0775 297.3251540161436
4.0825 -353.8737005126092
4.0874999999999995 5.947646650823905
4.0925 -197.29114420054287
4.0975 121.47062609084456
4.1025 204.48036195748384
4.1075 134.2143054627026
4.1125 -2.8220306207036012
4.1175 -406.7866189205629
4.1225 329.861483001974
4.1274999999999995 -116.60200136895517
4.132499999999999 -75.85512936910955
4.1375 -144.94391134558074
4.1425 38.09115657009837
4.1475 164.987208746101
4.1525 -2.622214447330444
4.1575 -68.17195394660777
4.1625 -49.06519014219567
4.1674999999999995 130.61577785021456
4.172499999999999 51.26851130051237
4.1775 89.8169974813475
4.1825 58.929050572895534
4.1875 -157.8307443743211
4.1925 -253.81516749378
4.1975 291.75933258098917
4.2025 123.59009779890519
4.2075 20.097162595325063
4.2124999999999995 -12.31189465208914
4.2175 29.482625127213133
4.2225 -121.90306810801579
4.2275 -312.1915316463407
4.2325 251.87310141057472
4.2375 160.17657126751246
4.2425 -124.36601624660197
4.2475 -17.183985243540363
4.2524999999999995 13.897769032743982
4.257499999999999 19.83278054649481
4.2625 -6.89723832943836
4.2675 251.68821244443154
4.2725 -139.6307459722915
4.2775 -296.28359313762
4.2825 216.6236534275788
4.2875 88.28014674303348
4.2924999999999995 -167.4427078869501
4.297499999999999 -72.81347154382277
4.3025 66.62311941442505
4.3075 124.09918896327345
4.3125 156.55220858736942
4.3175 -148.94004543007281
4.3225 219.93965089186102
4.3275 -79.32188403398973
4.3325 -55.87007432131189
4.3374999999999995 132.47101527882242
4.342499999999999 4.632175098728293
4.3475 -164.58737718044327
4.3525 -19.889820578875167
4.3575 184.36541963355103
4.3625 -175.06465842987964
4.3675 -98.10428129115408
4.3725 -231.371072563999
4.3774999999999995 99.76173263183459
4.382499999999999 221.88264767213388
4.3875 -25.588825448636108
4.3925 325.8329480471581
4.3975 -405.4525513226062
4.4025 15.439990655011961
4.4075 147.22168665739193
4.4125 -528.4191805114447
4.4174999999999995 342.8738745062303
4.422499999999999 112.40020879281974
4.4275 -64.88923643570241
4.4325 -75.5211294558694
4.4375 247.94584058678393
4.4425 -112.41853522206952
4.4475 304.75590723530746
4.4525 -329.98365051239654
4.4575 248.85985405739373
4.4624999999999995 -357.32133220155526
4.467499999999999 305.8832840284341
4.4725 55.3465128110481
4.4775 -90.34423954126157
4.4825 -99.75697019454262
4.4875 -68.83873122163118
4.4925 172.39782638092075
4.4975 -53.16505119121525
4.5024999999999995 -233.8070343035762
4.507499999999999 234.39057162768145
4.5125 -138.45036431662385
4.5175 151.8780043512237
4.5225 -50.38800700345361
4.5275 52.962235483697675
4.5325 -173.16913088441774
4.5375 341.4930469138408
4.5424999999999995 -21.50295610694523
4.547499999999999 -89.45535423355334
4.5525 -307.7275824439899
4.5575 319.2832100018188
4.5625 -187.20065396789056
4.5675 79.50971233437511
4.5725 160.68970168083914
4.5775 -13.21700880076019
4.5825 -410.6830008130878
4.5874999999999995 -6.260900098744996
4.592499999999999 84.06572356948973
4.5975 251.64008647145235
4.6025 167.5473855822831
4.6075 -205.28794170490247
4.6125 -1.9030195713258284
4.6175 -362.2622651642498
4.6225 193.73334419042783
4.6274999999999995 191.8553067232244
4.632499999999999 -357.6734170207216
4.6375 475.72389652683006
4.6425 -225.7831531592726
4.6475 240.57533523238578
4.6525 -209.55594437043644
4.6575 120.03874240214766
4.6625 124.50882159935063
4.6674999999999995 -238.38498461999632
4.672499999999999 75.99387277457599
4.6775 105.42934275914564
4.6825 -322.07901688719267
4.6875 252.05323451865027
4.6925 -139.83695623057963
4.6975 0.8610994013639514
4.7025 -98.64945555319872
4.7075 139.4659811426421
4.7124999999999995 209.37938272847256
4.717499999999999 251.19435744766574
4.7225 -258.82491651082063
4.7275 -453.2941511483867
4.7325 177.36167747928673
4.7375 -116.12239137965308
4.7425 87.24038811141865
4.7475 86.32850144085167
4.7524999999999995 40.046739241950505
4.757499999999999 -76.41050452103353
4.7625 306.138315288955
4.7675 -35.40560600301833
4.7725 -333.9346668097338
4.7775 -163.73873356649835
4.7825 -42.556536194497404
4.7875 388.2116568416643
4.7924999999999995 -205.0379160498031
4.797499999999999 81.07333985761238
4.8025 21.522891814455473
4.8075 3.1564928560343586
4.8125 307.3877507721345
4.8175 -242.92663209264884
4.8225 -111.91612328619684
4.8275 -39.94988648123029
4.8325 -26.3482966251238
4.8374999999999995 -165.7665901027087
4.842499999999999 471.6576981446641
4.8475 -315.028690140615
4.8525 368.77384081386907
4.8575 -283.3216041495305
4.8625 -19.987360210610884
4.8675 88.55182923071644
4.8725 161.8041437190187
4.8774999999999995 164.3467096823844
4.882499999999999 -307.3645850602531
4.8875 97.3672439536382
4.8925 -43.36712004862135
4.8975 141.22719737707814
4.9025 -162.56223667960282
4.9075 111.07904594854742
4.9125 110.94022773730083
4.9174999999999995 -329.1742834200121
4.922499999999999 221.02301280609606
4.9275 -135.27401141415854
4.9325 -163.54687878084968
4.9375 -37.9870720247309
4.9425 -35.1547851828717
4.9475 -111.85085198631174
4.9525 204.19382012726945
4.9575 -58.55455796848553
4.9624999999999995 4.86467488458904
4.967499999999999 -326.3093991535035
4.9725 180.7202027861874
4.9775 129.61516652419527
4.9825 191.66184094871696
4.9875 -77.20584036495129
4.9925 -76.25955961516674
4.9975 -22.734150559206153
5.0024999999999995 -19.902826784197995
5.007499999999999 -71.0716849429649
5.0125 -78.29577505583293
5.0175 218.7195832237133
5.0225 -143.69815716866236
5.0275 175.43077278691436
5.0325 -20.525202848279715
5.0375 69.04855281613014
5.0424999999999995 101.15759283062714
5.047499999999999 -147.39443471779043
5.0525 444.9646712204503
5.0575 -235.57270204116438
5.0625 -89.51108921100423
5.0675 2.0530435173770214
5.0725 -148.6880583766292
5.0775 108.97696036700155
5.0825 -40.27623521717104
5.0874999999999995 99.61773867642637
5.092499999999999 -28.408583868440157
5.0975 10.143875900694994
5.1025 63.898722245195486
5.1075 54.08269448565612
5.1125 -14.195244974488324
5.1175 -50.24583496683478
5.1225 309.0514419807127
5.1274999999999995 -71.31672854626561
5.132499999999999 -244.88073749837585
5.1375 89.13230603126812
5.1425 73.33956210790225
5.1475 80.165098603638
5.1525 -133.53850349862165
5.1575 -194.68637982978726
5.1625 -120.99947968145675
5.1674999999999995 210.22751105757135
5.172499999999999 -130.77254786968007
5.177499999999999 209.38483164202657
5.1825 -171.68468222011563
5.1875 -76.14541099488895
5.1925 -120.00605786856867
5.1975 8.215727640129659
5.2025 -49.940845945708816
5.2075 134.11963506357432
5.2124999999999995 -150.92725775557798
5.217499999999999 142.25378005938353
5.2225 -33.636853398746716
5.2275 -41.94002445619114
5.2325 149.32433686796603
5.2375 -88.86277573943373
5.2425 -235.44829575230168
5.2475 -10.693866549670737
5.2524999999999995 287.51264831274153
5.257499999999999 -119.52374388387713
5.2625 -43.85467846457608
5.2675 71.22273906395485
5.2725 -128.71115005330415
5.2775 49.868257364156875
5.2825 -55.48682121659556
5.2875 -58.64494098321146
5.2924999999999995 92.82269793793402
5.297499999999999 127.40476480470157
5.302499999999999 -14.882352973648127
5.3075 15.99703804837282
5.3125 57.52563939838948
5.3175 76.72206855574235
5.3225 -168.0163374256179
5.3275 171.52288883132294
5.3325 -72.21010035859926
5.3374999999999995 104.25413540021027
5.342499999999999 18.100361445175917
5.3475 -41.119367414931254
5.3525 53.67903223244989
5.3575 130.12192337978672
5.3625 -62.29187842931051
5.3675 -119.0500336823694
5.3725 -170.39964958076555
5.3774999999999995 237.6634735938739
5.382499999999999 -119.4357091258835
5.3875 13.419321263412098
5.3925 96.17966988998064
5.3975 -29.395814894443696
5.4025 -88.8479780113377
5.4075 61.77048766830779
5.4125 -48.16603256002457
5.4174999999999995 1.7007161880034374
5.422499999999999 -157.0623533487149
5.427499999999999 92.15868709513857
5.4325 43.50481716004952
5.4375 -305.6956124451712
5.4425 350.84829106858143
5.4475 -144.46406466868495
5.4525 26.13704589152535
5.4575 -40.60018648378184
5.4624999999999995 301.8307876703515
5.467499999999999 -306.6335202109599
5.4725 5.284055299368953
5.4775 -71.45919520054798
5.4825 180.282087503914
5.4875 -107.10791025175787
5.4925 138.47233774148006
5.4975 173.51292574939876
5.5024999999999995 -472.2684805628773
5.507499999999999 149.94566828281555
5.5125 82.19306198645073
5.5175 -94.06698912564396
5.5225 321.6678615554467
5.5275 -265.9885739485128
5.5325 3.973398028852678
5.5375 -12.124165171652544
5.5424999999999995 -141.4159634800933
5.547499999999999 279.37518646680047
5.552499999999999 10.617432937861334
5.5575 -75.3508439991213
5.5625 78.36313407516859
5.5675 -78.28339927178124
5.5725 47.428231769322466
5.5775 -6.052348952455745
5.5825 189.49521725604052
5.5874999999999995 -206.02873972702048
5.592499999999999 146.8066535308515
5.5975 60.2588529913318
5.6025 -85.14589074399579
5.6075 -137.21454874880862
5.6125 137.34130171538982
5.6175 -218.00804945963677
5.6225 303.0050618321141
5.6274999999999995 69.54136053197401
5.632499999999999 -220.1448415019693
5.6375 -81.6320111351116
5.6425 48.46249780133403
5.6475 42.89869493798289
5.6525 -50.79445897934174
5.6575 93.22317295172695
5.6625 1.0537760637104703
5.6674999999999995 -135.7801706130158
5.672499999999999 -171.65802438756745
5.677499999999999 -170.40893233989573
5.6825 163.35730659127495
5.6875 68.58067588645922
5.6925 -55.10744551192018
5.6975 0.9676848085710487
5.7025 -294.7434700247304
5.7075 132.15566661113508
5.7124999999999995 -81.4179009390538
5.717499999999999 -70.99322493007527
5.7225 5.9618217211334565
5.7275 22.047176513052822
5.7325 46.35477119288502
5.7375 140.4291081277965
5.7425 136.40694949398997
5.7475 -17.198424798666228
5.7524999999999995 -226.72271257352617
5.757499999999999 313.88309231741164
5.7625 -189.2187421982184
5.7675 177.90765256451152
5.7725 -302.7492694869277
5.7775 207.15979878039573
5.7825 -66.6661517519617
5.7875 69.25429068611452
5.7924999999999995 -79.4201856714823
5.797499999999999 -14.327242306540457
5.802499999999999 -3.7210311567909926
5.8075 181.2019622738561
5.8125 -133.05423561590152
5.8175 17.484833564069433
5.8225 221.3883039705881
5.8275 -203.9740573248737
5.8325 -18.56718214617989
5.8374999999999995 188.5577695096139
5.842499999999999 -145.48218081042518
5.8475 -99.99961185464088
5.8525 12.28132441802683
5.8575 208.02834441622255
5.8625 49.93689827955249
5.8675 241.5355976232859
5.8725 -380.2057254002279
5.8774999999999995 -120.32988991963539
5.882499999999999 151.31133918463198
5.8875 -68.69808819673652
5.8925 161.24363841695737
5.8975 192.15825171094906
5.9025 -115.17416028462107
5.9075 -8.894993203940063
5.9125 -145.37779286412973
5.9174999999999995 -252.52673379022735
5.922499999999999 39.07000944741499
5.927499999999999 25.567884961992846
5.9325 171.3432733766143
5.9375 69.11570366880936
5.9425 140.07522125909807
5.9475 -254.67553607491024
5.9525 367.298635564936
5.9575 -225.29274962356746
5.9624999999999995 -75.20551380326052
5.967499999999999 87.53078362357046
5.9725 -164.83701295071145
5.9775 56.62741369754631
5.9825 9.367709942580543
5.9875 184.8675644529177
5.9925 -113.1765787726793
5.9975 65.19024298657557
6.0024999999999995 -77.26919816324491
6.007499999999999 -51.54201412797087
6.012499999999999 -30.791467452917757
6.0175 -145.06059030262296
6.0225 143.5838563051346
6.0275 -45.40822701096003
6.0325 70.2844269390415
6.0375 -134.0281730560654
6.0424999999999995 48.236130905184105
6.047499999999999 16.069997171836572
6.052499999999999 150.90639266684502
6.0575 -175.23042830183104
6.0625 -93.59846887942231
6.0675 105.98438993673896
6.0725 6.455446181880255
6.0775 171.98794222109913
6.0825 -42.179210049771726
6.0874999999999995 178.74489951456306
6.092499999999999 -215.31313050482242
6.0975 41.219372939929514
6.1025 95.0880292062415
6.1075 -237.75180152210172
6.1125 -47.457182461534444
6.1175 16.943288796894638
6.1225 45.328709321974124
6.1274999999999995 336.2210250156917
6.132499999999999 -263.71801706552355
6.137499999999999 72.66371616170694
6.1425 151.6501571296093
6.1475 -185.26139839771594
6.1525 -12.965152410710889
6.1575 117.3010815167567
6.1625 94.15541218945496
6.1674999999999995 -136.19275613653718
6.172499999999999 -228.27370680187315
6.177499999999999 200.8552675031195
6.1825 42.176050574684915
6.1875 -81.42724804299749
6.1925 -105.28211998362663
6.1975 40.53498018663271
6.2025 -72.42459761042183
6.2075 -147.13741725524963
6.2124999999999995 52.407935837567784
6.217499999999999 142.20426258046777
6.2225 -12.8839787309721
6.2275 109.31818222894866
6.2325 88.30097531707165
6.2375 -67.58588645021872
6.2425 -116.34375852589105
6.2475 241.80782454177856
6.2524999999999995 -42.645017681820086
6.257499999999999 -104.64905531176922
6.262499999999999 232.6134743300784
6.2675 -21.80505790128534
6.2725 4.000556540369028
6.2775 3.934392571332764
6.2825 -47.41399077518558
6.2875 16.839182046645202
6.2924999999999995 -73.03353396409248
6.297499999999999 79.1953974601999
6.302499999999999 -19.98381446926621
6.3075 186.5364615385048
6.3125 -70.99080351236891
6.3175 93.41864710024004
6.3225 -152.7275191860486
6.3275 -67.92600043658824
6.3325 -80.8842994667367
6.3374999999999995 -6.22468377177682
6.342499999999999 -80.77496558858397
6.3475 345.6864084114299
6.3525 -366.5163404014762
6.3575 131.08161653620155
6.3625 82.16173415471187
6.3675 -85.80977093984497
6.3725 204.00789106800684
6.3774999999999995 -371.97276242940404
6.382499999999999 -71.64761102566214
6.387499999999999 5.795146416335793
6.3925 146.650397414595
6.3975 159.95146449019012
6.4025 -81.379101937592
6.4075 -76.0233679633899
6.4125 154.9151923173225
6.4174999999999995 -216.09715087247446
6.422499999999999 189.03952222068162
6.427499999999999 240.59921656649283
6.4325 17.475761866454363
6.4375 -226.69996911625947
6.4425 -86.30975749402867
6.4475 -148.12717897987494
6.4525 293.38128097999083
6.4575 -27.346856943764045
6.4624999999999995 -163.2794537092025
6.467499999999999 15.35305515381211
6.4725 131.68463152222222
6.4775 11.436435172628704
6.4825 -199.62045105630443
6.4875 68.28321389267037
6.4925 -135.37924781721796
6.4975 145.20710423251737
6.5024999999999995 -148.2756019374883
6.507499999999999 174.47295760427986
6.512499999999999 -151.50598507459966
6.5175 198.868381507139
6.5225 -4.076777972195194
6.5275 21.47239824182458
6.5325 -4.274943089233678
6.5375 109.29816941292978
6.5424999999999995 8.640290773048948
6.547499999999999 -220.07653375849156
6.552499999999999 161.57128615494122
6.5575 -135.52075614169075
6.5625 77.42472049861674
6.5675 100.55035924599403
6.5725 -292.1240252992401
6.5775 27.71338447608396
6.5825 -66.80778442377353
6.5874999999999995 309.76311588226656
6.592499999999999 -345.29016160191685
6.5975 377.7592699294984
6.6025 -76.6144658688761
6.6075 159.22608310379675
6.6125 -149.08404070132588
6.6175 242.31971181067624
6.6225 -85.67600516164885
6.6274999999999995 -137.0743812702454
6.632499999999999 282.02242578321125
6.637499999999999 -296.6753656798648
6.6425 134.12847938319803
6.6475 -17.74121132863284
6.6525 -53.38217973799893
6.6575 -203.91456942630538
6.6625 102.22955900206016
6.6674999999999995 95.83149918292673
6.672499999999999 55.781002677570726
6.677499999999999 -187.94358313233946
6.6825 120.08664718160635
6.6875 -156.24523843022632
6.6925 -99.2952512872193
6.6975 -5.0972537527257105
6.7025 171.87850208847414
6.7075 -119.82576988555347
6.7124999999999995 85.86438572212082
6.717499999999999 140.1315950792272
6.722499999999999 -29.161926629089542
6.7275 -59.65125333865941
6.7325 145.33899820495594
6.7375 139.7907771816513
6.7425 -151.0526534281889
6.7475 -239.84888939329514
6.7524999999999995 61.00931878878523
6.757499999999999 88.97962815772428
6.762499999999999 -49.052257624184854
6.7675 5.534693611833869
6.7725 -39.22575179204696
6.7775 -73.37453858005365
6.7825 215.40119776418405
6.7875 -35.27357465637663
6.7924999999999995 -19.900548135658646
6.797499999999999 87.39370088010617
6.802499999999999 -88.97178203800925
6.8075 -134.36221145776761
6.8125 -24.939407456892393
6.8175 65.63378790527582
6.8225 -85.6909149997267
6.8275 130.27491955620152
6.8325 -70.70964707329803
6.8374999999999995 -7.327436699543441
6.842499999999999 -89.690212737113
6.847499999999999 129.29144375404394
6.8525 149.67128673416136
6.8575 -82.43460202123447
6.8625 67.11162563343046
6.8675 14.071752671463472
6.8725 -66.47208595219935
6.8774999999999995 176.07702814554364
6.882499999999999 -37.8597161380361
6.887499999999999 -25.51168351754003
6.8925 144.33895242905632
6.8975 -533.9398630072383
6.9025 113.82138321497666
6.9075 197.28926741102288
6.9125 -301.9454557861789
6.9174999999999995 381.7155678965082
6.922499999999999 125.24594973016166
6.927499999999999 -152.3048342900786
6.9325 -308.347995662298
6.9375 -30.36504042575813
6.9425 205.08449485239913
6.9475 -75.83418894825853
6.9525 52.64893821814284
6.9575 -157.39207498977834
6.9624999999999995 -78.50128646891739
6.967499999999999 216.4310475576856
6.972499999999999 0.2832049463446944
6.9775 -11.808795318862998
6.9825 -5.3631520495850085
6.9875 -73.91507409422292
6.9925 31.973811954359018
6.9975 4.305125214855332
7.0024999999999995 212.0666424135416
7.007499999999999 47.76419992330015
7.012499999999999 -9.634007335185055
7.0175 -24.191823096507445
7.0225 -80.65695062136203
7.0275 -82.85210926506778
7.0325 67.20448079168203
7.0375 -165.7427821927447
7.0424999999999995 89.06776410418739
7.047499999999999 301.9135908265693
7.052499999999999 -447.2463533085389
7.0575 90.3183518727084
7.0625 108.92110933203425
7.0675 66.33424883487835
7.0725 -177.06914385082635
7.0775 167.83459898681656
7.0825 80.44283279340405
7.0874999999999995 -179.8901349540927
7.092499999999999 -20.077631773277407
7.097499999999999 -146.9755034008603
7.1025 -135.76057505140116
7.1075 147.70346969868356
7.1125 133.31428485078573
7.1175 -166.9043108838429
7.1225 106.2259528672232
7.1274999999999995 -67.64588851516507
7.132499999999999 279.6101860947211
7.137499999999999 146.50584100130254
7.1425 -166.71796580378063
7.1475 235.44423268655137
7.1525 -215.7540866961427
7.1575 122.24933465597672
7.1625 -259.3331973779258
7.1674999999999995 -57.941935604408414
7.172499999999999 32.09104228329255
7.177499999999999 92.12947165494133
7.1825 190.80359350949666
7.1875 -222.5993202051316
7.1925 69.95164898512806
7.1975 -215.27808863518163
7.2025 -60.801468856220424
7.2075 -79.80329719129197
7.2124999999999995 -42.03250440128163
7.217499999999999 56.87722605419431
7.222499999999999 92.87774143891242
7.2275 -23.7333839324909
7.2325 82.30344202705726
7.2375 -309.3301666069028
7.2425 149.36923652093964
7.2475 -17.59948220539298
7.2524999999999995 -96.9179143835686
7.257499999999999 277.8570904652373
7.262499999999999 -175.86596294607006
7.2675 101.45377319152499
7.2725 -39.997069914538216
7.2775 14.611580261099514
7.2825 259.9879795428147
7.2875 -73.45819236417945
7.2924999999999995 6.364483800663662
7.297499999999999 213.22594265558175
7.302499999999999 -106.98095030278061
7.3075 -56.03762637353797
7.3125 -122.86317865041937
7.3175 149.98990580265698
7.3225 -204.8424486120988
7.3275 -96.22236181845271
7.3325 -19.558452684310794
7.3374999999999995 104.63430219081384
7.342499999999999 -66.99509007058158
7.347499999999999 193.8596833238014
7.3525 134.57128552080317
7.3575 64.26516845830321
7.3625 -102.81020975730199
7.3675 -113.24736287038621
7.3725 -181.6927370093955
7.3774999999999995 11.146420071225148
7.382499999999999 13.68649685087436
7.387499999999999 176.31640953683893
7.3925 72.24877698648935
7.3975 91.77911401373458
7.4025 -255.02928175345548
7.4075 0.7374391965353106
7.4125 -11.566511831734907
7.4174999999999995 -4.485037984709491
7.422499999999999 115.55924386111836
7.427499999999999 53.14022165930404
7.4325 -70.60672576768052
7.4375 -81.08460598969593
7.4425 99.69844681025465
7.4475 -1.5658298527748986
7.4525 -299.54157000193425
7.4575 401.08960018702953
7.4624999999999995 -142.81258963217726
7.467499999999999 244.97489883002496
7.472499999999999 -46.92567851171211
7.4775 3.069685518123604
7.4825 -127.43403077334132
7.4875 439.9058879027255
7.4925 -105.92538626907806
7.4975 -125.24823114197521
7.5024999999999995 -85.20776453245936
7.507499999999999 4.329977774051539
7.512499999999999 118.20469757605775
7.5175 12.054154461760504
7.5225 -1.2372918141605949
7.5275 -135.83875084180158
7.5325 -76.62182709976119
7.5375 -92.83988734564262
7.5424999999999995 121.99248042399051
7.547499999999999 -155.20785713551516
7.552499999999999 201.97632560924148
7.557499999999999 19.38281897614027
7.5625 9.110697677626955
7.5675 -61.83166511167289
7.5725 -138.75623995401463
7.5775 12.476495395884813
7.5825 67.15088373316298
7.5874999999999995 12.087102032726463
7.592499999999999 -9.413013954678807
7.597499999999999 118.77138274349127
7.6025 -79.94719495844113
7.6075 -27.66009683848311
7.6125 100.18539546370252
7.6175 -164.743020310373
7.6225 -69.40564310913362
7.6274999999999995 81.09992768721412
7.632499999999999 137.1887813484754
7.637499999999999 -45.583519915312515
7.6425 -175.1375851835599
7.6475 210.1808183028107
7.6525 54.549107011585356
7.6575 84.98388958330017
7.6625 -231.5438464149567
7.6674999999999995 11.76620681579671
7.672499999999999 -179.29290929069066
7.677499999999999 18.959403523105507
7.682499999999999 -46.741377596635644
7.6875 -30.986824754407532
7.6925 44.11988883774399
7.6975 67.41195840594446
7.7025 0.704809796855841
7.7075 -157.5921288047327
7.7124999999999995 171.8005439388131
7.717499999999999 148.91903112453306
7.722499999999999 1.5226827735666912
7.7275 -31.741524151104784
7.7325 19.71889608207213
7.7375 -76.70501961447226
7.7425 230.38125787661818
7.7475 -227.7729594097449
7.7524999999999995 -32.69408345462586
7.757499999999999 30.120441183265715
7.762499999999999 -61.30429752015942
7.7675 151.1945180176568
7.7725 -66.30760876623577
7.7775 -349.99891275266043
7.7825 395.30375034619493
7.7875 76.12323664052302
7.7924999999999995 -155.58353689515542
7.797499999999999 -80.32654158294515
7.802499999999999 185.81151250994745
7.807499999999999 -113.59291982022377
7.8125 -70.12713992413157
7.8175 112.80427060231689
7.8225 -153.1672478257015
7.8275 -12.07742938876507
7.8325 33.5742989895307
7.8374999999999995 7.9195793858463155
7.842499999999999 64.95475261431545
7.847499999999999 57.29252353396656
7.8525 6.86401469422134
7.8575 -73.6710610606144
7.8625 125.83347209041716
7.8675 67.59049572316931
7.8725 -6.861381228116221
7.8774999999999995 156.73691280889463
7.882499999999999 116.66267490953219
7.887499999999999 -199.53860458509013
7.8925 88.6153912481319
7.8975 -111.98270700974257
7.9025 157.17126622230555
7.9075 -204.37886541578166
7.9125 -154.41884774208674
7.9174999999999995 -22.874758089185786
7.922499999999999 152.0976594681659
7.927499999999999 -96.44010553915523
7.932499999999999 200.62327862692075
7.9375 21.79143647269949
7.9425 -14.23544567968435
7.9475 -3.3569020806846925
7.9525 103.85679940011664
7.9575 -227.64505494732913
7.9624999999999995 50.48968667786377
7.967499999999999 -208.4759318077011
7.972499999999999 78.34978864504157
7.9775 -385.754566087772
7.9825 28.137194386510817
7.9875 -87.390378503426
7.9925 126.21868343545012
7.9975 404.8656024733317
8.0025 -64.57497241893094
8.0075 32.51847369483174
8.0125 -9.871421275249807
8.0175 119.45450886452845
8.022499999999999 -160.24738108998633
8.0275 103.01484560721839
8.032499999999999 -201.4984710227713
8.0375 83.65491733138435
8.0425 142.67396932399723
8.0475 -206.82539338956278
8.0525 29.06933088965161
8.0575 -100.90960147167712
8.0625 -62.43085559461586
8.067499999999999 161.9750430173927
8.0725 -83.5100091269693
8.077499999999999 -109.83689327189954
8.0825 78.83133272890711
8.0875 166.90109666961
8.0925 -123.9025155537574
8.0975 123.14048005881186
8.1025 -50.839310867147056
8.1075 35.753685127270174
8.112499999999999 168.51187078249922
8.1175 -55.298262753898875
8.1225 20.618764417842897
8.1275 -174.37103620916938
8.1325 50.27048850449633
8.1375 -7.4481802026614305
8.1425 64.8393395987143
8.147499999999999 -79.619549588978
8.1525 86.6558378499423
8.157499999999999 -148.6811000574394
8.1625 -64.39122968524293
8.1675 72.87371750061341
8.1725 -185.15243328508447
8.1775 238.68095839325156
8.1825 52.74786698729438
8.1875 -90.9605703509
8.192499999999999 10.719600132791136
8.1975 -136.78128380226363
8.202499999999999 133.73454365780012
8.2075 -95.00933115701721
8.2125 -127.65718730410458
8.2175 216.002062692604
8.2225 -82.71245085398371
8.2275 93.8105304037257
8.2325 85.75715120864562
8.237499999999999 55.11975010876511
8.2425 -95.21138821418232
8.2475 129.12594277498917
8.2525 265.6856510669817
8.2575 -222.73343663953415
8.2625 -164.24911820636135
8.2675 107.0091992549302
8.272499999999999 47.69530827366699
8.2775 -5.985335079226164
8.282499999999999 74.8640633790617
8.2875 125.14086925471784
8.2925 -264.1643941429024
8.2975 156.41635615884667
8.3025 -56.89841720928288
8.3075 -13.85217856122029
8.3125 -24.896214191529698
8.317499999999999 -286.7286062336493
8.3225 129.13251568322028
8.327499999999999 15.248771027675911
8.3325 13.2431018726956
8.3375 -49.07799383899496
8.3425 -104.67205167441749
8.3475 -124.43516455177458
8.3525 85.93274899425154
8.3575 -81.44230657154422
8.362499999999999 77.1615369212825
8.3675 73.53155466250746
8.3725 -77.05929288101304
8.3775 149.06028628045533
8.3825 313.9424698165965
8.3875 -385.0285115480457
8.3925 276.606169393214
8.397499999999999 -129.3574719936832
8.4025 -48.398672351778124
8.407499999999999 38.13008620205838
8.4125 229.71422203808032
8.4175 -39.72050998472278
8.4225 -95.10926286311896
8.4275 -241.93518983676407
8.4325 68.95500598402936
8.4375 17.89867203506393
8.442499999999999 167.12875625174775
8.4475 -243.18844495439524
8.452499999999999 175.44209563191131
8.4575 -55.34163852694328
8.4625 58.89496308552972
8.4675 -341.7743999401333
8.4725 107.98168729198377
8.4775 155.69750169190664
8.4825 75.07470198163254
8.487499999999999 21.736867004830923
8.4925 -9.439105184431414
8.4975 -66.99335157635615
8.5025 -153.37653295025217
8.5075 274.6176351699652
8.5125 -361.132911051056
8.5175 137.54005087016822
8.522499999999999 -130.520505155999
8.5275 65.97997826581954
8.532499999999999 -122.53514976974854
8.5375 102.68210639671197
8.5425 220.2767766603519
8.5475 -64.81364246449644
8.5525 -6.625049636238826
8.5575 -46.803722720727094
8.5625 182.76349444574262
8.567499999999999 76.79565941632208
8.5725 -193.59834403461915
8.577499999999999 1.923159892711381
8.5825 -75.31676282781078
8.5875 44.4517754383511
8.5925 13.805766870921163
8.5975 -53.14863503973701
8.6025 55.589750548866704
8.6075 79.11673803102215
8.612499999999999 169.0576438855384
8.6175 -247.8851843495668
8.6225 105.22350396386071
8.6275 24.22703628914867
8.6325 -155.9725382681308
8.6375 11.53324641844367
8.6425 75.84500499560866
8.647499999999999 -14.70282752272771
8.6525 -183.61505844576376
8.657499999999999 160.82139906605602
8.6625 -20.194116544514802
8.6675 54.52320118437314
8.6725 -65.71439353478972
8.6775 5.782293112185381
8.6825 14.153547561559384
8.6875 -122.20290691237034
8.692499999999999 15.879314277617805
8.6975 -53.63457944038981
8.702499999999999 245.67810684893604
8.7075 -175.67677248308843
8.7125 120.26840325272882
8.7175 57.82800186159583
8.7225 -205.5631342087422
8.7275 -41.43997630402006
8.7325 -67.92217172280701
8.737499999999999 -18.75215743174571
8.7425 92.37431932894278
8.747499999999999 -178.7558882665507
8.7525 212.04005655770715
8.7575 -63.5204925098063
8.7625 59.74280271826684
8.7675 -96.7395735877732
8.772499999999999 -123.94921146654572
8.7775 120.12485786883246
8.782499999999999 49.31289241003054
8.7875 -62.99207921638475
8.7925 -42.279740333699074
8.7975 178.45096595875899
8.8025 175.95074704092826
8.8075 72.95228580753478
8.8125 -310.48247629155424
8.817499999999999 201.65708348820596
8.8225 86.14083775265794
8.827499999999999 93.47195368600683
8.8325 -64.94396216014779
8.8375 -335.3402746556446
8.8425 407.46636779418935
8.8475 -72.66740197473668
8.8525 -384.3959901885298
8.8575 306.18558780495977
8.862499999999999 -81.1688519040075
8.8675 -160.00302738414427
8.872499999999999 60.30196546382026
8.8775 -78.11731741301422
8.8825 447.0551077590591
8.8875 38.33314369606848
8.8925 -161.84101869213018
8.897499999999999 -54.64457787203646
8.9025 107.6943628301444
8.907499999999999 -86.80094422059287
8.9125 71.71238809421882
8.9175 -145.49238005549844
8.9225 -96.6903080931476
8.9275 -4.425287838261076
8.9325 162.74279559507417
8.9375 -162.92087835369307
8.942499999999999 -24.560120045406936
8.9475 163.93768641406064
8.952499999999999 -1.971076646358263
8.9575 70.00629628521993
8.9625 224.4972129817245
8.9675 -83.49282208778145
8.9725 90.88438240732545
8.9775 -177.97959611891443
8.9825 -118.30295408007171
8.987499999999999 -54.83585250168753
8.9925 -150.17471976564332
8.997499999999999 -51.335183580417
9.0025 172.68835867514548
9.0075 -13.301304585591854
9.0125 -131.51912929311482
9.0175 156.9278826888768
9.022499999999999 129.8257648619135
9.0275 -156.0521655669933
9.032499999999999 112.61073528540874
9.0375 48.80596186291793
9.0425 -134.28355709459257
9.0475 -78.1325846345553
9.0525 161.9180715405294
9.0575 96.2774301888989
9.0625 -373.85555680735104
9.067499999999999 157.64127982085571
9.0725 -95.78894666821728
9.077499999999999 -42.2265218766416
9.0825 211.0243560768521
9.0875 -133.86630505886933
9.0925 184.82714485692972
9.0975 -139.0005044455754
9.1025 33.06148523426895
9.1075 -28.86933510345543
9.112499999999999 -260.8845476738911
9.1175 68.22436707371648
9.122499999999999 147.02174995262985
9.1275 159.42432460562918
9.1325 12.54051414305025
9.1375 -149.74105072314265
9.1425 101.26961478244657
9.147499999999999 -74.44864299937979
9.1525 -60.48889754227335
9.157499999999999 -112.30045643637203
9.1625 137.22571658728134
9.1675 -153.067530470727
9.1725 29.844305876585732
9.1775 -70.65280849676532
9.1825 58.486638530825175
9.1875 10.177737589083309
9.192499999999999 130.96582863640057
9.1975 272.8958503320294
9.202499999999999 64.01731684207705
9.2075 -85.24467819140968
9.2125 -28.28918700094911
9.2175 -8.649898019520931
9.2225 -83.10563605437119
9.2275 75.06539001074653
9.2325 -210.58803175811778
9.237499999999999 74.93870546809792
9.2425 215.04995298037454
9.247499999999999 -104.48385664807039
9.2525 -239.653106415994
9.2575 299.7011346127077
9.2625 50.934481188632745
9.2675 -79.02109097894467
9.272499999999999 137.55308220812782
9.2775 -9.546881299649868
9.282499999999999 -103.08789736616009
9.2875 174.17544152926737
9.2925 -212.8922188723849
9.2975 68.84123737974636
9.3025 78.18726009372712
9.3075 -231.69328770490512
9.3125 130.7582327934777
9.317499999999999 66.19622749927734
9.3225 70.04808409669057
9.327499999999999 -266.4096106172146
9.3325 60.20981105874747
9.3375 -56.437110161399886
9.3425 -52.48282543702165
9.3475 182.1085849070715
9.3525 40.89748847083605
9.3575 -59.11152904284467
9.362499999999999 74.55905343600251
9.3675 -101.60334751338846
9.372499999999999 -77.38287150036024
9.3775 -13.015107276457213
9.3825 -85.60537508358247
9.3875 79.24810750770064
9.3925 169.47915912701475
9.397499999999999 -88.31027459005477
9.4025 -56.334116352730746
9.407499999999999 109.778702401607
9.4125 66.28290246319546
9.4175 -220.26570119418815
9.4225 196.98717245907605
9.4275 37.85523910749368
9.4325 341.99359442913516
9.4375 -266.50342022353334
9.442499999999999 79.78033661962382
9.4475 -64.25602952101593
9.452499999999999 -49.317656557920806
9.4575 -91.15468483692206
9.4625 -118.57150248847357
9.4675 280.77963400071616
9.4725 -31.320313264543906
9.4775 -74.8801898472946
9.4825 -77.84021443402618
9.487499999999999 -120.78382981533144
9.4925 159.74283959079662
9.497499999999999 -42.941894519400904
9.5025 63.94445482796376
9.5075 -67.21613805864942
9.5125 70.35520833926644
9.5175 -152.9732415021267
9.522499999999999 -110.24997750062184
9.5275 66.76830631478087
9.532499999999999 -90.89416518750139
9.5375 -74.76030585403738
9.5425 116.74178731830204
9.5475 67.4611146854469
9.5525 -81.42853467609893
9.5575 148.7611644799635
9.5625 -293.492913573317
9.567499999999999 58.31197275813166
9.5725 102.07870462631955
9.577499999999999 54.69440417974023
9.5825 29.48415150724758
9.5875 53.93931766148597
9.5925 127.12338611943427
9.5975 136.45169295617902
9.6025 -216.8488668541268
9.6075 -110.482095428305
9.612499999999999 37.755978877022585
9.6175 76.17065047826543
9.622499999999999 -230.64887821964223
9.6275 65.50946017235108
9.6325 -151.7645303646042
9.6375 286.39985792302684
9.6425 -17.914259796412264
9.647499999999999 -167.50299621394512
9.6525 5.3418385209247035
9.657499999999999 75.89654025682081
9.6625 190.7333610797462
9.6675 -196.91229562331728
9.6725 71.42564049876488
9.6775 100.91288187290633
9.6825 -253.47575399742024
9.6875 208.23370134912074
9.692499999999999 10.658580459224416
9.6975 -19.170703732470592
9.702499999999999 -147.34379640222522
9.7075 135.49292207542467
9.7125 45.00212360237457
9.7175 -23.497508215064308
9.7225 155.01804151464182
9.7275 208.8535895453308
9.7325 -244.93950839308147
9.737499999999999 6.990940562816783
9.7425 186.20709214910966
9.747499999999999 -10.455757448767885
9.7525 -111.67707756692457
9.7575 31.595867757303875
9.7625 8.448178739730686
9.7675 -152.82941018514288
9.772499999999999 278.84919959129576
9.7775 -203.82375099851618
9.782499999999999 -66.85344384556772
9.7875 -87.46253022448532
9.7925 -35.38474591449584
9.7975 -79.52988213068546
9.8025 37.57776532342488
9.8075 -157.40568490472168
9.8125 235.61901135873362
9.817499999999999 -4.593092795868714
9.8225 -6.032739969223563
9.827499999999999 -167.65215986062864
9.8325 148.10195989209373
9.8375 313.57740550375786
9.8425 -382.5235003232448
9.8475 80.12801572703906
9.8525 -130.61928720844892
9.8575 62.62656304242215
9.862499999999999 46.8554710830139
9.8675 -73.58607300980333
9.872499999999999 80.73073425321336
9.8775 153.04264021257563
9.8825 43.67829946187839
9.8875 -152.94474346054562
9.8925 83.64922551286969
9.897499999999999 -462.32837087023256
9.9025 256.4483691140843
9.907499999999999 16.319038969736148
9.9125 -6.657224674689076
9.9175 172.51448477788705
9.9225 -329.46680928498785
9.9275 78.15640695302051
9.9325 233.733931489854
9.9375 -191.15159763059165
9.942499999999999 -167.9938329257773
9.9475 -84.86582856150824
9.952499999999999 -145.26514838610828
9.9575 144.112086696121
9.9625 -284.6105594539846
9.9675 404.13496573416296
9.9725 17.099585243796007
9.9775 6.953339506513046
9.9825 -27.37342450935499
9.987499999999999 124.06268045295471
9.9925 173.95396483894507
9.997499999999999 23.855136162276477
10.0025 -163.70556874954644
