0.0075 135.86230551742284
0.012499999999999999 -234.6129779623954
0.017499999999999998 23.997616106591906
0.0225 -48.302566990936846
0.0275 199.35565714803388
0.0325 -67.20941251241487
0.0375 -32.63939246848472
0.042499999999999996 223.45943219651465
0.0475 164.53418415208765
0.0525 -48.17729829735467
0.057499999999999996 -132.5518156533752
0.0625 -98.32861441749259
0.06749999999999999 316.9523888717954
0.0725 181.55530161950938
0.0775 41.96626371849019
0.08249999999999999 -399.61088873788964
0.0875 26.672808704812763
0.0925 -2.4373791676574377
0.09749999999999999 -2.132702396516107
0.1025 181.57613460162784
0.1075 -103.0653887872004
0.11249999999999999 151.96665360876565
0.1175 -8.290514735269147
0.1225 -82.05997283212828
0.1275 27.34037996062305
0.1325 47.56255558087452
0.13749999999999998 -106.04139457289266
0.1425 -294.42463015746773
0.1475 181.38598186130204
0.1525 -166.69041148613124
0.1575 140.49066769250817
0.1625 19.00444331355643
0.16749999999999998 -9.197602388057147
0.1725 202.7231754650271
0.1775 -111.88933755352855
0.1825 -184.91475959724485
0.1875 87.4310889011275
0.1925 -75.48221755491885
0.19749999999999998 -172.065228763545
0.20249999999999999 45.117332398853854
0.2075 -0.5899579890863292
0.2125 4.121891120996909
0.2175 -118.2632108283403
0.2225 328.87117105682165
0.22749999999999998 164.1068806406686
0.23249999999999998 -221.1879913289503
0.2375 -210.70543775233975
0.2425 -141.39650897704738
0.2475 163.6231881111123
0.2525 51.458683317965296
0.2575 237.7617841791115
0.2625 -353.2388077374915
0.2675 69.50330511444106
0.27249999999999996 13.126573810162398
0.27749999999999997 68.02798222897765
0.2825 -72.65196658822282
0.2875 128.86625789754595
0.2925 -117.89141912708436
0.2975 236.49310999144265
0.3025 -36.784589307255864
0.3075 -179.02390665264403
0.3125 -140.03049358704732
0.3175 -218.82472580703438
0.3225 92.35193496573761
0.32749999999999996 -114.31546295804408
0.33249999999999996 -189.2377987897795
0.33749999999999997 406.42156973994014
0.34249999999999997 -236.37181373479623
0.3475 215.98753142309158
0.3525 35.232825046498384
0.3575 -91.56055981484029
0.3625 177.39962907666046
0.3675 -122.08120573736522
0.3725 -295.9676032587337
0.3775 197.88118350884136
0.3825 196.21877932811802
0.38749999999999996 8.125174091910225
0.39249999999999996 -47.5289457451919
0.39749999999999996 -8.66049109695999
0.40249999999999997 321.0167012535274
0.4075 -371.55461732977614
0.4125 115.31115368221955
0.4175 173.3832623971622
0.4225 183.35473288345955
0.4275 180.8003905527188
0.4325 86.60925702423485
0.4375 -158.78879101406608
0.4425 -270.458728806795
0.44749999999999995 262.3733313890756
0.45249999999999996 -318.2667853128504
0.45749999999999996 -21.889110057441677
0.46249999999999997 131.51714007287583
0.46749999999999997 90.06479987675199
0.4725 -117.9732593480356
0.4775 114.51741777406376
0.4825 40.141345065992425
0.4875 -114.66198267455556
0.4925 116.63804742559881
0.4975 -179.0936045862135
0.5025 9.93359073405282
0.5075 -205.83943346969141
0.5125 305.94490978014204
0.5175 -187.1248711729476
0.5225 -25.53107420211039
0.5275 -43.52730626450532
0.5325 -51.080862086612065
0.5375 249.4228281475763
0.5425 -133.79655041238652
0.5475 83.10674412732548
0.5525 82.47264217496709
0.5575 120.0742436990204
0.5625 17.110049236854568
0.5675 -83.843275588286
0.5725 106.70507184901679
0.5775 78.40339905938589
0.5825 -75.33877283315405
0.5875 -212.643590118186
0.5925 61.07739750946556
0.5974999999999999 76.78665489258698
0.6024999999999999 -62.39128274479348
0.6074999999999999 95.89044028216462
0.6124999999999999 -148.75633644780538
0.6174999999999999 15.633840787802205
0.6224999999999999 148.37103550196173
0.6275 54.55508987647838
0.6325 -154.58645965497377
0.6375 33.465813272076836
0.6425 -274.85092449563643
0.6475 216.68934441618111
0.6525 -316.12729782812
0.6575 72.2785239951128
0.6625 201.12618693236973
0.6675 55.57388669037119
0.6725 48.125670861210246
0.6775 -79.55791265258873
0.6825 153.58691101554126
0.6875 -37.39522592985886
0.6925 -185.94370158937937
0.6975 74.70480378112622
0.7025 -275.7882995580827
0.7075 151.96755343282325
0.7125 -16.942742523902137
0.7174999999999999 226.2399271874145
0.7224999999999999 -213.35593700859212
0.7274999999999999 15.736131014226164
0.7324999999999999 50.46098783835749
0.7374999999999999 -56.874993591809435
0.7424999999999999 -51.93462617923462
0.7474999999999999 275.87137372899696
0.7525 -220.32201435386938
0.7575 149.0045899888432
0.7625 -69.77856367369264
0.7675 361.8496337177428
0.7725 -450.7633027505789
0.7775 225.74255131877186
0.7825 142.73068376290368
0.7875 206.5398109294978
0.7925 20.25591266523568
0.7975 -171.4941056790574
0.8025 74.89436350756846
0.8075 -128.0817024131841
0.8125 197.5403678482017
0.8175 127.46962213979455
0.8225 -370.33128662955136
0.8275 1.3875918244628451
0.8325 263.2393845515737
0.8374999999999999 33.34003669527587
0.8424999999999999 -329.29292249244986
0.8474999999999999 258.9154251887304
0.8524999999999999 -348.50933104336224
0.8574999999999999 18.238121848741727
0.8624999999999999 124.38744570119422
0.8674999999999999 -154.78177472812368
0.8724999999999999 12.697894846114018
0.8775 -352.34031294637504
0.8825 374.25678320145363
0.8875 -52.096433951856376
0.8925 200.05356666268216
0.8975 -49.87229700786873
0.9025 -20.244453531607682
0.9075 -181.12708649077322
0.9125 253.58713263268896
0.9175 9.156963309146919
0.9225 23.82785685620223
0.9275 119.70067264655619
0.9325 -297.21020898076597
0.9375 56.96996495755271
0.9425 105.51934154717324
0.9475 -54.49689665616918
0.9524999999999999 -228.307577306422
0.9574999999999999 -16.976053202256463
0.9624999999999999 -78.73695428285653
0.9674999999999999 253.1859925909052
0.9724999999999999 -42.38834293107239
0.9774999999999999 -72.3516388159193
0.9824999999999999 314.9620590466544
0.9874999999999999 93.65560009985128
0.9924999999999999 -161.91360095762678
0.9974999999999999 -78.8507064390788
1.0025 -143.62395694032924
1.0075 204.26525616031086
1.0125 -41.85383477585639
1.0174999999999998 -71.09093062143197
1.0225 -16.740996729838017
1.0274999999999999 102.37042769434787
1.0325 -105.43320897450532
1.0374999999999999 -57.72293901847309
1.0425 -113.72149466858622
1.0474999999999999 -124.019731539982
1.0525 104.82944889133422
1.0574999999999999 109.52349389678376
1.0625 -122.32876859143748
1.0675 242.96955350446402
1.0725 -15.916562819084279
1.0775 145.82676202429292
1.0825 -46.13035714208778
1.0875 137.1549676226321
1.0925 33.49922306644504
1.0975 -103.72280132595903
1.1025 193.7433431639138
1.1075 18.293385490564756
1.1125 -168.26040263247504
1.1175 -226.84413024975677
1.1225 27.60836163464488
1.1275 -51.107408697373664
1.1324999999999998 210.04071928107618
1.1375 -138.58513061390528
1.1424999999999998 171.8688723739512
1.1475 -180.69639349458626
1.1524999999999999 -75.17547674953438
1.1575 -11.740843379834663
1.1624999999999999 48.981863477101406
1.1675 31.532567461430517
1.1724999999999999 21.8806335822478
1.1775 -8.97356322145975
1.1824999999999999 299.2527536351957
1.1875 3.973395660331935
1.1925 -442.5518590078628
1.1975 28.17956054469235
1.2025 -245.90109412915447
1.2075 499.3997130363218
1.2125 -71.20470093631329
1.2175 61.11136689975545
1.2225 -363.88551217054106
1.2275 254.6651498482827
1.2325 114.80265096367148
1.2375 103.89434130919406
1.2425 45.149052681321436
1.2475 -79.85658193403414
1.2525 32.94554890716807
1.2574999999999998 -189.5436191945824
1.2625 221.5673521974749
1.2674999999999998 44.20445160749719
1.2725 -361.58261471581864
1.2774999999999999 236.74909734483688
1.2825 -71.75605308996286
1.2874999999999999 -90.99482600323859
1.2925 87.05118402944277
1.2974999999999999 -12.274560514914704
1.3025 133.90971557021797
1.3074999999999999 -183.04645227642308
1.3125 133.4098609788254
1.3175 149.52131989577697
1.3225 -112.92014172930509
1.3275 187.3243539112339
1.3325 -217.4779022774468
1.3375 154.4669396346841
1.3425 48.88684158291561
1.3475 -139.18848946308324
1.3525 -105.12139269233732
1.3575 -32.75093137365705
1.3625 189.3157422019781
1.3675 161.62612385778394
1.3724999999999998 -115.41630284476494
1.3775 164.4206759535019
1.3824999999999998 -263.95315419923173
1.3875 143.78656510025752
1.3924999999999998 146.78774984046282
1.3975 -261.89332881746026
1.4024999999999999 151.6498747493029
1.4075 -147.4730305258693
1.4124999999999999 -124.71449446659905
1.4175 79.03919805685675
1.4224999999999999 -123.51158567855921
1.4275 145.98878673861148
1.4324999999999999 82.13333697263909
1.4375 -173.28628305216674
1.4425 170.10206876618608
1.4475 -241.6353395845592
1.4525 -38.76142514338548
1.4575 30.77408264224784
1.4625 -207.08094204028166
1.4675 262.980953805864
1.4725 -112.67154047626371
1.4775 327.51013140256487
1.4825 -99.56030599594061
1.4874999999999998 -51.94697643589608
1.4925 104.88090678086877
1.4974999999999998 169.66396953721994
1.5025 -314.7381754129192
1.5074999999999998 85.13993036154577
1.5125 18.500086032646728
1.5174999999999998 -15.751859834143195
1.5225 132.56103025174178
1.5274999999999999 -92.99989592247087
1.5325 -101.15732637204353
1.5374999999999999 27.028966063812437
1.5425 -130.2164086724397
1.5474999999999999 73.0991351462833
1.5525 -158.01102643603448
1.5574999999999999 62.527485188048274
1.5625 296.0424724625923
1.5675 -54.47525390312557
1.5725 -148.7067240306832
1.5775 -52.37302542082823
1.5825 235.08148820819613
1.5875 -302.8090138436587
1.5925 385.5324424952217
1.5975 57.56727608507826
1.6025 -111.49504404991391
1.6075 79.19538594655738
1.6124999999999998 23.019314666958852
1.6175 78.43610530440503
1.6224999999999998 67.61110389319386
1.6275 -205.410934381635
1.6324999999999998 -112.2572817244218
1.6375 135.4281172425415
1.6424999999999998 -427.1451958082271
1.6475 519.770312798447
1.6524999999999999 -73.96502869680027
1.6575 -39.67763160103444
1.6624999999999999 -98.55178302113241
1.6675 -218.49775099211053
1.6724999999999999 364.72201237863607
1.6775 -233.95317598096045
1.6824999999999999 8.83793303913339
1.6875 51.707576359603756
1.6925 -213.15327604442976
1.6975 263.82701652170584
1.7025 -86.56739360102908
1.7075 104.56873706277214
1.7125 17.012001820588427
1.7175 20.170050794751003
1.7225 8.608322848579233
1.7274999999999998 87.91704561315373
1.7325 -223.47369629195282
1.7374999999999998 24.7003629218805
1.7425 -112.5568548596997
1.7474999999999998 154.5049322864174
1.7525 327.9577220836556
1.7574999999999998 -415.4464523582632
1.7625 316.9505601106128
1.7674999999999998 -53.041219597593944
1.7725 -162.20154439288703
1.7774999999999999 -359.1623107405361
1.7825 -91.39521048690531
1.7874999999999999 -90.11989312489003
1.7925 388.01509119984206
1.7974999999999999 76.1475237153918
1.8025 -10.383862317455732
1.8074999999999999 -249.14348428479633
1.8125 171.05673526366164
1.8175 -87.11539719268586
1.8225 4.754032201349001
1.8275 189.51574483056757
1.8325 0.22694034133873234
1.8375 -146.76444885973007
1.8425 89.0670893389446
1.8475 82.18147584089789
1.8524999999999998 -83.34820915895236
1.8575 289.5728888435654
1.8624999999999998 34.032338597256334
1.8675 -364.72603531111827
1.8724999999999998 275.63562985922505
1.8775 -183.7483887944486
1.8824999999999998 -152.9857865367232
1.8875 164.71619980650436
1.8924999999999998 270.9230602582902
1.8975 -299.3985133228179
1.9024999999999999 -84.79632063593614
1.9075 -18.397203544452505
1.9124999999999999 -42.87114325202318
1.9175 54.15230063904679
1.9224999999999999 64.87832156840352
1.9275 119.6966841892093
1.9324999999999999 -0.2509668789257804
1.9375 -82.27004325288975
1.9425 106.89400940661685
1.9475 326.60032810916044
1.9525 -18.940706420359422
1.9575 19.687892737675046
1.9625 8.963060805731356
1.9674999999999998 -173.99374703968422
1.9725 -134.71193528940273
1.9774999999999998 148.12996005087695
1.9825 -159.02155660058799
1.9874999999999998 167.20735877063538
1.9925 -201.51284057495076
1.9974999999999998 -85.20382831415331
2.0025 -174.84435573633897
2.0075 59.47977848974482
2.0124999999999997 23.064241031583073
2.0175 172.74832304113664
2.0225 -11.970727266119134
2.0275 82.33819217389322
2.0324999999999998 -142.01694693323878
2.0375 3.405862299303399
2.0425 51.78343560513296
2.0475 165.0498153285656
2.0524999999999998 8.35683857945557
2.0575 76.6303598273227
2.0625 -335.1055103007845
2.0675 -106.20418879328375
2.0725 -83.96465852621239
2.0775 266.38588896088095
2.0825 161.11124416030407
2.0875 -154.51477020049285
2.0925 235.35075296253834
2.0974999999999997 -63.69152049780737
2.1025 -140.3147597622694
2.1075 -68.0353780665825
2.1125 -161.90692330814505
2.1174999999999997 197.6945340738636
2.1225 -53.21382923111346
2.1275 12.104399471297858
2.1325 53.89412128549703
2.1374999999999997 -123.96439210549518
2.1425 -69.3748378651798
2.1475 45.79714838056807
2.1525 -83.82295571986968
2.1574999999999998 159.55744441913683
2.1625 46.1013917124134
2.1675 -271.7568781824359
2.1725 279.75375687442323
2.1774999999999998 140.07317117281045
2.1825 -160.32166895358696
2.1875 -159.5900413174483
2.1925 81.26030733229211
2.1975 47.958008804354115
2.2024999999999997 12.667803184826303
2.2075 -164.62793915084487
2.2125 104.80218662545089
2.2175 -5.222398625306822
2.2224999999999997 -92.99417573105148
2.2275 -71.49861496826928
2.2325 73.03774843424169
2.2375 59.38025211320328
2.2424999999999997 -73.73582273378626
2.2475 172.5848293176194
2.2525 251.23445255631196
2.2575 -217.2004392833058
2.2624999999999997 284.4518680378585
2.2675 79.68486365382094
2.2725 107.02850717285904
2.2775 -147.59820921566325
2.2824999999999998 175.0591166176787
2.2875 -262.8750542169965
2.2925 -33.382590460037925
2.2975 -201.8218191060995
2.3024999999999998 -82.55699111993097
2.3075 313.87459722301304
2.3125 -6.7901610594236095
2.3175 64.34246157997339
2.3225 -185.62719721515384
2.3274999999999997 -38.231957331895295
2.3325 -95.67455007697612
2.3375 -13.933183812817346
2.3425 40.82826897845669
2.3474999999999997 54.63033674631507
2.3525 64.96346061241196
2.3575 22.47014313140677
2.3625 -169.18078183154316
2.3674999999999997 -10.92496930304651
2.3725 222.07520393467595
2.3775 -311.3694267809844
2.3825 -6.179586413113391
2.3874999999999997 -19.54169303153257
2.3925 103.97994807025702
2.3975 -180.11787611861158
2.4025 414.0452133804476
2.4074999999999998 -32.11540909835969
2.4125 -36.4094527283727
2.4175 -302.2538865311136
2.4225 75.80276841524943
2.4274999999999998 235.27990208570492
2.4325 -45.155257942499404
2.4375 -39.825926790112135
2.4425 8.305976438680148
2.4475 154.566072754542
2.4524999999999997 -104.43487748128574
2.4575 90.58960157901777
2.4625 -134.1422799640612
2.4675 -128.63826724884217
2.4724999999999997 223.67604394523062
2.4775 -75.52406115821142
2.4825 83.4506700504543
2.4875 12.940877310030299
2.4924999999999997 -121.74429392524816
2.4975 -199.74036886677447
2.5025 324.0906737941961
2.5075 64.00252648271223
2.5124999999999997 48.004167326102696
2.5175 77.45538665776914
2.5225 94.01579052333852
2.5275 -133.01877714977888
2.5324999999999998 -93.93204805126935
2.5375 -117.680084442584
2.5425 -159.23185097814417
2.5475 406.2044452064833
2.5524999999999998 -132.3301892199081
2.5574999999999997 -4.593783088080844
2.5625 104.41295655863931
2.5675 -526.8954319035436
2.5725 192.79210404753803
2.5774999999999997 70.2078937177764
2.5825 -12.597159685142394
2.5875 305.38428197292455
2.5925 -20.692419360067177
2.5974999999999997 -195.99981905950077
2.6025 -85.8061891936954
2.6075 82.09396426281953
2.6125 185.7021158947791
2.6174999999999997 -134.30537761827642
2.6225 -53.863471837574316
2.6275 61.77301316934238
2.6325 -120.40434700088468
2.6374999999999997 83.15049478456973
2.6425 141.25946524838307
2.6475 -3.4075383566903614
2.6525 -51.11381136817634
2.6574999999999998 198.74057783843926
2.6625 94.63191290315152
2.6675 -131.55057837995727
2.6725 -113.99395482057982
2.6774999999999998 259.0194383824105
2.6824999999999997 24.692335873497623
2.6875 -93.75852837944652
2.6925 -153.9351304088549
2.6975 -83.79035197916494
2.7024999999999997 246.5618619407147
2.7075 -0.02326124221805305
2.7125 19.63943240851762
2.7175 45.798510279995355
2.7224999999999997 -141.87831438770158
2.7275 -147.43910659801924
2.7325 -0.5796807144130168
2.7375 98.53739429873819
2.7424999999999997 148.9237997051757
2.7475 64.26490686834558
2.7525 -108.03362697811282
2.7575 0.4896003440042601
2.7624999999999997 -68.32313254652124
2.7675 -137.02405967853733
2.7725 -48.58203033242986
2.7775 124.29155745475438
2.7824999999999998 116.7970025370343
2.7875 8.163575445056159
2.7925 -93.80576694665396
2.7975 133.51182605998514
2.8024999999999998 -15.089671436475077
2.8074999999999997 8.439454425157939
2.8125 -35.84017324121855
2.8175 -4.675111248005878
2.8225 -131.12676751554292
2.8274999999999997 12.075228243487812
2.8325 -16.31735442514986
2.8375 -65.0214651590727
2.8425 98.47852914842063
2.8474999999999997 -2.581607080281276
2.8525 -115.2949724748406
2.8575 105.61934075611619
2.8625 -30.78349303832918
2.8674999999999997 -136.2533627664032
2.8725 129.54484040629094
2.8775 186.19709607048236
2.8825 -117.2445462424636
2.8874999999999997 35.16996912788139
2.8925 140.09352346035442
2.8975 10.519832645677699
2.9025 66.95501338376336
2.9074999999999998 -21.337440193051314
2.9125 -201.5122746300776
2.9175 294.5877742610064
2.9225 -355.2057556903373
2.9274999999999998 -71.19766744948603
2.9324999999999997 50.0774585049095
2.9375 117.1493568741236
2.9425 -97.17726727335432
2.9475 40.942763534347456
2.9524999999999997 -337.7184671216215
2.9575 198.29037231044816
2.9625 -61.27377722240945
2.9675 47.34965273826551
2.9724999999999997 278.4806985548589
2.9775 -58.87875792977435
2.9825 18.244389480965935
2.9875 -83.3450748165023
2.9924999999999997 12.034077827266044
2.9975 -4.7228708897768
3.0025 199.73317514293973
3.0075 16.884640670514194
3.0124999999999997 -131.1028294027303
3.0175 15.411820521969334
3.0225 -173.54287727320917
3.0275 45.772026533721814
3.0324999999999998 14.515171466434149
3.0374999999999996 19.860578032273857
3.0425 59.07725365283322
3.0475 -222.90902455630362
3.0524999999999998 76.37092627624725
3.0574999999999997 -16.373671269196652
3.0625 213.77742915699125
3.0675 -48.48501098575072
3.0725 -11.428089952959338
3.0774999999999997 10.508828103551767
3.0825 -22.543565695429255
3.0875 101.47377705979885
3.0925 291.9041790722804
3.0974999999999997 -234.6977823212644
3.1025 151.77141460172854
3.1075 -11.605331097207515
3.1125 -136.9866328400927
3.1174999999999997 -33.388525841435666
3.1225 -66.15936857947311
3.1275 -86.31326685226304
3.1325 -122.23988057384615
3.1374999999999997 -147.6163607691315
3.1425 162.6004851315764
3.1475 -58.43620535547323
3.1525 141.48245417340763
3.1574999999999998 -132.0561729497863
3.1624999999999996 -27.4010222498847
3.1675 32.31608596585399
3.1725 160.2342115883167
3.1774999999999998 88.66969208627285
3.1824999999999997 -77.77449982600868
3.1875 -9.473468209710354
3.1925 -6.92625731399842
3.1975 26.823142927081303
3.2024999999999997 77.8992734000672
3.2075 217.04218574745204
3.2125 -141.27485740939335
3.2175 -60.306958042377765
3.2224999999999997 94.17856000584632
3.2275 95.93746772206471
3.2325 -261.7160160912519
3.2375 0.8553915295420352
3.2424999999999997 185.25802036079835
3.2475 7.371448946745311
3.2525 180.5138943658729
3.2575 -165.9131295599933
3.2624999999999997 -28.268902726136172
3.2675 87.54387522722453
3.2725 83.03280983123801
3.2775 -81.21525122536497
3.2824999999999998 -39.33818257686355
3.2874999999999996 -169.85946013379376
3.2925 10.205037685506303
3.2975 -2.6606630393067556
3.3024999999999998 43.87971478150661
3.3074999999999997 -0.2569489728159541
3.3125 -0.30247325734332636
3.3175 -244.20986347197376
3.3225 70.32153560619963
3.3274999999999997 19.561649397807074
3.3325 -207.90511041354318
3.3375 297.9076863637391
3.3425 47.1345574349553
3.3474999999999997 -7.140556925923433
3.3525 143.7745137377554
3.3575 98.2911942816327
3.3625 -107.70626189594033
3.3674999999999997 30.092454236387297
3.3725 -61.579940832447264
3.3775 -222.2812063552689
3.3825 148.98067924560362
3.3874999999999997 149.72613213469648
3.3924999999999996 -79.65286401749017
3.3975 11.180701777291908
3.4025 -149.46714149699997
3.4074999999999998 -202.19429373083636
3.4124999999999996 348.0705640889233
3.4175 -71.38291001603848
3.4225 128.41617316411276
3.4274999999999998 -17.980841019852768
3.4324999999999997 -93.27603859788206
3.4375 -128.950084583686
3.4425 66.02428763079017
3.4475 115.44125363177976
3.4524999999999997 13.32838519909265
3.4575 -365.01188694780893
3.4625 308.12406465814786
3.4675 -115.06036391601158
3.4724999999999997 133.0981633200713
3.4775 -125.62487048147763
3.4825 161.08861715530722
3.4875 -211.2664811033632
3.4924999999999997 306.78231528949885
3.4975 -45.589996240531086
3.5025 -224.7984835568682
3.5075 -233.16924140639313
3.5124999999999997 214.22631936646297
3.5174999999999996 141.54206905100472
3.5225 101.7358615119238
3.5275 -187.39219124017515
3.5324999999999998 -162.00710199832656
3.5374999999999996 303.6124792402738
3.5425 48.30183564436518
3.5475 -158.7069873078096
3.5524999999999998 180.99578517485836
3.5574999999999997 -266.27419689136724
3.5625 -89.47391646220156
3.5675 155.50316035423117
3.5725 43.39140080743482
3.5774999999999997 91.29680423974659
3.5825 -54.79659742839821
3.5875 130.77545062343523
3.5925 -151.73732132464534
3.5974999999999997 254.48818713680635
3.6025 -23.7595434545916
3.6075 44.11408569875441
3.6125 -32.66101824712966
3.6174999999999997 -129.13693679035626
3.6225 114.42333552469057
3.6275 170.9086029761773
3.6325 -292.96834096786495
3.6374999999999997 17.22683550104489
3.6424999999999996 182.2071975773922
3.6475 -135.2778056528045
3.6525 -81.82267968662143
3.6574999999999998 1.535221722380699
3.6624999999999996 81.09199945878002
3.6675 -113.77064700055409
3.6725 -32.46730640963392
3.6774999999999998 28.98124757698275
3.6824999999999997 141.71756117426858
3.6875 -61.79865345906238
3.6925 7.199870409255959
3.6975 33.26193972398238
3.7024999999999997 -4.532072595964051
3.7075 -241.58846050616683
3.7125 128.94848293732574
3.7175 284.64818314281985
3.7224999999999997 -58.734141053410696
3.7275 -104.72354515755545
3.7325 46.304603423440774
3.7375 -52.823808078373695
3.7424999999999997 -23.039613416065222
3.7474999999999996 -156.1549827892826
3.7525 -206.94425233967618
3.7575 131.65067877736976
3.7624999999999997 247.47542276069362
3.7674999999999996 -135.39596904732633
3.7725 -1.5479693641890724
3.7775 90.99779191754686
3.7824999999999998 -151.0319558465063
3.7874999999999996 -140.4269018507243
3.7925 258.31493767751164
3.7975 23.70052097034926
3.8024999999999998 -71.77183164881549
3.8074999999999997 -190.61330286862986
3.8125 89.12585286491903
3.8175 247.31264393568733
3.8225 12.025041394293149
3.8274999999999997 -129.1724605552799
3.8325 337.3002615260263
3.8375 -51.80463518162862
3.8425 -9.545487556777033
3.8474999999999997 -5.554771693757673
3.8525 -123.29226276309927
3.8575 45.228122325133434
3.8625 -216.84161049607684
3.8674999999999997 166.43982357052434
3.8724999999999996 -96.74816500201534
3.8775 88.03707493325139
3.8825 -29.6653107111428
3.8874999999999997 13.913860894257136
3.8924999999999996 0.9219006446843634
3.8975 139.69102877273812
3.9025 239.52006371099503
3.9074999999999998 -245.50258235588865
3.9124999999999996 17.845141624086914
3.9175 125.10048808139963
3.9225 92.42771762909614
3.9274999999999998 -7.372237664152765
3.9324999999999997 -157.5426209314844
3.9375 -190.33807917926703
3.9425 95.94453117725863
3.9475 -161.9861021670802
3.9524999999999997 -36.778833407096656
3.9575 -58.17843384803698
3.9625 157.53368213419992
3.9675 37.160738034003245
3.9724999999999997 49.25526735302664
3.9775 209.89326383129028
3.9825 -144.5464870851933
3.9875 175.00005571076656
3.9924999999999997 -44.8365824242594
3.9974999999999996 192.42314693927366
4.0024999999999995 73.39861196171762
4.007499999999999 -172.10374406885558
4.0125 -91.34029607030742
4.0175 29.69587910302231
4.0225 -180.77342660531264
4.0275 -62.66267535185436
4.0325 -81.05968625661977
4.0375 146.19634336935758
4.0424999999999995 -86.48899058066986
4.047499999999999 118.40212695489235
4.0525 106.00925690443633
4.0575 -354.36809395309064
4.0625 -33.38230373744353
4.0675 261.74881589284035
4.0725 -64.26303639488096
4.0775 -97.32704147205162
4.0825 17.766912278800778
4.0874999999999995 -1.699120462945012
4.0925 260.43595168732946
4.0975 -175.20926767434312
4.1025 134.7174625944141
4.1075 3.6742038568936977
4.1125 169.7457733750609
4.1175 -135.40927973914913
4.1225 6.187699649334419
4.1274999999999995 60.485450818254186
4.132499999999999 -18.591971742199675
4.1375 -73.6301646024501
4.1425 196.09105711021496
4.1475 -80.07945499891903
4.1525 68.36791337870424
4.1575 -348.9121751042362
4.1625 116.19615251055734
4.1674999999999995 72.15051548226492
4.172499999999999 -83.56239396341357
4.1775 -72.47763003991261
4.1825 149.2744971386447
4.1875 -143.59453517565836
4.1925 -10.049242443911071
4.1975 -39.77797319280924
4.2025 35.711031489883446
4.2075 -28.999301100009138
4.2124999999999995 218.59633145712834
4.2175 -2.67059187826186
4.2225 -138.32335094434538
4.2275 18.624880364157857
4.2325 149.63959553186515
4.2375 -131.10837911000033
4.2425 -137.02983650062978
4.2475 33.941169102059206
4.2524999999999995 16.55955040859494
4.257499999999999 -5.878937969418144
4.2625 -97.74122962881692
4.2675 -34.06433435184478
4.2725 0.008109815024398089
4.2775 179.99838733935727
4.2825 29.965462883950124
4.2875 84.1625694878167
4.2924999999999995 55.08230524324593
4.297499999999999 -152.0172815291565
4.3025 136.86791284319625
4.3075 64.71572492211773
4.3125 -55.194541809361596
4.3175 -15.587571866670098
4.3225 -85.75657184215497
4.3275 -54.9591982195953
4.3325 69.73715600980127
4.3374999999999995 22.34859117320846
4.342499999999999 -40.86215224670066
4.3475 89.1861030324132
4.3525 -9.919534879287337
4.3575 -214.64261346713016
4.3625 344.91659087841384
4.3675 -454.8348417851633
4.3725 124.49171693205079
4.3774999999999995 250.8325727465494
4.382499999999999 33.96971135602747
4.3875 -101.83770921972226
4.3925 -148.30873122662905
4.3975 57.01991153347644
4.4025 308.50950140740485
4.4075 -107.20719114099322
4.4125 -146.27003002344293
4.4174999999999995 -19.255913634724603
4.422499999999999 -29.081776676649724
4.4275 124.98055303336196
4.4325 -61.546719434166505
4.4375 -9.994704622111323
4.4425 131.34156524053867
4.4475 68.62809038212409
4.4525 -64.53201508455115
4.4575 176.67558518077226
4.4624999999999995 -169.89691697350113
4.467499999999999 -54.702820718200854
4.4725 1.9769794605957856
4.4775 -183.17453625297355
4.4825 87.02566038936935
4.4875 262.8866234868391
4.4925 -3.6613720010144584
4.4975 109.46851066149982
4.5024999999999995 -151.33390697661025
4.507499999999999 1.553163793347677
4.5125 37.350531285514
4.5175 -14.504881822819177
4.5225 78.63646215843005
4.5275 -49.16164078072751
4.5325 -213.24968483909515
4.5375 257.78080835403006
4.5424999999999995 -106.49370992652788
4.547499999999999 54.423884109404206
4.5525 35.13235187023785
4.5575 -170.35146373684535
4.5625 185.4606733640993
4.5675 -80.7857615693
4.5725 138.89883700852235
4.5775 2.4884168421368194
4.5825 239.99360337900924
4.5874999999999995 -217.41435381323333
4.592499999999999 -92.11954439500005
4.5975 -179.33550003069317
4.6025 -128.57787602277926
4.6075 -137.8521621647532
4.6125 259.1484824980572
4.6175 -40.368431466110316
4.6225 146.90885572725452
4.6274999999999995 -169.23368563719916
4.632499999999999 -27.573533721377867
4.6375 -20.031319692433975
4.6425 46.75866464003266
4.6475 -142.30772733001135
4.6525 33.27233726687564
4.6575 194.53634469905478
4.6625 -181.4794514533097
4.6674999999999995 -15.047238071517459
4.672499999999999 155.0343765442846
4.6775 62.97688528740221
4.6825 -129.72628488535122
4.6875 193.93477398434945
4.6925 -63.67719489484615
4.6975 -14.131929546399105
4.7025 61.54100287776853
4.7075 -52.44331995845597
4.7124999999999995 132.55457787489962
4.717499999999999 -13.119030334764574
4.7225 31.188345341624327
4.7275 -63.695621986227515
4.7325 164.95885281576452
4.7375 -121.05445120572146
4.7425 41.20302962046413
4.7475 100.20679991724246
4.7524999999999995 -42.822541074790145
4.757499999999999 78.4477105297083
4.7625 -71.59233146211633
4.7675 -110.43779145829828
4.7725 164.7600870813409
4.7775 -135.12540055389957
4.7825 -40.82969811755619
4.7875 -68.31517721168308
4.7924999999999995 -104.26295800839387
4.797499999999999 148.6443339046976
4.8025 140.29896028148352
4.8075 -164.48493615819868
4.8125 5.550734286982077
4.8175 70.957243177125
4.8225 -54.70594141698454
4.8275 86.04962458785961
4.8325 71.01434081883801
4.8374999999999995 88.8998630899052
4.842499999999999 -202.96394928335044
4.8475 97.74450351661409
4.8525 -131.6164941806535
4.8575 -121.93265764290597
4.8625 88.23805470823186
4.8675 45.622665247140745
4.8725 26.38812619627783
4.8774999999999995 -33.88666917659134
4.882499999999999 -6.012683861908877
4.8875 -129.11674302922142
4.8925 171.3470708226321
4.8975 -104.78542042634449
4.9025 170.87539147962906
4.9075 -151.20452600468008
4.9125 165.86786679963132
4.9174999999999995 75.74337413904267
4.922499999999999 -263.0639443383895
4.9275 0.5605458300829133
4.9325 -15.994770834833677
4.9375 223.18978142623354
4.9425 -15.077723038833016
4.9475 62.593253877289406
4.9525 21.96376892349982
4.9575 -181.95378806276173
4.9624999999999995 84.05793699175453
4.967499999999999 -195.08855580333105
4.9725 216.20421251683157
4.9775 85.14313207525251
4.9825 -55.91594243610047
4.9875 2.1262415982668545
4.9925 45.866485904231126
4.9975 93.6264929536858
5.0024999999999995 -138.57583736091235
5.007499999999999 -148.7843275601552
5.0125 127.75491625301913
5.0175 45.703595100827485
5.0225 -278.9633422902717
5.0275 -13.35359362853051
5.0325 70.41045671728912
5.0375 68.93412510515813
5.0424999999999995 -109.89472636397538
5.047499999999999 55.41338167817442
5.0525 188.2198526551948
5.0575 -48.88089439181028
5.0625 129.71277744182612
5.0675 -46.820617708148895
5.0725 -242.42390461717932
5.0775 207.0546005368372
5.0825 -33.037881806595756
5.0874999999999995 -114.12563917893263
5.092499999999999 -103.83263752788602
5.0975 55.20259887545529
5.1025 63.63206882198073
5.1075 44.99407192713279
5.1125 66.5796714343941
5.1175 -155.0157868144789
5.1225 66.54531028419407
5.1274999999999995 93.6927592296597
5.132499999999999 -96.68223472702574
5.1375 104.2390773980015
5.1425 -70.59146986240519
5.1475 -69.70123712956307
5.1525 176.39227851962013
5.1575 105.74711455513767
5.1625 -35.458967854269126
5.1674999999999995 -5.642957642325401
5.172499999999999 -122.54473237702557
5.177499999999999 -50.13868970876106
5.1825 21.237137484492038
5.1875 123.85030217189806
5.1925 -60.69310311092143
5.1975 -34.64764418282224
5.2025 183.82541119748743
5.2075 94.60197966958462
5.2124999999999995 -98.12144780316218
5.217499999999999 -105.13953266637084
5.2225 -74.30620910963435
5.2275 65.51998772071626
5.2325 46.094012191284804
5.2375 -88.72672185506335
5.2425 158.14894724108842
5.2475 -106.50295768418486
5.2524999999999995 -148.79731573840348
5.257499999999999 32.81945531044486
5.2625 232.35547031285586
5.2675 -70.52326041253828
5.2725 63.6735092134009
5.2775 4.293457815882545
5.2825 80.8177305464456
5.2875 -29.920369078067807
5.2924999999999995 67.48219899393307
5.297499999999999 -115.17659880831057
5.302499999999999 110.28569584610378
5.3075 -229.36489838776248
5.3125 71.84046743241616
5.3175 100.9633158377652
5.3225 259.4700849815977
5.3275 -21.932218911356784
5.3325 -414.08790465099725
5.3374999999999995 262.6831507450881
5.342499999999999 -221.9224127668899
5.3475 16.19265235081128
5.3525 90.88290535502507
5.3575 137.49982667714147
5.3625 74.23863152846792
5.3675 -159.7624685748706
5.3725 90.73357369140136
5.3774999999999995 162.0792181915747
5.382499999999999 -215.39682836975095
5.3875 137.42626555465552
5.3925 26.576546758433473
5.3975 -41.25573091759657
5.4025 -82.88825006254116
5.4075 207.60127183557591
5.4125 -245.29276957755025
5.4174999999999995 128.834098649234
5.422499999999999 5.050342567718763
5.427499999999999 -83.72149197560059
5.4325 125.8985464083271
5.4375 -40.474809364583415
5.4425 -56.338358373381645
5.4475 88.1658008776116
5.4525 -110.52431931076133
5.4575 140.32817769544806
5.4624999999999995 -252.42996076970547
5.467499999999999 119.03316060376449
5.4725 182.02789493190227
5.4775 -114.78989490045603
5.4825 -31.236471051434545
5.4875 -61.01941829281832
5.4925 -63.037981937893086
5.4975 -76.99796345756691
5.5024999999999995 -321.4607796815251
5.507499999999999 301.33622527539046
5.5125 140.97252034199278
5.5175 -287.0671478512066
5.5225 -145.70521401362916
5.5275 138.85457330336826
5.5325 -29.73321475341833
5.5375 -5.8032100452057005
5.5424999999999995 -2.5904914262607615
5.547499999999999 549.2914478606789
5.552499999999999 -90.53365290836206
5.5575 -80.15535161444215
5.5625 -335.79272975200365
5.5675 -41.48198965129923
5.5725 -61.75932127726441
5.5775 74.74054633815354
5.5825 232.8253450897736
5.5874999999999995 -106.7111660528888
5.592499999999999 92.68096855152518
5.5975 164.14895254304392
5.6025 -176.3546088749032
5.6075 45.93427609303038
5.6125 34.22266963456026
5.6175 -78.74629914986397
5.6225 -50.25734374071002
5.6274999999999995 151.1994750026109
5.632499999999999 -47.3908209841851
5.6375 -225.78127702767506
5.6425 68.58823738893159
5.6475 94.76833798735618
5.6525 117.70671766883336
5.6575 -169.7364517985074
5.6625 228.41974886980174
5.6674999999999995 -203.5047271761424
5.672499999999999 32.270697608100384
5.677499999999999 202.49801756713202
5.6825 -395.7480032552206
5.6875 172.99023322307872
5.6925 -26.037853032310945
5.6975 10.366147361311121
5.7025 266.7628819336888
5.7075 -404.7125603081392
5.7124999999999995 139.13556170905085
5.717499999999999 -156.76997209508897
5.7225 335.98377384563577
5.7275 -241.077281359179
5.7325 107.09967385245818
5.7375 101.19755148616166
5.7425 -93.68219069272723
5.7475 -12.938841434867117
5.7524999999999995 -116.50970728695077
5.757499999999999 41.853519236259615
5.7625 -115.6616273809427
5.7675 -14.802325131611061
5.7725 34.016027515989954
5.7775 179.68655678027258
5.7825 -91.52307784249612
5.7875 -91.82295204307735
5.7924999999999995 17.110905588687686
5.797499999999999 -94.9440103813655
5.802499999999999 261.28390974610375
5.8075 -133.3033836024811
5.8125 13.259618620513171
5.8175 1.5359307324859242
5.8225 101.68220040465633
5.8275 -154.29252926747742
5.8325 78.60840413536926
5.8374999999999995 3.730149895859712
5.842499999999999 26.05454741918425
5.8475 1.2010018656726533
5.8525 131.88969225844303
5.8575 104.90095262459359
5.8625 18.371805633355198
5.8675 -4.560520109102594
5.8725 -12.56796003508343
5.8774999999999995 75.21056454216071
5.882499999999999 -319.26602414689125
5.8875 298.6690066970047
5.8925 -84.52910965224723
5.8975 9.187959350605045
5.9025 -74.43504795348332
5.9075 -60.39638364838554
5.9125 -123.57672842040174
5.9174999999999995 34.53050153850038
5.922499999999999 102.65306774849532
5.927499999999999 -83.21023861496283
5.9325 158.08331316277616
5.9375 -10.328862370942103
5.9425 -95.08150248416491
5.9475 46.54385507243321
5.9525 -82.54418847580756
5.9575 143.76555579492822
5.9624999999999995 53.89157117816361
5.967499999999999 199.36572046633336
5.9725 -229.53750038938182
5.9775 419.21758555804786
5.9825 -248.8608358092418
5.9875 -70.50156713105217
5.9925 -29.36612522375988
5.9975 -30.859902570177688
6.0024999999999995 -39.319322046186194
6.007499999999999 74.67814502748666
6.012499999999999 163.69019626041677
6.0175 -128.56756822050525
6.0225 39.51348942917153
6.0275 -193.75071413205086
6.0325 160.7890773109042
6.0375 -78.81251588427901
6.0424999999999995 -42.592937989798216
6.047499999999999 -204.44703410735409
6.052499999999999 85.61615543864086
6.0575 55.0648671408593
6.0625 -213.01562972461312
6.0675 27.730690336062445
6.0725 -21.372250079243784
6.0775 124.37566520535594
6.0825 131.9263053784279
6.0874999999999995 -55.03323080929361
6.092499999999999 -2.7983962048840234
6.0975 -141.68070435981613
6.1025 163.88293279370433
6.1075 10.946017557383586
6.1125 -10.307114876647866
6.1175 -72.43862655615997
6.1225 -67.38488943767065
6.1274999999999995 371.5893946488085
6.132499999999999 -52.157424898885054
6.137499999999999 -70.80786699682496
6.1425 74.09718215384471
6.1475 -87.85959219988743
6.1525 123.59590580652073
6.1575 -56.677818713818304
6.1625 -229.43977232866254
6.1674999999999995 83.41184710061609
6.172499999999999 214.07670149013475
6.177499999999999 -60.169179348568434
6.1825 10.409366022479565
6.1875 264.6355813434808
6.1925 -314.83471921326685
6.1975 72.55424694891063
6.2025 -86.07939358754027
6.2075 147.46166557383697
6.2124999999999995 54.36279443289108
6.217499999999999 -106.12546600617614
6.2225 -150.9825316609909
6.2275 84.75915222942149
6.2325 -168.33185873215055
6.2375 77.68461946401824
6.2425 -21.785649321224927
6.2475 -93.83752499386895
6.2524999999999995 -59.000447097695144
6.257499999999999 -0.4809894881543306
6.262499999999999 -129.50126278264545
6.2675 311.2236064329142
6.2725 124.54247748960324
6.2775 165.63063214342836
6.2825 -258.2427627975828
6.2875 101.15178798103922
6.2924999999999995 226.55130733280453
6.297499999999999 -82.43316090794677
6.302499999999999 0.5710853526362818
6.3075 113.90038325059571
6.3125 -196.63472762475672
6.3175 71.100666557531
6.3225 136.3655474882315
6.3275 -460.9051346507688
6.3325 308.0510768492662
6.3374999999999995 -158.64619948610675
6.342499999999999 -143.98969522890374
6.3475 -272.0971718474207
6.3525 58.09479670934863
6.3575 54.6395218039646
6.3625 81.8844686030917
6.3675 49.23964485337407
6.3725 -223.1233730518651
6.3774999999999995 153.78680232365576
6.382499999999999 -79.56434700235636
6.387499999999999 245.61153299422668
6.3925 90.39462547778315
6.3975 -92.51718928967391
6.4025 73.48054383126318
6.4075 -180.4710044027498
6.4125 -64.38993699925514
6.4174999999999995 174.34215012493993
6.422499999999999 -97.02320842063276
6.427499999999999 26.884037595386584
6.4325 137.56864865278945
6.4375 80.91578546302745
6.4425 -123.3896926533739
6.4475 -60.651915193121226
6.4525 -82.90111402503491
6.4575 113.57010961261466
6.4624999999999995 32.660651784336906
6.467499999999999 -91.91576108096665
6.4725 -138.2947747415798
6.4775 79.77587827407837
6.4825 179.283667849089
6.4875 -283.6966141441384
6.4925 82.95782983324246
6.4975 146.97536918468487
6.5024999999999995 -50.029604813127406
6.507499999999999 -62.54232818120738
6.512499999999999 -9.637999608482046
6.5175 56.13769834870153
6.5225 75.39390041661883
6.5275 97.6577877615054
6.5325 -92.77562069330608
6.5375 116.84755124356474
6.5424999999999995 59.476936001684116
6.547499999999999 -79.49489881614079
6.552499999999999 136.1745191847377
6.5575 -4.610092458748908
6.5625 104.94278359577552
6.5675 73.90723810651332
6.5725 -100.16524093119251
6.5775 -99.92465791037348
6.5825 -5.286392503004456
6.5874999999999995 58.444141215807484
6.592499999999999 -6.166968776776918
6.5975 -283.1357023776007
6.6025 -51.61836418363184
6.6075 178.20962159010554
6.6125 -85.08622652221655
6.6175 129.96105029288722
6.6225 29.67143860064316
6.6274999999999995 79.55444974367782
6.632499999999999 1.9498399630376233
6.637499999999999 0.10282906489301542
6.6425 33.57710641032595
6.6475 -134.95585736523546
6.6525 194.70446874904027
6.6575 -51.23114262241043
6.6625 -171.60820610651731
6.6674999999999995 -37.379373552109726
6.672499999999999 135.2642808730234
6.677499999999999 19.756071002018835
6.6825 -114.83225589394648
6.6875 33.19286563245975
6.6925 1.3520330745140345
6.6975 -109.31570066068426
6.7025 -10.575792566806957
6.7075 -152.35025153062682
6.7124999999999995 88.64244449205968
6.717499999999999 12.297051461553306
6.722499999999999 77.84869459358566
6.7275 41.32789303383027
6.7325 -44.076882882896726
6.7375 213.47068302243514
6.7425 -56.049657998367245
6.7475 -135.99644833451475
6.7524999999999995 330.7687843479668
6.757499999999999 118.21398612490529
6.762499999999999 -75.45310738231017
6.7675 -252.46239397691673
6.7725 236.13142897890108
6.7775 -314.6614761320331
6.7825 262.6900111654205
6.7875 -76.66205672064795
6.7924999999999995 -16.759676167366894
6.797499999999999 137.80843624539224
6.802499999999999 -178.75156775575405
6.8075 -54.69993911665177
6.8125 -58.46280900810938
6.8175 55.480711288377506
6.8225 -54.63923212071926
6.8275 -6.563914818023063
6.8325 22.908309229963752
6.8374999999999995 -18.114883536670455
6.842499999999999 117.16427608759606
6.847499999999999 0.8164120599580532
6.8525 105.75830199969877
6.8575 -101.88363983714154
6.8625 92.43781884372753
6.8675 -68.46999320153553
6.8725 19.788670268851074
6.8774999999999995 -15.449949758398784
6.882499999999999 -73.71405023843975
6.887499999999999 161.76045543282066
6.8925 -146.75806441337866
6.8975 179.30625528005177
6.9025 30.348650525384805
6.9075 -56.17808189054046
6.9125 -51.906911065343635
6.9174999999999995 140.95913056789402
6.922499999999999 131.89127758832709
6.927499999999999 -217.2673328883154
6.9325 16.126445074031153
6.9375 83.6225054408598
6.9425 -202.94372185303536
6.9475 -69.05421884408558
6.9525 66.26046230816834
6.9575 -88.91343076622863
6.9624999999999995 -97.7129179766599
6.967499999999999 116.1201398375178
6.972499999999999 199.71615047900727
6.9775 -437.97959577291584
6.9825 28.196213877206105
6.9875 118.61323635030506
6.9925 -35.98751944298518
6.9975 -174.82626971194466
7.0024999999999995 193.24740136878887
7.007499999999999 4.04995704067698
7.012499999999999 -227.97260741814532
7.0175 196.12256896285714
7.0225 182.700855625079
7.0275 83.19082115294964
7.0325 -146.79597222601473
7.0375 3.7421209260333166
7.0424999999999995 260.35333847331685
7.047499999999999 -43.348935862200626
7.052499999999999 -171.50000971045145
7.0575 408.21184074991635
7.0625 -351.3120417061566
7.0675 50.41256244488103
7.0725 152.7235259916602
7.0775 -197.07493720570494
7.0825 -32.70336463474221
7.0874999999999995 -60.423251884526366
7.092499999999999 -214.99995245481168
7.097499999999999 330.55569169473716
7.1025 -302.39067228839366
7.1075 58.129898778891665
7.1125 -3.5443252324385153
7.1175 -22.68891154984384
7.1225 108.89533206286457
7.1274999999999995 -195.45326737105952
7.132499999999999 80.62961815515555
7.137499999999999 -9.860387389783556
7.1425 355.1997086923995
7.1475 4.577133407036568
7.1525 -350.4524893764874
7.1575 339.7121923528323
7.1625 -148.11717605885437
7.1674999999999995 33.35494982296587
7.172499999999999 89.4664691750628
7.177499999999999 -266.4645651670806
7.1825 90.35366164836216
7.1875 -76.34195084615196
7.1925 -137.1350911939327
7.1975 49.34274182428003
7.2025 183.60729535585926
7.2075 111.39880901256197
7.2124999999999995 -217.0497587306708
7.217499999999999 70.08843105804249
7.222499999999999 29.141714988912728
7.2275 172.51498374625692
7.2325 -73.06951626805281
7.2375 100.78072420515834
7.2425 7.071381580139038
7.2475 -212.66275855656
7.2524999999999995 -49.61901766319075
7.257499999999999 119.38585018522728
7.262499999999999 -150.51114129396655
7.2675 131.1215870343398
7.2725 57.430704152587545
7.2775 60.187411102780736
7.2825 81.54536196175269
7.2875 -214.48406679393833
7.2924999999999995 61.3294984492816
7.297499999999999 -291.01846942455074
7.302499999999999 151.88843242171762
7.3075 222.71242628152893
7.3125 17.448524404246577
7.3175 11.871186234355493
7.3225 102.54341313315861
7.3275 -7.321451316041123
7.3325 -237.9102438487963
7.3374999999999995 69.91094779834057
7.342499999999999 188.95270481655766
7.347499999999999 -283.95370707038177
7.3525 62.379859500833966
7.3575 -59.418784343568326
7.3625 -209.61273991884227
7.3675 72.68270551359583
7.3725 -189.53415771082447
7.3774999999999995 121.99803328928823
7.382499999999999 258.86389236183123
7.387499999999999 -14.906856636580427
7.3925 86.88593648210748
7.3975 -184.0517280092925
7.4025 -0.6015050540469183
7.4075 377.49840487080263
7.4125 -145.08305914306794
7.4174999999999995 85.57508209803159
7.422499999999999 18.15414331410516
7.427499999999999 94.91104530966294
7.4325 -216.074165562923
7.4375 36.401766352223376
7.4425 31.086618691552744
7.4475 -167.70366229151162
7.4525 -13.119194025864816
7.4575 -5.284722169542623
7.4624999999999995 235.29848971015883
7.467499999999999 2.20069236346082
7.472499999999999 -238.1572649037486
7.4775 288.047654515236
7.4825 -265.0872490382772
7.4875 -167.26551332360987
7.4925 -234.37783806541302
7.4975 321.04042804165596
7.5024999999999995 -37.3845369273297
7.507499999999999 194.5140975784682
7.512499999999999 29.055015681864756
7.5175 -219.1599739964984
7.5225 35.57413335945261
7.5275 116.46450038420298
7.5325 215.89346361511568
7.5375 125.38093712227524
7.5424999999999995 -224.2981174965796
7.547499999999999 70.11730227322506
7.552499999999999 -242.85311991959156
7.557499999999999 -118.75253339749518
7.5625 -160.29386811240354
7.5675 410.67239674834417
7.5725 -211.3661110862392
7.5775 -25.688643860495667
7.5825 181.87349422268676
7.5874999999999995 -155.59158394438012
7.592499999999999 58.77742300671678
7.597499999999999 -136.85477518497217
7.6025 237.91467719328946
7.6075 -53.05494596480717
7.6125 -208.15512962100271
7.6175 257.493028873039
7.6225 189.7115099452747
7.6274999999999995 -176.20547963756275
7.632499999999999 -170.69849492225288
7.637499999999999 330.5761830835306
7.6425 -78.01871457863382
7.6475 134.57848463960184
7.6525 29.036649514100276
7.6575 27.230758504576748
7.6625 -192.5792627206761
7.6674999999999995 -170.8338211444172
7.672499999999999 -123.44524183353097
7.677499999999999 125.13635906488503
7.682499999999999 -58.700772543674894
7.6875 -128.6494027175314
7.6925 241.93430769437174
7.6975 144.87745522609004
7.7025 -72.19280094626058
7.7075 -202.8628950300009
7.7124999999999995 430.51947256757626
7.717499999999999 -130.56948774398026
7.722499999999999 -91.56564423936882
7.7275 -126.81243434733754
7.7325 226.92928271538278
7.7375 -57.45807273873535
7.7425 279.47410707771394
7.7475 -33.470171383140276
7.7524999999999995 -118.23906323302639
7.757499999999999 10.039928762426747
7.762499999999999 -155.93982597022531
7.7675 293.2433246471258
7.7725 17.185752291599208
7.7775 -193.81615793919673
7.7825 75.72203106966533
7.7875 179.50589299196614
7.7924999999999995 -172.66229889408493
7.797499999999999 101.47220612196791
7.802499999999999 16.389810188611516
7.807499999999999 -59.65260892203139
7.8125 -103.02353386764204
7.8175 179.4258664657739
7.8225 0.31164759085726523
7.8275 306.9009810735872
7.8325 -239.18682310602975
7.8374999999999995 -139.11889245481433
7.842499999999999 153.6963589116509
7.847499999999999 -155.1911080094958
7.8525 9.552285474478722
7.8575 115.55833145429433
7.8625 -117.22793988561126
7.8675 0.6165146331649584
7.8725 -129.54269215797697
7.8774999999999995 279.5442623989558
7.882499999999999 -174.23236905691243
7.887499999999999 71.04363757824744
7.8925 -109.08498241362383
7.8975 3.2903574377312186
7.9025 14.100656124845063
7.9075 10.280417700338479
7.9125 35.853530382364816
7.9174999999999995 -191.68740807746292
7.922499999999999 134.10102506975778
7.927499999999999 -229.7000167033391
7.932499999999999 354.0121031800499
7.9375 -4.512662042136347
7.9425 -1.8047909632228412
7.9475 -8.24814663621645
7.9525 123.27071475088543
7.9575 -178.79142055156981
7.9624999999999995 -41.44011867843361
7.967499999999999 -86.06555642619006
7.972499999999999 2.135496198317088
7.9775 48.75023030666366
7.9825 -45.197615514793235
7.9875 -41.29037790219571
7.9925 66.17531267160878
7.9975 100.16775287902506
8.0025 -114.13284961399707
8.0075 183.72329517247454
8.0125 -175.96635368465027
8.0175 325.85587572270475
8.022499999999999 -241.87030447417564
8.0275 130.3893867425193
8.032499999999999 80.78374437913381
8.0375 200.07463398854563
8.0425 -42.501511773269435
8.0475 103.00397225482475
8.0525 -136.7259300250679
8.0575 7.002157350718195
8.0625 -228.13920943038443
8.067499999999999 -39.258085258218024
8.0725 187.40191559683944
8.077499999999999 -371.19242892745757
8.0825 248.36452623547922
8.0875 132.96538727103265
8.0925 -74.77409485546582
8.0975 -134.54213408001016
8.1025 205.8889728738721
8.1075 -437.3539364949866
8.112499999999999 254.7794590509773
8.1175 -217.23742952442674
8.1225 -156.01628984646644
8.1275 151.00836169553932
8.1325 -69.20954827660134
8.1375 -62.096159402069475
8.1425 64.85478353821973
8.147499999999999 -91.91002347105098
8.1525 319.5155224113719
8.157499999999999 -358.3178341440853
8.1625 173.15457882455655
8.1675 114.62505112011522
8.1725 -234.8675105177155
8.1775 222.8052825582486
8.1825 -270.62054114375366
8.1875 97.47751806873369
8.192499999999999 220.40267195925514
8.1975 86.92784982517752
8.202499999999999 -72.67547336709124
8.2075 -182.81925508216824
8.2125 -58.4820357055144
8.2175 257.8634070937493
8.2225 4.747941681842588
8.2275 51.03313455145567
8.2325 -210.53309734067807
8.237499999999999 -81.26191871590434
8.2425 230.58549186751517
8.2475 -89.83593617320939
8.2525 -88.34620636557257
8.2575 271.70515258426514
8.2625 -42.707641765021286
8.2675 39.58889076069039
8.272499999999999 151.11095022399246
8.2775 -133.46399957329547
8.282499999999999 -87.7925233243428
8.2875 -25.469331208625622
8.2925 80.87628485308772
8.2975 270.36165051026626
8.3025 7.059822935743704
8.3075 -189.61487031852528
8.3125 -4.870296568572805
8.317499999999999 -82.16631441328333
8.3225 111.36099557889825
8.327499999999999 -65.22163200510033
8.3325 37.61710790039723
8.3375 -158.33273958212752
8.3425 68.55197717853743
8.3475 69.01595065443921
8.3525 127.55104569847173
8.3575 -143.11613372406546
8.362499999999999 7.071239995232394
8.3675 21.27958170516973
8.3725 -76.25433084245735
8.3775 141.38322789173384
8.3825 -210.50584935171136
8.3875 283.3606873734815
8.3925 -82.00733430079552
8.397499999999999 -153.8795770179943
8.4025 -98.1748168915597
8.407499999999999 188.27769337917084
8.4125 -153.78752959110838
8.4175 -142.65866289027937
8.4225 110.57480890296154
8.4275 117.47500531743131
8.4325 -18.125970286203845
8.4375 -81.18419294444509
8.442499999999999 127.02907688682319
8.4475 -396.57659523572335
8.452499999999999 -208.80872949928738
8.4575 302.53691054879044
8.4625 -72.75128840023324
8.4675 145.0640133414347
8.4725 21.043010168982608
8.4775 256.0759147533582
8.4825 -275.73169706056547
8.487499999999999 96.51377461026367
8.4925 92.620746016773
8.4975 -79.17089544207366
8.5025 -76.93707984235843
8.5075 109.79209901809898
8.5125 -246.90513349419598
8.5175 129.94476559431027
8.522499999999999 122.08586284127637
8.5275 -46.92092225889098
8.532499999999999 251.9051102578195
8.5375 -236.16797025375675
8.5425 7.331360943661312
8.5475 105.62325434189071
8.5525 -143.99257271843766
8.5575 -69.78750128671675
8.5625 97.44290108539731
8.567499999999999 -148.2772659548948
8.5725 126.76015188362318
8.577499999999999 64.1703201240541
8.5825 -252.17040826625492
8.5875 198.35534346612127
8.5925 45.16137109453736
8.5975 -58.9851824091554
8.6025 127.15481796870914
8.6075 28.43487553426065
8.612499999999999 186.22759429493485
8.6175 -122.72183480655372
8.6225 -67.87214619619185
8.6275 47.53871799860898
8.6325 -272.605797334294
8.6375 298.299379034201
8.6425 -162.797636850698
8.647499999999999 -96.0406604864763
8.6525 215.3718612662599
8.657499999999999 115.26857978503119
8.6625 -102.5720206530318
8.6675 -34.396041405421116
8.6725 228.17451881128474
8.6775 -198.31782188684693
8.6825 -1.5678375688581387
8.6875 -28.155960867177
8.692499999999999 32.80311462266919
8.6975 19.15259007533422
8.702499999999999 -129.23656716798573
8.7075 85.97681058563556
8.7125 -107.09639055637031
8.7175 92.80683279648977
8.7225 199.869700626107
8.7275 -166.6608989281652
8.7325 -5.263486538897869
8.737499999999999 -6.536392746796677
8.7425 293.20249845507686
8.747499999999999 -298.88783195993966
8.7525 131.81205320115987
8.7575 -68.45616998814081
8.7625 261.520839455261
8.7675 -76.36073716317938
8.772499999999999 -52.04161897200953
8.7775 -80.01535730106214
8.782499999999999 5.346573062305688
8.7875 11.988532752389926
8.7925 78.12097954083652
8.7975 -79.97826455562678
8.8025 231.45985524820955
8.8075 -186.2421825734257
8.8125 -58.54993514233293
8.817499999999999 136.92234513423844
8.8225 21.5918064255814
8.827499999999999 33.397644909465605
8.8325 -46.078203894338394
8.8375 51.26637700015387
8.8425 133.90739586731908
8.8475 -137.3699479211018
8.8525 -16.68843951771745
8.8575 -26.75500032213315
8.862499999999999 95.20005957946805
8.8675 7.93292067106205
8.872499999999999 -60.828474137603145
8.8775 -121.32736163982521
8.8825 2.6388081720721654
8.8875 -227.2617685517379
8.8925 138.95199503540476
8.897499999999999 166.75498946736099
8.9025 109.13034011219227
8.907499999999999 -91.29835798935409
8.9125 12.309219407909803
8.9175 -6.956884129389591
8.9225 -224.09687902650023
8.9275 123.993298058982
8.9325 10.48108456741187
8.9375 81.11775791136822
8.942499999999999 50.330871045983145
8.9475 -220.94494609923433
8.952499999999999 24.605476691299494
8.9575 -78.14215266885054
8.9625 22.628567431026845
8.9675 328.5793811438745
8.9725 -396.1408379474342
8.9775 -28.117477142143
8.9825 -11.446738369445706
8.987499999999999 271.00095978706287
8.9925 -173.0852943294413
8.997499999999999 226.8281839864771
9.0025 -256.6978988272569
9.0075 -56.19933567984424
9.0125 -16.846799077770545
9.0175 74.32688208501814
9.022499999999999 48.89007066619537
9.0275 -145.1032565721203
9.032499999999999 316.84987034628875
9.0375 -97.27933525358189
9.0425 -55.35898030948636
9.0475 90.64332778770955
9.0525 -69.50078764006011
9.0575 -160.80367582008884
9.0625 336.77461555302796
9.067499999999999 -17.53508410015519
9.0725 -90.39632870736642
9.077499999999999 223.45688235235016
9.0825 28.513706977257353
9.0875 -8.540564470329402
9.0925 -102.24879731179605
9.0975 28.80154040788754
9.1025 -291.56924839618046
9.1075 66.3434213262095
9.112499999999999 -116.04035134766028
9.1175 -121.49798355810334
9.122499999999999 249.26724041471505
9.1275 190.99426364002034
9.1325 -296.02587215862627
9.1375 -56.35912635276412
9.1425 104.46729134557759
9.147499999999999 177.59194717128338
9.1525 -99.07770673608398
9.157499999999999 172.98420796947724
9.1625 56.794719949953034
9.1675 -55.47027788871188
9.1725 -225.28037515536062
9.1775 -151.44592011226914
9.1825 93.21953095633094
9.1875 -158.6695686276031
9.192499999999999 98.63928828315548
9.1975 -40.90607514803672
9.202499999999999 268.7874900436999
9.2075 -141.02930641631568
9.2125 -47.12425213278653
9.2175 -33.52979178728577
9.2225 111.60126832349995
9.2275 6.871628962072487
9.2325 172.74345704685442
9.237499999999999 -136.09411764276118
9.2425 -157.8945215323708
9.247499999999999 73.01672325653381
9.2525 42.29546020587107
9.2575 126.77088496695504
9.2625 -26.124916959968875
9.2675 -30.29205788025592
9.272499999999999 126.87166052436379
9.2775 -80.54457352301561
9.282499999999999 75.99702211765742
9.2875 100.37069484185668
9.2925 64.10566424480876
9.2975 -69.6214758776941
9.3025 -4.02832823558887
9.3075 75.68026281493889
9.3125 -60.7883585182252
9.317499999999999 -20.62033198382138
9.3225 271.90277458633875
9.327499999999999 -122.86978603378572
9.3325 -161.25137018975425
9.3375 10.27398453483123
9.3425 -57.11822725050898
9.3475 237.04256706532877
9.3525 -155.85221267733948
9.3575 -181.3958059590065
9.362499999999999 168.6174983862347
9.3675 175.75967610406107
9.372499999999999 -117.07370892038236
9.3775 -84.52883016679955
9.3825 -165.45879596351597
9.3875 110.08851544156424
9.3925 62.00546347943648
9.397499999999999 218.40343465393724
9.4025 -325.8769821373846
9.407499999999999 196.50711514831474
9.4125 -42.56404440525306
9.4175 42.45334737762042
9.4225 -6.576211791191848
9.4275 104.37989227223451
9.4325 -64.7315371665987
9.4375 -29.176907259620723
9.442499999999999 97.39676651202511
9.4475 -70.14600269174518
9.452499999999999 -95.70383657279568
9.4575 -81.66167422572929
9.4625 157.78651025922827
9.4675 -120.11949163967967
9.4725 194.9559032134361
9.4775 -89.82156425250918
9.4825 -252.860044398139
9.487499999999999 21.43797758254089
9.4925 99.36014757132007
9.497499999999999 -163.8460994012903
9.5025 67.77332677374794
9.5075 136.96319659050863
9.5125 -226.60307082730716
9.5175 81.74853630278612
9.522499999999999 -73.37719079694799
9.5275 103.59542083296539
9.532499999999999 10.441212626053437
9.5375 14.312796106398064
9.5425 -27.25375736733026
9.5475 414.0356645574873
9.5525 -67.95128794830202
9.5575 -144.36700347813937
9.5625 -33.66149890975463
9.567499999999999 338.6979228203633
9.5725 -232.37067200532306
9.577499999999999 -115.88863009332769
9.5825 122.9199015641891
9.5875 -196.35675197745934
9.5925 25.883122046036288
9.5975 -102.42138720764272
9.6025 -237.5699582104652
9.6075 16.5941142317991
9.612499999999999 156.25084392931836
9.6175 -131.84509985524357
9.622499999999999 215.4395047712537
9.6275 100.28585403408513
9.6325 -34.59900731662915
9.6375 224.14787696246495
9.6425 -120.98591042611949
9.647499999999999 -307.21807889384337
9.6525 305.811083884284
9.657499999999999 97.34919529923776
9.6625 -65.01015836738307
9.6675 -212.31647003398993
9.6725 -118.64937721357067
9.6775 230.951024884292
9.6825 -132.25358454826727
9.6875 243.32777463453783
9.692499999999999 207.07597314693155
9.6975 -228.45993286376807
9.702499999999999 172.6285125378147
9.7075 -110.75893948192123
9.7125 -39.1165916383115
9.7175 32.7157506823838
9.7225 127.92452931304516
9.7275 -159.5785784665586
9.7325 297.3837983923662
9.737499999999999 -211.2664913669531
9.7425 230.40843520471603
9.747499999999999 -252.64453111670989
9.7525 -178.70197705007197
9.7575 125.29508442980845
9.7625 -67.2854707136865
9.7675 258.4420493434009
9.772499999999999 0.8037898839568219
9.7775 -151.63865480337387
9.782499999999999 7.7410818729284046
9.7875 -144.54511544851408
9.7925 155.45192846105087
9.7975 96.75764197984645
9.8025 13.249650569381322
9.8075 80.0686411227129
9.8125 -144.35430215406996
9.817499999999999 -108.81280885264016
9.8225 69.97093216517358
9.827499999999999 -28.84822816243772
9.8325 21.08196384800739
9.8375 30.811945880639396
9.8425 -16.312697387030966
9.8475 -206.39434024663845
9.8525 -55.898985669762624
9.8575 74.51696719091825
9.862499999999999 233.14059046363963
9.8675 0.9241536342490009
9.872499999999999 87.34344573856339
9.8775 -230.80707750979172
9.8825 52.667022795107854
9.8875 -31.501534576316388
9.8925 -14.548628927282305
9.897499999999999 -23.667289308478615
9.9025 104.1090927164508
9.907499999999999 -134.03146214187066
9.9125 161.84806846253755
9.9175 -217.045856724331
9.9225 -142.99375541529676
9.9275 -2.5837171690944127
9.9325 460.29554662493257
9.9375 -57.90522326972129
9.942499999999999 15.22372286814167
9.9475 28.657030904464243
9.952499999999999 20.321896922760562
9.9575 107.44801900764406
9.9625 -457.6924947625224
9.9675 57.003750756644884
9.9725 222.82071406302012
9.9775 -24.63260349095478
9.9825 6.630340122072013
9.987499999999999 -232.30004166408773
9.9925 72.18675569181725
9.997499999999999 209.9504641335743
10.0025 6.8447330931896495
