0.0075 190.68351924507311
0.012499999999999999 251.6051176312011
0.017499999999999998 -277.83406475924875
0.0225 -113.0190337863851
0.0275 1.9389813481063638
0.0325 250.49257922577658
0.0375 -10.392725058907468
0.042499999999999996 6.6552614341620115
0.0475 61.12230920241963
0.0525 -268.59962187321537
0.057499999999999996 358.735745681251
0.0625 -124.88750911716564
0.06749999999999999 -83.33761502883742
0.0725 -49.631870572587715
0.0775 40.485826670404464
0.08249999999999999 -210.3207947207007
0.0875 -237.225191857226
0.0925 277.1367351456531
0.09749999999999999 14.745004561107129
0.1025 271.37947782406025
0.1075 -312.6638375124245
0.11249999999999999 -201.03319525521422
0.1175 450.0750095699562
0.1225 -11.061024799326864
0.1275 67.91318664633368
0.1325 -98.55150709411986
0.13749999999999998 -9.17298296367353
0.1425 68.78779578829722
0.1475 -203.48425855146493
0.1525 -105.10682339490855
0.1575 96.50397761896328
0.1625 172.53505643321685
0.16749999999999998 102.1272356163458
0.1725 -73.72508228172319
0.1775 140.92638234742395
0.1825 -42.96615764589329
0.1875 -281.99160869665366
0.1925 -53.190135865444276
0.19749999999999998 12.173186313888143
0.20249999999999999 130.90662877627148
0.2075 -200.26907664627512
0.2125 171.66642039884832
0.2175 -78.48212750462639
0.2225 73.83675013969155
0.22749999999999998 140.81404419808533
0.23249999999999998 -73.79337041911256
0.2375 8.049549066765621
0.2425 16.44639801445861
0.2475 24.715008933064475
0.2525 -244.22145843368713
0.2575 -107.57431146142133
0.2625 92.57945269979973
0.2675 141.33754675849949
0.27249999999999996 -36.91920997340772
0.27749999999999997 -175.24689294219223
0.2825 41.72551832241577
0.2875 469.48636320106067
0.2925 -282.9252603622515
0.2975 -53.031506557195435
0.3025 -141.43057935843004
0.3075 187.96462401794528
0.3125 221.16309686009535
0.3175 8.442729563007713
0.3225 -187.06773100477358
0.32749999999999996 -28.65847412310371
0.33249999999999996 -170.57714586733155
0.33749999999999997 232.9928221388428
0.34249999999999997 -145.48066035169256
0.3475 -54.45094024819067
0.3525 100.93977037305795
0.3575 -2.0992623048200665
0.3625 26.42474694816289
0.3675 75.35356635054653
0.3725 74.95514365997751
0.3775 156.84832302443994
0.3825 -212.71675428317468
0.38749999999999996 179.73487410999013
0.39249999999999996 -188.222087091347
0.39749999999999996 -84.74350893942018
0.40249999999999997 1.984007716939741
0.4075 141.35438970425716
0.4125 -5.3874068862547935
0.4175 -216.427097654593
0.4225 55.30810329966406
0.4275 114.12949039366092
0.4325 302.28435044491147
0.4375 -185.45014831583936
0.4425 167.28388093880372
0.44749999999999995 -147.42878563729667
0.45249999999999996 160.53730697710856
0.45749999999999996 -4.754761837322364
0.46249999999999997 -375.45910522137547
0.46749999999999997 -48.98660565038256
0.4725 -75.36279726538932
0.4775 30.194065729473788
0.4825 -39.57049669701493
0.4875 131.88598499714212
0.4925 -147.82770742782006
0.4975 23.285961284788485
0.5025 236.1231373141174
0.5075 -1.8875558941475408
0.5125 111.93579121927863
0.5175 -36.341831855910456
0.5225 262.5234085281551
0.5275 -241.32789896353552
0.5325 44.488138597157295
0.5375 -106.23002534126422
0.5425 9.760127051428684
0.5475 116.07318397957795
0.5525 21.93073588841038
0.5575 -397.8850659668402
0.5625 96.6542113106847
0.5675 86.12403612442877
0.5725 -394.34638991954307
0.5775 439.1959906548979
0.5825 -212.26652003686957
0.5875 -374.6479200261517
0.5925 126.37733001416268
0.5974999999999999 190.15835149944007
0.6024999999999999 -141.32271657837967
0.6074999999999999 140.4198750418097
0.6124999999999999 -39.53208504738299
0.6174999999999999 108.53762769796232
0.6224999999999999 -151.206582670192
0.6275 97.92569423499363
0.6325 -128.4086807434954
0.6375 71.17939950954015
0.6425 567.9301931587374
0.6475 -446.66424689169963
0.6525 -52.318348588243325
0.6575 105.29423023018613
0.6625 61.629557657649755
0.6675 -130.03320622465012
0.6725 -148.92363316033692
0.6775 136.2058023435437
0.6825 11.915286248409345
0.6875 297.0657622431424
0.6925 97.66421171609863
0.6975 -180.69915940047628
0.7025 235.87419407299762
0.7075 -177.02080431622682
0.7125 -143.19075133838732
0.7174999999999999 232.93218853415718
0.7224999999999999 -79.95534056444563
0.7274999999999999 22.79314462119957
0.7324999999999999 -147.38871552970272
0.7374999999999999 104.21998896299485
0.7424999999999999 124.48771985592008
0.7474999999999999 269.4965150508677
0.7525 -173.72904678667135
0.7575 34.41462565802263
0.7625 15.688598594190005
0.7675 -6.6088825330719265
0.7725 -1.1729392289308351
0.7775 -2.8892154550762656
0.7825 -471.1614872345938
0.7875 219.194470744511
0.7925 172.80833540256899
0.7975 -80.16663287874158
0.8025 -223.4757351195429
0.8075 -3.137425737714405
0.8125 -40.79755492255148
0.8175 20.87208981709087
0.8225 101.59206216996996
0.8275 65.98198545556482
0.8325 -95.12842866980323
0.8374999999999999 76.3577025617695
0.8424999999999999 -154.3005728955055
0.8474999999999999 31.771976748636853
0.8524999999999999 -127.08065037332847
0.8574999999999999 3.1774340006000528
0.8624999999999999 153.6944189615778
0.8674999999999999 -145.69876716333542
0.8724999999999999 -9.811901138482444
0.8775 148.27833705260866
0.8825 15.222449656657766
0.8875 -0.7288864681319515
0.8925 183.6654814891103
0.8975 -286.380015245748
0.9025 230.5946354102595
0.9075 -128.82828972052704
0.9125 318.4187961188439
0.9175 -81.3088971405835
0.9225 -41.971542098550685
0.9275 -5.384180303080255
0.9325 -118.24049105628104
0.9375 137.93202236815543
0.9425 13.931015563661516
0.9475 247.36744874240864
0.9524999999999999 -175.80596436811257
0.9574999999999999 -29.290167026697414
0.9624999999999999 -32.34213416747978
0.9674999999999999 54.92588760703321
0.9724999999999999 230.35756964274398
0.9774999999999999 -132.93735214367237
0.9824999999999999 -99.7663322991177
0.9874999999999999 -130.88259381727732
0.9924999999999999 -119.22064349487482
0.9974999999999999 84.29035433993498
1.0025 65.47746172028069
1.0075 -160.64753609030996
1.0125 121.57949593630838
1.0174999999999998 184.77117986979772
1.0225 34.14309944336456
1.0274999999999999 7.746645791322934
1.0325 149.67641510790813
1.0374999999999999 -324.6822560621742
1.0425 313.79853296885506
1.0474999999999999 -90.99455888673253
1.0525 -255.34931838161586
1.0574999999999999 47.01345931164828
1.0625 -25.136524832463266
1.0675 330.42771762412843
1.0725 -379.08533192734336
1.0775 425.0068652800874
1.0825 -557.2091388528985
1.0875 33.41834972829493
1.0925 -30.349897156802598
1.0975 181.30895730356724
1.1025 -67.91999189421644
1.1075 -224.25200213454238
1.1125 12.79773891694829
1.1175 46.01527124551816
1.1225 -59.74621904626981
1.1275 -74.21701974712265
1.1324999999999998 281.1074684406372
1.1375 -230.09180802926923
1.1424999999999998 45.10554157363346
1.1475 123.32358207474275
1.1524999999999999 35.156744475864194
1.1575 -266.24966454301705
1.1624999999999999 211.61498682451779
1.1675 -178.6706725745793
1.1724999999999999 230.5206486119622
1.1775 -89.55736155333297
1.1824999999999999 -30.162212151922173
1.1875 -91.76616610033894
1.1925 -16.038415842585927
1.1975 69.10559653287609
1.2025 111.99860320512545
1.2075 -25.71519287267412
1.2125 -168.6861160111763
1.2175 -67.93261663611514
1.2225 223.07156876617182
1.2275 -206.82915460050285
1.2325 155.37086715446287
1.2375 50.06049624491938
1.2425 17.896654055390805
1.2475 -342.5892231832184
1.2525 234.70688112528356
1.2574999999999998 -48.21038179509438
1.2625 93.15625513517195
1.2674999999999998 130.1276249355533
1.2725 -101.83917059702075
1.2774999999999999 208.18695859225554
1.2825 -271.2412404267337
1.2874999999999999 159.55654332857858
1.2925 -151.8595493639313
1.2974999999999999 -376.1484717366482
1.3025 317.186033705851
1.3074999999999999 146.50264231403898
1.3125 -301.6885861588079
1.3175 52.33960690898785
1.3225 41.48698459837748
1.3275 -78.81657816052241
1.3325 171.9727203962056
1.3375 240.32380990890258
1.3425 -19.918714163420333
1.3475 -3.5312725777922243
1.3525 47.56344509199804
1.3575 -95.97703465058524
1.3625 -160.83414394459024
1.3675 153.9764289892076
1.3724999999999998 40.59577761400303
1.3775 30.238916169849748
1.3824999999999998 78.89759288620245
1.3875 33.118451052999355
1.3924999999999998 -190.47714029547424
1.3975 219.90820272610995
1.4024999999999999 107.96478473845406
1.4075 -111.90072882245805
1.4124999999999999 -171.23058231768493
1.4175 97.55953546819497
1.4224999999999999 125.07823767120095
1.4275 -73.85698888627242
1.4324999999999999 53.45939140887244
1.4375 -372.5960748486862
1.4425 323.2435855088724
1.4475 -15.94867522331932
1.4525 -14.991046232732105
1.4575 -94.89364984064967
1.4625 85.96808758690767
1.4675 221.7454163697852
1.4725 -75.79245745494778
1.4775 -143.12472119077304
1.4825 -124.37949092559013
1.4874999999999998 -5.111806963951123
1.4925 -77.03658337254363
1.4974999999999998 -2.936465700406812
1.5025 258.95511146437946
1.5074999999999998 -136.21422740209977
1.5125 165.57846384570342
1.5174999999999998 40.46476517537852
1.5225 -124.27687114582166
1.5274999999999999 60.70866751602354
1.5325 48.024497589693404
1.5374999999999999 -161.28258107578148
1.5425 -311.47103437999243
1.5474999999999999 130.5172539665256
1.5525 -7.335821986688711
1.5574999999999999 138.80854980375008
1.5625 28.90278366590274
1.5675 36.171246847080596
1.5725 -17.761241974349538
1.5775 190.2445658354179
1.5825 94.54781844258302
1.5875 57.357952340481056
1.5925 -658.7873483345488
1.5975 450.0599431134442
1.6025 57.37733401151415
1.6075 89.4010873442097
1.6124999999999998 -244.2102805290013
1.6175 56.788807530048054
1.6224999999999998 -146.92768612508462
1.6275 226.2205964395774
1.6324999999999998 -34.85530244613552
1.6375 -149.45438089411977
1.6424999999999998 86.05755740530265
1.6475 -26.873708936971592
1.6524999999999999 19.536649069233395
1.6575 -286.5205640561509
1.6624999999999999 4.757606628111564
1.6675 132.82610515868163
1.6724999999999999 -49.522678871471804
1.6775 -145.06846879212145
1.6824999999999999 161.09332281389356
1.6875 -296.0594915835283
1.6925 165.42588809816857
1.6975 208.27663560687134
1.7025 87.09166086468208
1.7075 -204.45984586370318
1.7125 434.0445648194506
1.7175 -215.96086329405742
1.7225 189.28264876960975
1.7274999999999998 -124.96926229497957
1.7325 -54.61165859173492
1.7374999999999998 -228.0079065354557
1.7425 713.4424667818146
1.7474999999999998 -684.7991754030121
1.7525 409.3499002295168
1.7574999999999998 -267.6513438025219
1.7625 145.34466778569254
1.7674999999999998 198.39678705257725
1.7725 -107.00917478021583
1.7774999999999999 -179.00842442205328
1.7825 139.7096385033857
1.7874999999999999 -74.1538863826175
1.7925 131.8288939099813
1.7974999999999999 -38.68817284968752
1.8025 -108.11894254270888
1.8074999999999999 -18.35915431139038
1.8125 -66.28628365814072
1.8175 -197.37502088878745
1.8225 -47.75892779350272
1.8275 148.46793608541844
1.8325 219.80632738556952
1.8375 -68.61379859637569
1.8425 -280.68440722948606
1.8475 219.77012823037674
1.8524999999999998 -197.0357745047246
1.8575 7.59019091670075
1.8624999999999998 -19.16113754035815
1.8675 45.58627345226086
1.8724999999999998 93.53985246490294
1.8775 28.23838341526984
1.8824999999999998 -20.273266125901877
1.8875 126.21666321884072
1.8924999999999998 -21.717576785015417
1.8975 130.3792088470288
1.9024999999999999 -71.55040561852017
1.9075 -284.4473042437958
1.9124999999999999 228.0616016408647
1.9175 -14.340602704402746
1.9224999999999999 327.91027271810196
1.9275 -238.1780993990886
1.9324999999999999 -98.31758497300274
1.9375 -145.5450453313779
1.9425 -4.70658040148244
1.9475 -73.19995327846921
1.9525 -149.66709049771546
1.9575 231.21979205190135
1.9625 163.83285575176296
1.9674999999999998 -240.00397812489038
1.9725 338.5928472464416
1.9774999999999998 -222.3421717831314
1.9825 226.99601329543862
1.9874999999999998 -219.8832765865141
1.9925 140.41542465712564
1.9974999999999998 -229.0586748080953
2.0025 316.01613403742033
2.0075 -335.3816783062091
2.0124999999999997 7.894009099072704
2.0175 105.34628071045216
2.0225 -84.41495576859003
2.0275 186.63367997251083
2.0324999999999998 88.43235775482196
2.0375 14.154779850268227
2.0425 42.300408892778556
2.0475 -65.66025223461368
2.0524999999999998 -195.0020996315166
2.0575 100.40640917401181
2.0625 -156.637797354254
2.0675 163.5547898375084
2.0725 -135.68060283670545
2.0775 164.79274332425547
2.0825 175.07000451015801
2.0875 -132.06593204475482
2.0925 -129.51544949818197
2.0974999999999997 -167.19287493733006
2.1025 228.9316227664261
2.1075 -9.253435124556919
2.1125 -68.9127767312812
2.1174999999999997 -275.9411970296852
2.1225 391.70848239393155
2.1275 -180.31422074784197
2.1325 -290.18714433559103
2.1374999999999997 -0.6523028500088182
2.1425 140.83082108843115
2.1475 -114.95442110164053
2.1525 330.58704577758095
2.1574999999999998 80.14237238393892
2.1625 -407.0017412315888
2.1675 92.01144605096411
2.1725 379.3462837588114
2.1774999999999998 39.507021132662594
2.1825 -204.74051507009548
2.1875 75.35269185855844
2.1925 -53.23488570331288
2.1975 84.10125060757748
2.2024999999999997 120.0913229006102
2.2075 -95.7550095778066
2.2125 243.61109044081178
2.2175 99.44286417784238
2.2224999999999997 -52.90585416325287
2.2275 -367.9269343947529
2.2325 -77.14684835896546
2.2375 -21.904149440445735
2.2424999999999997 185.69097101779914
2.2475 8.93127706664554
2.2525 -197.72810854621568
2.2575 -17.966605486472027
2.2624999999999997 292.85623482253465
2.2675 -10.100126448271201
2.2725 -83.8948715099461
2.2775 81.09622707092973
2.2824999999999998 -148.33618251362614
2.2875 53.98694690303154
2.2925 -136.7772466257609
2.2975 -166.3415218836876
2.3024999999999998 219.0468729449836
2.3075 -49.984405089958116
2.3125 164.607692821708
2.3175 -64.8901028537487
2.3225 322.5118905508213
2.3274999999999997 -160.93727479850125
2.3325 -66.86854582989086
2.3375 -57.80681284475514
2.3425 343.1730927581502
2.3474999999999997 -170.89457446631272
2.3525 35.727788264251046
2.3575 -232.278021781684
2.3625 129.53003815497826
2.3674999999999997 115.34490215860599
2.3725 -131.2070628852875
2.3775 -23.20968437365352
2.3825 187.59543898890357
2.3874999999999997 -69.54491522106372
2.3925 -62.2396396516454
2.3975 53.14436732721527
2.4025 13.53786464925662
2.4074999999999998 -232.71747424194945
2.4125 266.12880610085074
2.4175 -257.76652268696023
2.4225 -78.0513358858674
2.4274999999999998 -2.3430659875117774
2.4325 -83.47151551665081
2.4375 107.81277360349938
2.4425 -86.55267753755453
2.4475 294.9707599202555
2.4524999999999997 -114.17359330257347
2.4575 187.41115269615307
2.4625 -249.30268841987106
2.4675 -213.88936748687001
2.4724999999999997 53.01497178230332
2.4775 165.26523676402365
2.4825 -7.086651778779124
2.4875 -3.5322048538736084
2.4924999999999997 114.67941495432872
2.4975 66.95718755422104
2.5025 -87.81571448137414
2.5075 123.79234752865352
2.5124999999999997 167.2661617061633
2.5175 -218.84879178707104
2.5225 92.09383413522974
2.5275 238.92578651050886
2.5324999999999998 -317.52617465059205
2.5375 -20.115618602397173
2.5425 14.23624969378827
2.5475 -86.68568205838058
2.5524999999999998 86.23559038386577
2.5574999999999997 -4.003477584367707
2.5625 78.64351446183876
2.5675 -70.8450854054442
2.5725 -39.738156878792154
2.5774999999999997 270.37043908741225
2.5825 -43.43403983894364
2.5875 -166.81574195862945
2.5925 -52.74400572280099
2.5974999999999997 -73.5452293170178
2.6025 -87.1850895668108
2.6075 -180.264382745567
2.6125 78.55486221074975
2.6174999999999997 133.97846685210098
2.6225 -218.00069183087697
2.6275 98.87922241153119
2.6325 24.424000171416942
2.6374999999999997 18.85974284814822
2.6425 -124.562263256592
2.6475 329.239469617631
2.6525 -186.815456274748
2.6574999999999998 81.85230198604854
2.6625 49.12638528367412
2.6675 -45.71180399896964
2.6725 -1.3036098028374028
2.6774999999999998 235.31268392601106
2.6824999999999997 -121.80504194264408
2.6875 2.061798293758216
2.6925 -0.7680391686913948
2.6975 147.67811705264936
2.7024999999999997 -50.83301931944257
2.7075 -292.1072625871226
2.7125 229.50974974767973
2.7175 90.11908039331392
2.7224999999999997 -132.9076585583501
2.7275 171.22166960702475
2.7325 -55.071819143993764
2.7375 14.22682745510322
2.7424999999999997 30.875541353410362
2.7475 -155.8270469470672
2.7525 11.943844358308143
2.7575 102.367393092938
2.7624999999999997 -159.08843704714906
2.7675 11.974601376547943
2.7725 106.6475600862551
2.7775 12.821630448852982
2.7824999999999998 32.173984984857476
2.7875 -58.78494266532268
2.7925 205.72727111722568
2.7975 -25.76140744941362
2.8024999999999998 -88.18184734247718
2.8074999999999997 -143.8650062965657
2.8125 -144.35305315413143
2.8175 8.743121943293733
2.8225 155.44389522819714
2.8274999999999997 -59.75896339846603
2.8325 35.65803846994614
2.8375 84.17865332267623
2.8425 59.64876060216178
2.8474999999999997 -36.293424160547325
2.8525 -66.02502318806539
2.8575 -2.841519072546857
2.8625 73.8679109249258
2.8674999999999997 -37.295037634009915
2.8725 113.78418888631832
2.8775 -248.53888936385556
2.8825 160.9798006015601
2.8874999999999997 -160.85852562870423
2.8925 -18.829154488323
2.8975 167.37418552917612
2.9025 -28.196177099342343
2.9074999999999998 160.37205521906975
2.9125 200.88083719776296
2.9175 -212.75437981419276
2.9225 -91.21087289265346
2.9274999999999998 -23.323938277967947
2.9324999999999997 -184.48404344218847
2.9375 186.64019472039925
2.9425 -290.55430988818614
2.9475 202.7562899509132
2.9524999999999997 167.78753874948336
2.9575 -104.79857367733013
2.9625 161.45197271201414
2.9675 -71.8734751374921
2.9724999999999997 -47.83193283995199
2.9775 142.44236447712004
2.9825 -76.2452120704925
2.9875 42.2453333592019
2.9924999999999997 21.634378743755946
2.9975 136.94769804344162
3.0025 -92.12991667367206
3.0075 160.85748492700662
3.0124999999999997 -62.25262388235912
3.0175 71.85087392305446
3.0225 -238.2845901312582
3.0275 -5.725757574723305
3.0324999999999998 -80.89205709588505
3.0374999999999996 -43.92590251501102
3.0425 244.2730929753938
3.0475 -52.70336498263663
3.0524999999999998 -138.96492886926043
3.0574999999999997 60.55628537861137
3.0625 22.423743020542386
3.0675 -59.55653724681844
3.0725 190.78418321883797
3.0774999999999997 -63.91391380565728
3.0825 81.91458987088872
3.0875 -106.32358645028171
3.0925 -69.57433863054067
3.0974999999999997 -86.94484317200238
3.1025 -213.25146780887678
3.1075 79.46263824777482
3.1125 168.14432610210463
3.1174999999999997 219.33143739756275
3.1225 -132.1388051119649
3.1275 142.17798765877308
3.1325 -22.2310826746721
3.1374999999999997 -163.5714478412714
3.1425 -98.50906010451395
3.1475 110.62148757818221
3.1525 14.80262287440614
3.1574999999999998 -131.04437720564908
3.1624999999999996 106.33382977615771
3.1675 -119.2563392078252
3.1725 129.03199401807674
3.1774999999999998 -141.85073306233645
3.1824999999999997 -66.91581327989293
3.1875 -56.70548593095648
3.1925 -45.362871549327835
3.1975 -66.09706240438943
3.2024999999999997 159.1334331515507
3.2075 77.29087341765648
3.2125 -4.130986766988382
3.2175 97.9312361129868
3.2224999999999997 -118.0836595868607
3.2275 283.20660746724224
3.2325 -82.57949522501815
3.2375 65.52379577573323
3.2424999999999997 -20.972894586255443
3.2475 -75.9911021316445
3.2525 194.43636272767944
3.2575 -143.07529279455412
3.2624999999999997 -44.00230599397319
3.2675 210.02563940294664
3.2725 -27.640445485046524
3.2775 -10.618981950427328
3.2824999999999998 27.65128567814978
3.2874999999999996 -58.294324910074785
3.2925 69.51538851776547
3.2975 75.26484287935459
3.3024999999999998 -158.1753170351973
3.3074999999999997 69.40841375206512
3.3125 -260.6596439972225
3.3175 38.487110702819
3.3225 207.93805680024877
3.3274999999999997 -156.48883605161342
3.3325 -410.5228051231209
3.3375 199.1744350467545
3.3425 333.0661657810476
3.3474999999999997 -100.9906590938995
3.3525 -5.296377660119451
3.3575 67.73074182346276
3.3625 -95.84747051305094
3.3674999999999997 -135.33451461861875
3.3725 115.54911659275879
3.3775 -54.392711481566245
3.3825 45.84977401662122
3.3874999999999997 143.92238634325713
3.3924999999999996 -156.68586671300818
3.3975 8.86090111111724
3.4025 113.33414257555496
3.4074999999999998 81.55509684517583
3.4124999999999996 -305.2609091486127
3.4175 234.1999650524644
3.4225 -59.37988454839045
3.4274999999999998 -167.05837355251455
3.4324999999999997 129.82176495671635
3.4375 -95.28001149725684
3.4425 22.48961177978492
3.4475 -54.9471730424058
3.4524999999999997 15.493979506337256
3.4575 136.58149315628071
3.4625 162.77768232660634
3.4675 -233.08547919665108
3.4724999999999997 43.79119789795727
3.4775 21.905740691631642
3.4825 -75.08772674036787
3.4875 88.27856036047355
3.4924999999999997 -219.60138507538582
3.4975 197.78972834372573
3.5025 -163.53470050511106
3.5075 -74.34061924215918
3.5124999999999997 156.83831655063827
3.5174999999999996 15.949647632668853
3.5225 165.5523530592066
3.5275 -74.96021874200756
3.5324999999999998 85.68495277509386
3.5374999999999996 82.45921832048654
3.5425 -138.12439178072776
3.5475 91.02946009255811
3.5524999999999998 -370.25103114635397
3.5574999999999997 121.0023808561981
3.5625 119.37606424702368
3.5675 64.37134884846324
3.5725 -37.40831174379555
3.5774999999999997 93.97638439105957
3.5825 -214.76836287173484
3.5875 253.98188178048156
3.5925 203.07987070850834
3.5974999999999997 -305.9607797573162
3.6025 186.36496234646035
3.6075 154.54361878314387
3.6125 -90.12528239777586
3.6174999999999997 -202.4575220797919
3.6225 50.27161434135621
3.6275 35.95207847759915
3.6325 169.3186828989242
3.6374999999999997 -217.45942676297463
3.6424999999999996 103.5186283902634
3.6475 160.79622050629644
3.6525 -69.30074737830776
3.6574999999999998 83.37354404108099
3.6624999999999996 -138.6654752126956
3.6675 101.81514379626472
3.6725 275.9088847815125
3.6774999999999998 90.5140731368857
3.6824999999999997 -68.23468277105962
3.6875 -15.617308381430835
3.6925 90.37862085678404
3.6975 -145.61480333326512
3.7024999999999997 74.22009400480691
3.7075 -191.71833937935406
3.7125 -102.04782757013265
3.7175 259.3371553405681
3.7224999999999997 -169.68028338176055
3.7275 -3.044084177411361
3.7325 82.57026694186504
3.7375 -86.46302683983586
3.7424999999999997 93.04989750070965
3.7474999999999996 3.5595956120072687
3.7525 -94.9992005990455
3.7575 109.25402689708704
3.7624999999999997 84.24753359025136
3.7674999999999996 -148.23557893714025
3.7725 -145.07718784331476
3.7775 66.16936978989536
3.7824999999999998 -168.13426199429816
3.7874999999999996 295.60027161362154
3.7925 24.724108460798274
3.7975 -53.50345411872459
3.8024999999999998 20.216971453840927
3.8074999999999997 48.85236407913408
3.8125 -296.63580111986505
3.8175 157.7558046411782
3.8225 -168.4618917052075
3.8274999999999997 68.53057358029665
3.8325 -13.750896864087192
3.8375 -255.43399865631483
3.8425 252.28612076814557
3.8474999999999997 -257.57143480470495
3.8525 46.92972499781722
3.8575 -6.481802028033663
3.8625 150.32474450120142
3.8674999999999997 -84.496030891549
3.8724999999999996 -205.66546430526535
3.8775 -33.768541573049625
3.8825 430.91505921772443
3.8874999999999997 87.26893391816803
3.8924999999999996 -157.50511040530688
3.8975 134.1432478995382
3.9025 8.264785757605747
3.9074999999999998 70.5990936043393
3.9124999999999996 -246.31928015155745
3.9175 249.4488868759609
3.9225 182.0070981355174
3.9274999999999998 -152.98039877705892
3.9324999999999997 -84.28700972547672
3.9375 -121.14889110172689
3.9425 139.3935571732818
3.9475 39.046275257659104
3.9524999999999997 -0.6251239100010592
3.9575 -81.44295975693139
3.9625 -119.7133589699942
3.9675 106.91521697687
3.9724999999999997 -133.6202846710349
3.9775 40.629459031645894
3.9825 201.12354057920905
3.9875 -23.79909900927813
3.9924999999999997 35.03730405390837
3.9974999999999996 20.335403543882617
4.0024999999999995 -83.18314589568935
4.007499999999999 -5.45561330967853
4.0125 -69.68263371497083
4.0175 69.18762893296874
4.0225 -68.54759488882473
4.0275 84.56593567593004
4.0325 -3.367746484491494
4.0375 -89.8613938236632
4.0424999999999995 -137.8252355051007
4.047499999999999 -165.022714451054
4.0525 8.35107965285319
4.0575 116.96634071706967
4.0625 202.9961719553845
4.0675 -14.68439385212205
4.0725 34.165216953232665
4.0775 -52.89661772186166
4.0825 -171.55461832470453
4.0874999999999995 391.34676037637456
4.0925 -74.42839398920903
4.0975 66.76475879704563
4.1025 87.06524323961263
4.1075 -172.57946751299494
4.1125 177.79548442232846
4.1175 33.3752987057613
4.1225 -130.43172536664716
4.1274999999999995 -0.5139389999914554
4.132499999999999 -118.52151696354208
4.1375 -66.6293552032037
4.1425 213.92704427004526
4.1475 -38.632054081411894
4.1525 -157.33275501768586
4.1575 -53.17345404488936
4.1625 63.72821309482165
4.1674999999999995 -72.77365776280703
4.172499999999999 292.4619887345671
4.1775 21.667706593885658
4.1825 71.02360305078841
4.1875 95.87842523698055
4.1925 -204.9673812389044
4.1975 324.7756889421104
4.2025 5.577827734082248
4.2075 -33.178878929453525
4.2124999999999995 -131.54116627327764
4.2175 152.3836135269306
4.2225 -331.13090669487354
4.2275 -31.181964546742403
4.2325 19.44696088638435
4.2375 -77.64580861995272
4.2425 -223.33765628152162
4.2475 -36.413553690454904
4.2524999999999995 92.51336241807549
4.257499999999999 85.59046613369989
4.2625 0.8717246183136504
4.2675 128.26151652307254
4.2725 -17.485324111032227
4.2775 -82.68211612325474
4.2825 272.5306153541128
4.2875 -3.0645720792159645
4.2924999999999995 -0.3525845112509394
4.297499999999999 89.57980381371185
4.3025 84.12826935992194
4.3075 -133.81532541314814
4.3125 -35.557567925375324
4.3175 -33.76248473917156
4.3225 -95.2408844556721
4.3275 114.57022749681246
4.3325 -49.27951100501513
4.3374999999999995 -121.76216178256519
4.342499999999999 64.62414369906475
4.3475 35.04043747526701
4.3525 -75.42089550020391
4.3575 -17.361392578994014
4.3625 63.30298230222178
4.3675 29.071432557057662
4.3725 -298.92621094372294
4.3774999999999995 221.3256494913707
4.382499999999999 -16.652868546859523
4.3875 10.628591565420056
4.3925 257.2642181898201
4.3975 -253.80840773557918
4.4025 -91.49255589994009
4.4075 148.0220654767252
4.4125 -112.88324859753455
4.4174999999999995 -169.47787775729273
4.422499999999999 249.0635306564092
4.4275 -89.30353718571513
4.4325 76.60909209006344
4.4375 45.989188305588144
4.4425 -50.497983606026885
4.4475 65.32042405797121
4.4525 -165.82086304493865
4.4575 154.99339942483053
4.4624999999999995 -100.96373664495054
4.467499999999999 5.418454640415812
4.4725 -7.155554333476543
4.4775 90.58544640412745
4.4825 115.57829203127237
4.4875 63.91399433536255
4.4925 -440.30498654279774
4.4975 54.144167336191686
4.5024999999999995 296.16801564141167
4.507499999999999 42.749946703520834
4.5125 90.49924435485104
4.5175 19.945547398087957
4.5225 -290.27871881493905
4.5275 346.39055344346383
4.5325 18.77275487763468
4.5375 67.26423666205557
4.5424999999999995 -198.81066210405876
4.547499999999999 -0.8030903808306911
4.5525 -66.93464489487955
4.5575 56.07033314489504
4.5625 -194.3317351660355
4.5675 295.4854058578965
4.5725 -62.79696363559526
4.5775 -12.344068769447992
4.5825 149.60901016558697
4.5874999999999995 -204.67008635741243
4.592499999999999 175.10126865500587
4.5975 -76.83791619489986
4.6025 94.96265537665523
4.6075 -225.65898688051183
4.6125 -14.024211591523345
4.6175 -65.59858629206934
4.6225 -70.61976394803337
4.6274999999999995 255.15493125253934
4.632499999999999 72.96093314518338
4.6375 -313.9687218425907
4.6425 360.8175248817903
4.6475 -233.16481543063114
4.6525 -74.0756494054312
4.6575 -7.982080963891305
4.6625 -79.77279735492952
4.6674999999999995 30.625212955305457
4.672499999999999 235.96058073530753
4.6775 -42.54216058943161
4.6825 -111.85749858185486
4.6875 -70.54109853176153
4.6925 97.54968636943823
4.6975 86.05156662683642
4.7025 -98.2265495952927
4.7075 38.20998245960972
4.7124999999999995 -109.55420058395777
4.717499999999999 97.70377574976048
4.7225 182.45976310913125
4.7275 49.147705457350945
4.7325 -274.8581177918216
4.7375 139.63929975337075
4.7425 -77.23620841945127
4.7475 164.4533860802634
4.7524999999999995 -222.9874028552276
4.757499999999999 -68.96287420993795
4.7625 240.81243073799504
4.7675 -59.7942185665582
4.7725 -44.8418589621371
4.7775 -278.4441849127453
4.7825 167.70619529286188
4.7875 -70.02049135637132
4.7924999999999995 185.30134152628116
4.797499999999999 160.95333172433342
4.8025 -9.387615385659071
4.8075 -363.7625972602396
4.8125 268.60890279016274
4.8175 6.78559297241707
4.8225 -133.41058969370738
4.8275 10.841835014470371
4.8325 -143.9929953678058
4.8374999999999995 27.725181683151913
4.842499999999999 92.21955755189846
4.8475 63.8105441916969
4.8525 -120.48710680001443
4.8575 136.3263316271189
4.8625 -59.21224775575557
4.8675 87.90193496892662
4.8725 -159.6394660457497
4.8774999999999995 117.2219129378595
4.882499999999999 232.07471236917598
4.8875 -236.8074322919173
4.8925 -84.18645786169373
4.8975 86.91043185521718
4.9025 -54.95195370414904
4.9075 -87.34763880978561
4.9125 400.9424571517089
4.9174999999999995 -208.37334906896535
4.922499999999999 85.90211323111534
4.9275 -35.57054768221652
4.9325 -46.07176893599253
4.9375 -130.5802176199403
4.9425 195.98193797794295
4.9475 -21.910115036931007
4.9525 -348.5014162740678
4.9575 289.37393279325727
4.9624999999999995 319.8100044442086
4.967499999999999 -122.76111050571117
4.9725 17.331068309231654
4.9775 53.980510217639285
4.9825 -136.8670852590213
4.9875 58.16856427144464
4.9925 -41.90453467296091
4.9975 -8.925809533886806
5.0024999999999995 209.8875989546991
5.007499999999999 -51.98996923229478
5.0125 -152.3266613929867
5.0175 204.53830923199715
5.0225 -167.2645045969423
5.0275 -118.2374744819457
5.0325 -375.09143671997975
5.0375 177.3306195931203
5.0424999999999995 135.193858830029
5.047499999999999 98.2288367968236
5.0525 -86.283620736044
5.0575 172.29966849947883
5.0625 -112.88315398828932
5.0675 -136.26773810830005
5.0725 19.762786547832455
5.0775 78.35220914165653
5.0825 -63.501515658443566
5.0874999999999995 -79.40985221023358
5.092499999999999 120.74407064187729
5.0975 99.58310169224815
5.1025 125.36238726256869
5.1075 -299.73634293672296
5.1125 -44.06612525905826
5.1175 98.88410937709082
5.1225 158.30323820884283
5.1274999999999995 177.24574865250153
5.132499999999999 -67.40529838878382
5.1375 9.21485864068451
5.1425 381.79663157161696
5.1475 -193.36926649806318
5.1525 149.73222561485383
5.1575 -151.46482090779912
5.1625 -59.71862406901429
5.1674999999999995 -89.46257256368693
5.172499999999999 6.785326645417957
5.177499999999999 132.19462825102124
5.1825 -156.144367079312
5.1875 -72.0389007844288
5.1925 -220.59144411515663
5.1975 45.412035065977
5.2025 171.31408530599006
5.2075 163.52689070271413
5.2124999999999995 -153.7195539668726
5.217499999999999 -138.41354342473596
5.2225 -21.278495080486586
5.2275 -154.1912417148347
5.2325 -75.68315074899134
5.2375 -117.9607549401491
5.2425 146.62407295134145
5.2475 285.6003932211159
5.2524999999999995 -128.72231552325616
5.257499999999999 13.15939992864803
5.2625 160.94764766930345
5.2675 112.95851202851239
5.2725 -42.26195300608732
5.2775 115.70724377461009
5.2825 162.89434723700467
5.2875 -52.19885282678723
5.2924999999999995 -10.81178296011286
5.297499999999999 49.17043641409151
5.302499999999999 -87.39743485305766
5.3075 -100.80400492188028
5.3125 -229.87222605685304
5.3175 36.351885831711485
5.3225 -90.74657371225335
5.3275 148.91006601035141
5.3325 -45.01815269808803
5.3374999999999995 -81.70219119423679
5.342499999999999 53.17473916476922
5.3475 10.309780515159748
5.3525 -18.38141051130644
5.3575 76.729461630073
5.3625 -123.316891694462
5.3675 220.64924207417477
5.3725 -60.921141787962526
5.3774999999999995 -67.01366848412154
5.382499999999999 36.07465284725156
5.3875 234.89476350689256
5.3925 -235.19776204950293
5.3975 -27.224783779417777
5.4025 71.98038068975298
5.4075 -103.69570321172162
5.4125 123.76974338646107
5.4174999999999995 -78.69983508893954
5.422499999999999 86.89760934183643
5.427499999999999 -7.634698974244844
5.4325 -103.8124562837254
5.4375 116.21996746029136
5.4425 -75.89227455096248
5.4475 -68.34653326829415
5.4525 195.47087074356025
5.4575 -256.9085055863822
5.4624999999999995 135.66326345557923
5.467499999999999 223.98806418335144
5.4725 -350.15873625590945
5.4775 261.4708305082911
5.4825 -25.063317014321495
5.4875 -39.13043514861313
5.4925 18.753864608863545
5.4975 -95.33412785394881
5.5024999999999995 -143.83292678845206
5.507499999999999 -37.87865456672901
5.5125 24.105002205394655
5.5175 150.29267209865003
5.5225 163.96672158351245
5.5275 26.163010142249234
5.5325 -320.1214527832583
5.5375 30.042711859025342
5.5424999999999995 122.07272011704958
5.547499999999999 -85.0663727918409
5.552499999999999 320.0622716081262
5.5575 -102.6670746538321
5.5625 -287.1641239723822
5.5675 -120.44384043946992
5.5725 210.28371723906565
5.5775 -164.992906617502
5.5825 -29.50030797674323
5.5874999999999995 -20.530156609413925
5.592499999999999 6.635365201997485
5.5975 -219.60512260111847
5.6025 -122.68721361251377
5.6075 327.55720943669974
5.6125 165.06940167926624
5.6175 11.083809146472516
5.6225 92.99733476204065
5.6274999999999995 -155.00019471084252
5.632499999999999 66.9646922450917
5.6375 5.823066900712873
5.6425 -36.82479784172878
5.6475 232.65646561325548
5.6525 -123.76057326365067
5.6575 -83.12682931481153
5.6625 153.00497625888772
5.6674999999999995 205.69540846034454
5.672499999999999 -121.47069425160817
5.677499999999999 -9.304826637942455
5.6825 -192.4332405220049
5.6875 -51.1396458765973
5.6925 148.4424918565822
5.6975 -48.645599850161034
5.7025 84.42449261736215
5.7075 91.82968561596553
5.7124999999999995 121.5778279713673
5.717499999999999 -167.26365666651625
5.7225 25.501458087154095
5.7275 25.6892280956123
5.7325 143.86420415754066
5.7375 -81.88954829057876
5.7425 -253.50839755888
5.7475 100.33839593306118
5.7524999999999995 235.75314463595032
5.757499999999999 -299.7225447243805
5.7625 -119.95654394243402
5.7675 110.12307715941664
5.7725 187.1536322519156
5.7775 -145.13241858901637
5.7825 -180.09172791277666
5.7875 216.02308130753568
5.7924999999999995 -81.35286149103257
5.797499999999999 -218.4219343799547
5.802499999999999 5.464817644455215
5.8075 154.56731728060802
5.8125 161.0395941708888
5.8175 3.9548777756554103
5.8225 -227.103093715257
5.8275 116.23047921851825
5.8325 -67.61723520389084
5.8374999999999995 -135.2337993269045
5.842499999999999 -171.09042431320466
5.8475 -171.49793620212537
5.8525 -172.522110362004
5.8575 119.23563412582692
5.8625 346.5240748528219
5.8675 -8.684981338274746
5.8725 104.9057015086835
5.8774999999999995 -85.94476028927778
5.882499999999999 47.3356031337631
5.8875 195.1009083298249
5.8925 -175.0759367993204
5.8975 230.7752838031811
5.9025 -147.26472860059602
5.9075 271.7390661169408
5.9125 22.163951559665733
5.9174999999999995 -272.7021024403846
5.922499999999999 47.27673670872084
5.927499999999999 -110.21660793821015
5.9325 -43.6266736047478
5.9375 66.84780255549559
5.9425 -176.7929069609234
5.9475 2.798116456267365
5.9525 0.5013389959760695
5.9575 221.36022910471317
5.9624999999999995 254.57737089052935
5.967499999999999 -356.46262684832465
5.9725 141.16132855204336
5.9775 -60.70040486561898
5.9825 8.976149382942252
5.9875 -16.582050829316515
5.9925 58.03049930068056
5.9975 92.8326823040001
6.0024999999999995 -62.753581809664524
6.007499999999999 228.95104560695518
6.012499999999999 5.2805354143757235
6.0175 -85.54829294416669
6.0225 169.79049538897877
6.0275 -34.016560959495095
6.0325 -151.245370881726
6.0375 -106.29236329400122
6.0424999999999995 150.08718213383676
6.047499999999999 92.54172005901027
6.052499999999999 -105.60511699954694
6.0575 122.1466292805003
6.0625 -238.19906732109712
6.0675 132.2513898506298
6.0725 -169.60129137279512
6.0775 84.07634927988126
6.0825 -99.71704101393291
6.0874999999999995 243.03321499975067
6.092499999999999 -236.5902559223971
6.0975 172.41928024443507
6.1025 -107.39162561432269
6.1075 163.37715229499696
6.1125 -64.62772674461112
6.1175 51.06253223616565
6.1225 109.03480174890002
6.1274999999999995 -165.2896451597883
6.132499999999999 -1.323134160797201
6.137499999999999 -8.423905826642175
6.1425 135.93894532212138
6.1475 -184.95085822189057
6.1525 -35.19839912383527
6.1575 274.1567684037714
6.1625 -125.88149411165263
6.1674999999999995 -96.74168630827604
6.172499999999999 -29.041657356458117
6.177499999999999 143.9524923472538
6.1825 132.79964187379562
6.1875 -167.85411151862067
6.1925 -40.65716072391933
6.1975 -19.340217183040924
6.2025 28.674840601438575
6.2075 -141.3884836392628
6.2124999999999995 -193.9012233616854
6.217499999999999 61.990990765020214
6.2225 56.18823126509365
6.2275 334.84742575385667
6.2325 -44.330023208565514
6.2375 74.13785912908685
6.2425 -224.61036327050903
6.2475 46.18813167906747
6.2524999999999995 48.344875350633025
6.257499999999999 121.44426603398762
6.262499999999999 -226.6224111150195
6.2675 52.45511413908076
6.2725 -90.48465716193222
6.2775 -49.21407167174178
6.2825 13.299949002219881
6.2875 169.71095783073554
6.2924999999999995 43.49103157981773
6.297499999999999 68.31300738351342
6.302499999999999 -27.473452666884796
6.3075 43.288633060912154
6.3125 -95.8204585866517
6.3175 -293.65621781517484
6.3225 211.9012428203331
6.3275 6.679397186872215
6.3325 74.30409796814534
6.3374999999999995 90.61313990526666
6.342499999999999 34.36537541074932
6.3475 -164.9094802113675
6.3525 -7.122823482158577
6.3575 -90.14994412657165
6.3625 17.07625452496949
6.3675 1.6700302911781726
6.3725 -13.924650295748902
6.3774999999999995 -4.9665378561878395
6.382499999999999 -117.4257757124742
6.387499999999999 -98.89272210801968
6.3925 218.04482692864428
6.3975 246.08992234004694
6.4025 -104.01854943182126
6.4075 -73.70349453099462
6.4125 84.06508538473396
6.4174999999999995 327.30178763342514
6.422499999999999 -299.65677064017547
6.427499999999999 -127.41658372320965
6.4325 2.0519894598540955
6.4375 17.98813402418201
6.4425 -64.85630662864203
6.4475 103.10740081863473
6.4525 89.57929273956928
6.4575 -7.113439139805417
6.4624999999999995 -63.787005043044985
6.467499999999999 217.0662670570813
6.4725 -191.79260539993007
6.4775 75.88302574062962
6.4825 88.68582618640593
6.4875 149.41470679003564
6.4925 18.20479314331286
6.4975 22.31127368147147
6.5024999999999995 0.16922633322247457
6.507499999999999 -259.83709648165615
6.512499999999999 150.92401709286347
6.5175 -138.2598324813947
6.5225 -154.91353711607655
6.5275 109.62851265910379
6.5325 94.80595614964307
6.5375 26.267524146481996
6.5424999999999995 102.28080063249243
6.547499999999999 -84.58076577380953
6.552499999999999 -8.656666462297817
6.5575 104.26104516472485
6.5625 89.59626766456616
6.5675 -99.50101718469917
6.5725 -129.09590072105257
6.5775 -56.93867232466376
6.5825 7.090816608681087
6.5874999999999995 18.56116728775277
6.592499999999999 82.7157422754136
6.5975 74.56546238996438
6.6025 -241.95330586242116
6.6075 175.31149355595355
6.6125 8.216751104259652
6.6175 -189.6575007970425
6.6225 116.90297068141888
6.6274999999999995 98.0252455961394
6.632499999999999 -4.220969501708729
6.637499999999999 -259.11106355468166
6.6425 47.80500736455987
6.6475 180.00743094368462
6.6525 82.38313222330396
6.6575 -15.563167681609007
6.6625 -78.13744352327531
6.6674999999999995 86.335643846737
6.672499999999999 -228.75698674827441
6.677499999999999 -60.35530691947578
6.6825 -102.94728013182464
6.6875 182.22697304789497
6.6925 -117.31006518435083
6.6975 127.90896707908706
6.7025 -26.126222541236267
6.7075 122.96826649459437
6.7124999999999995 -60.80757937656867
6.717499999999999 20.614741090607275
6.722499999999999 146.37449034120553
6.7275 -309.67803243270333
6.7325 81.9069190217087
6.7375 51.41021147516537
6.7425 -18.64811436838737
6.7475 -0.572807530385492
6.7524999999999995 48.79624066428132
6.757499999999999 -48.51313164302672
6.762499999999999 105.94813209486554
6.7675 155.21581128609296
6.7725 -342.8622696756804
6.7775 -32.69635776087719
6.7825 7.9714073567469805
6.7875 127.30079858668287
6.7924999999999995 -83.80751743849714
6.797499999999999 -98.66882794752557
6.802499999999999 -71.75092682156787
6.8075 166.78276721546717
6.8125 -82.21190238470179
6.8175 -43.962155883011924
6.8225 -201.31616808652612
6.8275 228.09092397700854
6.8325 12.778023087113699
6.8374999999999995 8.572971886981447
6.842499999999999 -112.91249456533251
6.847499999999999 -113.10341812757567
6.8525 137.10184321558583
6.8575 -83.61719232249506
6.8625 191.1772366044668
6.8675 43.92468904288363
6.8725 202.13915246258506
6.8774999999999995 20.15843714804064
6.882499999999999 -42.159388689179586
6.887499999999999 -98.1712080554541
6.8925 82.85087901591848
6.8975 78.88469760660108
6.9025 91.98378104917411
6.9075 -165.39742311718956
6.9125 9.453171829124727
6.9174999999999995 108.38221178154332
6.922499999999999 47.88335539905212
6.927499999999999 -160.61877803778512
6.9325 -145.31081057117672
6.9375 38.507431558118974
6.9425 -21.78654465496194
6.9475 155.45773225796287
6.9525 -96.22746910578563
6.9575 -79.45489357969831
6.9624999999999995 -29.631552974498213
6.967499999999999 -84.31165128895007
6.972499999999999 159.30226209962626
6.9775 141.49726400727633
6.9825 12.433872286098774
6.9875 -232.95318915491046
6.9925 238.37587081534576
6.9975 57.488283089229206
7.0024999999999995 -14.262130289675351
7.007499999999999 188.58174815044816
7.012499999999999 -8.923565590755562
7.0175 -80.29691757291972
7.0225 306.56507983032054
7.0275 -104.13780181954697
7.0325 -152.74787727975803
7.0375 -121.72596210103447
7.0424999999999995 79.2264301479373
7.047499999999999 -242.22576969878034
7.052499999999999 -89.11986208645278
7.0575 -51.12114509790391
7.0625 -55.41307548107613
7.0675 83.95118927508427
7.0725 138.46596826286392
7.0775 -9.764273607535191
7.0825 -81.77521716261927
7.0874999999999995 148.07115359546407
7.092499999999999 112.53151589845199
7.097499999999999 -97.121241231021
7.1025 -308.14042745211714
7.1075 65.2201027302072
7.1125 -57.27944693094386
7.1175 81.43123663192888
7.1225 -2.111770726033386
7.1274999999999995 22.05104654436257
7.132499999999999 137.8804533555227
7.137499999999999 -292.41871730801984
7.1425 395.06942364133425
7.1475 -324.6494528393891
7.1525 -11.59678652704227
7.1575 -45.25844781205229
7.1625 -16.37117826953005
7.1674999999999995 188.93317346817204
7.172499999999999 129.7400817818488
7.177499999999999 -236.37471921892947
7.1825 102.13817476098232
7.1875 62.484947608177954
7.1925 -92.74548837241228
7.1975 -64.74796733182467
7.2025 135.00875617068098
7.2075 -75.80868945393823
7.2124999999999995 158.77527728738178
7.217499999999999 -122.05127421439664
7.222499999999999 105.5527142676126
7.2275 -110.58851306529279
7.2325 99.47223281527714
7.2375 99.0053105310502
7.2425 27.51023895205291
7.2475 -142.6683896154644
7.2524999999999995 -4.365882179996297
7.257499999999999 -155.64076114581582
7.262499999999999 384.64282057756225
7.2675 -285.3933450328226
7.2725 45.359299688462755
7.2775 -24.715382896172912
7.2825 176.84801717523607
7.2875 -65.05467208306004
7.2924999999999995 85.2241304844563
7.297499999999999 2.020916902017519
7.302499999999999 -66.84731674557428
7.3075 159.31483157604094
7.3125 -78.98299305962281
7.3175 10.775487221907545
7.3225 -240.54419365848642
7.3275 407.694116459024
7.3325 -124.2719891311283
7.3374999999999995 -80.82629853864933
7.342499999999999 -17.33001638995662
7.347499999999999 79.97266066022067
7.3525 249.87444739460997
7.3575 23.865002893354323
7.3625 -77.39750185299042
7.3675 54.085350650085026
7.3725 -56.138268372693695
7.3774999999999995 23.653641628787856
7.382499999999999 -96.1368190074498
7.387499999999999 201.67871124061816
7.3925 -150.90842880517718
7.3975 -187.54937443492585
7.4025 296.68193464056134
7.4075 180.8345897059688
7.4125 -227.6241151186083
7.4174999999999995 -70.45923298079678
7.422499999999999 -198.0150112468822
7.427499999999999 141.42408961159393
7.4325 -64.73935433772685
7.4375 -6.97434565381469
7.4425 -76.43969311799569
7.4475 -236.66440772763949
7.4525 421.22391605665337
7.4575 -143.27491830200745
7.4624999999999995 -69.27667531248865
7.467499999999999 169.8125710549804
7.472499999999999 105.8115914794824
7.4775 208.99007344780057
7.4825 -330.11352834734475
7.4875 -374.33105155765423
7.4925 249.2126632491541
7.4975 54.936671481976575
7.5024999999999995 -97.86188135175611
7.507499999999999 -155.64648612362086
7.512499999999999 -73.534647687429
7.5175 -128.6289360666212
7.5225 182.16976169251416
7.5275 245.52868134912595
7.5325 -92.6897236568676
7.5375 -135.4747805223773
7.5424999999999995 76.78588874191882
7.547499999999999 -75.25723413805186
7.552499999999999 -23.722115037133136
7.557499999999999 28.60101867850191
7.5625 83.4704887135645
7.5675 191.745739414194
7.5725 32.785874160180114
7.5775 -137.4010347558551
7.5825 89.39907120671937
7.5874999999999995 -182.76909902374325
7.592499999999999 166.65920622534077
7.597499999999999 -145.27648386321584
7.6025 -36.85442277284562
7.6075 253.21648492695198
7.6125 -232.7751342922025
7.6175 37.95664758627878
7.6225 356.23787107261796
7.6274999999999995 -432.96252276339965
7.632499999999999 140.04147720724
7.637499999999999 -205.2456721626296
7.6425 68.53241451304422
7.6475 140.57658815098512
7.6525 6.771030254212564
7.6575 -141.25853132749563
7.6625 216.31882928181344
7.6674999999999995 -131.6030451935362
7.672499999999999 220.2765390187707
7.677499999999999 -105.22110057322887
7.682499999999999 -51.14536927538852
7.6875 -120.49240991795826
7.6925 278.64204139837244
7.6975 -118.7254618633239
7.7025 -94.26017344093641
7.7075 75.74375672093493
7.7124999999999995 -178.1392354696757
7.717499999999999 -11.457266838902273
7.722499999999999 -128.0538358081564
7.7275 14.643783754694804
7.7325 138.9064303873364
7.7375 54.87703653774541
7.7425 189.92165744164873
7.7475 5.924608312724675
7.7524999999999995 -88.02011092976684
7.757499999999999 -58.83737526693527
7.762499999999999 -100.15412164739503
7.7675 91.49373706807623
7.7725 -81.40525553839085
7.7775 330.32916354179997
7.7825 -180.3343687340238
7.7875 187.76545387505286
7.7924999999999995 -356.2365844395165
7.797499999999999 101.90313164438919
7.802499999999999 45.51250567634007
7.807499999999999 -67.73347101728125
7.8125 175.12164490737433
7.8175 94.49219636462088
7.8225 23.239584990716022
7.8275 -117.16531803934632
7.8325 162.66134585108432
7.8374999999999995 -61.15648011434941
7.842499999999999 41.68054774540435
7.847499999999999 91.8124335740417
7.8525 -5.778343998599707
7.8575 -68.64022760350316
7.8625 246.9955957145583
7.8675 -104.06955739287896
7.8725 -141.4016007703071
7.8774999999999995 -3.2243518964157722
7.882499999999999 104.10676278285815
7.887499999999999 -151.91271327921947
7.8925 -58.48681771599861
7.8975 57.515485352587056
7.9025 290.64332027934915
7.9075 -155.40446731868582
7.9125 -84.05315961962344
7.9174999999999995 -160.15536576971496
7.922499999999999 235.32381610508816
7.927499999999999 -149.64684827134175
7.932499999999999 6.187166074244792
7.9375 308.18477221331443
7.9425 -155.1675941908574
7.9475 185.23482168700323
7.9525 -101.81362952200296
7.9575 80.1059125598799
7.9624999999999995 -109.66927047656432
7.967499999999999 -95.09526136919415
7.972499999999999 -208.95149195549368
7.9775 37.37623466999493
7.9825 482.0806441137205
7.9875 22.69692066984053
7.9925 -154.08220080953944
7.9975 -47.904916306545594
8.0025 21.38200154231213
8.0075 -73.00357875591648
8.0125 -142.7576373192475
8.0175 327.36203648507444
8.022499999999999 -22.584925330983328
8.0275 78.03020690444833
8.032499999999999 -221.5262745145776
8.0375 6.83108067645741
8.0425 122.51664590704377
8.0475 -57.66946545199391
8.0525 -222.0487720326898
8.0575 -1.4026524583613473
8.0625 133.98440016104308
8.067499999999999 -54.16708395864162
8.0725 169.8196753013649
8.077499999999999 -237.52393640499727
8.0825 -115.0688940118834
8.0875 -14.882189808885823
8.0925 82.02572744337958
8.0975 -4.451030763879962
8.1025 233.46479331978713
8.1075 56.35173512061629
8.112499999999999 -186.97400705995497
8.1175 210.6301670842152
8.1225 -122.47442399835472
8.1275 191.84596119829453
8.1325 -183.54076452927683
8.1375 -166.06460896204115
8.1425 60.63092957299936
8.147499999999999 -165.35029323876734
8.1525 30.08350107583379
8.157499999999999 234.29706269191254
8.1625 134.4793978374829
8.1675 -120.79483738390056
8.1725 38.07271405043604
8.1775 -218.8928170940331
8.1825 213.57048992065216
8.1875 8.164409427526703
8.192499999999999 -160.6957518039084
8.1975 -83.95713899919096
8.202499999999999 58.80564235235706
8.2075 63.45702536480504
8.2125 10.333241963172837
8.2175 159.59122337377974
8.2225 12.414315443219063
8.2275 85.04480793681287
8.2325 -64.22459504005135
8.237499999999999 173.64899121320394
8.2425 8.571553143056326
8.2475 -75.39197138805805
8.2525 -110.13420525937465
8.2575 197.60558572478558
8.2625 -75.29940393928456
8.2675 -298.2797284702714
8.272499999999999 82.6138793038148
8.2775 78.78826499514379
8.282499999999999 -0.35850864217514994
8.2875 -2.230468616736246
8.2925 85.3704608539931
8.2975 -86.07051295059847
8.3025 -8.735926377276174
8.3075 5.590467406708066
8.3125 -62.24176237256917
8.317499999999999 92.51309332780217
8.3225 9.672741860248854
8.327499999999999 -75.13542348475461
8.3325 -89.3707731735566
8.3375 -105.13213261806247
8.3425 140.63923657731618
8.3475 -149.95168722036175
8.3525 111.0024590325881
8.3575 24.596246705772124
8.362499999999999 29.15907756180456
8.3675 -63.49003043819127
8.3725 56.51625862431884
8.3775 -90.99120229808611
8.3825 93.95140702397863
8.3875 -104.82163060173797
8.3925 157.82606154564306
8.397499999999999 -11.625924069223974
8.4025 -278.5716876477261
8.407499999999999 -12.520573566914033
8.4125 178.2940859346634
8.4175 -95.8369187531404
8.4225 43.20986658775528
8.4275 -173.12351172747614
8.4325 202.63828241821471
8.4375 -54.30406327670015
8.442499999999999 57.292556693256955
8.4475 54.69067797027338
8.452499999999999 68.24547559374801
8.4575 -38.54373887575903
8.4625 186.4460485225161
8.4675 -31.281025295133134
8.4725 -4.805778063530572
8.4775 102.2130358066028
8.4825 -367.38803136705775
8.487499999999999 223.56535579955076
8.4925 -54.875304688536495
8.4975 236.44500619044928
8.5025 -365.34529367818743
8.5075 102.24227677419029
8.5125 212.20005118657988
8.5175 -198.00528004782467
8.522499999999999 -0.048640205149415146
8.5275 -15.09865155128808
8.532499999999999 -69.50742502468921
8.5375 21.45020678147549
8.5425 202.6237347006416
8.5475 76.66466495542792
8.5525 55.6791214157284
8.5575 -83.38461174376009
8.5625 95.22155995809808
8.567499999999999 217.34244236544492
8.5725 5.1840681961986945
8.577499999999999 -296.8581099504751
8.5825 -102.91037857864703
8.5875 23.74375621116291
8.5925 40.650905197467814
8.5975 -12.086290814371951
8.6025 -14.077126318691638
8.6075 -112.12263342552795
8.612499999999999 166.38323658352834
8.6175 -38.377216340549296
8.6225 54.94907674095308
8.6275 -145.91208903673922
8.6325 -178.49834571611962
8.6375 146.12157877516515
8.6425 -43.17497485601269
8.647499999999999 147.48049452423774
8.6525 -0.37700165738387165
8.657499999999999 123.5412350843904
8.6625 -272.97413678498236
8.6675 -61.79722627728212
8.6725 109.20720569942026
8.6775 24.64003426424058
8.6825 -56.99887637179569
8.6875 -7.982505850195722
8.692499999999999 76.44330905966349
8.6975 42.70043356689309
8.702499999999999 -142.9028073767891
8.7075 144.7285168520461
8.7125 -54.46481162150716
8.7175 -34.73965218370661
8.7225 18.510291725359803
8.7275 96.33480155101432
8.7325 -104.2123912747889
8.737499999999999 -137.3112146595591
8.7425 195.71101164050722
8.747499999999999 -73.82275376111362
8.7525 176.96010116914053
8.7575 -162.2581876322507
8.7625 114.59117232574377
8.7675 -92.69217586534363
8.772499999999999 100.5466467213137
8.7775 318.41813030134614
8.782499999999999 -88.77498072837311
8.7875 15.482961147840323
8.7925 -231.83046558395262
8.7975 92.42900926240804
8.8025 78.62417769401144
8.8075 11.738590390270025
8.8125 -137.00290984097728
8.817499999999999 -122.05765448294063
8.8225 113.99992138750068
8.827499999999999 -70.44240279873422
8.8325 -85.6456537525863
8.8375 103.75208058463187
8.8425 -83.1777583005057
8.8475 -89.31250177355881
8.8525 262.49602155307537
8.8575 -53.849851790625564
8.862499999999999 -117.31646334838487
8.8675 -69.4914111927761
8.872499999999999 278.26087746053605
8.8775 40.52754026822515
8.8825 -63.726017739261756
8.8875 155.03343847848586
8.8925 -39.819858903137266
8.897499999999999 -35.026620577927616
8.9025 18.926004485769013
8.907499999999999 -42.910075811738004
8.9125 25.861991156642173
8.9175 -22.885648514666467
8.9225 -0.8367168455027051
8.9275 148.75457819945905
8.9325 -273.2546199062397
8.9375 22.637792556152277
8.942499999999999 94.1587449613095
8.9475 97.48572288775681
8.952499999999999 70.15081105202266
8.9575 -39.070787901232556
8.9625 -3.712060450268718
8.9675 -52.111002023904646
8.9725 65.54086011238816
8.9775 54.08844867521701
8.9825 -363.57168810649756
8.987499999999999 -134.56205289536206
8.9925 256.0365357274833
8.997499999999999 -292.2077331645895
9.0025 144.52230475157515
9.0075 95.46758689226064
9.0125 -7.609212638373127
9.0175 77.31353437145064
9.022499999999999 24.76037005282954
9.0275 -120.23096522960293
9.032499999999999 152.85855509605577
9.0375 -195.16392545588494
9.0425 157.95900003572936
9.0475 -65.15135431028675
9.0525 -84.08223715927966
9.0575 143.65199075184464
9.0625 70.05569231165538
9.067499999999999 11.63266224756914
9.0725 -109.44846455460605
9.077499999999999 -55.26214544425622
9.0825 58.09460413545378
9.0875 -24.744496753147185
9.0925 -99.49732097649505
9.0975 145.89809318449923
9.1025 -20.786681222263404
9.1075 -39.46335837179881
9.112499999999999 33.418325253580576
9.1175 119.9514974142374
9.122499999999999 40.875697027323575
9.1275 -186.32483499961512
9.1325 112.63719613598175
9.1375 -36.19009717996031
9.1425 -50.838610311345036
9.147499999999999 -163.6338212560273
9.1525 263.0924890266707
9.157499999999999 51.83787184370973
9.1625 -130.86335458645004
9.1675 -78.13962756256942
9.1725 88.12919881072351
9.1775 -212.9413423873504
9.1825 116.6480373197553
9.1875 10.694590132757757
9.192499999999999 78.27590540373453
9.1975 -91.58384316325196
9.202499999999999 -14.705775278376992
9.2075 3.928470348383598
9.2125 96.81503123745195
9.2175 167.29219102541535
9.2225 -152.68710051115198
9.2275 228.32100839804923
9.2325 -20.018766795664483
9.237499999999999 2.446750351562026
9.2425 -138.39296492701294
9.247499999999999 -12.894210082659894
9.2525 -25.447920570614848
9.2575 66.81769069598933
9.2625 -175.3516562332332
9.2675 346.74119451765284
9.272499999999999 -152.4505716083382
9.2775 -74.11982021193836
9.282499999999999 -43.4782023556282
9.2875 -75.5478163685889
9.2925 26.809194182087207
9.2975 106.30611624128055
9.3025 85.31202576289506
9.3075 124.2903671414965
9.3125 -51.70312748814129
9.317499999999999 -340.96351765239575
9.3225 261.6136854683908
9.327499999999999 163.05479754295152
9.3325 -158.2734081375127
9.3375 -89.87445435693058
9.3425 -98.46958477524358
9.3475 179.95560270961496
9.3525 -90.95521834931972
9.3575 -94.62110731676802
9.362499999999999 123.28326560809539
9.3675 104.17290579706507
9.372499999999999 -91.93615223527813
9.3775 -189.06039513869143
9.3825 24.919697005573656
9.3875 298.98002595549457
9.3925 136.8012668143965
9.397499999999999 -233.7858870319136
9.4025 -24.5600088565165
9.407499999999999 -56.14993965340881
9.4125 -21.14596614711211
9.4175 162.76250056918872
9.4225 60.37606631297055
9.4275 -144.81922063685212
9.4325 239.56358626653326
9.4375 -168.56695145609484
9.442499999999999 203.80571469660933
9.4475 -143.07979586237664
9.452499999999999 61.68439305776398
9.4575 -48.87972950725425
9.4625 147.09184908729628
9.4675 -135.5519344276616
9.4725 133.43015433296785
9.4775 151.66050111761686
9.4825 -264.76564076501927
9.487499999999999 212.4970007903813
9.4925 -118.35455572565691
9.497499999999999 13.295724087552122
9.5025 -49.6733002110882
9.5075 -198.3833304335598
9.5125 136.80609839933572
9.5175 -310.04839591595123
9.522499999999999 305.9194150228633
9.5275 69.52315910798568
9.532499999999999 -56.286152755006945
9.5375 -39.306907740776296
9.5425 -35.020387519527034
9.5475 78.42900526872411
9.5525 389.9385786063384
9.5575 41.108717098240895
9.5625 -275.5210393782442
9.567499999999999 -50.3484123106066
9.5725 148.5119971504645
9.577499999999999 -263.7580773042811
9.5825 -58.66841407645154
9.5875 110.67508197211541
9.5925 -63.60746038078965
9.5975 35.95400829566684
9.6025 100.21918267527192
9.6075 -77.16960418517384
9.612499999999999 71.6888658706214
9.6175 95.36305275560159
9.622499999999999 -150.60550763424445
9.6275 97.12564681118765
9.6325 65.80009686241716
9.6375 -319.3892836605129
9.6425 57.55381630803313
9.647499999999999 -142.9442330019628
9.6525 240.30918231954658
9.657499999999999 30.364366581606724
9.6625 105.43777824577221
9.6675 -260.95657366597436
9.6725 181.80093070797938
9.6775 -123.5944310076047
9.6825 -71.0942108417325
9.6875 233.68352175298858
9.692499999999999 149.07533079525433
9.6975 -85.76244708944272
9.702499999999999 -21.211478970320744
9.7075 -7.707669808727825
9.7125 -83.49022382052625
9.7175 37.69808111117201
9.7225 -5.53457097509317
9.7275 -85.87820821180085
9.7325 -38.52575403983419
9.737499999999999 87.3239751822102
9.7425 -63.23559301845441
9.747499999999999 -71.4386356509909
9.7525 24.338652302829644
9.7575 220.10486389826883
9.7625 -35.742468602537734
9.7675 90.52370091053746
9.772499999999999 -174.92949379346376
9.7775 15.292799459769526
9.782499999999999 146.2134369835606
9.7875 70.77621421719856
9.7925 45.116111821164246
9.7975 127.57437510145337
9.8025 -251.0160362579587
9.8075 -1.1203058376170578
9.8125 211.69775215019592
9.817499999999999 -130.0901046721238
9.8225 29.3703698761005
9.827499999999999 -71.5355695993388
9.8325 -184.52316916792833
9.8375 243.16039982661405
9.8425 -350.4072417812374
9.8475 356.752913605899
9.8525 -267.9947327293645
9.8575 211.23770357633447
9.862499999999999 -48.15109851040134
9.8675 27.755723758134284
9.872499999999999 -88.25843372387452
9.8775 162.6733974109632
9.8825 213.49525071766777
9.8875 -53.41195627089139
9.8925 -368.20755303158245
9.897499999999999 19.035817528826538
9.9025 -130.65559242073724
9.907499999999999 -189.88690808431966
9.9125 215.2794976418548
9.9175 119.28767578993242
9.9225 111.08587610444812
9.9275 -22.176887893626642
9.9325 -126.6685072368481
9.9375 204.15739767320437
9.942499999999999 87.2141397697901
9.9475 -297.0077275636344
9.952499999999999 361.26806779240275
9.9575 67.64774911979326
9.9625 -33.729479928954305
9.9675 2.504003287640292
9.9725 -52.80617628362407
9.9775 -20.714096588246036
9.9825 21.196428271050916
9.987499999999999 19.081396749876703
9.9925 12.69322267577927
9.997499999999999 30.42252968757277
10.0025 243.1477666633083
