0.0075 -48.41048627007578
0.012499999999999999 -22.690487142475945
0.017499999999999998 -135.0404669790656
0.0225 93.85876733532247
0.0275 -26.564100445097417
0.0325 1.832339754323861
0.0375 226.7671553651653
0.042499999999999996 -156.7932070204099
0.0475 209.32654629407327
0.0525 -103.87141692325945
0.057499999999999996 109.21808406847244
0.0625 -105.31788491001652
0.06749999999999999 -93.80845600720431
0.0725 155.66605536833833
0.0775 -80.20368943844338
0.08249999999999999 -83.72384260085363
0.0875 -144.99166134878809
0.0925 228.00293343140208
0.09749999999999999 282.28418232679775
0.1025 -568.4216371000751
0.1075 -127.01737402583149
0.11249999999999999 88.76684670180333
0.1175 145.52339215026382
0.1225 -153.1167443842342
0.1275 134.69733043126666
0.1325 203.47566397919516
0.13749999999999998 -119.71295947949554
0.1425 266.7141109335605
0.1475 -373.0948026821275
0.1525 -163.01267616480956
0.1575 111.52959951750324
0.1625 -137.3116979693752
0.16749999999999998 47.23243392297448
0.1725 104.65730125094409
0.1775 -124.40919484029452
0.1825 -71.8836464866544
0.1875 390.3721667243804
0.1925 12.220684628870409
0.19749999999999998 -133.55970070659657
0.20249999999999999 -163.61244693533456
0.2075 359.71182176406137
0.2125 -39.00001097488012
0.2175 -295.3210415714217
0.2225 -46.1883056337576
0.22749999999999998 86.30224323038668
0.23249999999999998 174.89313410519844
0.2375 81.06267585613551
0.2425 -344.03077754210943
0.2475 156.83564643825383
0.2525 164.86507623715164
0.2575 -120.12577527586697
0.2625 72.10273939243328
0.2675 -302.2228007490362
0.27249999999999996 122.51020445171393
0.27749999999999997 163.27024384787737
0.2825 -38.1594863868736
0.2875 74.74673265116556
0.2925 34.80816954127012
0.2975 9.601125424877473
0.3025 112.98190643423
0.3075 23.33299023791016
0.3125 -0.02293386001756138
0.3175 -289.8389166195587
0.3225 11.859561271379354
0.32749999999999996 28.016615528480592
0.33249999999999996 145.83672007500383
0.33749999999999997 74.99917932921784
0.34249999999999997 -91.40962556731682
0.3475 139.68265552557332
0.3525 -38.508223959892035
0.3575 -50.548987594877914
0.3625 -79.09223423650538
0.3675 -315.45662723133285
0.3725 327.8625536043527
0.3775 -33.8087865564251
0.3825 152.04250245912047
0.38749999999999996 1.9216640402776235
0.39249999999999996 111.22011262614194
0.39749999999999996 -96.5998533525409
0.40249999999999997 -262.33503579284803
0.4075 270.7030130360286
0.4125 3.206789348001756
0.4175 -161.37926600049013
0.4225 -48.373727091311736
0.4275 70.82382543166958
0.4325 47.09059216341484
0.4375 97.10647942548958
0.4425 111.17053335186206
0.44749999999999995 -95.9602889457625
0.45249999999999996 69.25819690315784
0.45749999999999996 10.955942711973089
0.46249999999999997 -159.5969423973868
0.46749999999999997 -329.3845213478239
0.4725 155.12292277117427
0.4775 40.99445413104502
0.4825 -299.21026079405055
0.4875 12.340217291550728
0.4925 128.73004558545472
0.4975 -78.12462587852052
0.5025 -213.94904559081252
0.5075 248.66159742334548
0.5125 -8.813278580380446
0.5175 -232.8455964684651
0.5225 261.67252899773257
0.5275 -166.89414506122898
0.5325 328.153161099111
0.5375 -21.5234180208139
0.5425 78.58114088260228
0.5475 -55.47513914595262
0.5525 -98.9520243408787
0.5575 388.1416615271571
0.5625 81.5140401171079
0.5675 -171.27085243369717
0.5725 -6.737350415583526
0.5775 -117.1347746485191
0.5825 148.3435216383176
0.5875 -116.5714017257603
0.5925 -166.39760968848893
0.5974999999999999 19.375894737332285
0.6024999999999999 155.14857332448418
0.6074999999999999 -54.319682881494025
0.6124999999999999 -20.138052079511635
0.6174999999999999 -149.44015621645912
0.6224999999999999 190.98437769760758
0.6275 -186.32793644594372
0.6325 4.766523253410204
0.6375 -454.49766890942647
0.6425 450.99679445318924
0.6475 82.24089571028712
0.6525 27.02341925140105
0.6575 -8.542207171049231
0.6625 45.656988007567065
0.6675 93.3883601675755
0.6725 -51.33187159891122
0.6775 3.1770858280508163
0.6825 219.78795529650316
0.6875 174.6721516462045
0.6925 -61.86005551714463
0.6975 -182.226714879134
0.7025 176.1763449573436
0.7075 44.35910311674247
0.7125 -140.48668384061827
0.7174999999999999 -200.10247831840158
0.7224999999999999 151.16971822383937
0.7274999999999999 44.59160290260322
0.7324999999999999 -152.61730862625967
0.7374999999999999 194.8919226915638
0.7424999999999999 -84.18884480426483
0.7474999999999999 42.17071653438695
0.7525 -186.16449825107946
0.7575 238.10298959299786
0.7625 -49.85304198690315
0.7675 9.170298607268554
0.7725 157.5861469740115
0.7775 -45.653722870138196
0.7825 38.52278246739299
0.7875 -175.83984763635655
0.7925 77.91827271948088
0.7975 -5.159596376711941
0.8025 -142.46882016300196
0.8075 52.859201410175885
0.8125 -102.67040058329339
0.8175 127.50215048258897
0.8225 -114.51092105324993
0.8275 -217.35345677640726
0.8325 85.78586070649526
0.8374999999999999 87.65319324944676
0.8424999999999999 100.49794361878011
0.8474999999999999 -127.45073542380452
0.8524999999999999 62.42564379630514
0.8574999999999999 152.38691077097397
0.8624999999999999 -233.11733343212512
0.8674999999999999 98.37540822913829
0.8724999999999999 -22.77972879337267
0.8775 -182.12668751111107
0.8825 -329.98499083196816
0.8875 3.7798936301866704
0.8925 18.159229255967297
0.8975 326.47537758686474
0.9025 -58.0765836401333
0.9075 160.6277165719006
0.9125 -158.8250654355847
0.9175 93.95584142114768
0.9225 81.14783444044009
0.9275 148.04413851103712
0.9325 -181.41181689606097
0.9375 139.93405689647096
0.9425 131.41956799734035
0.9475 -63.94563487763177
0.9524999999999999 -172.97514206157956
0.9574999999999999 -11.91972906698547
0.9624999999999999 83.86003175407537
0.9674999999999999 -135.40587762227062
0.9724999999999999 -49.16575963829977
0.9774999999999999 233.74060808665985
0.9824999999999999 -60.53244516465612
0.9874999999999999 -132.38036870037158
0.9924999999999999 -160.83091880884504
0.9974999999999999 181.88665109224576
1.0025 -0.7417104289420468
1.0075 -47.20425734229205
1.0125 -125.33205888079114
1.0174999999999998 -90.21773197974628
1.0225 178.48185594312162
1.0274999999999999 -63.92429108453975
1.0325 -13.060363391802673
1.0374999999999999 -30.782646423748005
1.0425 32.91257844050159
1.0474999999999999 444.54972415016357
1.0525 -53.93488010628928
1.0574999999999999 -114.06324142104688
1.0625 -67.34835836061261
1.0675 -156.79889725991075
1.0725 188.93206526363326
1.0775 185.23362486031328
1.0825 -308.0825971233155
1.0875 -217.608997268888
1.0925 15.951409812101724
1.0975 237.77073981921012
1.1025 179.47760259070355
1.1075 216.22545508855794
1.1125 -186.53992800019682
1.1175 -296.02173316862775
1.1225 384.45204360043624
1.1275 22.330298298002532
1.1324999999999998 66.57185515146124
1.1375 -49.596741988770816
1.1424999999999998 175.91382969761236
1.1475 -37.08721599210954
1.1524999999999999 -75.27159763734497
1.1575 -390.6963880023559
1.1624999999999999 38.4526763587488
1.1675 80.33784613769855
1.1724999999999999 35.59562663252042
1.1775 15.84914103394894
1.1824999999999999 46.94864263616138
1.1875 -2.0486214891496406
1.1925 -155.05055656740322
1.1975 288.93576571141466
1.2025 -273.8447881673343
1.2075 198.89455024015368
1.2125 -148.32167631095825
1.2175 143.1027908598359
1.2225 71.52125531264335
1.2275 -112.89480329439532
1.2325 283.41971998972923
1.2375 -139.94062329949404
1.2425 57.83197262905344
1.2475 -113.07947051600797
1.2525 -156.32418889961443
1.2574999999999998 -224.6824790854518
1.2625 266.479795906823
1.2674999999999998 -216.27504520210982
1.2725 69.52147831355722
1.2774999999999999 -72.97480754494303
1.2825 36.42489272034356
1.2874999999999999 -83.56749036213031
1.2925 20.800784710612724
1.2974999999999999 25.568238134752537
1.3025 17.107385045772027
1.3074999999999999 20.31675091669271
1.3125 90.8695938901434
1.3175 -19.377714813938876
1.3225 183.77603482648456
1.3275 -299.77463339704354
1.3325 367.1362273805299
1.3375 -323.050674001115
1.3425 371.92204210380817
1.3475 -177.36310938166042
1.3525 26.780976316772378
1.3575 59.35028680591799
1.3625 -218.6306640370469
1.3675 217.74026526103188
1.3724999999999998 -16.401855481779254
1.3775 -51.34568112751942
1.3824999999999998 -16.504173538321943
1.3875 -185.85490436508323
1.3924999999999998 -5.966683373127655
1.3975 66.65631173253446
1.4024999999999999 -197.4522349281817
1.4075 -20.20512713952708
1.4124999999999999 78.86105240085368
1.4175 -64.99989780393943
1.4224999999999999 139.6428379286075
1.4275 17.16931620507139
1.4324999999999999 39.77851946580174
1.4375 -29.203388004123184
1.4425 79.69961668431196
1.4475 -70.0531487670982
1.4525 -20.960057006451077
1.4575 -138.73942980569004
1.4625 306.7922589975009
1.4675 10.825503800777676
1.4725 -120.65196347563486
1.4775 -111.3134931190047
1.4825 -62.73026503879348
1.4874999999999998 -139.9077198011068
1.4925 209.06015731866668
1.4974999999999998 41.67215239204591
1.5025 241.18294159586694
1.5074999999999998 -86.87445047234829
1.5125 -68.7108283382292
1.5174999999999998 -76.90536613911515
1.5225 14.656161348033187
1.5274999999999999 -198.03423600341608
1.5325 331.07776972150884
1.5374999999999999 -261.52927138910644
1.5425 232.00313811485628
1.5474999999999999 -139.32879852655313
1.5525 10.128764475185001
1.5574999999999999 282.6152617881694
1.5625 -219.8825729631488
1.5675 81.80642979214092
1.5725 165.33792587612268
1.5775 104.5486131894473
1.5825 -144.86216602993983
1.5875 -62.74466011836318
1.5925 86.01003915527079
1.5975 -11.978664442298255
1.6025 120.01045377727563
1.6075 169.41112152648623
1.6124999999999998 4.195632908981771
1.6175 -80.59641833673045
1.6224999999999998 151.6647945878017
1.6275 -136.65119951125726
1.6324999999999998 6.177497377817971
1.6375 89.37923800352351
1.6424999999999998 36.013694492055194
1.6475 131.25822225896815
1.6524999999999999 -1.3972251246630036
1.6575 -33.53150949116246
1.6624999999999999 -155.06515691877064
1.6675 -33.34323051391346
1.6724999999999999 66.05920752161272
1.6775 -53.67428940124631
1.6824999999999999 165.99819050860947
1.6875 -73.37748344084426
1.6925 -195.42791551453223
1.6975 -170.69847163179892
1.7025 -45.25569861739197
1.7075 0.04899522009190972
1.7125 173.68394557916173
1.7175 17.311094146155455
1.7225 -59.422228962235714
1.7274999999999998 -12.759691526068963
1.7325 42.511286855752964
1.7374999999999998 -184.0377472234761
1.7425 -42.58101038250491
1.7474999999999998 27.84933381658045
1.7525 101.40857487466488
1.7574999999999998 -135.13197846234112
1.7625 -27.24222527010492
1.7674999999999998 94.01416506018633
1.7725 139.13092848772388
1.7774999999999999 320.62416348170586
1.7825 -225.3760962237113
1.7874999999999999 -36.96367559495516
1.7925 165.84225453740675
1.7974999999999999 -200.60484769080517
1.8025 174.61288418351785
1.8074999999999999 -43.238833130757754
1.8125 132.08301282947048
1.8175 -382.0488179755564
1.8225 135.31579886377185
1.8275 9.763404492006957
1.8325 -9.611940880097412
1.8375 67.0562931729214
1.8425 -70.07202457802396
1.8475 29.947370477708205
1.8524999999999998 -36.28888515371213
1.8575 94.59669339445497
1.8624999999999998 -78.99689196699295
1.8675 115.18468661582973
1.8724999999999998 169.5787318048472
1.8775 -186.5842588298867
1.8824999999999998 63.92098142221053
1.8875 -48.092345642770255
1.8924999999999998 -78.58610872327645
1.8975 119.75525950002493
1.9024999999999999 -420.10082446033704
1.9075 531.5519829624608
1.9124999999999999 -302.16324975570694
1.9175 -79.05068229022538
1.9224999999999999 159.14901176777724
1.9275 133.06858306188738
1.9324999999999999 -370.65898706712176
1.9375 204.33667449523898
1.9425 -60.85787155914416
1.9475 -22.017554542586907
1.9525 -19.543356522601147
1.9575 387.458862130398
1.9625 -11.908182725739552
1.9674999999999998 -278.15164358659246
1.9725 -12.911290406829837
1.9774999999999998 -132.56042180507976
1.9825 187.10245509788137
1.9874999999999998 9.193038511754153
1.9925 -234.90586359169117
1.9974999999999998 104.97823806090739
2.0025 -161.58772592583463
2.0075 253.8415032732993
2.0124999999999997 61.01084845843182
2.0175 -15.082098486152448
2.0225 168.68450778559173
2.0275 -226.9345192515768
2.0324999999999998 144.47048822852474
2.0375 231.63147594927452
2.0425 -231.59755596895903
2.0475 -105.10139178471441
2.0524999999999998 112.5076174583618
2.0575 -43.92673205650517
2.0625 105.3679658665963
2.0675 94.27279107727288
2.0725 -160.5063664643034
2.0775 -199.4072898475577
2.0825 11.958764657352615
2.0875 -43.73514738090959
2.0925 142.67034943479484
2.0974999999999997 98.44832261387688
2.1025 -245.17204528576718
2.1075 154.1796846494532
2.1125 30.53039212221386
2.1174999999999997 118.3106249292517
2.1225 -127.44356749052896
2.1275 -121.8566589178219
2.1325 373.3686813148772
2.1374999999999997 -134.35854367181244
2.1425 130.6962468950323
2.1475 -217.05720483354918
2.1525 -169.63769632612357
2.1574999999999998 -192.4257583649774
2.1625 307.8189465526414
2.1675 -285.42655570696775
2.1725 120.63131903763642
2.1774999999999998 62.34705464969083
2.1825 29.12596689186854
2.1875 -59.65318335410383
2.1925 126.03722356100499
2.1975 126.06759720784561
2.2024999999999997 -206.94603320410604
2.2075 224.01687986988105
2.2125 -146.90528505064978
2.2175 -81.50194223949006
2.2224999999999997 147.05677168984434
2.2275 21.947391655237126
2.2325 -80.81597573574395
2.2375 239.0285019686465
2.2424999999999997 -98.98951012917291
2.2475 -358.2788427661053
2.2525 242.76950100535447
2.2575 198.98480653901984
2.2624999999999997 -445.1111435696472
2.2675 240.6514081711198
2.2725 249.15284599461796
2.2775 -101.91259868759164
2.2824999999999998 79.86645629701215
2.2875 5.889315248300609
2.2925 -39.43223153536187
2.2975 -29.39605516771464
2.3024999999999998 83.36806367883491
2.3075 -82.98665341484119
2.3125 240.63238921272162
2.3175 -80.88533418134024
2.3225 43.44254190731998
2.3274999999999997 -150.8168742279826
2.3325 -72.31329370691698
2.3375 160.0923967953526
2.3425 -206.32449151724833
2.3474999999999997 106.91073011038729
2.3525 20.17457282718754
2.3575 29.692361849718797
2.3625 -194.9133622781614
2.3674999999999997 -62.93963674593574
2.3725 80.97031223173038
2.3775 122.69284779702366
2.3825 -2.7884231535417143
2.3874999999999997 -93.10205995937302
2.3925 174.16142093914405
2.3975 89.79913409790299
2.4025 31.207072971971105
2.4074999999999998 138.38447799085247
2.4125 78.48690060026169
2.4175 -299.8135676344605
2.4225 43.504345956006134
2.4274999999999998 159.93192465460518
2.4325 -228.26770089119108
2.4375 98.4285780986244
2.4425 -131.96595967904696
2.4475 152.95458203254356
2.4524999999999997 168.29481822575605
2.4575 -260.61725905535565
2.4625 86.51602722850436
2.4675 -233.2023475366644
2.4724999999999997 307.3372728580574
2.4775 -103.05515809343505
2.4825 163.71231377028488
2.4875 1.6374181290663334
2.4924999999999997 -3.1249957408545797
2.4975 63.75729037130888
2.5025 -397.69305459565356
2.5075 300.2700025035905
2.5124999999999997 -207.96693485782458
2.5175 -161.93697852053023
2.5225 41.615467374608045
2.5275 177.93540478522746
2.5324999999999998 -90.8683475218946
2.5375 137.56554378526423
2.5425 -191.44324990616667
2.5475 -56.0698862839815
2.5524999999999998 119.56849208310767
2.5574999999999997 -193.00971241714896
2.5625 249.3186750795879
2.5675 -150.19525694583783
2.5725 82.46703022823527
2.5774999999999997 -69.47394151011288
2.5825 -160.49399594363115
2.5875 136.29899995041936
2.5925 65.70388375033014
2.5974999999999997 197.60406381862362
2.6025 60.4566569747492
2.6075 -215.87476138057465
2.6125 54.348362707042114
2.6174999999999997 -36.62715985214013
2.6225 -12.035944122923247
2.6275 -231.91869873845457
2.6325 226.03183152082258
2.6374999999999997 93.44468635412079
2.6425 -64.73916709300366
2.6475 31.056255308302003
2.6525 6.163421916964115
2.6574999999999998 -81.45139513304754
2.6625 198.73064369138652
2.6675 6.682650415905115
2.6725 262.51169642335327
2.6774999999999998 -314.89246822285634
2.6824999999999997 -34.505792603770345
2.6875 15.038865877028519
2.6925 -28.13652031208655
2.6975 -89.65123764271317
2.7024999999999997 -7.2457330961845035
2.7075 129.9383122963767
2.7125 -75.24288583676685
2.7175 196.49209675303612
2.7224999999999997 -116.02742961957728
2.7275 -64.2411683691978
2.7325 -95.43075060498796
2.7375 356.4612817917115
2.7424999999999997 -110.22586490678113
2.7475 133.78397172505782
2.7525 -208.32930800476112
2.7575 -43.01478048189059
2.7624999999999997 157.11860466368782
2.7675 -192.60250001451777
2.7725 -9.798514522411374
2.7775 -123.95430141762266
2.7824999999999998 194.41431785244748
2.7875 -70.78419850062357
2.7925 -140.65377139960972
2.7975 175.13823021070894
2.8024999999999998 -135.02610532195527
2.8074999999999997 38.38458980879156
2.8125 -76.18435210759533
2.8175 137.41506389896998
2.8225 304.9892975849676
2.8274999999999997 -212.12839396001795
2.8325 225.75022677340883
2.8375 -235.35667465914952
2.8425 -3.8751516568441176
2.8474999999999997 161.25589195902185
2.8525 70.57651870679881
2.8575 -148.82514138326246
2.8625 241.13986504594305
2.8674999999999997 93.85451005087123
2.8725 37.05978404803186
2.8775 -148.3289360244126
2.8825 149.79441046904168
2.8874999999999997 -342.4485442357592
2.8925 -17.66909460904672
2.8975 264.0254918491694
2.9025 -215.22659725739547
2.9074999999999998 125.92027600713128
2.9125 108.35969017571955
2.9175 -274.22542247761567
2.9225 175.34698452344418
2.9274999999999998 5.495101945430037
2.9324999999999997 155.03009281135175
2.9375 106.82925839178831
2.9425 30.28750295169796
2.9475 -204.76665858000908
2.9524999999999997 48.3806339609676
2.9575 5.521141462479756
2.9625 -78.1935603589038
2.9675 -100.85570354523146
2.9724999999999997 -233.83661765399557
2.9775 146.4133717145554
2.9825 88.76856545835591
2.9875 -440.86922858108477
2.9924999999999997 33.40082175370454
2.9975 174.79421165210218
3.0025 -2.283155176406288
3.0075 -167.18094765899795
3.0124999999999997 136.51071030862644
3.0175 -126.34255207010413
3.0225 165.28359951059153
3.0275 17.10142624233583
3.0324999999999998 -82.64236326585589
3.0374999999999996 128.63900583256054
3.0425 98.52807307581801
3.0475 47.97924680351961
3.0524999999999998 -121.97630119037883
3.0574999999999997 -44.3623381213241
3.0625 6.098314571348251
3.0675 239.36595617201374
3.0725 -204.34670827282147
3.0774999999999997 -68.68894846994232
3.0825 182.1430628056065
3.0875 -55.19917754724186
3.0925 -0.8967969400490838
3.0974999999999997 -5.396037512673704
3.1025 37.404830347264394
3.1075 -8.593439952424829
3.1125 178.21860535638803
3.1174999999999997 -136.78441702624556
3.1225 -61.77963223083184
3.1275 188.84889454157462
3.1325 -79.94679444713468
3.1374999999999997 87.40230596268678
3.1425 -138.650867492597
3.1475 25.766362847129876
3.1525 -58.00199567344086
3.1574999999999998 -212.23868470410284
3.1624999999999996 149.8078539296106
3.1675 179.13416251039217
3.1725 -44.74524489567399
3.1774999999999998 149.10943499384985
3.1824999999999997 -164.21081692321675
3.1875 142.93734813981217
3.1925 -154.98222319784685
3.1975 224.80654527776312
3.2024999999999997 -82.66476848520205
3.2075 83.44316363253728
3.2125 77.05376486873504
3.2175 -89.51084275326248
3.2224999999999997 -308.57362936969344
3.2275 50.403489974207105
3.2325 342.08396696644644
3.2375 -407.1411229204994
3.2424999999999997 29.190371510538373
3.2475 82.09000350400686
3.2525 -187.81615092664293
3.2575 164.78021049412004
3.2624999999999997 128.94305330089887
3.2675 19.924084718413084
3.2725 -66.87990127494412
3.2775 108.63315342914397
3.2824999999999998 -68.77289545719844
3.2874999999999996 5.561982260406605
3.2925 -234.6449148329265
3.2975 259.01598034212554
3.3024999999999998 -48.902650274615475
3.3074999999999997 9.858138742506949
3.3125 111.38246240348445
3.3175 -356.74198189578584
3.3225 21.09278068486443
3.3274999999999997 61.1909284063751
3.3325 51.07678191487861
3.3375 36.0057883698147
3.3425 -92.74746654777847
3.3474999999999997 227.1716391661082
3.3525 193.9936703448622
3.3575 -4.441524245331802
3.3625 -131.3219928377935
3.3674999999999997 11.840730741964741
3.3725 -54.586035934335996
3.3775 141.68227995244823
3.3825 -281.57309766057097
3.3874999999999997 -160.18851466494405
3.3924999999999996 119.97101428832954
3.3975 -3.9003088999170274
3.4025 212.21505813400822
3.4074999999999998 15.033566443450303
3.4124999999999996 -151.57719537445584
3.4175 -181.25272519992924
3.4225 334.36461964318846
3.4274999999999998 89.78392398402869
3.4324999999999997 -378.52631570111475
3.4375 29.66545157233477
3.4425 122.59361362028076
3.4475 -118.17178724350124
3.4524999999999997 194.3855804586869
3.4575 -129.38558422955208
3.4625 154.64329429425194
3.4675 -10.342901317101171
3.4724999999999997 182.84119199232967
3.4775 -267.2889453255719
3.4825 128.81674273780675
3.4875 45.3090891376126
3.4924999999999997 -154.46991002286495
3.4975 257.21467636777453
3.5025 -65.15731059716965
3.5075 75.77123286095176
3.5124999999999997 -166.22157385813
3.5174999999999996 -58.90204338353777
3.5225 -111.1363458602871
3.5275 219.09585366611
3.5324999999999998 -86.55665012252287
3.5374999999999996 141.5229110078051
3.5425 -214.5694002540245
3.5475 50.102902569265176
3.5524999999999998 117.7701169820322
3.5574999999999997 -199.00614848992905
3.5625 97.3654238770316
3.5675 -128.78517237941261
3.5725 343.8598324523344
3.5774999999999997 -223.81582028891003
3.5825 175.70017478387518
3.5875 -151.38534022694984
3.5925 85.08819342243712
3.5974999999999997 63.7227856542109
3.6025 -453.51627335929993
3.6075 323.3064144033257
3.6125 -98.28140641078197
3.6174999999999997 -196.6874629693748
3.6225 210.09828246047564
3.6275 -223.80224057260617
3.6325 160.03063012488445
3.6374999999999997 81.26962930359903
3.6424999999999996 -152.82072508274683
3.6475 -19.591584473556775
3.6525 -51.991124280910505
3.6574999999999998 134.45392709437277
3.6624999999999996 -211.2093805421194
3.6675 278.0217534484948
3.6725 93.8230078038965
3.6774999999999998 -160.83971023150548
3.6824999999999997 -49.57160132534311
3.6875 75.78232847598989
3.6925 -116.82368550221925
3.6975 279.4558644019893
3.7024999999999997 96.5829403503806
3.7075 -199.62027828587472
3.7125 -69.13409010058464
3.7175 -402.2578293575177
3.7224999999999997 -232.36428463121683
3.7275 168.15584053411274
3.7325 265.40065143983617
3.7375 177.48098197446882
3.7424999999999997 -129.03791222769908
3.7474999999999996 263.23577453120777
3.7525 -58.29116425072759
3.7575 79.20591875830198
3.7624999999999997 63.7975699614041
3.7674999999999996 -289.2464419455983
3.7725 -29.265428617042573
3.7775 -62.20748514037493
3.7824999999999998 22.03467796067593
3.7874999999999996 394.42720766324794
3.7925 -172.50545834533511
3.7975 -49.18795530935239
3.8024999999999998 -35.14075880303102
3.8074999999999997 146.40125383609572
3.8125 -5.103316639490121
3.8175 -160.68473091189614
3.8225 74.43618625745923
3.8274999999999997 290.12528169891266
3.8325 -49.8944932052593
3.8375 -84.37648099130105
3.8425 105.53395765578284
3.8474999999999997 172.57607029763852
3.8525 50.75235983897788
3.8575 -299.5739211004264
3.8625 16.582134780218407
3.8674999999999997 42.81774850465096
3.8724999999999996 97.10086905777158
3.8775 52.20231402509981
3.8825 -276.4358185389765
3.8874999999999997 -167.14382951775684
3.8924999999999996 10.215976566973856
3.8975 29.916259168240583
3.9025 238.09072302406932
3.9074999999999998 -102.07405127256627
3.9124999999999996 78.21217916888087
3.9175 -12.470543171672901
3.9225 -54.94490130205196
3.9274999999999998 172.76598694250077
3.9324999999999997 37.73067044337557
3.9375 -52.236773238637824
3.9425 -342.57023935787794
3.9475 367.31847593948623
3.9524999999999997 12.565084321940084
3.9575 -33.35419229108153
3.9625 50.958636679015804
3.9675 7.37854714024343
3.9724999999999997 -23.169613887754192
3.9775 12.702050942095743
3.9825 -57.932382833913515
3.9875 58.45977029468433
3.9924999999999997 -72.95258766234504
3.9974999999999996 -3.161241740124288
4.0024999999999995 20.598799103823364
4.007499999999999 449.67169736437813
4.0125 -174.41943640421684
4.0175 -138.94254595348463
4.0225 -59.96275842351863
4.0275 152.62985625964976
4.0325 -189.58837815084462
4.0375 14.100776919402962
4.0424999999999995 16.469942163320976
4.047499999999999 144.20510087422355
4.0525 -212.02894082669076
4.0575 61.01587788064533
4.0625 -184.6763258774157
4.0675 261.159374767614
4.0725 -254.26338214850202
4.0775 351.49046599230815
4.0825 -63.013561173186794
4.0874999999999995 64.44359162598668
4.0925 17.37343321736057
4.0975 -54.72784413985179
4.1025 21.521086343726797
4.1075 244.1105429758082
4.1125 -258.1125723178965
4.1175 -22.530541463031877
4.1225 58.09889852673
4.1274999999999995 -91.32794265561827
4.132499999999999 140.86683799911123
4.1375 -76.38996049844576
4.1425 23.027723705103796
4.1475 -81.11383722003147
4.1525 -84.39892285692648
4.1575 126.10115888360647
4.1625 -80.45331520829062
4.1674999999999995 160.66144509678935
4.172499999999999 -2.4833405758463987
4.1775 164.02074490997302
4.1825 -149.60857225241847
4.1875 -13.929570766008222
4.1925 -159.79135531702252
4.1975 68.1943737060396
4.2025 -230.87963293205325
4.2075 -143.39120293324206
4.2124999999999995 159.30338188359983
4.2175 201.04803469559224
4.2225 -155.2657179919175
4.2275 67.3126158035853
4.2325 -1.341068813688796
4.2375 -74.55824577042911
4.2425 -137.1417588429935
4.2475 -140.66637850918733
4.2524999999999995 -177.6892049490507
4.257499999999999 221.01724993195916
4.2625 -110.90286971754225
4.2675 190.08900606425985
4.2725 82.89857076009477
4.2775 -134.26895713797862
4.2825 172.97339093524346
4.2875 57.64175507514441
4.2924999999999995 -608.9428197322878
4.297499999999999 208.6829734167701
4.3025 72.1075999917516
4.3075 -8.767720610224728
4.3125 38.327685045262534
4.3175 31.592662096062565
4.3225 71.84966597747548
4.3275 -134.16871765576474
4.3325 291.02191272737326
4.3374999999999995 82.74913868106039
4.342499999999999 -164.17257630052018
4.3475 141.4833071040441
4.3525 -165.77297681889246
4.3575 304.90094847163755
4.3625 -202.1450658693737
4.3675 86.67687294583082
4.3725 -161.2627675115701
4.3774999999999995 80.3003304139338
4.382499999999999 217.7614971744149
4.3875 -276.03955962369076
4.3925 -63.081611405825974
4.3975 227.83705776552424
4.4025 55.69519051312553
4.4075 27.59051864679566
4.4125 -72.0457934429602
4.4174999999999995 276.34923028923447
4.422499999999999 9.881001131588684
4.4275 213.40465593827216
4.4325 -170.49733259024654
4.4375 -197.7892038479656
4.4425 9.650438783359752
4.4475 162.26956070962504
4.4525 -550.3606132974534
4.4575 376.3708557019997
4.4624999999999995 -247.22031222052001
4.467499999999999 6.078935860966092
4.4725 419.4636959167743
4.4775 -236.2482188945609
4.4825 -176.46064666037682
4.4875 -108.69405569645329
4.4925 -8.701500191444087
4.4975 229.77027360780392
4.5024999999999995 -275.42657290217267
4.507499999999999 279.561008498532
4.5125 5.22384487038946
4.5175 125.49941908283702
4.5225 -260.5098124276894
4.5275 160.9890757287901
4.5325 -147.64769208785927
4.5375 142.42312218695346
4.5424999999999995 -99.10098640013004
4.547499999999999 154.40769793068856
4.5525 176.38887311312948
4.5575 16.77910122838415
4.5625 68.3733517654994
4.5675 -76.42235344080439
4.5725 -236.0121605378681
4.5775 28.25327812113183
4.5825 125.51368652545555
4.5874999999999995 -354.6283638551574
4.592499999999999 207.33883921090174
4.5975 -16.836800235869035
4.6025 213.5557629850095
4.6075 -72.81681484243614
4.6125 -77.17289476775262
4.6175 4.768995462728064
4.6225 -72.2385902419422
4.6274999999999995 109.70140888518335
4.632499999999999 -20.318358615939335
4.6375 -5.88876601465718
4.6425 -31.340108571407878
4.6475 -0.3844690769489448
4.6525 76.37583043003033
4.6575 -23.462391210682146
4.6625 221.1147192975795
4.6674999999999995 67.876662438911
4.672499999999999 -78.61450965550705
4.6775 -28.244566175500744
4.6825 -67.51896001487991
4.6875 -107.22149740103505
4.6925 -68.13719919431483
4.6975 110.61861749027562
4.7025 -155.0214245517699
4.7075 55.70161183602908
4.7124999999999995 -139.63862656714176
4.717499999999999 -98.99189391371638
4.7225 189.7144695106316
4.7275 20.788753414744654
4.7325 -182.65401865372198
4.7375 70.39020520701314
4.7425 -220.79838769378378
4.7475 239.78180551711915
4.7524999999999995 76.21967859447878
4.757499999999999 139.5584400342149
4.7625 -117.40486522709368
4.7675 159.67846530235073
4.7725 -336.20765458451234
4.7775 45.96232414856637
4.7825 162.44975062930223
4.7875 -151.92290426736625
4.7924999999999995 26.25621564419403
4.797499999999999 4.2989412045718085
4.8025 -200.81460355474147
4.8075 211.41090165567414
4.8125 -165.25749328020754
4.8175 -366.7001298476566
4.8225 380.6542584894053
4.8275 124.32270192351241
4.8325 -176.941203202677
4.8374999999999995 74.29289354918559
4.842499999999999 -201.26272662666145
4.8475 -49.44764781869577
4.8525 565.2857169520464
4.8575 -277.24121901703865
4.8625 211.33008746475033
4.8675 -2.2963321783915918
4.8725 23.821331844723943
4.8774999999999995 224.3718382310468
4.882499999999999 -72.60452709150567
4.8875 -65.27131659631297
4.8925 -61.127495670716854
4.8975 180.1555459278091
4.9025 -61.71762017996987
4.9075 -241.879656644122
4.9125 152.65059838268078
4.9174999999999995 -147.99049901652145
4.922499999999999 256.5601755305161
4.9275 29.744924062049826
4.9325 82.16235108857319
4.9375 111.96880274030464
4.9425 2.3517381946281772
4.9475 -286.41148025431323
4.9525 136.06789917081085
4.9575 46.82070146167406
4.9624999999999995 -64.464158281106
4.967499999999999 11.959338892048333
4.9725 18.340237725722098
4.9775 89.62375908483142
4.9825 -213.6346444630069
4.9875 81.12333551454927
4.9925 -207.08324476878192
4.9975 20.225809457409344
5.0024999999999995 227.54351698941008
5.007499999999999 11.7834683318035
5.0125 35.93961268975921
5.0175 -11.442890575914042
5.0225 -139.11365262900816
5.0275 -227.06236252720674
5.0325 335.91595046464994
5.0375 -220.87532290565275
5.0424999999999995 190.59345492797164
5.047499999999999 75.45031884388862
5.0525 -98.15988178926058
5.0575 -142.25177944886252
5.0625 -66.90547998312482
5.0675 -110.59205097736057
5.0725 325.42005066840545
5.0775 40.68569666183229
5.0825 -173.3533414009525
5.0874999999999995 -282.72035226403415
5.092499999999999 479.0927662164917
5.0975 -275.1287377347823
5.1025 -112.02950424258489
5.1075 17.739190322516542
5.1125 141.38853390453636
5.1175 2.712692860808528
5.1225 26.652781809253913
5.1274999999999995 71.30289033223953
5.132499999999999 -152.33342194069442
5.1375 67.67194013798748
5.1425 19.406144168418393
5.1475 112.48367467429992
5.1525 4.241336674747677
5.1575 1.609651039303491
5.1625 -123.03903092042067
5.1674999999999995 -94.21655173648819
5.172499999999999 174.41824714363483
5.177499999999999 -66.25263039957781
5.1825 -143.88413052255243
5.1875 100.68425764490374
5.1925 71.21933142052795
5.1975 85.40437675518953
5.2025 -37.99208832139195
5.2075 -307.6807967576862
5.2124999999999995 181.3089254601217
5.217499999999999 178.60015250114304
5.2225 -20.94099324353551
5.2275 0.9184207613747963
5.2325 25.35774045916591
5.2375 37.52137795009373
5.2425 76.2609142774473
5.2475 -14.35745903888186
5.2524999999999995 188.29551662934722
5.257499999999999 -299.9570674901248
5.2625 -60.547838707303505
5.2675 312.24551365527276
5.2725 -224.8723011375169
5.2775 -6.300802041366175
5.2825 -207.17283564490373
5.2875 117.03698974330197
5.2924999999999995 241.7192775911742
5.297499999999999 169.87020769141907
5.302499999999999 -219.98812530055844
5.3075 -185.42942046972507
5.3125 -35.19309205835688
5.3175 29.42710279029117
5.3225 67.2385792663524
5.3275 -8.00944079967082
5.3325 136.3598009305708
5.3374999999999995 -116.44498429961772
5.342499999999999 -175.97612310900092
5.3475 29.71628417239315
5.3525 -87.73362847705164
5.3575 211.65750361403937
5.3625 -165.21774344925188
5.3675 27.824437702919468
5.3725 41.84929958497128
5.3774999999999995 41.48970629188028
5.382499999999999 -63.3698998556078
5.3875 41.099964098250254
5.3925 -69.7257563194647
5.3975 -16.412179205776027
5.4025 216.12317604681527
5.4075 17.275167370848123
5.4125 -6.580883040435197
5.4174999999999995 -80.07563431179142
5.422499999999999 -126.04193060122846
5.427499999999999 310.46918581439803
5.4325 -0.27796862397544575
5.4375 -173.01769990546066
5.4425 -306.7869549584657
5.4475 140.7409853335814
5.4525 107.6781521478406
5.4575 -5.419894174689678
5.4624999999999995 137.8540917196519
5.467499999999999 173.40621046830424
5.4725 -201.40303990083487
5.4775 34.849313904605545
5.4825 172.65423987067206
5.4875 102.15279485002263
5.4925 -251.1795473506281
5.4975 -46.37621749029142
5.5024999999999995 83.95475679366135
5.507499999999999 3.166980929053808
5.5125 -231.14297401601692
5.5175 -93.18741328871648
5.5225 -82.81250397966969
5.5275 20.314706093784487
5.5325 -66.41640045051507
5.5375 -210.1216158109919
5.5424999999999995 124.39666451026432
5.547499999999999 199.59008990998996
5.552499999999999 165.54783155310807
5.5575 -19.047120109812642
5.5625 141.4460702735969
5.5675 -103.81956500398239
5.5725 -139.02971251704142
5.5775 90.05919451746847
5.5825 -117.91003227892854
5.5874999999999995 377.43638778683413
5.592499999999999 -31.200251105893013
5.5975 -369.28597684323717
5.6025 416.75743701097997
5.6075 -268.816544523175
5.6125 -8.111207352737702
5.6175 -187.9577137270928
5.6225 225.19247724523214
5.6274999999999995 22.808098934833605
5.632499999999999 143.61123087837652
5.6375 -388.93206005800135
5.6425 -45.440894964893815
5.6475 301.75987942268233
5.6525 -64.7822077203629
5.6575 -7.565733703091914
5.6625 229.49357196149737
5.6674999999999995 61.9650720425284
5.672499999999999 90.27660998422328
5.677499999999999 -124.32412514131006
5.6825 -6.843333297430474
5.6875 40.242698805631456
5.6925 35.77325516149458
5.6975 -103.95897692442858
5.7025 -112.469263015085
5.7075 -114.09563804777109
5.7124999999999995 8.467220067491438
5.717499999999999 10.649406915217392
5.7225 -170.02138997569813
5.7275 -166.4450248420762
5.7325 246.36800101799665
5.7375 -67.95767874360486
5.7425 -422.1468606926475
5.7475 179.403489208131
5.7524999999999995 -22.900515982539922
5.757499999999999 2.5624373260624544
5.7625 61.68764141817091
5.7675 408.2432781257396
5.7725 -57.59020079997406
5.7775 -100.47409972045925
5.7825 24.49063264701464
5.7875 483.7736992884841
5.7924999999999995 -401.93368676706467
5.797499999999999 70.02392097440733
5.802499999999999 -59.83108669727643
5.8075 192.44794561462297
5.8125 94.2079383476369
5.8175 -119.78472618434962
5.8225 198.35384945587035
5.8275 31.453914677269307
5.8325 -91.23195019426575
5.8374999999999995 172.39022507414143
5.842499999999999 31.51554990306026
5.8475 -217.95701428526257
5.8525 53.13910819138581
5.8575 120.92120507110752
5.8625 166.88491730441382
5.8675 -36.277732710624235
5.8725 -169.72899990591168
5.8774999999999995 9.16274828947747
5.882499999999999 140.88450953237552
5.8875 -368.88627896741684
5.8925 -197.1137414705462
5.8975 237.51304449919115
5.9025 -145.61673371056685
5.9075 286.4263087731789
5.9125 -1.5418041046947648
5.9174999999999995 -14.309957829040906
5.922499999999999 126.98426868506715
5.927499999999999 90.54317857245289
5.9325 -436.9348110086997
5.9375 120.1359030705645
5.9425 75.2572400593537
5.9475 77.25487532355788
5.9525 -62.497721435298985
5.9575 73.73945295237078
5.9624999999999995 -62.77801412090943
5.967499999999999 -223.5292960910167
5.9725 138.85982176440635
5.9775 176.28179967551287
5.9825 99.57049566824254
5.9875 -169.65943168174897
5.9925 85.21568746461791
5.9975 -110.90706394012871
6.0024999999999995 -331.5255830764455
6.007499999999999 389.91680630836873
6.012499999999999 57.59748985676873
6.0175 -321.99949025046175
6.0225 225.84564608563764
6.0275 -18.1713186422738
6.0325 -15.993091928334197
6.0375 -68.8278741980498
6.0424999999999995 -39.26203204029108
6.047499999999999 -120.04079339924668
6.052499999999999 99.08167944235674
6.0575 -76.73890011944204
6.0625 -80.71807885212948
6.0675 107.40907266445436
6.0725 -204.20452398239743
6.0775 107.96190390996381
6.0825 209.39700824006297
6.0874999999999995 134.30573809397507
6.092499999999999 -151.15969673295825
6.0975 -96.01441834576663
6.1025 105.08418388938556
6.1075 165.6623511100511
6.1125 -40.224781209378826
6.1175 -102.58376562105892
6.1225 52.1109314946203
6.1274999999999995 -51.46569163925967
6.132499999999999 213.46471790294362
6.137499999999999 -45.92068581707152
6.1425 -8.230955649494009
6.1475 -262.1500233058809
6.1525 305.05444782712584
6.1575 -115.59386294980652
6.1625 70.1010915909213
6.1674999999999995 73.35754707541157
6.172499999999999 96.39304979214263
6.177499999999999 -17.657741104864638
6.1825 245.09908089892397
6.1875 117.78067262368509
6.1925 -244.67139631883427
6.1975 -74.03879548583741
6.2025 -94.22818341027309
6.2075 19.507681994752957
6.2124999999999995 -7.4550412809162685
6.217499999999999 -97.11742212290721
6.2225 119.40196112649086
6.2275 -148.36265060134585
6.2325 156.43571144719036
6.2375 -21.140767178288744
6.2425 -219.96323504240706
6.2475 97.27023618639377
6.2524999999999995 322.4664504310206
6.257499999999999 -430.46476957435084
6.262499999999999 215.199590429895
6.2675 42.46878802751369
6.2725 -118.44972709981849
6.2775 259.6786756032327
6.2825 -340.39040800403103
6.2875 97.18203905314476
6.2924999999999995 253.62325546888005
6.297499999999999 -115.35753089738344
6.302499999999999 39.8186083241849
6.3075 -251.59645674035048
6.3125 110.20341817252974
6.3175 -132.74008713030852
6.3225 170.10169782952084
6.3275 175.302002103829
6.3325 -161.40134781806648
6.3374999999999995 83.70751875589214
6.342499999999999 186.6774295770792
6.3475 -170.90187164022535
6.3525 105.47383778982567
6.3575 -123.22381672432704
6.3625 158.91866016443825
6.3675 -143.9823696574143
6.3725 -152.7509745153831
6.3774999999999995 147.7259630138429
6.382499999999999 -156.89949728361552
6.387499999999999 -22.571230280877714
6.3925 35.52092401462077
6.3975 44.28826250349894
6.4025 -127.75187494080049
6.4075 -151.0502774071301
6.4125 -98.81706576576748
6.4174999999999995 137.9903171901917
6.422499999999999 19.87558471653321
6.427499999999999 205.76978580139547
6.4325 165.28442836126712
6.4375 -144.627836824974
6.4425 76.57218343132361
6.4475 -1.1191671054775665
6.4525 91.36159012446383
6.4575 -215.11876798204477
6.4624999999999995 -112.08665743762295
6.467499999999999 67.81561144823668
6.4725 -17.0208264025393
6.4775 99.47995787726528
6.4825 28.778169950546335
6.4875 313.7096747551497
6.4925 -184.6518824801779
6.4975 3.682190508839454
6.5024999999999995 -200.50298201761242
6.507499999999999 143.37114445740661
6.512499999999999 -6.809822676450083
6.5175 243.05595095670174
6.5225 72.45987666109816
6.5275 -293.6397642279104
6.5325 98.19516616910859
6.5375 -44.59005204785443
6.5424999999999995 110.91265920852695
6.547499999999999 -263.97992887880326
6.552499999999999 65.55884040864824
6.5575 116.18093844914848
6.5625 -162.9821051412403
6.5675 -83.47797777877747
6.5725 85.99561085061846
6.5775 -314.1554374645647
6.5825 123.52682316200655
6.5874999999999995 88.14115273491399
6.592499999999999 -199.56396354717967
6.5975 99.11686022615037
6.6025 -14.861553940327019
6.6075 -2.5912643288578376
6.6125 300.9963159686885
6.6175 -40.847003451196734
6.6225 8.982029367271501
6.6274999999999995 217.62078039641602
6.632499999999999 -8.658739444285978
6.637499999999999 -142.42720262185588
6.6425 4.708952935552362
6.6475 -255.5554188984429
6.6525 355.42025455406974
6.6575 -224.92366198349325
6.6625 -87.08043045778639
6.6674999999999995 -267.2239368656971
6.672499999999999 291.2314333223611
6.677499999999999 84.00416119215969
6.6825 -52.353770449206834
6.6875 104.44315230325525
6.6925 -75.31436861519684
6.6975 -94.65585180547109
6.7025 148.6140098652081
6.7075 31.619800738321572
6.7124999999999995 -122.55547563348301
6.717499999999999 109.97071982568002
6.722499999999999 -126.92375251953509
6.7275 157.25613795243126
6.7325 -13.840835452212577
6.7375 267.50207054596183
6.7425 -145.44863268786634
6.7475 155.68815781178284
6.7524999999999995 -62.37033933039541
6.757499999999999 194.12178291636627
6.762499999999999 -267.11328928915896
6.7675 149.61927270279787
6.7725 184.5497300227105
6.7775 -61.569258803895856
6.7825 -145.10836573453216
6.7875 74.84149427123859
6.7924999999999995 -288.6024435240683
6.797499999999999 178.0574904500999
6.802499999999999 -147.11342828503328
6.8075 234.86543174600993
6.8125 -72.54698769600199
6.8175 -209.10060967919165
6.8225 103.29423631407529
6.8275 -214.0732997680097
6.8325 -7.080266690953347
6.8374999999999995 131.64934872138804
6.842499999999999 -63.88220668163828
6.847499999999999 -90.22176214937515
6.8525 262.23931364303735
6.8575 56.51298203903972
6.8625 -113.08283989302161
6.8675 -193.12997326837328
6.8725 61.97937396028218
6.8774999999999995 6.012864724784511
6.882499999999999 -148.51960108893357
6.887499999999999 248.91852994810068
6.8925 -4.350218362815216
6.8975 96.51230428522013
6.9025 23.032955241087375
6.9075 35.80757555340014
6.9125 -54.174195179003824
6.9174999999999995 -202.25053530855732
6.922499999999999 184.2245487043271
6.927499999999999 -25.103404227898576
6.9325 -49.392900514394746
6.9375 401.81974512918293
6.9425 -382.32993849206275
6.9475 143.85527141314253
6.9525 -84.85064213284139
6.9575 106.58150072688497
6.9624999999999995 -157.92080132269143
6.967499999999999 213.4978905491724
6.972499999999999 5.374543055345523
6.9775 -323.5278998440163
6.9825 -32.59356501330223
6.9875 -75.1541721686191
6.9925 -27.19130868624853
6.9975 91.04254353797407
7.0024999999999995 -169.40116847598574
7.007499999999999 116.85851565242253
7.012499999999999 86.6697876476123
7.0175 -213.56251405863426
7.0225 81.48572576746892
7.0275 44.96943722661278
7.0325 -86.4129744699856
7.0375 137.38551147090476
7.0424999999999995 -191.07788768605238
7.047499999999999 92.87360639644842
7.052499999999999 326.8111796154292
7.0575 -133.93161267607246
7.0625 147.7834606970646
7.0675 -195.489229674178
7.0725 5.870478139661709
7.0775 -79.92072121258849
7.0825 164.36773714637275
7.0874999999999995 119.57548132465162
7.092499999999999 -159.33238257791635
7.097499999999999 2.185716206802155
7.1025 156.00651575086653
7.1075 -111.7488290079783
7.1125 72.29100744816995
7.1175 -194.45618514094747
7.1225 113.10536031458501
7.1274999999999995 -44.435382906288055
7.132499999999999 78.51667790621302
7.137499999999999 84.15844957756855
7.1425 -134.68098632229436
7.1475 170.67255304089156
7.1525 138.5488835948558
7.1575 -194.484660813166
7.1625 144.59303167582303
7.1674999999999995 -92.55283631636459
7.172499999999999 -72.48826101368356
7.177499999999999 -71.77897826540436
7.1825 -12.746644134802105
7.1875 66.36280766849183
7.1925 227.8012267837225
7.1975 -61.68233698438224
7.2025 -120.8451497646946
7.2075 -113.91150977153993
7.2124999999999995 61.33785485363225
7.217499999999999 -149.07528612232142
7.222499999999999 56.56243333095916
7.2275 -57.91115957221042
7.2325 -48.35215881508705
7.2375 15.732006893274471
7.2425 -110.39616339039333
7.2475 69.86341553456099
7.2524999999999995 133.98231928398576
7.257499999999999 -138.36292761011785
7.262499999999999 -45.51592338598012
7.2675 377.4285541676453
7.2725 -1.9795976629005616
7.2775 -203.01116521802635
7.2825 -96.6303181997662
7.2875 113.48469312271806
7.2924999999999995 44.07830050835371
7.297499999999999 72.54157115223147
7.302499999999999 -11.80417920351917
7.3075 -26.24599968789107
7.3125 -99.4620913357931
7.3175 293.61661246398444
7.3225 -71.64360493599415
7.3275 -433.8246393128383
7.3325 66.44082016254548
7.3374999999999995 158.02628128863392
7.342499999999999 204.62240724534675
7.347499999999999 -20.826087880880305
7.3525 -68.66597197655139
7.3575 28.68608107454742
7.3625 -100.7789136026347
7.3675 -15.039745650900096
7.3725 162.28705720262724
7.3774999999999995 -51.69441264765151
7.382499999999999 169.81823708293587
7.387499999999999 -144.72907819146224
7.3925 -159.55835814180574
7.3975 34.80185664398283
7.4025 -149.53663817209855
7.4075 308.37180245379386
7.4125 -275.2415648520699
7.4174999999999995 254.60684265730484
7.422499999999999 -171.9166264562776
7.427499999999999 -12.777037782484564
7.4325 190.7113290997938
7.4375 6.345415234914366
7.4425 161.26033083006337
7.4475 -133.2684023932882
7.4525 -253.17559610068784
7.4575 244.27858241696939
7.4624999999999995 -1.0185391858618116
7.467499999999999 83.70630133623018
7.472499999999999 -54.25062339584931
7.4775 -96.76219269770088
7.4825 69.93664045868591
7.4875 -166.9643617008412
7.4925 90.66134170380573
7.4975 124.51861859065102
7.5024999999999995 -130.86193742153878
7.507499999999999 40.13062435160221
7.512499999999999 -103.7405248350952
7.5175 2.2365563071762167
7.5225 244.6218771293202
7.5275 -226.5598049931006
7.5325 274.46257546919713
7.5375 -83.18480563660007
7.5424999999999995 -88.23927651952603
7.547499999999999 -134.72645387746033
7.552499999999999 12.624941495919579
7.557499999999999 241.14648242973036
7.5625 47.42951419172038
7.5675 -134.58803898911054
7.5725 42.46471680352526
7.5775 12.775847995564611
7.5825 -25.500333302970095
7.5874999999999995 15.838119254255377
7.592499999999999 -77.13966363221991
7.597499999999999 12.98419071202847
7.6025 -98.73270853098099
7.6075 44.91746609179164
7.6125 -102.46839418615528
7.6175 202.58027576620222
7.6225 -158.15011650082857
7.6274999999999995 -106.19100929119321
7.632499999999999 -63.877359898690976
7.637499999999999 383.57773180086036
7.6425 -139.58562117826278
7.6475 -23.10636859419586
7.6525 -160.7288539866451
7.6575 130.48370334386155
7.6625 -0.4517545405570691
7.6674999999999995 -17.149512608384814
7.672499999999999 26.057038839837027
7.677499999999999 18.694400527087105
7.682499999999999 -40.3470313548584
7.6875 86.28456959177058
7.6925 37.79216566327372
7.6975 -174.89698453041981
7.7025 119.78015862368103
7.7075 -133.34619487808172
7.7124999999999995 68.48991482950579
7.717499999999999 -78.28845882684197
7.722499999999999 -142.38621194919978
7.7275 72.78106096914307
7.7325 -69.53382455689189
7.7375 53.267989931777116
7.7425 -198.65214332677797
7.7475 166.26271822146543
7.7524999999999995 66.62402682103863
7.757499999999999 34.10791664673953
7.762499999999999 53.66112332077332
7.7675 -70.78905923152637
7.7725 45.688011681767186
7.7775 -74.61116089235087
7.7825 84.93820397619328
7.7875 88.36379579011779
7.7924999999999995 10.274917205666071
7.797499999999999 -149.034519932798
7.802499999999999 320.15788958003236
7.807499999999999 -168.0314766154544
7.8125 -18.938713968076527
7.8175 -25.260401888524388
7.8225 66.25590501108964
7.8275 110.31311068419832
7.8325 13.0831177705817
7.8374999999999995 -145.21575525453156
7.842499999999999 121.60224163051136
7.847499999999999 -98.09377005926514
7.8525 -10.68400652940167
7.8575 193.89176270033053
7.8625 -57.453574786259715
7.8675 -120.28739674952901
7.8725 77.82091895083126
7.8774999999999995 93.34938260596655
7.882499999999999 -174.23600434149967
7.887499999999999 36.98938187429477
7.8925 150.53779610007152
7.8975 55.970736321309445
7.9025 -360.3851211557044
7.9075 279.4701486216298
7.9125 158.47703947146505
7.9174999999999995 -426.3025963960495
7.922499999999999 -232.23818721854357
7.927499999999999 192.43713437010658
7.932499999999999 -1.581831052577386
7.9375 -63.561864777471015
7.9425 248.38514684023767
7.9475 -92.43361945645
7.9525 117.29113044002351
7.9575 -59.38763934847236
7.9624999999999995 61.600284583447745
7.967499999999999 -60.84613415722496
7.972499999999999 241.70968008195416
7.9775 19.963807114003487
7.9825 -226.71865200788108
7.9875 -53.9831660860031
7.9925 -159.0449238999015
7.9975 -43.43200435853391
8.0025 31.70760482871172
8.0075 26.58078430521186
8.0125 74.96870778351982
8.0175 -74.20397585929273
8.022499999999999 98.46684444608798
8.0275 152.6658796179696
8.032499999999999 81.49134468817847
8.0375 -305.3961352087693
8.0425 124.07029798420389
8.0475 159.2994587908462
8.0525 -158.0096605561765
8.0575 180.5922513481102
8.0625 -57.64085845845866
8.067499999999999 245.9901578778265
8.0725 -116.77623732092603
8.077499999999999 24.73540755479551
8.0825 173.6851653673444
8.0875 -37.549857833015764
8.0925 -199.26213294846465
8.0975 71.76890810471158
8.1025 -219.08040630540788
8.1075 319.0135577311662
8.112499999999999 -178.13721275296112
8.1175 -47.42015221872979
8.1225 58.895756276809685
8.1275 100.1882592684499
8.1325 -74.83678802052204
8.1375 -88.38416559484646
8.1425 -202.05515445344463
8.147499999999999 350.7476947292422
8.1525 -99.46148946835538
8.157499999999999 -128.19006101552722
8.1625 98.87465082108773
8.1675 50.8595701409077
8.1725 -232.48809642137303
8.1775 205.41511718926733
8.1825 -4.059789033450588
8.1875 -132.48728504256027
8.192499999999999 17.439812195446514
8.1975 -56.17947642292021
8.202499999999999 11.213052481030603
8.2075 -154.25645498596157
8.2125 -97.35636560103406
8.2175 151.90217247371737
8.2225 127.47909924921014
8.2275 -51.020446385834845
8.2325 -15.381540826451511
8.237499999999999 109.23315917666439
8.2425 180.14034364321174
8.2475 83.2769843190105
8.2525 -138.92669172532868
8.2575 105.13509549770359
8.2625 163.6929021637813
8.2675 -133.47070143432256
8.272499999999999 17.533492717384792
8.2775 -141.0930088343774
8.282499999999999 232.30672891923695
8.2875 -6.518293432369253
8.2925 11.406625365309418
8.2975 -171.55235362412066
8.3025 79.31265950099447
8.3075 -319.8525093582303
8.3125 10.669289002049704
8.317499999999999 181.38476759966775
8.3225 60.51539549967134
8.327499999999999 -168.37563452203156
8.3325 185.86325215065003
8.3375 136.26316581058995
8.3425 -311.96669718311153
8.3475 311.4266497157999
8.3525 -89.84975688649887
8.3575 262.27420359838936
8.362499999999999 -370.32581212281485
8.3675 -129.25027511337092
8.3725 22.65387244347723
8.3775 -37.43453218951314
8.3825 164.53947832228644
8.3875 -263.2270652172664
8.3925 303.725060820911
8.397499999999999 91.85614436118678
8.4025 -109.3881714905695
8.407499999999999 -97.2806074123899
8.4125 -150.42076275311314
8.4175 335.11334905176824
8.4225 -185.201542457341
8.4275 61.08048217877225
8.4325 94.2289421264178
8.4375 99.33011578097336
8.442499999999999 -94.75809018760765
8.4475 176.73474556555567
8.452499999999999 -250.32792019005376
8.4575 247.5987579518425
8.4625 -242.37165636543128
8.4675 118.84250968457576
8.4725 222.74027771694713
8.4775 -237.79213966729307
8.4825 113.40955364432577
8.487499999999999 -31.408471975123085
8.4925 -12.555242131368832
8.4975 66.85293171874928
8.5025 2.1792301443316426
8.5075 -152.01581515164753
8.5125 63.493354262300755
8.5175 129.37811838900086
8.522499999999999 -182.0566400891475
8.5275 -145.17491406185124
8.532499999999999 -212.81316883466127
8.5375 97.89074125067293
8.5425 -132.97530216203225
8.5475 70.92732478793289
8.5525 276.5399348948934
8.5575 -143.49818640305054
8.5625 366.83865395421367
8.567499999999999 -231.2029099885433
8.5725 323.9804789875373
8.577499999999999 -152.32811395412466
8.5825 332.81207140206504
8.5875 -215.04237397716557
8.5925 40.38893624362522
8.5975 -81.4331772399244
8.6025 -64.91139092081102
8.6075 -211.61382934158905
8.612499999999999 -30.44302923460436
8.6175 196.38386936882387
8.6225 -52.244413954970604
8.6275 -13.533488042348909
8.6325 -84.62746227872802
8.6375 -215.4111394326265
8.6425 17.66136882334392
8.647499999999999 186.81554137701417
8.6525 119.9950251673628
8.657499999999999 108.20229157716572
8.6625 -212.40731300228572
8.6675 175.70994026069124
8.6725 263.83639086363803
8.6775 -50.050246997741525
8.6825 -205.716190519267
8.6875 155.54725615758147
8.692499999999999 -82.93236191919874
8.6975 176.24423176205147
8.702499999999999 -33.23794397716499
8.7075 6.033983705782667
8.7125 -220.78764868915002
8.7175 169.8763192644432
8.7225 -128.23957336264803
8.7275 160.28762936297395
8.7325 -87.09971126931117
8.737499999999999 218.95856170331334
8.7425 -302.8651898923058
8.747499999999999 -284.74329372494907
8.7525 84.64053776328257
8.7575 40.78914496331514
8.7625 157.218841514212
8.7675 -135.53329956437727
8.772499999999999 -193.9715000038231
8.7775 377.42869904216406
8.782499999999999 123.62539310026551
8.7875 -455.13011500261655
8.7925 94.75944182344506
8.7975 -28.468047160709684
8.8025 143.29798848355225
8.8075 -52.121638524224
8.8125 4.31475344905279
8.817499999999999 227.06452288129344
8.8225 -65.09181154098785
8.827499999999999 164.32839049028135
8.8325 -440.779356245748
8.8375 128.24935166895148
8.8425 69.2078318885695
8.8475 -37.67175585841153
8.8525 -34.792715996097236
8.8575 -112.6669787053125
8.862499999999999 -146.72648726193543
8.8675 288.51926318092217
8.872499999999999 -144.29011261024203
8.8775 -66.24153730109296
8.8825 118.29182045356526
8.8875 26.851586229516304
8.8925 70.17347358483066
8.897499999999999 -309.2997275625728
8.9025 464.8917821846584
8.907499999999999 -248.9458564930053
8.9125 -176.63290680550224
8.9175 194.97204764295128
8.9225 -310.780206454525
8.9275 -368.56085579674874
8.9325 265.5097173461837
8.9375 95.40577350107603
8.942499999999999 -120.22083111885009
8.9475 210.6226513731439
8.952499999999999 276.2531155858947
8.9575 142.6140825928526
8.9625 -241.91268573167687
8.9675 16.112429747287276
8.9725 -460.63262712836035
8.9775 213.58509606173698
8.9825 57.940628180958214
8.987499999999999 10.277174405934252
8.9925 210.04947224817067
8.997499999999999 -144.72807157014643
9.0025 132.9543320688797
9.0075 116.7480702143266
9.0125 -72.53395635804237
9.0175 115.12159254574162
9.022499999999999 -81.2759574646867
9.0275 -85.50322038917882
9.032499999999999 -184.27033299979826
9.0375 160.10815917753754
9.0425 -405.84956948037456
9.0475 236.11032203788335
9.0525 -14.730587901681782
9.0575 175.18639802755462
9.0625 -10.185786875244272
9.067499999999999 -158.9183612044867
9.0725 -142.33214519985893
9.077499999999999 142.35473404535492
9.0825 117.0566232012485
9.0875 -21.359750342606528
9.0925 208.58117886910384
9.0975 -260.9576462769097
9.1025 140.62805215919826
9.1075 101.90087924695473
9.112499999999999 5.499584370936367
9.1175 -13.875541386661324
9.122499999999999 -55.68602802221531
9.1275 92.70326975333536
9.1325 -223.17554945848394
9.1375 82.00681164721821
9.1425 -83.60308514978014
9.147499999999999 236.7722375293281
9.1525 180.2721031363059
9.157499999999999 -30.449125543828146
9.1625 -364.10526378825557
9.1675 321.3413025474977
9.1725 -154.4605316182617
9.1775 -109.01626098497101
9.1825 379.9432595833672
9.1875 -333.49195429449026
9.192499999999999 305.1952025672488
9.1975 -84.34361131835065
9.202499999999999 -253.17621349509486
9.2075 133.8817034701427
9.2125 154.42603554461965
9.2175 136.94123277131985
9.2225 -6.99012131780864
9.2275 -198.32357844492861
9.2325 95.82828444235588
9.237499999999999 -291.54850910221586
9.2425 251.29311449906342
9.247499999999999 -19.2587155947637
9.2525 -249.0896135963392
9.2575 84.90388042626007
9.2625 -158.9294006165013
9.2675 82.86703048520367
9.272499999999999 -235.38607365970435
9.2775 368.36478701794465
9.282499999999999 56.09928910048644
9.2875 50.61979768052076
9.2925 72.4329147368035
9.2975 -5.156710728939923
9.3025 -165.0887406511337
9.3075 65.24942817503451
9.3125 -67.914187439382
9.317499999999999 40.09226931619524
9.3225 -100.05042267746687
9.327499999999999 19.771120845989508
9.3325 128.6061106322199
9.3375 -166.78363962060757
9.3425 -333.15449607779624
9.3475 328.914500775296
9.3525 -93.41618541768102
9.3575 195.1780849992252
9.362499999999999 -385.9434978885508
9.3675 258.6686509451532
9.372499999999999 -158.3605022884822
9.3775 -82.79590900487537
9.3825 10.104651881344289
9.3875 -58.329536721078895
9.3925 -68.3297807868704
9.397499999999999 181.45016193104698
9.4025 145.68227515340118
9.407499999999999 -132.1197486519883
9.4125 231.33659571813993
9.4175 32.46237633370714
9.4225 -157.04897936475444
9.4275 -18.03300295217821
9.4325 83.65175561936128
9.4375 -48.100395060515694
9.442499999999999 158.22069105024198
9.4475 191.07708186266174
9.452499999999999 -135.21816945852072
9.4575 124.91809882573183
9.4625 -78.89524436630117
9.4675 8.884081034123113
9.4725 -153.23991193674826
9.4775 -162.82844683169333
9.4825 209.52940351649607
9.487499999999999 -81.03305408304632
9.4925 -161.03798331361452
9.497499999999999 83.33549441326541
9.5025 75.3261136161201
9.5075 -28.447091015512616
9.5125 -13.246964666858636
9.5175 52.10720449564652
9.522499999999999 70.98868079144513
9.5275 2.4852140757541963
9.532499999999999 -51.026361897975235
9.5375 -177.33269494362924
9.5425 -44.15373368331812
9.5475 -50.42483552724163
9.5525 44.55510268210708
9.5575 33.95818560775357
9.5625 -81.37586555137327
9.567499999999999 98.6964590447224
9.5725 -143.8613098251926
9.577499999999999 -56.64855050824228
9.5825 217.6305779305024
9.5875 53.72492651610307
9.5925 -75.61561777496556
9.5975 -87.50375274900527
9.6025 -66.30705400604394
9.6075 43.10705489201438
9.612499999999999 133.694352953025
9.6175 -347.9624232873026
9.622499999999999 200.50817513092616
9.6275 87.79034139040047
9.6325 127.461462980588
9.6375 -52.536173603485935
9.6425 15.729304411106586
9.647499999999999 281.4114461198539
9.6525 28.672444974291412
9.657499999999999 52.74239991508134
9.6625 106.49017661991712
9.6675 -282.92539721011667
9.6725 -243.0854619356539
9.6775 -71.42612900616814
9.6825 170.44643622105679
9.6875 17.879654129341642
9.692499999999999 106.91948021551924
9.6975 -193.48832124589134
9.702499999999999 284.4529109764924
9.7075 -59.24987381311161
9.7125 -54.81194623232045
9.7175 -264.4361366331108
9.7225 195.65692804835223
9.7275 340.6232575414548
9.7325 -179.92848762097893
9.737499999999999 -85.20827850146063
9.7425 -174.19488576872342
9.747499999999999 -45.79420588829821
9.7525 148.59720705271855
9.7575 82.10333728890691
9.7625 67.64049986730554
9.7675 -142.44053476194986
9.772499999999999 177.77504171979467
9.7775 23.67655733014639
9.782499999999999 199.82654670450552
9.7875 -78.56364409353499
9.7925 -95.70268191893341
9.7975 -104.29106682306615
9.8025 401.0493844812022
9.8075 39.7841721379319
9.8125 -302.03491310404775
9.817499999999999 0.6035473110576622
9.8225 -0.17359072744510629
9.827499999999999 -61.476012773929455
9.8325 -91.60262579591375
9.8375 92.50233708560081
9.8425 -3.1972529926714572
9.8475 164.0616574214446
9.8525 -320.56239871098876
9.8575 61.84878425326613
9.862499999999999 65.08645131537722
9.8675 8.764973915669637
9.872499999999999 20.54959361172326
9.8775 -53.776970828346336
9.8825 -28.379252370726494
9.8875 44.62603514132165
9.8925 66.45827721309806
9.897499999999999 61.163617783193246
9.9025 -5.607663130471993
9.907499999999999 126.68715196896885
9.9125 -246.4186730191902
9.9175 -6.706792813631846
9.9225 -87.19221647862292
9.9275 35.642404654027814
9.9325 95.9635453986153
9.9375 13.601816181421942
9.942499999999999 -80.7307808341213
9.9475 173.36056512605
9.952499999999999 -152.51702730017934
9.9575 43.296489707386016
9.9625 -66.38954800451253
9.9675 101.04509085860374
9.9725 135.25416755261932
9.9775 15.827700131506448
9.9825 60.73385732625667
9.987499999999999 36.43913739884606
9.9925 -116.45003451217997
9.997499999999999 -21.135508437212742
10.0025 -84.97729348330346
