0.0075 90.29477153811246
0.012499999999999999 -84.58176634223902
0.017499999999999998 -288.08965746734077
0.0225 209.38052093427407
0.0275 78.09961561531817
0.0325 53.40880138481351
0.0375 600.3154221334885
0.042499999999999996 -188.7587545479738
0.0475 -408.16963976316043
0.0525 222.27535683274812
0.057499999999999996 177.16281595135754
0.0625 -367.7604155274606
0.06749999999999999 219.12396761257722
0.0725 71.25470725159353
0.0775 -164.86120817960918
0.08249999999999999 -70.1558631067677
0.0875 90.7698831143932
0.0925 88.18669754662112
0.09749999999999999 -272.6472453946224
0.1025 288.47186487014903
0.1075 114.7151212269341
0.11249999999999999 -95.94594571048019
0.1175 -227.1103398097171
0.1225 20.77859140808084
0.1275 129.5315558997808
0.1325 78.47579592234213
0.13749999999999998 87.97420991885683
0.1425 -68.73546542783004
0.1475 80.05226280177433
0.1525 -78.5963688919666
0.1575 70.5373528477908
0.1625 -66.85936830545316
0.16749999999999998 -1.468518914875379
0.1725 -249.91535229885343
0.1775 106.10034310665401
0.1825 173.25299086143266
0.1875 -311.5918795650218
0.1925 -222.31488139106423
0.19749999999999998 63.415495195757465
0.20249999999999999 3.129595144968722
0.2075 -24.564623656015474
0.2125 137.86082726630735
0.2175 -36.55476516032791
0.2225 109.20633436340384
0.22749999999999998 114.00818884073897
0.23249999999999998 51.82961544356824
0.2375 -38.99542341336969
0.2425 87.65574283044221
0.2475 201.47697406533786
0.2525 -109.4068272757871
0.2575 71.7996017650215
0.2625 -20.403826686954346
0.2675 -20.522709717028626
0.27249999999999996 -98.44098927890278
0.27749999999999997 -218.53379514077915
0.2825 -149.09105020688062
0.2875 58.98306126724547
0.2925 180.55685538461825
0.2975 -52.03568569596356
0.3025 61.028979517616435
0.3075 -138.01883237065204
0.3125 -160.60331896606382
0.3175 43.78941045430314
0.3225 438.5206772311164
0.32749999999999996 180.97645357172206
0.33249999999999996 -0.8876984156469849
0.33749999999999997 9.457673334381488
0.34249999999999997 3.7945097100121563
0.3475 -299.52193180694627
0.3525 89.27745371944718
0.3575 107.00557199699661
0.3625 107.61173277331757
0.3675 -217.97817754444017
0.3725 -3.9226966843188165
0.3775 253.96973005191293
0.3825 -293.33303447562275
0.38749999999999996 118.55705056440605
0.39249999999999996 92.66285357854397
0.39749999999999996 -80.83481494973462
0.40249999999999997 80.66518202045124
0.4075 72.92707869394178
0.4125 -40.2891960258463
0.4175 72.25441853973044
0.4225 -235.24343739301992
0.4275 -157.97470780212868
0.4325 164.54677152399242
0.4375 197.72641725792448
0.4425 -140.78997634296974
0.44749999999999995 206.28960215402648
0.45249999999999996 -87.89765353872222
0.45749999999999996 37.20944982111289
0.46249999999999997 -135.2853070211669
0.46749999999999997 -85.74466344619657
0.4725 84.19817414430295
0.4775 -156.90070680820833
0.4825 -86.99513449927873
0.4875 212.18620586699157
0.4925 -181.03306490184792
0.4975 87.06116701541374
0.5025 -304.3770177353068
0.5075 79.41270851466528
0.5125 24.84885509293333
0.5175 64.38439229219553
0.5225 -74.2288042727358
0.5275 -9.73035796950773
0.5325 -4.904976449293375
0.5375 49.374592901726416
0.5425 -45.853944718480854
0.5475 90.08818521136409
0.5525 197.17389242333815
0.5575 8.727617080171413
0.5625 -81.79248815270903
0.5675 -84.64527006772731
0.5725 204.2213151003158
0.5775 80.60185356549793
0.5825 -60.7803629678786
0.5875 258.8154037420094
0.5925 -87.56132148784928
0.5974999999999999 -240.16583404920985
0.6024999999999999 -147.2264090930002
0.6074999999999999 2.1876236555072706
0.6124999999999999 32.9243447252154
0.6174999999999999 86.90365078032967
0.6224999999999999 24.87850897263703
0.6275 141.33611735623103
0.6325 -58.35504088664843
0.6375 -61.62244906897727
0.6425 85.43331058813926
0.6475 -300.212255122359
0.6525 -100.55011936747655
0.6575 56.66286301854717
0.6625 53.727491903684886
0.6675 -108.37423670903232
0.6725 158.94829950405628
0.6775 93.02223713418874
0.6825 -49.26106635532895
0.6875 147.90009797472098
0.6925 -77.42628595924346
0.6975 -220.81365715226107
0.7025 28.993171368325974
0.7075 152.28267638377335
0.7125 -75.76486260927676
0.7174999999999999 104.58952846419308
0.7224999999999999 1.6207358479657172
0.7274999999999999 -139.65262531424042
0.7324999999999999 26.13202173269128
0.7374999999999999 -56.84729111002908
0.7424999999999999 183.894635081499
0.7474999999999999 29.864621205337308
0.7525 195.09395869521117
0.7575 19.202014392434094
0.7625 -18.043956044770226
0.7675 -35.34472080879602
0.7725 0.14723988150215597
0.7775 -167.03776689571154
0.7825 279.86417507453064
0.7875 -116.25327695438531
0.7925 101.55494294315687
0.7975 -398.23227736542503
0.8025 21.9152362639954
0.8075 62.732643395476906
0.8125 -165.6037674929648
0.8175 46.69265495380591
0.8225 115.58249352390168
0.8275 4.462143073699704
0.8325 239.61059488985188
0.8374999999999999 -146.204849780022
0.8424999999999999 -89.29810906250985
0.8474999999999999 -277.76302571660074
0.8524999999999999 -11.52400977967574
0.8574999999999999 166.98906300367108
0.8624999999999999 -166.82072039185473
0.8674999999999999 310.0259397076168
0.8724999999999999 72.70263872100085
0.8775 -68.97363913671538
0.8825 -96.08119061343233
0.8875 -193.60700518863874
0.8925 66.39664988237625
0.8975 53.659199029254026
0.9025 -4.894088096268343
0.9075 266.3950106606006
0.9125 -91.05701197589455
0.9175 126.66597877516257
0.9225 -55.116251408874085
0.9275 -17.075535678923956
0.9325 -89.42559166506443
0.9375 17.628827519477646
0.9425 -90.65796142995188
0.9475 -14.856065946180752
0.9524999999999999 31.41224147588574
0.9574999999999999 -44.380149528896744
0.9624999999999999 106.58556234520594
0.9674999999999999 -36.04910071913699
0.9724999999999999 -32.0444626253974
0.9774999999999999 14.118420622548552
0.9824999999999999 108.27534767839548
0.9874999999999999 125.40876434614806
0.9924999999999999 178.9430721319172
0.9974999999999999 -318.97285292580534
1.0025 124.51268623569645
1.0075 -2.02159367392374
1.0125 -116.80425945431834
1.0174999999999998 140.70319170338277
1.0225 178.33703037376364
1.0274999999999999 -351.1773251807069
1.0325 218.36123814105392
1.0374999999999999 -166.37154964425943
1.0425 65.51703720179277
1.0474999999999999 -91.26721983665136
1.0525 -123.42511572326987
1.0574999999999999 -18.019726587458123
1.0625 -241.60762198701107
1.0675 377.53206655077264
1.0725 1.4102209348114598
1.0775 -18.791753308853085
1.0825 -143.9608032233724
1.0875 -309.54114798705905
1.0925 290.3909745923897
1.0975 155.71421081624234
1.1025 -143.29620998764312
1.1075 55.025304949380256
1.1125 -151.56377665177024
1.1175 176.38077119317424
1.1225 -100.9069942566769
1.1275 67.56506853452393
1.1324999999999998 -54.994477862401816
1.1375 -73.73980684884515
1.1424999999999998 153.2109336117943
1.1475 33.673183348918315
1.1524999999999999 0.27015479180363244
1.1575 -56.29918514564243
1.1624999999999999 -96.00130672482265
1.1675 225.3077133454922
1.1724999999999999 -71.49797291821922
1.1775 -209.2753020319513
1.1824999999999999 169.96528192333406
1.1875 -31.189599868111262
1.1925 -54.590057156219856
1.1975 127.24731633562763
1.2025 -1.5805154708890758
1.2075 25.756903049298177
1.2125 171.16519824989555
1.2175 -232.10614929267754
1.2225 -79.04211160053974
1.2275 234.96407642425677
1.2325 87.8873562632071
1.2375 8.232104908392358
1.2425 9.976034099431352
1.2475 37.05898085633097
1.2525 -318.93372621318184
1.2574999999999998 154.6457213700912
1.2625 97.61261322854108
1.2674999999999998 -71.6708887159409
1.2725 -3.649908886955764
1.2774999999999999 2.1641650365606253
1.2825 -175.4812872814785
1.2874999999999999 -78.93641978357522
1.2925 206.98051149739447
1.2974999999999999 -71.78102361465052
1.3025 143.78236413396615
1.3074999999999999 -132.03125676949125
1.3125 50.60062939017935
1.3175 50.27166143215405
1.3225 -129.7828712144248
1.3275 -52.77120639069696
1.3325 144.04359276059594
1.3375 -148.44831631225844
1.3425 139.31865125735172
1.3475 -77.1582970480749
1.3525 -145.30903444378833
1.3575 176.41456840516452
1.3625 -27.4217512802594
1.3675 148.16476937783534
1.3724999999999998 -100.34744912660796
1.3775 -43.661564020645535
1.3824999999999998 -67.61984426107387
1.3875 183.71199423629452
1.3924999999999998 110.99805056578678
1.3975 -188.254397793402
1.4024999999999999 -4.252350296203124
1.4075 71.56004352417733
1.4124999999999999 -305.7208169270745
1.4175 269.0382187547066
1.4224999999999999 46.96405196894707
1.4275 71.10417433675154
1.4324999999999999 -139.05452014013574
1.4375 100.022005691929
1.4425 257.24545397898635
1.4475 -211.76095086284633
1.4525 -146.52735624897946
1.4575 149.32438450154987
1.4625 90.62140002266987
1.4675 -85.28165369506824
1.4725 -311.58626485501577
1.4775 238.03122315131276
1.4825 98.12326709026186
1.4874999999999998 -279.7235066538302
1.4925 399.6699578030399
1.4974999999999998 12.72478163566734
1.5025 -75.36539605898245
1.5074999999999998 11.771928898743083
1.5125 127.52433010033434
1.5174999999999998 74.76671928187179
1.5225 -404.0235144642581
1.5274999999999999 95.1686222036448
1.5325 -3.037078619391194
1.5374999999999999 -103.65434936588491
1.5425 37.91409316359429
1.5474999999999999 24.70633935763779
1.5525 -130.0239082017196
1.5574999999999999 178.58064246944406
1.5625 -123.89774508981182
1.5675 97.1767962008954
1.5725 21.24254067243725
1.5775 61.27329661007533
1.5825 -133.8374713452652
1.5875 164.14501777216717
1.5925 -139.55111919976693
1.5975 -35.888945820360604
1.6025 -193.82782527237725
1.6075 54.78732414335099
1.6124999999999998 2.944381823068219
1.6175 163.8589196777348
1.6224999999999998 50.59911891541961
1.6275 125.45410428081092
1.6324999999999998 -144.04421383936858
1.6375 -146.85847281717608
1.6424999999999998 186.72056797171138
1.6475 -69.14606349927898
1.6524999999999999 83.88691683303037
1.6575 -212.82094784628853
1.6624999999999999 -144.44823794991055
1.6675 224.7787266726741
1.6724999999999999 -25.224398794215336
1.6775 -21.228322179247407
1.6824999999999999 176.52306481385787
1.6875 -76.72735996266695
1.6925 -84.32050429314987
1.6975 -51.57724929522122
1.7025 -29.252947039064345
1.7075 -61.29391668849584
1.7125 235.34840260045425
1.7175 -360.16776595464404
1.7225 -2.6067799819079878
1.7274999999999998 123.19327201765495
1.7325 -82.07892362976284
1.7374999999999998 31.96566674310796
1.7425 92.58625956524645
1.7474999999999998 -175.54125006845587
1.7525 136.26915606271825
1.7574999999999998 -35.9113520265904
1.7625 161.22176078560673
1.7674999999999998 -66.71108706433095
1.7725 33.38424513494596
1.7774999999999999 115.90930096335968
1.7825 60.05602642809416
1.7874999999999999 -154.87028924315226
1.7925 36.496582185104515
1.7974999999999999 -42.37889213855393
1.8025 64.71122841707142
1.8074999999999999 -145.86584998528537
1.8125 -120.29832227517127
1.8175 18.184701179225808
1.8225 -31.227581203578755
1.8275 0.12206566403058691
1.8325 226.41258123069792
1.8375 143.40033910725515
1.8425 -219.62183619932665
1.8475 47.89875341557204
1.8524999999999998 173.95326559898788
1.8575 77.71511785295132
1.8624999999999998 -138.3828845027303
1.8675 134.42170014584292
1.8724999999999998 -73.58246338419083
1.8775 -119.2887710991916
1.8824999999999998 295.10432692363787
1.8875 -12.778698641863427
1.8924999999999998 -279.33735566398474
1.8975 290.0635458109901
1.9024999999999999 -110.19328458811484
1.9075 -157.50079706586467
1.9124999999999999 170.85233639740403
1.9175 -26.695528608456534
1.9224999999999999 -92.3645102318697
1.9275 98.29938213448116
1.9324999999999999 -114.43869485537166
1.9375 84.42007980004877
1.9425 -201.0597193979249
1.9475 86.60964222136874
1.9525 167.3222575540663
1.9575 -96.44917136481263
1.9625 4.12312196227641
1.9674999999999998 -169.9352572714457
1.9725 178.20373950042455
1.9774999999999998 29.622397062812276
1.9825 -95.90964391938854
1.9874999999999998 -230.81951829657936
1.9925 115.89834708126075
1.9974999999999998 -43.878426832560294
2.0025 32.27414288469021
2.0075 -3.2657203481303916
2.0124999999999997 75.4730653275985
2.0175 94.708262827228
2.0225 -152.64232625819326
2.0275 -133.46069074981733
2.0324999999999998 163.1756277602456
2.0375 -8.882564917678552
2.0425 -32.729794168207626
2.0475 -257.1293343546968
2.0524999999999998 87.93281738718133
2.0575 -163.23772011053998
2.0625 230.06064267147408
2.0675 -8.724438525334165
2.0725 -162.30420318745553
2.0775 459.531095238829
2.0825 -65.91209290854097
2.0875 -6.106425702217504
2.0925 -43.54339404689942
2.0974999999999997 -79.23424363469982
2.1025 -3.0378754950367637
2.1075 163.7404441648128
2.1125 -272.68690180059326
2.1174999999999997 167.75826037900583
2.1225 -176.85075597472203
2.1275 20.43611778292101
2.1325 -16.591755185138965
2.1374999999999997 372.19472664024596
2.1425 -309.423364608532
2.1475 321.95772270300193
2.1525 -254.44746647551497
2.1574999999999998 70.22032713583286
2.1625 193.70617199412496
2.1675 -130.3551234582805
2.1725 -59.15183389716115
2.1774999999999998 -160.1233629753565
2.1825 -40.00356163514161
2.1875 40.94818586783534
2.1925 150.77297941993422
2.1975 -128.84462277640256
2.2024999999999997 117.87932493383212
2.2075 -60.89868742181097
2.2125 -79.55476923080919
2.2175 224.72067712411922
2.2224999999999997 -181.85367180941873
2.2275 198.62855233383868
2.2325 -167.04456691876504
2.2375 -92.69401936398867
2.2424999999999997 74.62050812787905
2.2475 165.5935855841475
2.2525 154.11728675998296
2.2575 121.36548719188909
2.2624999999999997 -372.26308267523007
2.2675 135.0910220016513
2.2725 -174.67474307106642
2.2775 -5.370304982229191
2.2824999999999998 0.41474614077705196
2.2875 -9.236150589489155
2.2925 37.05514516857199
2.2975 226.75107600417834
2.3024999999999998 85.95045816067879
2.3075 -214.18364651774135
2.3125 131.1547650097403
2.3175 -353.0579132815816
2.3225 7.15789943218119
2.3274999999999997 52.42665557284542
2.3325 85.06905553633595
2.3375 199.92889995989813
2.3425 -266.2271788597578
2.3474999999999997 20.304989369020383
2.3525 118.0723393735535
2.3575 -58.35955765570554
2.3625 -81.95725798256886
2.3674999999999997 273.0569352699509
2.3725 -250.27477479528196
2.3775 96.43280304429496
2.3825 -79.96143029444515
2.3874999999999997 169.47622295080018
2.3925 -88.11225257114454
2.3975 140.07144057365414
2.4025 -171.6695000021523
2.4074999999999998 153.6993173256435
2.4125 -47.73394568938032
2.4175 -74.94960040034724
2.4225 38.827694248425836
2.4274999999999998 -23.94318249970485
2.4325 -49.5034038496644
2.4375 163.25849072161213
2.4425 63.977558063376335
2.4475 -143.6207552266225
2.4524999999999997 25.52852738438912
2.4575 10.831079561775923
2.4625 -90.90612069070566
2.4675 41.21165432558118
2.4724999999999997 90.32580416005761
2.4775 -91.50413243982548
2.4825 -6.868435669772836
2.4875 229.5225397596925
2.4924999999999997 -50.958592466628595
2.4975 -0.9991528435794815
2.5025 34.692518620918776
2.5075 -142.33221336062255
2.5124999999999997 -10.320909667793664
2.5175 36.85213083427322
2.5225 -232.50657035683136
2.5275 70.8783045667887
2.5324999999999998 -74.11900623030965
2.5375 70.16999422785902
2.5425 81.32329603610329
2.5475 16.809832785025964
2.5524999999999998 -223.69405891400268
2.5574999999999997 196.0023283756436
2.5625 -163.95096039381193
2.5675 156.94200907292662
2.5725 -212.0741669407735
2.5774999999999997 158.4167032477172
2.5825 133.6922028625282
2.5875 -349.25187255991614
2.5925 303.5614684090295
2.5974999999999997 -74.02661839435916
2.6025 -10.42837761214654
2.6075 29.465475458019217
2.6125 78.08330492880525
2.6174999999999997 -327.8876049219146
2.6225 -57.427443686407926
2.6275 69.8438886600479
2.6325 -26.778483678963113
2.6374999999999997 -64.37542928336566
2.6425 -44.620876239974194
2.6475 88.176953189115
2.6525 107.8253014992166
2.6574999999999998 -10.177022822156832
2.6625 325.5737158203457
2.6675 -137.71592498319416
2.6725 63.501902385247114
2.6774999999999998 -21.062563097223872
2.6824999999999997 111.95177399725311
2.6875 -159.3020302477624
2.6925 -178.19986249513698
2.6975 -0.49182596399586626
2.7024999999999997 70.08069678514036
2.7075 12.179657638896252
2.7125 123.27724292039134
2.7175 -1.9445292131936347
2.7224999999999997 -264.7885083064561
2.7275 144.20788625461742
2.7325 -118.420689035508
2.7375 -68.34445818095422
2.7424999999999997 297.16177167889356
2.7475 -139.17546417801
2.7525 197.46674343357807
2.7575 4.681077814926736
2.7624999999999997 -118.548292037867
2.7675 26.636928247244413
2.7725 199.4992147692874
2.7775 -232.30531609661367
2.7824999999999998 157.68332159038383
2.7875 -208.40662599589908
2.7925 200.0509643080839
2.7975 -196.465420235491
2.8024999999999998 -87.6145060947978
2.8074999999999997 66.54096727245039
2.8125 128.05030776492507
2.8175 -105.78275605527993
2.8225 111.56084451680837
2.8274999999999997 2.877113991781182
2.8325 -124.1108856397943
2.8375 -132.75334860953365
2.8425 85.94247308774685
2.8474999999999997 5.435117710181511
2.8525 10.743652460937389
2.8575 17.27091456026939
2.8625 -277.6907971502017
2.8674999999999997 58.829637441252025
2.8725 187.52845592289168
2.8775 239.79882570717908
2.8825 -108.73109699235475
2.8874999999999997 -83.11241081320337
2.8925 -6.42610573642156
2.8975 80.53984674511928
2.9025 3.4926522680620375
2.9074999999999998 -146.85005246276538
2.9125 -18.83691678872059
2.9175 172.50519228150495
2.9225 -64.70351177649037
2.9274999999999998 271.97505407593377
2.9324999999999997 -171.25097988674005
2.9375 -137.5546064828105
2.9425 -70.5800962257968
2.9475 22.58091003040133
2.9524999999999997 197.8987184574095
2.9575 -148.1262188078826
2.9625 19.222803688503255
2.9675 54.771717960174655
2.9724999999999997 -210.7448946762302
2.9775 148.70899346830853
2.9825 121.09998749733316
2.9875 -220.60875046857694
2.9924999999999997 -92.33693920299059
2.9975 455.5032357729706
3.0025 -220.785440569895
3.0075 -137.03114576626277
3.0124999999999997 -51.965463661387446
3.0175 105.52284340509192
3.0225 -14.342469986943593
3.0275 97.75799987414624
3.0324999999999998 -140.88689436959487
3.0374999999999996 44.70299140670837
3.0425 234.01264624720775
3.0475 -151.01981836195822
3.0524999999999998 74.9481071796032
3.0574999999999997 108.43908128043016
3.0625 -124.09615015116003
3.0675 -301.2977468137359
3.0725 251.34208827088415
3.0774999999999997 -9.886906663868238
3.0825 -175.35543277376587
3.0875 -72.78322290224358
3.0925 430.330680410833
3.0974999999999997 -319.10940637067574
3.1025 29.684495729161966
3.1075 -80.63178429895962
3.1125 124.92126237993772
3.1174999999999997 -8.679776645526253
3.1225 -67.00550340361315
3.1275 154.74410959017538
3.1325 -242.4798346028381
3.1374999999999997 -36.269392491165334
3.1425 2.8157054202668914
3.1475 -85.49958063071908
3.1525 162.51467066440267
3.1574999999999998 -85.92211134256794
3.1624999999999996 390.986239906101
3.1675 -150.62320898784284
3.1725 147.9789503889951
3.1774999999999998 76.77417750886424
3.1824999999999997 -163.7390635639405
3.1875 50.56319513365933
3.1925 -127.64345863416287
3.1975 133.17853722930585
3.2024999999999997 40.78797840105692
3.2075 25.828463298094153
3.2125 63.00700181815773
3.2175 -136.17060436947062
3.2224999999999997 99.40668955082013
3.2275 -150.29340738042023
3.2325 42.254302211205335
3.2375 -144.18784935863766
3.2424999999999997 135.64412896600257
3.2475 21.453797261545315
3.2525 -235.82055563115784
3.2575 63.67248403867259
3.2624999999999997 215.66623543271444
3.2675 -222.7670839767952
3.2725 26.896377325289198
3.2775 -78.61095161101295
3.2824999999999998 110.77900812265818
3.2874999999999996 -67.9120092555975
3.2925 198.59396433198526
3.2975 -200.8801093710763
3.3024999999999998 -54.67103497245163
3.3074999999999997 75.99100656841173
3.3125 104.2986398062849
3.3175 21.635462341995918
3.3225 -6.11964451517315
3.3274999999999997 145.64618021312106
3.3325 -147.7931684740837
3.3375 51.51731155452833
3.3425 93.89559885676957
3.3474999999999997 161.26500436558717
3.3525 -111.87007072285537
3.3575 -217.83534327600083
3.3625 161.64837426798263
3.3674999999999997 -100.23402849749748
3.3725 -12.190180335083511
3.3775 -119.21555010204118
3.3825 -182.25726679416863
3.3874999999999997 -81.56778504369277
3.3924999999999996 135.02426468527278
3.3975 13.6199783274413
3.4025 -169.76077946719005
3.4074999999999998 59.54231835887515
3.4124999999999996 220.10366240032963
3.4175 -238.1895065239486
3.4225 239.0532189958224
3.4274999999999998 -242.27044592129718
3.4324999999999997 187.95082045998313
3.4375 -60.33944964020455
3.4425 -128.1848692920746
3.4475 259.8727542242584
3.4524999999999997 -71.5668814764588
3.4575 39.25347665963794
3.4625 135.53725188533477
3.4675 -352.28225984503905
3.4724999999999997 94.40675138668311
3.4775 108.46725434122762
3.4825 -69.55493274796221
3.4875 -169.16191159650998
3.4924999999999997 -1.3708936874316984
3.4975 72.42640916693297
3.5025 -62.2269455318266
3.5075 157.66985971723895
3.5124999999999997 84.15908344368039
3.5174999999999996 174.00993278672792
3.5225 -43.82167233851396
3.5275 -126.57365877101448
3.5324999999999998 -201.85389729836825
3.5374999999999996 138.19776131620253
3.5425 61.872125827812724
3.5475 -239.77035825899094
3.5524999999999998 235.45900199239847
3.5574999999999997 -212.06127652979808
3.5625 73.83741016747196
3.5675 278.7526490801393
3.5725 181.56419936243435
3.5774999999999997 -176.35313371412983
3.5825 -57.77276243131817
3.5875 63.05036232740179
3.5925 -188.84379444307223
3.5974999999999997 57.41565371648669
3.6025 -17.040867114469158
3.6075 -138.03240014566381
3.6125 50.84475491207508
3.6174999999999997 178.58784448310146
3.6225 -58.02709668881822
3.6275 59.609772776962956
3.6325 -19.40355116454263
3.6374999999999997 59.65791098729932
3.6424999999999996 -176.30751626778658
3.6475 16.613166217903196
3.6525 -92.24646934250408
3.6574999999999998 179.96143913947947
3.6624999999999996 122.68638305123984
3.6675 -299.9386060551927
3.6725 101.75536667499674
3.6774999999999998 -195.40554602037395
3.6824999999999997 141.81270609994854
3.6875 -2.7129220809826666
3.6925 5.80717284357789
3.6975 -50.78723762276499
3.7024999999999997 19.812502456152703
3.7075 140.50112879070807
3.7125 93.43978956906888
3.7175 105.08400217121077
3.7224999999999997 -7.161503399660798
3.7275 -23.403960198703157
3.7325 30.647454154590147
3.7375 -81.39152871063192
3.7424999999999997 20.715754223805
3.7474999999999996 -76.65424846436872
3.7525 191.29921844918002
3.7575 -99.26459486531884
3.7624999999999997 -123.61181252866248
3.7674999999999996 54.24192447708231
3.7725 64.05495105767118
3.7775 63.98161152345919
3.7824999999999998 -152.77298373121945
3.7874999999999996 7.8740297055131965
3.7925 163.02774114099608
3.7975 -14.410321921762778
3.8024999999999998 -74.72794468933208
3.8074999999999997 -93.86229991821857
3.8125 66.8914447871236
3.8175 -159.014987245138
3.8225 -29.896998225973146
3.8274999999999997 50.86899709196215
3.8325 -101.91114189107805
3.8375 99.7590349196043
3.8425 125.90255430728178
3.8474999999999997 -30.070015245060482
3.8525 292.49879011905495
3.8575 -29.15292483573252
3.8625 -36.55834491626214
3.8674999999999997 -145.62407711175413
3.8724999999999996 -201.701718590571
3.8775 85.45930452761274
3.8825 51.17920951550567
3.8874999999999997 -47.22573600948195
3.8924999999999996 25.43289862255515
3.8975 159.6551578739782
3.9025 92.8613718025499
3.9074999999999998 246.4581123107595
3.9124999999999996 -368.0059495461397
3.9175 178.01995939674254
3.9225 -319.52097027225
3.9274999999999998 -283.98320120651977
3.9324999999999997 393.49062797967366
3.9375 -99.7762804809922
3.9425 -153.4750524916531
3.9475 109.39983013917401
3.9524999999999997 135.5148956318654
3.9575 -161.75922946016715
3.9625 -106.94184931492407
3.9675 -33.957275569450275
3.9724999999999997 85.65363514115262
3.9775 25.33436105407967
3.9825 229.58998549320424
3.9875 -100.59811178220272
3.9924999999999997 107.49987556527427
3.9974999999999996 -47.19679755462716
4.0024999999999995 -259.63468901500556
4.007499999999999 245.26041676845978
4.0125 -230.83388876985023
4.0175 208.2950361675308
4.0225 -180.49163382366876
4.0275 -63.79145154598671
4.0325 101.86264737462643
4.0375 9.857863730931777
4.0424999999999995 114.64406139393732
4.047499999999999 -93.67011163169083
4.0525 -30.989086428548234
4.0575 -92.26230882497359
4.0625 243.50320293932612
4.0675 31.170250632653907
4.0725 23.551890504001932
4.0775 -87.77561708644748
4.0825 -65.86559253029847
4.0874999999999995 51.65652171072572
4.0925 -12.263366951675025
4.0975 -103.70034222276597
4.1025 337.6653565967384
4.1075 -72.79402704119774
4.1125 -18.893803919928533
4.1175 -132.7813711047833
4.1225 246.46996267795976
4.1274999999999995 -289.6282659112151
4.132499999999999 -144.0642188919028
4.1375 287.0787505764047
4.1425 78.77601908497951
4.1475 -278.9699784906405
4.1525 -177.7225234566819
4.1575 106.09640820419277
4.1625 47.38553378796406
4.1674999999999995 -268.8752305787835
4.172499999999999 335.8169556400866
4.1775 -231.63434614512147
4.1825 -42.198651394369094
4.1875 406.6702181002274
4.1925 -524.2898534195748
4.1975 315.0815171009313
4.2025 -40.65199432225619
4.2075 -148.8776937267571
4.2124999999999995 -12.25401629495021
4.2175 132.7699919416265
4.2225 -29.701605923010174
4.2275 92.1379796446195
4.2325 -249.93666477483788
4.2375 284.0938658643689
4.2425 -92.94370921548045
4.2475 -65.38094371049216
4.2524999999999995 14.513182698516852
4.257499999999999 187.8844473538549
4.2625 -34.02579200592239
4.2675 -83.62850135112097
4.2725 114.73350055314714
4.2775 -74.2625903000448
4.2825 21.489691732861402
4.2875 1.4604634360195565
4.2924999999999995 63.768684016983144
4.297499999999999 -189.91814045151418
4.3025 -15.577358936810306
4.3075 -26.23104511108806
4.3125 129.66606458753532
4.3175 45.48510945745024
4.3225 65.81820421994627
4.3275 -57.63032775206584
4.3325 94.08047732493802
4.3374999999999995 3.019392480248958
4.342499999999999 -5.247555078872817
4.3475 -157.72977565088735
4.3525 179.07022037829353
4.3575 32.05349366340638
4.3625 -83.45167601384769
4.3675 74.07071169760424
4.3725 7.532651389612567
4.3774999999999995 84.85997660467444
4.382499999999999 38.39613726850561
4.3875 -41.29830310418663
4.3925 14.84677594990386
4.3975 3.6133744544933397
4.4025 91.3090435706866
4.4075 -131.02959789938106
4.4125 143.47827422963118
4.4174999999999995 77.02000609586263
4.422499999999999 -382.2738745533975
4.4275 146.38939938977646
4.4325 123.80974085941888
4.4375 -141.7959071034091
4.4425 -201.8506820314595
4.4475 -13.65783511819305
4.4525 6.54512153524194
4.4575 145.14144377151572
4.4624999999999995 148.93670798696905
4.467499999999999 14.436335911422264
4.4725 -31.818344226548767
4.4775 -150.63942445653228
4.4825 12.436699510359132
4.4875 -246.70903274036186
4.4925 8.949172721185176
4.4975 129.57374741245366
4.5024999999999995 244.71036532745163
4.507499999999999 28.298801221398836
4.5125 50.94149214161682
4.5175 -4.870229460485083
4.5225 164.79583977037362
4.5275 -314.964043011738
4.5325 -42.33102907137722
4.5375 -49.598128297120205
4.5424999999999995 73.73783742384725
4.547499999999999 -154.59711537690808
4.5525 10.045171088338158
4.5575 199.126339338207
4.5625 -92.19427214553647
4.5675 -1.8096549837377829
4.5725 14.782503902603398
4.5775 -234.1257348228685
4.5825 15.229295076358799
4.5874999999999995 -198.74998882665076
4.592499999999999 87.10962451550473
4.5975 -79.24418128981549
4.6025 69.43707508999296
4.6075 7.945010193065053
4.6125 164.80325087177883
4.6175 17.88691496126412
4.6225 -181.30661194169363
4.6274999999999995 76.96743585687798
4.632499999999999 156.9555901708676
4.6375 -57.565748323406716
4.6425 100.90893025921541
4.6475 -255.9213019299517
4.6525 61.684740111845095
4.6575 -94.53084088589644
4.6625 -55.60344678323269
4.6674999999999995 51.80694935797913
4.672499999999999 -62.09178198098276
4.6775 223.585920809864
4.6825 -40.64906538318836
4.6875 -225.48093846544376
4.6925 128.2116957419172
4.6975 -60.67973386400248
4.7025 -161.0714220894657
4.7075 165.3304279947492
4.7124999999999995 252.67247380596893
4.717499999999999 -369.516183473369
4.7225 368.63657618774937
4.7275 -180.32156831038859
4.7325 218.54082326553862
4.7375 69.17257777315322
4.7425 -133.6763124568627
4.7475 -19.18074020753502
4.7524999999999995 -168.99989342851958
4.757499999999999 0.42738562013815634
4.7625 2.287275218238922
4.7675 109.8801089066248
4.7725 47.89282606082793
4.7775 65.28875029061933
4.7825 -152.7472849521955
4.7875 19.25546308944547
4.7924999999999995 -75.49339276212275
4.797499999999999 266.3256685314805
4.8025 -27.54592834894798
4.8075 90.72707802326339
4.8125 -29.564318697255036
4.8175 -31.350600065623954
4.8225 -19.065662074450056
4.8275 -247.3851261969748
4.8325 445.6232268336364
4.8374999999999995 136.32121141161025
4.842499999999999 -189.9796096176841
4.8475 135.38910073192477
4.8525 -80.96083709608207
4.8575 153.4888634676906
4.8625 -24.21359151273491
4.8675 10.18835185162457
4.8725 -63.596256488167846
4.8774999999999995 -64.20306663392586
4.882499999999999 -58.58720078978255
4.8875 -61.99520791620331
4.8925 -153.27855277365825
4.8975 368.3238373996481
4.9025 -298.6475182925629
4.9075 185.9196253128567
4.9125 -7.065926350529719
4.9174999999999995 -299.8750449588686
4.922499999999999 -88.23005805586519
4.9275 481.9693063683307
4.9325 -268.13988541775404
4.9375 -76.89100579784969
4.9425 174.85093575013232
4.9475 9.776226610634254
4.9525 -148.20652745121222
4.9575 26.109738426371155
4.9624999999999995 -54.721337287032526
4.967499999999999 -208.90176367823176
4.9725 331.1800620532846
4.9775 114.17801098851281
4.9825 -55.67080119711134
4.9875 -306.13996654266646
4.9925 135.4060853941736
4.9975 40.636385507390145
5.0024999999999995 50.95829416459945
5.007499999999999 104.64164197342778
5.0125 -185.98816201333963
5.0175 -296.0435577714306
5.0225 250.64572053987916
5.0275 13.736568958397468
5.0325 -9.628203669857529
5.0375 -74.88488030787288
5.0424999999999995 183.56091017983402
5.047499999999999 -0.5116744967843165
5.0525 -154.08086318744975
5.0575 10.728454518628029
5.0625 -74.91712311233327
5.0675 9.584183001248572
5.0725 -82.51923097798398
5.0775 13.238790112267262
5.0825 -78.28432483705384
5.0874999999999995 291.4309603388269
5.092499999999999 -179.84657654178213
5.0975 148.64676308588864
5.1025 -2.6129660317510397
5.1075 -126.33262375748699
5.1125 240.09526252623965
5.1175 -206.7161072107861
5.1225 182.19986098570206
5.1274999999999995 -146.9036347180298
5.132499999999999 129.01033396167327
5.1375 -271.13932179489746
5.1425 383.324740889375
5.1475 -115.94017818402719
5.1525 -156.2745654540675
5.1575 -7.366742959197728
5.1625 -50.06733521698061
5.1674999999999995 -79.77525180034182
5.172499999999999 202.94486729598358
5.177499999999999 -47.77138226507689
5.1825 -88.4236872583039
5.1875 165.3896805544648
5.1925 -6.8259780932698435
5.1975 -141.76732945321416
5.2025 -0.5943455421784491
5.2075 90.80042584729799
5.2124999999999995 25.72769195138895
5.217499999999999 -152.57457024846414
5.2225 126.60866669185796
5.2275 103.14839964952893
5.2325 -28.725168114448486
5.2375 132.52495570705696
5.2425 65.28395620725857
5.2475 -25.568046416156836
5.2524999999999995 -145.8423816290868
5.257499999999999 78.11377147429282
5.2625 152.21926884654414
5.2675 -168.09804652262915
5.2725 160.62254293309076
5.2775 -228.59648920349719
5.2825 11.741946057825064
5.2875 65.21181632880295
5.2924999999999995 221.34406895085192
5.297499999999999 37.08325977296164
5.302499999999999 -273.29409340977537
5.3075 219.05665846376164
5.3125 7.219787563353716
5.3175 -97.72038302770423
5.3225 -91.28501032229077
5.3275 32.35558657579371
5.3325 -11.251853061506239
5.3374999999999995 -143.6205891670015
5.342499999999999 146.94803974492154
5.3475 -93.77821841872193
5.3525 36.77683477034293
5.3575 39.14748270824613
5.3625 -136.60664184636207
5.3675 237.124151551832
5.3725 -133.63104397257558
5.3774999999999995 -60.59533781179269
5.382499999999999 85.78645362618795
5.3875 41.674460647094556
5.3925 34.127787219929345
5.3975 71.37932223345062
5.4025 -149.52430475825122
5.4075 93.92548224860047
5.4125 -121.3105475110699
5.4174999999999995 29.049654271993763
5.422499999999999 28.449450062172748
5.427499999999999 -234.07309471252194
5.4325 308.4621352032463
5.4375 -107.41203515756605
5.4425 1.4299036053556498
5.4475 -20.031863136360034
5.4525 -450.57616622273116
5.4575 134.48240414822834
5.4624999999999995 323.9682916694773
5.467499999999999 -140.6655416318581
5.4725 -24.9639654642173
5.4775 -118.70752005552592
5.4825 -98.09001082209237
5.4875 230.6404804977631
5.4925 121.28970281793224
5.4975 80.4922381952341
5.5024999999999995 71.74289072675158
5.507499999999999 -164.17644968723428
5.5125 -136.9390012300264
5.5175 156.6132803683925
5.5225 -238.65627116996166
5.5275 43.50823769875603
5.5325 279.10591164624515
5.5375 -11.875358054683263
5.5424999999999995 -30.765053446421664
5.547499999999999 -93.22148840714064
5.552499999999999 -53.699646784322006
5.5575 95.56016815740516
5.5625 51.36000673048065
5.5675 26.946148630677936
5.5725 67.89946839880845
5.5775 -228.09269063031388
5.5825 207.7068270678443
5.5874999999999995 -147.25676537068873
5.592499999999999 -33.66636069333331
5.5975 -125.80941081452588
5.6025 0.22985914840115443
5.6075 93.24245310532929
5.6125 -81.3351584432839
5.6175 56.067368151678124
5.6225 -26.927370899538218
5.6274999999999995 62.4328574058453
5.632499999999999 58.24769118740405
5.6375 -106.23641975514045
5.6425 -109.04674317256432
5.6475 45.53357426048019
5.6525 147.68355649212037
5.6575 29.95814106261851
5.6625 74.05019951846202
5.6674999999999995 -219.43256796991398
5.672499999999999 64.41653838205892
5.677499999999999 -104.80578493479759
5.6825 251.94870998765862
5.6875 -265.781903539278
5.6925 -55.679466167081024
5.6975 168.27631573646434
5.7025 -211.67281294261588
5.7075 212.0923086254053
5.7124999999999995 -12.901735399398685
5.717499999999999 -193.68915680427548
5.7225 -87.85379932448772
5.7275 61.98412442338594
5.7325 149.6848941489995
5.7375 147.22980186738022
5.7425 -263.60586563457014
5.7475 382.1009954348512
5.7524999999999995 -364.65759045660633
5.757499999999999 104.28328925886822
5.7625 108.185942204814
5.7675 75.33544111397542
5.7725 123.2934325491774
5.7775 -165.38259854585846
5.7825 3.982533939696784
5.7875 93.08650746266686
5.7924999999999995 -299.17694728662974
5.797499999999999 270.24731859279984
5.802499999999999 -66.73710158032837
5.8075 89.7071870699797
5.8125 -136.3880114600505
5.8175 399.6842851165994
5.8225 10.21341606446607
5.8275 -160.24642197066987
5.8325 -16.821747233870706
5.8374999999999995 0.5160885641503107
5.842499999999999 47.25268767018673
5.8475 -212.0733163128655
5.8525 -218.18075883419644
5.8575 175.09387314636223
5.8625 223.69828757882829
5.8675 -115.92712538134836
5.8725 102.01224080913643
5.8774999999999995 -69.37771474613545
5.882499999999999 -248.93834834804193
5.8875 231.39011968147713
5.8925 74.9414974277161
5.8975 167.6414280931416
5.9025 161.07111891881058
5.9075 -125.1053593390613
5.9125 -58.93117697818491
5.9174999999999995 -121.28570107055228
5.922499999999999 57.295291018870394
5.927499999999999 227.28086251329293
5.9325 -180.35835676670075
5.9375 -9.808346580977226
5.9425 102.04382493455739
5.9475 -334.99594358388424
5.9525 365.92070467341523
5.9575 -41.75490113807888
5.9624999999999995 69.45899430204108
5.967499999999999 -5.745851052031937
5.9725 -148.0217686221254
5.9775 -104.51282760429316
5.9825 -14.690724644899403
5.9875 56.68033224066468
5.9925 68.32956992273203
5.9975 -89.15539331879603
6.0024999999999995 56.36411498378706
6.007499999999999 73.66971574083232
6.012499999999999 -155.91238231512838
6.0175 -126.04742399033864
6.0225 236.1687509445106
6.0275 -17.00403266937927
6.0325 -10.136134259061665
6.0375 22.145211034039356
6.0424999999999995 -68.237767900912
6.047499999999999 -27.992133182234983
6.052499999999999 -50.19368395602166
6.0575 0.008912743556311335
6.0625 -3.912766003180913
6.0675 14.690385420095197
6.0725 52.05833717567475
6.0775 -55.69061926809134
6.0825 -95.07163759526986
6.0874999999999995 199.66124843135103
6.092499999999999 7.677445510278494
6.0975 -29.10102722374278
6.1025 -71.17051028671065
6.1075 17.5430223290102
6.1125 -148.0710175371058
6.1175 -92.57947349014847
6.1225 242.95344532647462
6.1274999999999995 -76.54949010774595
6.132499999999999 -260.1851321830277
6.137499999999999 72.09057611732602
6.1425 66.41458405827409
6.1475 18.89262018589492
6.1525 -70.69431524377444
6.1575 239.77704531676346
6.1625 68.3634763498455
6.1674999999999995 -251.12962761793943
6.172499999999999 109.91563369132824
6.177499999999999 -319.7259903488647
6.1825 228.65139756720876
6.1875 -13.158842536766485
6.1925 140.79782904190904
6.1975 193.57767711212168
6.2025 50.67912886196662
6.2075 1.245611638024215
6.2124999999999995 -0.9846224951584635
6.217499999999999 -23.822492156719093
6.2225 55.92018735161006
6.2275 -69.76406608980857
6.2325 -99.81672363060319
6.2375 184.82043615350932
6.2425 -104.61720594492112
6.2475 -32.29260497754478
6.2524999999999995 -216.14970005794143
6.257499999999999 -49.06891529898664
6.262499999999999 60.13844213379373
6.2675 -13.99089295230763
6.2725 94.93189618727142
6.2775 14.796595943102455
6.2825 -120.38377613506182
6.2875 101.0602220217866
6.2924999999999995 188.22164694124226
6.297499999999999 -110.296536302376
6.302499999999999 -87.03584805500786
6.3075 -244.4665876984881
6.3125 -177.28119251274626
6.3175 238.46498903999492
6.3225 -54.337865225731946
6.3275 -117.90065004192716
6.3325 296.0011775666052
6.3374999999999995 17.331984235940684
6.342499999999999 160.5006325387533
6.3475 0.8449429318683047
6.3525 233.2999653295846
6.3575 -277.2387144379373
6.3625 -42.85648829309418
6.3675 -84.80112846987568
6.3725 -55.013969472272734
6.3774999999999995 168.65358043123516
6.382499999999999 2.406447339428347
6.387499999999999 -83.87364048475834
6.3925 -193.5320070319841
6.3975 -34.94787173709182
6.4025 144.34197268775725
6.4075 247.25997369249356
6.4125 -86.288567391616
6.4174999999999995 105.23613015318875
6.422499999999999 -277.95071230049496
6.427499999999999 -1.2580866367781591
6.4325 282.57411110877865
6.4375 -156.4045351349868
6.4425 -87.49676613915105
6.4475 28.103570504184336
6.4525 -88.06701119326146
6.4575 -205.31389082341047
6.4624999999999995 -5.87129067386108
6.467499999999999 261.44767887594963
6.4725 -20.163598286324355
6.4775 76.14126779418683
6.4825 -91.59114583904089
6.4875 15.269964024947289
6.4925 427.026389755077
6.4975 10.269430395780178
6.5024999999999995 -182.87938050756995
6.507499999999999 63.24458642330047
6.512499999999999 -31.893983199648858
6.5175 149.59929633568154
6.5225 62.1098727424186
6.5275 -167.1435370054451
6.5325 -21.108658458419303
6.5375 101.69899759190912
6.5424999999999995 -198.2696893346435
6.547499999999999 14.086253939713146
6.552499999999999 -104.14363495979931
6.5575 83.67429025204913
6.5625 -54.66778937531891
6.5675 23.134749525584628
6.5725 -74.02090683817164
6.5775 132.8686684633189
6.5825 -109.18732040521611
6.5874999999999995 -159.01160960297386
6.592499999999999 161.24208058823083
6.5975 -63.75761301646789
6.6025 -172.00780608348015
6.6075 280.06714348584387
6.6125 -123.21438632740386
6.6175 114.14028071624409
6.6225 -87.6731859330393
6.6274999999999995 -101.72779354076587
6.632499999999999 157.79135929555991
6.637499999999999 -123.67623366118528
6.6425 147.26990618694046
6.6475 47.83717108674434
6.6525 -22.696399233419715
6.6575 -180.04194529112212
6.6625 -246.27735930817178
6.6674999999999995 292.63386123179754
6.672499999999999 -78.51781163814205
6.677499999999999 -165.1395998970504
6.6825 224.92276115610395
6.6875 -81.05515382900884
6.6925 67.03119790614127
6.6975 -303.820145612481
6.7025 208.03684898470414
6.7075 68.43194831076143
6.7124999999999995 -16.353455944654236
6.717499999999999 -5.51997233432406
6.722499999999999 153.8521330997284
6.7275 -54.57647868996859
6.7325 75.5132833361544
6.7375 72.62439121705569
6.7425 -130.47868576425176
6.7475 148.77403844287818
6.7524999999999995 -321.36011241814805
6.757499999999999 83.59040540556641
6.762499999999999 -87.57479685765598
6.7675 266.9151905153734
6.7725 229.45694416984233
6.7775 -115.35383054426804
6.7825 -152.08445659338108
6.7875 88.33397085058265
6.7924999999999995 -128.18121294574564
6.797499999999999 -33.322457929073984
6.802499999999999 289.4219963741162
6.8075 -217.03515508969124
6.8125 -74.76523961432976
6.8175 -8.842283353816049
6.8225 238.9496657557122
6.8275 -164.55616224819315
6.8325 178.1357068343142
6.8374999999999995 -115.44681827388895
6.842499999999999 -77.26235188824472
6.847499999999999 -126.87624598052244
6.8525 22.770646437414257
6.8575 -2.5279392951011594
6.8625 241.11281811807066
6.8675 -108.66084166690374
6.8725 205.5161156507949
6.8774999999999995 -49.9653151992981
6.882499999999999 -152.47312472864635
6.887499999999999 61.13371428772012
6.8925 52.604929128968614
6.8975 -104.60683419258707
6.9025 214.76216455163848
6.9075 -16.998535727487976
6.9125 -124.2401077892502
6.9174999999999995 -37.818663357502736
6.922499999999999 13.674871361560275
6.927499999999999 -122.44135102737386
6.9325 -7.698706405144507
6.9375 -170.02031466728076
6.9425 -39.067688165502254
6.9475 213.161129006538
6.9525 -185.22947560672483
6.9575 90.54537892822323
6.9624999999999995 88.12855358619774
6.967499999999999 80.51154588289009
6.972499999999999 38.16781844809439
6.9775 71.12851378224565
6.9825 -299.4431599388255
6.9875 138.26284339759712
6.9925 -247.42947608996707
6.9975 129.27131823591304
7.0024999999999995 231.74604216216977
7.007499999999999 -39.336358026384445
7.012499999999999 -161.8198367479556
7.0175 -30.74320825064677
7.0225 105.26094060534953
7.0275 40.60581974720035
7.0325 1.6257499241385711
7.0375 89.01753342091094
7.0424999999999995 -80.94998884342908
7.047499999999999 -103.76624924019772
7.052499999999999 235.30986291911768
7.0575 -120.17040228578615
7.0625 216.80077943540195
7.0675 -77.2896903415453
7.0725 -63.73116282423821
7.0775 -86.02889909381797
7.0825 -28.74005676742414
7.0874999999999995 -108.96617622888924
7.092499999999999 97.57977566220521
7.097499999999999 261.7731800762178
7.1025 91.87724419664227
7.1075 -53.35836741995465
7.1125 47.068495312310986
7.1175 -292.56782411020555
7.1225 71.16846546380243
7.1274999999999995 -75.83860571310647
7.132499999999999 -178.4002988261914
7.137499999999999 -2.11311051926707
7.1425 -124.97174792591497
7.1475 -22.950587037387145
7.1525 95.38687770575649
7.1575 -76.19519440605038
7.1625 -92.75156257544246
7.1674999999999995 85.55754346509787
7.172499999999999 -141.45271555329512
7.177499999999999 233.97241205376008
7.1825 148.73471205079755
7.1875 154.44133118840963
7.1925 -26.316065794851603
7.1975 -157.03961133887753
7.2025 10.654405151907776
7.2075 0.019927286103158606
7.2124999999999995 -97.18104611661546
7.217499999999999 224.32699213295885
7.222499999999999 -209.84569998723413
7.2275 -87.65846636612781
7.2325 109.60353450251596
7.2375 118.18311719406039
7.2425 -170.05954881863687
7.2475 -3.2274339998249824
7.2524999999999995 193.40792154609764
7.257499999999999 6.356969405437184
7.262499999999999 -21.777716882087287
7.2675 135.4701845394598
7.2725 60.461933249457935
7.2775 -117.39460795326221
7.2825 -19.332254216302598
7.2875 -71.86798490640957
7.2924999999999995 -86.1440255184092
7.297499999999999 -25.45960343076471
7.302499999999999 21.502278446843725
7.3075 -88.10373589689026
7.3125 -132.2837267379975
7.3175 284.5641488163614
7.3225 7.827234972776119
7.3275 252.36344165414224
7.3325 -86.29988813126111
7.3374999999999995 -83.3602951939665
7.342499999999999 -146.57104598260682
7.347499999999999 139.0038187956019
7.3525 75.54998830211032
7.3575 126.32499435741997
7.3625 -7.388551245524371
7.3675 -254.57781459341524
7.3725 167.9780448928417
7.3774999999999995 -79.1430253216585
7.382499999999999 218.33202480620844
7.387499999999999 110.25090806610491
7.3925 -274.5732135634282
7.3975 -147.42203969546685
7.4025 99.29866156233592
7.4075 -107.53598405875636
7.4125 3.7918403871346746
7.4174999999999995 4.240571642547653
7.422499999999999 -18.93721522078408
7.427499999999999 41.44790347977827
7.4325 -154.5762266029677
7.4375 119.56374346218674
7.4425 -239.41723754096068
7.4475 285.3018914467208
7.4525 -147.38092585973212
7.4575 160.00584539749062
7.4624999999999995 -130.73036846277992
7.467499999999999 60.939210443204786
7.472499999999999 -74.66207487741366
7.4775 13.438265613406866
7.4825 131.81840215259626
7.4875 -139.2589858513121
7.4925 -33.09308116939751
7.4975 -1.37873895184754
7.5024999999999995 200.73915353696293
7.507499999999999 -12.803789171602071
7.512499999999999 -20.76913337841567
7.5175 -57.341631127209276
7.5225 39.17458990181304
7.5275 -0.9310051068363805
7.5325 -101.11344676200328
7.5375 155.56099489373636
7.5424999999999995 133.83272719821673
7.547499999999999 147.89512434432942
7.552499999999999 -67.48050260674306
7.557499999999999 -257.4087603261959
7.5625 101.30516917365928
7.5675 6.134022653240302
7.5725 -7.262967012345413
7.5775 -219.967513906714
7.5825 -58.93145330560493
7.5874999999999995 51.11070729015802
7.592499999999999 -44.97412663451515
7.597499999999999 5.558659488972997
7.6025 74.58610220605776
7.6075 17.031705544650332
7.6125 -21.65575569613837
7.6175 -86.58494091853888
7.6225 64.6814059776415
7.6274999999999995 135.52343507023568
7.632499999999999 -229.7606176750722
7.637499999999999 329.72490909571604
7.6425 -37.32566260721829
7.6475 16.014782742611203
7.6525 -126.86159720606427
7.6575 -5.506138067832545
7.6625 179.80752384543183
7.6674999999999995 283.07604065592665
7.672499999999999 -366.5376974846013
7.677499999999999 -142.03479426337606
7.682499999999999 34.68098616183611
7.6875 12.580643595247253
7.6925 229.83503712315857
7.6975 64.75824223797724
7.7025 -48.5773472405828
7.7075 -3.367386732507513
7.7124999999999995 -39.26478475072439
7.717499999999999 109.8209718122954
7.722499999999999 -114.24954478882717
7.7275 150.50552553128466
7.7325 -337.63554652625015
7.7375 107.57999314793058
7.7425 135.66492155168388
7.7475 -57.890093685552266
7.7524999999999995 71.46918127875438
7.757499999999999 54.77394726453188
7.762499999999999 -38.783361329832246
7.7675 -60.44316509108956
7.7725 -113.44003361143088
7.7775 -8.627402335840845
7.7825 -0.052757483707849336
7.7875 -126.31136141519163
7.7924999999999995 -173.23482878120555
7.797499999999999 250.19936846355267
7.802499999999999 202.59931498861118
7.807499999999999 -127.84528887257069
7.8125 77.6998316832443
7.8175 -102.25232693404124
7.8225 0.622439619388326
7.8275 67.40897064861151
7.8325 17.45709318595719
7.8374999999999995 -140.5770115898602
7.842499999999999 148.1929529324955
7.847499999999999 225.0930101639495
7.8525 -266.8880700975657
7.8575 -91.73545586038381
7.8625 129.8201414673314
7.8675 -14.812121333404548
7.8725 189.08469037179833
7.8774999999999995 -200.2010427301122
7.882499999999999 20.28420428365476
7.887499999999999 25.279513482400514
7.8925 103.59917651735704
7.8975 -167.280706331501
7.9025 -25.832462019030945
7.9075 85.23097708841772
7.9125 162.2027610230421
7.9174999999999995 -281.09043918769584
7.922499999999999 144.54786872229346
7.927499999999999 12.840825204124092
7.932499999999999 8.485002131723771
7.9375 -115.47094593415328
7.9425 -16.740479076471164
7.9475 71.96339444849033
7.9525 -180.554018423106
7.9575 238.41629962224783
7.9624999999999995 5.101483141265986
7.967499999999999 -239.23913241297925
7.972499999999999 -171.6864462417313
7.9775 99.36398246957212
7.9825 16.259238294845215
7.9875 -68.4280172242503
7.9925 123.80042823061045
7.9975 62.37071161580165
8.0025 198.30615850120097
8.0075 13.049160025518805
8.0125 -213.71445729599426
8.0175 -118.09775044309939
8.022499999999999 -17.97796826736035
8.0275 121.78324977541696
8.032499999999999 -213.8395199282718
8.0375 229.09472122659625
8.0425 -84.65164349387804
8.0475 69.03331270099311
8.0525 51.699278115595796
8.0575 -3.274352290394159
8.0625 84.5854646557949
8.067499999999999 63.63017028401251
8.0725 -85.1037327853668
8.077499999999999 78.06947092548272
8.0825 -126.3735229789255
8.0875 110.12465669958333
8.0925 0.4135476692810399
8.0975 -147.15597060194509
8.1025 299.9114932034929
8.1075 -176.70525879814883
8.112499999999999 66.43969564153045
8.1175 19.554296193575613
8.1225 13.879139432839075
8.1275 85.6850335679681
8.1325 -105.31397606128348
8.1375 -183.62938786467507
8.1425 -53.89572424770217
8.147499999999999 219.76928714234393
8.1525 -104.21080436589102
8.157499999999999 159.90763968508818
8.1625 120.61606012236598
8.1675 -17.912263922932738
8.1725 15.81952873494273
8.1775 129.4544466016372
8.1825 -321.1061260700283
8.1875 221.18988667188273
8.192499999999999 -276.449818338751
8.1975 -48.446578052328206
8.202499999999999 40.44779480649446
8.2075 -18.847123270940582
8.2125 3.01820835146189
8.2175 6.082976294184862
8.2225 -162.75810176562305
8.2275 78.85217913264307
8.2325 -243.53949894070044
8.237499999999999 -106.92583153547636
8.2425 117.15853643812086
8.2475 113.89561831319853
8.2525 153.04821255237727
8.2575 -150.86775419845583
8.2625 -121.98665675782114
8.2675 69.73633229092061
8.272499999999999 21.780839645102585
8.2775 264.73910688505674
8.282499999999999 95.58818315233913
8.2875 -287.2726415003854
8.2925 -107.69988227298273
8.2975 121.91917154896369
8.3025 57.325454656871806
8.3075 36.373621483402005
8.3125 -156.0475787949898
8.317499999999999 33.786940768520026
8.3225 -66.56818289163353
8.327499999999999 200.17241640188158
8.3325 -91.1136835305947
8.3375 15.844644150597238
8.3425 -112.74271505093203
8.3475 -21.01665498075163
8.3525 184.70644846105756
8.3575 16.057806395571802
8.362499999999999 -81.527140668507
8.3675 155.05697420594115
8.3725 -112.99100286972838
8.3775 105.68071360244261
8.3825 72.73605618016535
8.3875 77.61895301592251
8.3925 -4.833627393596995
8.397499999999999 -53.77383122251686
8.4025 -2.7316460269638414
8.407499999999999 -124.58590036989354
8.4125 73.44257170670969
8.4175 42.68731604109534
8.4225 203.74391329606095
8.4275 -95.34054812417645
8.4325 -44.989057789279705
8.4375 66.73038392916298
8.442499999999999 -98.95075349791551
8.4475 89.13336791806793
8.452499999999999 -265.7131543298507
8.4575 176.7356006015439
8.4625 -54.49489236128255
8.4675 36.46735134952243
8.4725 -75.91405921787394
8.4775 -163.8402068835388
8.4825 208.0065418209249
8.487499999999999 -54.10684277178859
8.4925 -55.16344729336396
8.4975 207.64242381436347
8.5025 88.63361392301469
8.5075 -77.81563547187193
8.5125 -37.53244101441969
8.5175 -96.0598183980914
8.522499999999999 129.7582275784958
8.5275 -103.56836462838669
8.532499999999999 193.40949638211893
8.5375 -94.72043840548467
8.5425 89.89718697492529
8.5475 100.8118278827258
8.5525 -21.896857554584624
8.5575 259.3491941038557
8.5625 32.920481207337694
8.567499999999999 -255.61417118216784
8.5725 -79.5127993639785
8.577499999999999 -66.27656699916885
8.5825 -61.8870258628464
8.5875 -50.657008983577775
8.5925 40.735360857449635
8.5975 94.98289004411707
8.6025 -54.07367542183533
8.6075 138.1998727208605
8.612499999999999 106.83224654387472
8.6175 -7.574195375031149
8.6225 -154.00127056109923
8.6275 240.0598407063963
8.6325 -146.89802132386862
8.6375 18.725719674249937
8.6425 -164.0543930696371
8.647499999999999 148.64836687049683
8.6525 69.77048385993098
8.657499999999999 -22.41579650186478
8.6625 31.111789619412168
8.6675 -37.465116503115425
8.6725 18.115736960748766
8.6775 -191.07163939674754
8.6825 18.985481462825057
8.6875 8.102957433132124
8.692499999999999 -56.97166766079803
8.6975 -51.82076822908581
8.702499999999999 1.3715634195679334
8.7075 0.56735137865677
8.7125 70.35875904895344
8.7175 -19.233781650563074
8.7225 114.97912154917124
8.7275 -203.8903287349678
8.7325 101.51912785018179
8.737499999999999 -0.4796087392494636
8.7425 -121.10145121025627
8.747499999999999 411.0577104003148
8.7525 -187.50248693512634
8.7575 126.76984150198322
8.7625 -269.8743435522638
8.7675 124.44302396152261
8.772499999999999 -140.00196791272424
8.7775 -1.2109220200516997
8.782499999999999 -69.80344037864198
8.7875 -74.96873423200145
8.7925 158.11452552912883
8.7975 13.781478118350181
8.8025 -40.266055347913294
8.8075 156.3411915951058
8.8125 -115.13208106697074
8.817499999999999 65.14342500244867
8.8225 165.12444629048872
8.827499999999999 -55.88756968762191
8.8325 -62.454224078189775
8.8375 14.757244549969561
8.8425 29.857324111994473
8.8475 77.68456006351747
8.8525 30.528590171370176
8.8575 -71.63712499220222
8.862499999999999 -44.20295392932869
8.8675 268.68496360667604
8.872499999999999 -225.56686593079456
8.8775 120.12407378977814
8.8825 -63.286521148849424
8.8875 -128.31412932963835
8.8925 244.60559223336642
8.897499999999999 -277.902053805102
8.9025 75.65282845299626
8.907499999999999 -157.7193164277664
8.9125 258.4549343594124
8.9175 -81.60827697825184
8.9225 144.43162580334084
8.9275 -118.58885308717718
8.9325 116.26929651022355
8.9375 -227.40261526941646
8.942499999999999 390.4062359215027
8.9475 -349.83982888580556
8.952499999999999 164.17220207424273
8.9575 -163.5364389993365
8.9625 -224.77972148428233
8.9675 228.0736137418459
8.9725 -212.08914938059132
8.9775 59.48008999956672
8.9825 238.98064141802308
8.987499999999999 96.69724269423384
8.9925 -67.32728849352375
8.997499999999999 -159.48109868931584
9.0025 306.0646735216274
9.0075 -187.16344391488616
9.0125 160.1943663586089
9.0175 -174.0677559441751
9.022499999999999 158.4301330234996
9.0275 147.53076940345338
9.032499999999999 -328.3691271627555
9.0375 177.19573009986414
9.0425 46.58175163459577
9.0475 -11.22716014718734
9.0525 196.11097742234037
9.0575 -229.51774482103255
9.0625 27.108695209066905
9.067499999999999 -162.5424553206944
9.0725 -20.661981763166484
9.077499999999999 94.19807082705215
9.0825 -65.37542110962615
9.0875 291.3121030993118
9.0925 -249.0702314647604
9.0975 147.08445785514843
9.1025 39.08803941681843
9.1075 50.40713530855942
9.112499999999999 -280.6674361204393
9.1175 -6.187501483098913
9.122499999999999 90.56229385069462
9.1275 43.30749306525157
9.1325 105.97071370321478
9.1375 -173.771946651527
9.1425 247.10643696701132
9.147499999999999 -45.748779502628224
9.1525 -298.4164136970043
9.157499999999999 -230.98681902243771
9.1625 144.91169035124886
9.1675 270.6209837939636
9.1725 -244.2396560417254
9.1775 86.09104407790663
9.1825 -351.223063158439
9.1875 91.50504458348054
9.192499999999999 201.9591046212563
9.1975 173.59485288190285
9.202499999999999 -188.65181820494325
9.2075 -40.098594056086256
9.2125 139.50890847575914
9.2175 51.84210096908104
9.2225 183.33063265856046
9.2275 82.0846707137615
9.2325 -254.78203766279992
9.237499999999999 -42.195065453964034
9.2425 71.89767378758648
9.247499999999999 79.78143298155891
9.2525 83.09408319969322
9.2575 -223.82317803280623
9.2625 256.8519353106159
9.2675 -137.04941600893716
9.272499999999999 39.75370532927537
9.2775 -80.69934924801542
9.282499999999999 162.1808564168719
9.2875 -51.004805201185306
9.2925 149.8475573112428
9.2975 -113.63302410277585
9.3025 3.1159987832274028
9.3075 91.32701709034566
9.3125 -27.38029479852383
9.317499999999999 -145.30500058979388
9.3225 210.10147233157866
9.327499999999999 -162.58541239190515
9.3325 0.9195481772485151
9.3375 -50.89838072180425
9.3425 78.9266256871335
9.3475 85.690288756263
9.3525 -222.69140207425662
9.3575 133.45081816322988
9.362499999999999 -78.35411876150566
9.3675 267.1072656392434
9.372499999999999 -171.10433437235994
9.3775 -99.25864540438113
9.3825 117.4896361635033
9.3875 105.2552414838959
9.3925 -84.70447071736332
9.397499999999999 -19.314565050717192
9.4025 70.73488721459694
9.407499999999999 14.070236160265456
9.4125 -253.1393022046653
9.4175 156.78150494892515
9.4225 -124.29012134167714
9.4275 -52.42776483006011
9.4325 -18.538943720789167
9.4375 -67.52590662305047
9.442499999999999 61.701217515901426
9.4475 36.55262559658997
9.452499999999999 -12.104093142615083
9.4575 44.5166584324188
9.4625 -139.4239367414243
9.4675 111.73457630282218
9.4725 -134.62095300603266
9.4775 208.6680362091192
9.4825 -56.35545382976745
9.487499999999999 161.93569583496335
9.4925 -312.683999216289
9.497499999999999 41.18524189809891
9.5025 143.67720128663427
9.5075 -140.3658166480837
9.5125 -76.98166145563005
9.5175 2.9193178733956895
9.522499999999999 534.028491079678
9.5275 -164.66679894433906
9.532499999999999 -81.34411770195592
9.5375 -65.98783741239863
9.5425 29.244920911772866
9.5475 -101.30231958003637
9.5525 -9.145804155250257
9.5575 -311.05754339072865
9.5625 49.56013123730666
9.567499999999999 123.76271440640244
9.5725 187.10138952671593
9.577499999999999 79.10082433490267
9.5825 85.53470803027562
9.5875 78.90969260600309
9.5925 48.688742455496715
9.5975 -192.69134822780217
9.6025 160.49028736648538
9.6075 -126.97473486273819
9.612499999999999 123.41040615677927
9.6175 -212.25317815952369
9.622499999999999 115.87918127457651
9.6275 -209.32986564431025
9.6325 -41.884508172155506
9.6375 195.31373781408308
9.6425 -209.9960078926055
9.647499999999999 177.64269641257005
9.6525 -12.30718800661913
9.657499999999999 -61.11279038072206
9.6625 148.53544524265234
9.6675 -131.81585836131816
9.6725 65.55193919712525
9.6775 2.7805456344788086
9.6825 -68.92429658292534
9.6875 -211.34152952529132
9.692499999999999 218.92257203062184
9.6975 147.4437187658285
9.702499999999999 -81.0500705887407
9.7075 -127.17715364565457
9.7125 -128.5931569291069
9.7175 96.29905530962142
9.7225 204.04145200360497
9.7275 -251.2362076301826
9.7325 275.68614014308565
9.737499999999999 48.11893347237201
9.7425 -22.124523321193177
9.747499999999999 -127.13618113165751
9.7525 1.9188072095079793
9.7575 -254.28405176848145
9.7625 161.59896139873302
9.7675 -104.99737023541948
9.772499999999999 -148.16467631881983
9.7775 80.35663130747372
9.782499999999999 246.24446437100008
9.7875 65.02156858447849
9.7925 79.23842617916317
9.7975 -74.03779491740794
9.8025 -100.04529272470626
9.8075 -166.75182696583101
9.8125 90.00432273424394
9.817499999999999 305.10764269766423
9.8225 -211.32071943887343
9.827499999999999 -72.17650815523771
9.8325 -91.03950446269168
9.8375 270.2536812290228
9.8425 1.9155024651489168
9.8475 -155.7394568788431
9.8525 111.32077914935618
9.8575 -31.971092497792476
9.862499999999999 -131.8727952314617
9.8675 -32.64328236905182
9.872499999999999 128.38414181592094
9.8775 -56.64407360928435
9.8825 42.743078782872736
9.8875 41.334420808582756
9.8925 237.1804533952474
9.897499999999999 -170.48089707940082
9.9025 86.93636702576971
9.907499999999999 -71.01653538489099
9.9125 230.3966310236703
9.9175 -290.05199795652254
9.9225 3.772688791574883
9.9275 -23.67178844521463
9.9325 -70.51785360601971
9.9375 139.39728706711426
9.942499999999999 -67.22295268758079
9.9475 382.418997964239
9.952499999999999 -179.99045141323074
9.9575 20.259337315957364
9.9625 -90.44342957140955
9.9675 8.83272104344594
9.9725 91.18143734450769
9.9775 111.22107018289263
9.9825 -57.13125033154209
9.987499999999999 -30.19240539643287
9.9925 -72.5074812963449
9.997499999999999 -96.08475438185155
10.0025 81.89544064384967
