0.0075 354.03184506361265
0.012499999999999999 183.90326176038334
0.017499999999999998 -194.94087843631
0.0225 68.10668869960904
0.0275 179.43898149146642
0.0325 -214.22875973233528
0.0375 -38.52042999995715
0.042499999999999996 129.0190280118143
0.0475 -101.34381106324514
0.0525 -58.882755203281796
0.057499999999999996 139.5099811524868
0.0625 0.06299738838721491
0.06749999999999999 225.33848707496168
0.0725 -360.95501803726563
0.0775 -67.20647238866576
0.08249999999999999 363.9129806951058
0.0875 -70.52005606714182
0.0925 250.95852278459867
0.09749999999999999 -513.1698463021698
0.1025 123.50255714065548
0.1075 -50.81813734437956
0.11249999999999999 43.51895933423764
0.1175 194.86459312021597
0.1225 -136.71355187249546
0.1275 99.70370229461463
0.1325 -134.65149929171858
0.13749999999999998 -48.34287921398453
0.1425 38.63207022518349
0.1475 -269.9375552917782
0.1525 41.790977919699934
0.1575 32.58670840891991
0.1625 -217.2784328291935
0.16749999999999998 135.98586650754922
0.1725 69.99333968724822
0.1775 -92.82531278483441
0.1825 190.93260157099428
0.1875 130.8663349750518
0.1925 -237.7287306826345
0.19749999999999998 202.57486422264216
0.20249999999999999 -441.842977855434
0.2075 310.02461938888706
0.2125 241.07874642084312
0.2175 69.41856707415286
0.2225 19.84687192907144
0.22749999999999998 -87.83995768926502
0.23249999999999998 -119.22215066357434
0.2375 -75.77018914925902
0.2425 167.29358318927436
0.2475 -19.913435257021888
0.2525 329.06156091239063
0.2575 157.58165046896522
0.2625 -143.86416362951908
0.2675 -96.07469770856855
0.27249999999999996 -47.70968308922587
0.27749999999999997 -23.953343980030724
0.2825 -89.89463127525124
0.2875 47.53476493748874
0.2925 81.48140032225407
0.2975 -297.8317851427589
0.3025 24.85352581583874
0.3075 -50.49008353667274
0.3125 83.27004060569863
0.3175 -322.46450926379106
0.3225 99.18678300470981
0.32749999999999996 98.48880760735432
0.33249999999999996 26.296126797729208
0.33749999999999997 136.18882426051914
0.34249999999999997 -279.3391346862317
0.3475 255.18458671125688
0.3525 -79.49269056530132
0.3575 -314.7141525596977
0.3625 230.12156418301444
0.3675 311.91363310755196
0.3725 -71.36821992405179
0.3775 -116.20192775363599
0.3825 -55.020493694244095
0.38749999999999996 -2.1013626563812595
0.39249999999999996 177.32555174823702
0.39749999999999996 -30.33132348030412
0.40249999999999997 -45.90118907540567
0.4075 38.20252214560688
0.4125 -76.43739591604385
0.4175 45.9273999154558
0.4225 12.174551897681031
0.4275 -146.18188591874167
0.4325 62.87055673311125
0.4375 36.4205460900265
0.4425 19.28067125571436
0.44749999999999995 82.93527888407834
0.45249999999999996 101.05729821451372
0.45749999999999996 125.45855973149767
0.46249999999999997 -499.05160943735564
0.46749999999999997 487.1066779938186
0.4725 -161.8391680879229
0.4775 -32.59570641922298
0.4825 162.19520754722336
0.4875 -160.61837381024495
0.4925 329.1358903566888
0.4975 -36.94722720527793
0.5025 -147.73184957739642
0.5075 107.87889270222601
0.5125 -113.48031741222965
0.5175 -107.93282760391216
0.5225 99.08853219172484
0.5275 -17.248264922741
0.5325 -74.49106846926826
0.5375 119.4610841412803
0.5425 -89.82428568284301
0.5475 -20.701541586124772
0.5525 -77.38702246454702
0.5575 102.98513040914435
0.5625 -32.754295988957125
0.5675 -188.77061767886906
0.5725 214.59063943745033
0.5775 41.947472138083356
0.5825 -53.36861133796082
0.5875 -28.531268637476092
0.5925 -94.74404115878737
0.5974999999999999 -46.65798722820222
0.6024999999999999 226.72424826316296
0.6074999999999999 -131.26730507547228
0.6124999999999999 -174.0005304830925
0.6174999999999999 75.37251083212578
0.6224999999999999 96.24057258493953
0.6275 -127.59960247905718
0.6325 185.68537940087037
0.6375 61.08827092765147
0.6425 -25.288334643154766
0.6475 -78.62367162007934
0.6525 207.83554695931812
0.6575 -160.77403930953724
0.6625 30.865859663015577
0.6675 71.04913465172322
0.6725 -33.198049140106036
0.6775 -75.51400757716384
0.6825 -117.17158040819109
0.6875 -18.87236459649987
0.6925 55.92535651654741
0.6975 85.77546184775711
0.7025 147.45121776567015
0.7075 -76.36068900325759
0.7125 21.189973723064735
0.7174999999999999 182.68788639499667
0.7224999999999999 -65.80178747633785
0.7274999999999999 70.85652680806274
0.7324999999999999 -255.20710186944083
0.7374999999999999 -46.74333741596608
0.7424999999999999 149.33110873193954
0.7474999999999999 83.11093890914601
0.7525 117.0718201566742
0.7575 -18.267988105805394
0.7625 -146.39484330312
0.7675 -76.38256545034784
0.7725 119.09818386689396
0.7775 -203.7379218596723
0.7825 8.518152474382237
0.7875 -128.74126526821485
0.7925 57.73441818583905
0.7975 150.05045664070107
0.8025 -157.59186510942334
0.8075 -59.90866812055484
0.8125 -1.8627268227820368
0.8175 352.8502479620503
0.8225 -166.82443870625244
0.8275 134.49327894805137
0.8325 182.95177329140714
0.8374999999999999 -193.77813318084895
0.8424999999999999 -165.25527029190565
0.8474999999999999 219.5179010352466
0.8524999999999999 -108.54251800247829
0.8574999999999999 2.6114183350299056
0.8624999999999999 24.012674635138637
0.8674999999999999 -350.4264356812094
0.8724999999999999 155.05973169042406
0.8775 3.244793941027099
0.8825 121.76430529383771
0.8875 -170.2066892222678
0.8925 79.82103201669392
0.8975 -177.53273231052293
0.9025 310.0714510968646
0.9075 -119.24826347318262
0.9125 184.4551877539752
0.9175 70.00414882641286
0.9225 -116.7236862932763
0.9275 -157.1143681695853
0.9325 282.1657956334036
0.9375 -128.62178839735645
0.9425 284.0136559094036
0.9475 -384.75960463771247
0.9524999999999999 68.82920516278689
0.9574999999999999 -197.79428802577323
0.9624999999999999 228.10526022186505
0.9674999999999999 45.35263386513667
0.9724999999999999 -176.71879704889164
0.9774999999999999 -115.5271941897869
0.9824999999999999 -184.20447400247977
0.9874999999999999 313.5156469092875
0.9924999999999999 48.047334241672125
0.9974999999999999 -174.73595303224758
1.0025 -281.67481604138004
1.0075 280.90135679258503
1.0125 205.89648251560905
1.0174999999999998 8.862529732297096
1.0225 -7.9366542492601
1.0274999999999999 -183.6454150524135
1.0325 -74.34977291690888
1.0374999999999999 82.17728382235157
1.0425 266.6384319587768
1.0474999999999999 -159.10147759602265
1.0525 138.8221816768545
1.0574999999999999 77.01028266028976
1.0625 -104.9362201616274
1.0675 -194.07048995976052
1.0725 145.69168423363763
1.0775 -84.13306719344055
1.0825 -323.45629525124866
1.0875 122.32002894727215
1.0925 94.53681008450701
1.0975 -99.95581685342495
1.1025 -129.04147527240363
1.1075 283.80109117313066
1.1125 130.94729917228932
1.1175 68.19826571195846
1.1225 48.151509843503725
1.1275 91.49137637661002
1.1324999999999998 -139.92946328207418
1.1375 100.8489273389699
1.1424999999999998 -195.9081391480835
1.1475 173.82040184888945
1.1524999999999999 -171.047161439649
1.1575 -51.482371880800756
1.1624999999999999 43.503453418439435
1.1675 74.06731958114665
1.1724999999999999 346.2508415103902
1.1775 -200.28279064454668
1.1824999999999999 -100.40864512338554
1.1875 -95.43897279316317
1.1925 -154.2972564401272
1.1975 -25.75092411343566
1.2025 307.55151871772
1.2075 -61.153122078273626
1.2125 -105.54746404663204
1.2175 89.56667747175358
1.2225 -135.51285949353323
1.2275 130.20377524596495
1.2325 -208.95264634618698
1.2375 -79.44852633801844
1.2425 62.13700533179127
1.2475 201.95966964503802
1.2525 60.265944648781804
1.2574999999999998 303.28465447798044
1.2625 -364.72612403195774
1.2674999999999998 75.73765935903526
1.2725 32.26731947249441
1.2774999999999999 15.943245718476964
1.2825 53.369562693792645
1.2874999999999999 -63.76367017930716
1.2925 109.35014508741567
1.2974999999999999 -177.70445480143968
1.3025 -19.049638242116025
1.3074999999999999 -70.42964449858249
1.3125 -156.2027361149982
1.3175 -97.03968503518219
1.3225 -35.58444431975427
1.3275 -80.45121354088455
1.3325 105.95455802322607
1.3375 196.43975139193762
1.3425 146.3880490697839
1.3475 136.0072229327519
1.3525 132.25609636451534
1.3575 -361.7758508753984
1.3625 -68.41844761094123
1.3675 272.4855106925104
1.3724999999999998 -183.7946069239692
1.3775 -70.48753759318383
1.3824999999999998 91.984556608133
1.3875 -83.01697140144438
1.3924999999999998 -269.35118955915226
1.3975 220.61188444916965
1.4024999999999999 -83.02292441516319
1.4075 179.1000290671447
1.4124999999999999 -73.16722038039568
1.4175 79.78675899520323
1.4224999999999999 -250.48267644054965
1.4275 268.4749147822182
1.4324999999999999 14.692316554007745
1.4375 59.122991630565416
1.4425 -107.4525973911366
1.4475 20.93850524407936
1.4525 -59.24073816543646
1.4575 10.343230607276704
1.4625 24.688034639828146
1.4675 143.19365356580454
1.4725 30.712107138976794
1.4775 -166.9929018494577
1.4825 193.0568638754268
1.4874999999999998 144.29484359884194
1.4925 -64.24438034649441
1.4974999999999998 -222.2396116440311
1.5025 120.83715600718662
1.5074999999999998 -78.79149578902188
1.5125 166.7478986425941
1.5174999999999998 -277.9810488405106
1.5225 224.6478361635237
1.5274999999999999 29.048252107713843
1.5325 -201.7415017781938
1.5374999999999999 97.47214626368834
1.5425 -84.85546049353975
1.5474999999999999 -268.2964970094987
1.5525 420.27650881208655
1.5574999999999999 -184.17766541523113
1.5625 135.30138717166082
1.5675 -222.18170499622772
1.5725 91.02524623098715
1.5775 175.12032998360843
1.5825 -287.58240111704146
1.5875 168.3152414537859
1.5925 42.0609803366691
1.5975 -203.30816956097382
1.6025 179.90136358459782
1.6075 52.75834874425851
1.6124999999999998 -81.36846004230873
1.6175 -70.75559887581953
1.6224999999999998 183.3574558928072
1.6275 92.93308600519417
1.6324999999999998 -11.831259553850998
1.6375 -173.1770658236606
1.6424999999999998 188.79978601182046
1.6475 -114.37333631497256
1.6524999999999999 140.0931196440158
1.6575 218.56016756657775
1.6624999999999999 -122.35869215354465
1.6675 -307.27065268560915
1.6724999999999999 -58.68558532550112
1.6775 173.2752510088833
1.6824999999999999 126.1644181251203
1.6875 50.70805929016778
1.6925 -172.00718000449706
1.6975 -24.77519304514682
1.7025 184.23722923804777
1.7075 -217.76838345109877
1.7125 -95.08903832766255
1.7175 76.86154666318487
1.7225 -133.03062685905667
1.7274999999999998 58.196342628129074
1.7325 -32.531080278071414
1.7374999999999998 299.90779252141624
1.7425 -197.3374679924055
1.7474999999999998 106.46792515704253
1.7525 -154.81486506825664
1.7574999999999998 126.99773004112612
1.7625 -26.504808212659334
1.7674999999999998 147.13991334715166
1.7725 -101.0354178198889
1.7774999999999999 -75.80067069537796
1.7825 94.09116264310155
1.7874999999999999 95.56978619380497
1.7925 -211.87805737077878
1.7974999999999999 -2.2342308803521855
1.8025 -61.93543974268035
1.8074999999999999 -194.3135772965119
1.8125 248.59579702224326
1.8175 -196.46158902160457
1.8225 109.17322744362566
1.8275 -89.41790199930297
1.8325 99.56995324409624
1.8375 64.9180008042826
1.8425 -262.48298416222946
1.8475 98.6738442112905
1.8524999999999998 265.6414768392779
1.8575 -85.59591481698105
1.8624999999999998 47.737705847644484
1.8675 97.9567419233624
1.8724999999999998 -152.59777859371894
1.8775 181.372604192976
1.8824999999999998 -63.138352741423724
1.8875 -143.54243745656194
1.8924999999999998 62.73632371485435
1.8975 -3.8241970121752296
1.9024999999999999 -221.86186679747183
1.9075 286.20612634785823
1.9124999999999999 -72.2686341380616
1.9175 38.51525451896449
1.9224999999999999 -276.48583853904324
1.9275 170.54069249091236
1.9324999999999999 -161.67432193906131
1.9375 -308.5794796159289
1.9425 442.1160943508424
1.9475 -236.18860533280866
1.9525 13.26948324623924
1.9575 278.8127554257906
1.9625 -122.98876709430185
1.9674999999999998 59.616744254601315
1.9725 90.34069557630747
1.9774999999999998 -16.9100201597835
1.9825 153.9351901482114
1.9874999999999998 -141.77306351034872
1.9925 1.897506970880733
1.9974999999999998 -93.22440774054103
2.0025 64.30223936071394
2.0075 -287.11223501207235
2.0124999999999997 145.31401781143185
2.0175 99.8948192860518
2.0225 -133.2360857699313
2.0275 228.5035123953886
2.0324999999999998 -145.56221220524336
2.0375 108.00436719394388
2.0425 45.65315830690218
2.0475 81.48701141368672
2.0524999999999998 -545.8562231166355
2.0575 324.9995107311373
2.0625 -120.86701857988467
2.0675 -158.760772203182
2.0725 118.99081987428481
2.0775 77.8482326662485
2.0825 -85.59445686087919
2.0875 154.80573968417139
2.0925 -218.31545858262425
2.0974999999999997 99.10591739714823
2.1025 62.15415789584387
2.1075 -19.556023897873224
2.1125 -44.07775101154132
2.1174999999999997 -72.47133530128436
2.1225 15.095088506583533
2.1275 -21.54974860274605
2.1325 80.78002632790506
2.1374999999999997 -47.857284828063776
2.1425 -121.18989138005043
2.1475 -61.80339497442111
2.1525 459.1061107723864
2.1574999999999998 44.004191862822644
2.1625 -54.51235309620074
2.1675 -231.73694270022824
2.1725 164.3293321088612
2.1774999999999998 -61.58025295084741
2.1825 -337.22087907299556
2.1875 472.5263785230044
2.1925 -161.20216890835772
2.1975 5.570313137367026
2.2024999999999997 65.96725865150663
2.2075 -81.31271059056438
2.2125 102.28842345333516
2.2175 78.49209160822366
2.2224999999999997 9.999134282238876
2.2275 62.79618228691901
2.2325 -31.743636871607634
2.2375 -178.9625295956141
2.2424999999999997 47.03297460672662
2.2475 17.54833228934727
2.2525 -85.23152553255422
2.2575 -93.32222712089337
2.2624999999999997 131.9194561427768
2.2675 -130.98292067158974
2.2725 243.44810719930692
2.2775 -70.32075846822693
2.2824999999999998 46.78071477864407
2.2875 82.92767040594458
2.2925 25.223591128641935
2.2975 -171.84974021999918
2.3024999999999998 31.463183225275028
2.3075 -217.4492050169543
2.3125 270.52310335840986
2.3175 15.292768932168837
2.3225 158.53428635465698
2.3274999999999997 -239.5649490212597
2.3325 -326.6069856262158
2.3375 301.2919576227018
2.3425 27.425701972858906
2.3474999999999997 -99.43404489216707
2.3525 -195.2307728747401
2.3575 163.02785575108314
2.3625 168.98099579101725
2.3674999999999997 -266.12644804107424
2.3725 337.5764974619417
2.3775 92.02627889052974
2.3825 -63.553975761213664
2.3874999999999997 -138.02775113419858
2.3925 -109.27053706568033
2.3975 171.0957419054419
2.4025 -32.045748797953145
2.4074999999999998 46.78744348290627
2.4125 -64.24811681955116
2.4175 -45.43318595621294
2.4225 55.99550716654002
2.4274999999999998 62.4785574050053
2.4325 -18.339869881292245
2.4375 -3.081837148003871
2.4425 -51.08109446481386
2.4475 1.7570523749696354
2.4524999999999997 36.2262733078681
2.4575 -173.65966837312936
2.4625 60.95633366391707
2.4675 -174.8958560618702
2.4724999999999997 -104.64558358669777
2.4775 152.24629182604022
2.4825 178.06409951116842
2.4875 -131.3318753261135
2.4924999999999997 202.40227485313343
2.4975 -205.4162026296901
2.5025 257.72069990302697
2.5075 -175.32862690867125
2.5124999999999997 6.626372060320394
2.5175 -238.91197048491665
2.5225 379.7668866664519
2.5275 -269.7252587246872
2.5324999999999998 208.40677705488872
2.5375 -119.55387357308123
2.5425 390.1239670671895
2.5475 -341.46325026497004
2.5524999999999998 308.21208915255164
2.5574999999999997 -70.06105753747646
2.5625 -371.4609365446689
2.5675 93.78592084817849
2.5725 0.40932354412019434
2.5774999999999997 71.84072665385304
2.5825 41.182187559016185
2.5875 261.0204649735653
2.5925 -445.0986838346936
2.5974999999999997 -173.7662911503304
2.6025 253.20727638147176
2.6075 125.53607799422295
2.6125 3.39717588106254
2.6174999999999997 56.54723795454727
2.6225 -177.182542307951
2.6275 78.77477482208246
2.6325 60.786909559212546
2.6374999999999997 138.38403955134604
2.6425 150.36446459406332
2.6475 -73.79908802818642
2.6525 -139.741822226412
2.6574999999999998 291.62185271554694
2.6625 -128.66727136435532
2.6675 -381.65331422363437
2.6725 273.28210658946347
2.6774999999999998 -88.14515974567337
2.6824999999999997 53.52639896604671
2.6875 157.96074800403775
2.6925 -145.95655117129778
2.6975 -92.56968018321368
2.7024999999999997 101.13549255832665
2.7075 360.6456900177228
2.7125 -206.72832351444112
2.7175 -127.87718100437662
2.7224999999999997 169.11054966496164
2.7275 -89.16338418144531
2.7325 123.73810100200906
2.7375 -122.93396636669962
2.7424999999999997 83.90896828748664
2.7475 -178.89431040849522
2.7525 -249.64381481727378
2.7575 193.86212803196173
2.7624999999999997 -134.49692883851648
2.7675 -55.354525911475505
2.7725 177.8000475091245
2.7775 -45.90405235381511
2.7824999999999998 -10.294451185741389
2.7875 -207.86683906586916
2.7925 5.224989129077352
2.7975 287.27643402843313
2.8024999999999998 -138.24197383499165
2.8074999999999997 105.80537253351793
2.8125 -82.79405451892575
2.8175 -78.3195027650529
2.8225 97.68427098144097
2.8274999999999997 122.15395616783462
2.8325 -151.1038491356356
2.8375 -110.20005750476423
2.8425 116.74056437209168
2.8474999999999997 -98.01403670330714
2.8525 6.400360705450904
2.8575 -100.86191788573896
2.8625 -28.52570669284885
2.8674999999999997 154.39674852246213
2.8725 99.20944359664662
2.8775 -31.59242234912957
2.8825 145.1985984797754
2.8874999999999997 -149.08356647083932
2.8925 -101.93551044141559
2.8975 12.161086067749553
2.9025 297.04891666569495
2.9074999999999998 48.32393867993984
2.9125 75.0657110768917
2.9175 -361.14995518949246
2.9225 142.60245420867986
2.9274999999999998 -35.265769327852205
2.9324999999999997 83.73471226888168
2.9375 -67.73806923713502
2.9425 -12.3051479207524
2.9475 181.93995938861087
2.9524999999999997 -23.138440733578268
2.9575 -45.647082327481435
2.9625 14.140185946540603
2.9675 109.80892762114773
2.9724999999999997 -14.688038216038779
2.9775 14.98150148889084
2.9825 224.3890106808048
2.9875 52.71167439487782
2.9924999999999997 57.67007074062826
2.9975 -221.04976051084802
3.0025 -172.62324935576228
3.0075 -38.932487869690775
3.0124999999999997 -89.1419453843546
3.0175 -5.510666942662335
3.0225 68.26462218909735
3.0275 -237.17909781187547
3.0324999999999998 -10.114709146757463
3.0374999999999996 121.44198725386376
3.0425 25.719766749398033
3.0475 58.07803291165911
3.0524999999999998 -61.064894417423915
3.0574999999999997 390.01892159321886
3.0625 -166.00810855763675
3.0675 131.6637677493341
3.0725 90.759586365216
3.0774999999999997 -312.9124106721781
3.0825 -154.54330363830059
3.0875 69.30086764652772
3.0925 29.36973221768266
3.0974999999999997 54.296626121566796
3.1025 -3.1111672640804358
3.1075 -146.2750627352686
3.1125 -155.02779692524476
3.1174999999999997 -55.69004529656459
3.1225 236.58503596584825
3.1275 -71.19228172938129
3.1325 -66.5042562536081
3.1374999999999997 148.21409961202792
3.1425 8.037709621077743
3.1475 -51.569651080677325
3.1525 -183.94459823706794
3.1574999999999998 150.89934500178944
3.1624999999999996 -292.46745646470254
3.1675 287.02002455200864
3.1725 -280.3747861712935
3.1774999999999998 -147.5445037973202
3.1824999999999997 69.98320715550922
3.1875 217.3619010791944
3.1925 90.98655433929673
3.1975 -49.6350433377076
3.2024999999999997 80.01287535449234
3.2075 -146.1769659748203
3.2125 -136.43727419140194
3.2175 -44.282351465231066
3.2224999999999997 213.13938835463708
3.2275 -128.44986116097994
3.2325 -6.9110977285666495
3.2375 95.68838802783326
3.2424999999999997 81.81308454592212
3.2475 60.1073291137278
3.2525 -139.90745130296364
3.2575 211.2378856892627
3.2624999999999997 -33.796697494967795
3.2675 113.03722849956469
3.2725 41.97623229595998
3.2775 -76.56790404067875
3.2824999999999998 -163.57803311844415
3.2874999999999996 133.26104655736702
3.2925 88.44336729715836
3.2975 88.19671467876614
3.3024999999999998 -212.7978514794311
3.3074999999999997 58.806334486752
3.3125 14.002911879234041
3.3175 1.399388110439403
3.3225 18.86919867377325
3.3274999999999997 69.84570268376814
3.3325 -80.5203198706062
3.3375 162.63060337293018
3.3425 54.73997057130303
3.3474999999999997 -75.04035224638668
3.3525 -16.099064184733926
3.3575 -96.17139519959561
3.3625 -180.96136741043335
3.3674999999999997 -81.15109484082747
3.3725 313.83593533258534
3.3775 -132.52696223887983
3.3825 13.520350252540354
3.3874999999999997 236.141945079416
3.3924999999999996 -120.41532391026861
3.3975 -109.87847567998793
3.4025 -120.83933609894615
3.4074999999999998 -30.58344093397311
3.4124999999999996 24.31676269729082
3.4175 160.44626919798168
3.4225 -4.515969681354096
3.4274999999999998 258.2365756950639
3.4324999999999997 39.06789435839139
3.4375 -42.187566059368926
3.4425 -49.21912056845916
3.4475 0.6504663253415103
3.4524999999999997 24.44196086158865
3.4575 -199.03550735721575
3.4625 -257.75874163577345
3.4675 133.58560521796392
3.4724999999999997 -82.58394903089882
3.4775 114.53498489503869
3.4825 -61.51702505933732
3.4875 41.635605788018566
3.4924999999999997 222.13448999909127
3.4975 -212.28649846821753
3.5025 208.82825733601206
3.5075 -141.06189591299983
3.5124999999999997 57.30859180896065
3.5174999999999996 -97.45992326567261
3.5225 -55.519615738356556
3.5275 101.5380266719445
3.5324999999999998 291.3750237081516
3.5374999999999996 -94.94973049054458
3.5425 14.181886649081687
3.5475 271.1362144930592
3.5524999999999998 -371.87272427145336
3.5574999999999997 -185.92351297648756
3.5625 -183.01865696178805
3.5675 23.988347690170666
3.5725 161.6686186069042
3.5774999999999997 35.830475201451414
3.5825 127.07550634102789
3.5875 85.02916918647632
3.5925 -288.65326599212125
3.5974999999999997 -67.09256259422958
3.6025 191.3518419798814
3.6075 5.75262633720208
3.6125 -299.12814562731637
3.6174999999999997 231.63112910182215
3.6225 -248.1708134110998
3.6275 112.97151997732965
3.6325 153.88205682631622
3.6374999999999997 -58.77835337482312
3.6424999999999996 40.867628727204426
3.6475 -139.70068286328703
3.6525 93.34339422891718
3.6574999999999998 153.5760296693901
3.6624999999999996 -111.90448180936772
3.6675 -3.7795775519159065
3.6725 -187.95426030871295
3.6774999999999998 -62.486650837761225
3.6824999999999997 75.74934175863943
3.6875 178.0106132796825
3.6925 48.051106867566325
3.6975 -99.09911428185936
3.7024999999999997 61.37184246837341
3.7075 97.70662646185154
3.7125 -157.01508234593172
3.7175 12.324662360531587
3.7224999999999997 136.25859147332034
3.7275 -240.2684831723186
3.7325 198.65704827006797
3.7375 -277.8262317979823
3.7424999999999997 300.5435755313721
3.7474999999999996 110.24512255943641
3.7525 -192.5297537289597
3.7575 149.21562597656094
3.7624999999999997 -8.668972046026385
3.7674999999999996 -69.93576956676712
3.7725 -67.72954703633235
3.7775 -60.199460820476816
3.7824999999999998 72.63476747615839
3.7874999999999996 -0.32395314168971295
3.7925 -34.21012252750814
3.7975 -66.79672930180487
3.8024999999999998 85.85363982369363
3.8074999999999997 14.029349801210422
3.8125 -55.92765447511004
3.8175 193.64117958755736
3.8225 11.776034466282288
3.8274999999999997 -71.05315436038549
3.8325 -168.31652367880707
3.8375 33.8965505135471
3.8425 -6.574384576126905
3.8474999999999997 52.40736407008117
3.8525 137.72976800005398
3.8575 -286.2848138045314
3.8625 -2.9035574732020843
3.8674999999999997 87.11959319166287
3.8724999999999996 -217.35721874395813
3.8775 85.65946262327208
3.8825 189.14408004254813
3.8874999999999997 90.456147705397
3.8924999999999996 94.093916476115
3.8975 -211.8663033892144
3.9025 47.88051468738198
3.9074999999999998 76.15775417888432
3.9124999999999996 -87.97908292001291
3.9175 174.67433614604428
3.9225 -153.0146460264945
3.9274999999999998 7.021922641927369
3.9324999999999997 80.00222974194736
3.9375 -1.5207664758049104
3.9425 268.18950319694403
3.9475 5.689266038803228
3.9524999999999997 -163.39283394187584
3.9575 71.84019728946697
3.9625 82.81425938250155
3.9675 -0.7569344907718237
3.9724999999999997 -325.5073986211758
3.9775 65.86120961555947
3.9825 81.16753323008376
3.9875 43.86474819761927
3.9924999999999997 -47.53431944176425
3.9974999999999996 -6.980705395178903
4.0024999999999995 166.46187856131368
4.007499999999999 8.704055562156928
4.0125 -16.55253419223143
4.0175 175.6985369517813
4.0225 -69.4644157802298
4.0275 -74.35199465515814
4.0325 -311.2177560879904
4.0375 365.46919122853217
4.0424999999999995 68.8983573497018
4.047499999999999 29.532568676693685
4.0525 -109.05339226821265
4.0575 -118.07014132051164
4.0625 218.1581599224873
4.0675 -316.1706711668514
4.0725 26.38542542470826
4.0775 300.2553319518999
4.0825 -37.578630557210786
4.0874999999999995 -231.85056531152432
4.0925 -295.83839229395915
4.0975 289.2146360016305
4.1025 -125.62617527323812
4.1075 -82.68779333589147
4.1125 224.26010451504334
4.1175 -104.99434089738907
4.1225 382.84520392946257
4.1274999999999995 -41.292143108071755
4.132499999999999 -138.46569140910594
4.1375 -72.1241606887874
4.1425 173.16772937806024
4.1475 -82.07699177213563
4.1525 -34.129417617499755
4.1575 -133.8395414981869
4.1625 20.599014376042017
4.1674999999999995 -239.77917185363725
4.172499999999999 227.0147321342969
4.1775 -34.556651948375446
4.1825 161.18038174134102
4.1875 -126.89564534966885
4.1925 -110.2724244980422
4.1975 -36.66293129196206
4.2025 -59.94441969111943
4.2075 305.3182920737148
4.2124999999999995 -309.20952108488257
4.2175 248.80351418606196
4.2225 148.88569330687855
4.2275 40.413270557324374
4.2325 -293.0752074724296
4.2375 158.79651581288522
4.2425 222.9478350385118
4.2475 -53.548659672731404
4.2524999999999995 -118.98952189202149
4.257499999999999 -87.84461318126621
4.2625 -89.10008704359963
4.2675 133.0548818931032
4.2725 -304.5699224664632
4.2775 160.53583786922155
4.2825 54.78485213140986
4.2875 -43.883486453413276
4.2924999999999995 23.409173773404433
4.297499999999999 355.5156861365519
4.3025 -574.5993979758258
4.3075 9.123128792954907
4.3125 165.4756113423239
4.3175 111.04649543376713
4.3225 91.73177774504651
4.3275 1.072320923206569
4.3325 147.35870433232802
4.3374999999999995 -217.2155673542532
4.342499999999999 30.431929935200642
4.3475 -34.95437960146682
4.3525 -55.92517370457658
4.3575 119.89322923805949
4.3625 -172.20640546221765
4.3675 -92.43896096416753
4.3725 84.59702076718888
4.3774999999999995 151.80632426185733
4.382499999999999 158.99482869930117
4.3875 -81.897240061692
4.3925 -171.72383557859746
4.3975 60.041514337020544
4.4025 -137.12997084683957
4.4075 152.2070979066406
4.4125 51.51830026801803
4.4174999999999995 -33.77322377670142
4.422499999999999 0.7275819066443212
4.4275 -219.42875067108687
4.4325 369.6689156584093
4.4375 -6.532969576400458
4.4425 -41.30342970154284
4.4475 183.9471473575177
4.4525 -77.35504447386415
4.4575 -139.94042611191813
4.4624999999999995 28.32334955726404
4.467499999999999 81.005337521726
4.4725 -210.60857538595212
4.4775 203.36138916939555
4.4825 -157.85576332209953
4.4875 109.97071482546956
4.4925 77.24598264663565
4.4975 55.11850332931478
4.5024999999999995 65.86495811214859
4.507499999999999 -109.54613149433172
4.5125 110.48867504734486
4.5175 -27.57008140501806
4.5225 -26.210744914552354
4.5275 -56.07015222856321
4.5325 -238.2690567677587
4.5375 -83.42059233712207
4.5424999999999995 58.00862347707461
4.547499999999999 297.08342357860903
4.5525 -227.4887578589534
4.5575 -91.17323540389522
4.5625 253.534171390405
4.5675 -250.6993129024769
4.5725 100.8894802053699
4.5775 24.977024895464606
4.5825 -11.262187443846356
4.5874999999999995 97.46746514560856
4.592499999999999 -49.796942849387996
4.5975 -133.29083504799962
4.6025 -83.88885586201206
4.6075 61.923129685079275
4.6125 79.31304353031608
4.6175 -136.58034876600834
4.6225 133.76676055656486
4.6274999999999995 81.30663558157921
4.632499999999999 -160.84836980651127
4.6375 -4.674605239866011
4.6425 19.453544584543273
4.6475 86.971684532012
4.6525 46.85313878090049
4.6575 4.876452485568626
4.6625 25.03357359137525
4.6674999999999995 -181.79523030357703
4.672499999999999 -76.69641280484527
4.6775 -85.6845167699004
4.6825 -63.753847857993264
4.6875 -76.25009753927863
4.6925 99.71462456354088
4.6975 223.7585211995734
4.7025 34.30667086752062
4.7075 -94.73166881238036
4.7124999999999995 -41.25252986181226
4.717499999999999 74.82757289581753
4.7225 75.64696073892031
4.7275 -38.64284436287491
4.7325 31.443529766486666
4.7375 97.10007764288218
4.7425 -83.77118623827292
4.7475 -207.3557539359964
4.7524999999999995 263.1915100365468
4.757499999999999 -20.40387359682351
4.7625 165.19517605202702
4.7675 140.7259425293807
4.7725 -107.41214391214349
4.7775 24.049578359460256
4.7825 -229.14104916337024
4.7875 56.76570886046212
4.7924999999999995 -43.26809772290045
4.797499999999999 -123.1981185374333
4.8025 -144.23128664742913
4.8075 -24.997226732597234
4.8125 127.74599416696435
4.8175 -5.104915489680082
4.8225 140.95948272087395
4.8275 62.93803806022638
4.8325 2.5514101514049767
4.8374999999999995 -139.52636368412894
4.842499999999999 143.38262809864509
4.8475 -57.127825549235936
4.8525 -329.7075144162096
4.8575 335.8256945605373
4.8625 -322.6721125083412
4.8675 74.1506667734207
4.8725 -248.62423874566443
4.8774999999999995 -70.28018807641824
4.882499999999999 477.52874959793013
4.8875 -75.70533536694717
4.8925 75.02820528775564
4.8975 144.01395440786158
4.9025 -58.6494943327556
4.9075 -170.5570379157295
4.9125 102.44476108618055
4.9174999999999995 -32.27303994353083
4.922499999999999 80.01869823115479
4.9275 -93.90900366028377
4.9325 40.24042686790087
4.9375 -201.56223528554133
4.9425 118.17097878842092
4.9475 92.48759330714392
4.9525 -330.9274278673401
4.9575 91.09548655580679
4.9624999999999995 -138.61266180558133
4.967499999999999 -67.65010974546723
4.9725 294.73028354866216
4.9775 -47.49048123149281
4.9825 -185.9038446486523
4.9875 241.96151489214776
4.9925 -170.6594967018797
4.9975 -71.91449475873506
5.0024999999999995 216.773289725735
5.007499999999999 69.47022187987032
5.0125 -44.72700518060031
5.0175 -7.536449707377597
5.0225 90.57724145351987
5.0275 7.663468606204448
5.0325 -82.98260903408786
5.0375 -150.47707459694948
5.0424999999999995 140.4880767939842
5.047499999999999 -27.36371989036357
5.0525 99.40412310645043
5.0575 -132.8897311919494
5.0625 75.05681991319106
5.0675 -41.20423190791023
5.0725 56.78797150801798
5.0775 -66.20868039183769
5.0825 298.981935394415
5.0874999999999995 -263.6274196996704
5.092499999999999 63.167103162048406
5.0975 -10.41035922217784
5.1025 -103.06626145550975
5.1075 209.4579360347625
5.1125 62.28841854684278
5.1175 -75.68026325903652
5.1225 313.94886061189936
5.1274999999999995 -306.25790242761246
5.132499999999999 88.79739746136175
5.1375 73.00232212407778
5.1425 31.280680017442585
5.1475 15.770339296149887
5.1525 -233.00335284523558
5.1575 -231.94443722309708
5.1625 309.17684160085815
5.1674999999999995 -128.2731016159495
5.172499999999999 63.86336115159229
5.177499999999999 14.859457536300399
5.1825 -104.93151127922114
5.1875 72.61979154977257
5.1925 -62.6946872255423
5.1975 -73.71375522602274
5.2025 177.1373906706872
5.2075 -74.46957309084867
5.2124999999999995 276.1841713682595
5.217499999999999 -443.9313515440601
5.2225 258.4853072167461
5.2275 -169.19549587190627
5.2325 86.43511908625777
5.2375 158.58241943319842
5.2425 -226.68403107701013
5.2475 58.75366398038921
5.2524999999999995 83.37650771845306
5.257499999999999 98.34520853698777
5.2625 -37.94833249945665
5.2675 34.95866298076639
5.2725 161.00873997750625
5.2775 -142.9627585843317
5.2825 -23.57526148768108
5.2875 -213.2774454812182
5.2924999999999995 -75.9468431635319
5.297499999999999 -35.28845607220557
5.302499999999999 -95.24657101080734
5.3075 8.087280391710228
5.3125 102.86486166285087
5.3175 83.21978770109213
5.3225 -23.757848646415425
5.3275 -67.25972015616743
5.3325 221.49466213138834
5.3374999999999995 -19.259472205556637
5.342499999999999 95.0713883742539
5.3475 -165.81860716051534
5.3525 -8.091581888548681
5.3575 -28.592759515086208
5.3625 9.618641688448633
5.3675 -92.7972318660731
5.3725 -137.58843948578092
5.3774999999999995 148.66144186160955
5.382499999999999 -149.99687149057797
5.3875 101.97292991112903
5.3925 91.55731461246101
5.3975 -218.05790267636786
5.4025 75.48482134872242
5.4075 75.35158653037426
5.4125 175.08734017402256
5.4174999999999995 -51.8085279770544
5.422499999999999 17.054651773609553
5.427499999999999 46.89094862888695
5.4325 -180.46362803964885
5.4375 164.54894845772432
5.4425 7.135432960256935
5.4475 -127.3079620460859
5.4525 218.80160141268146
5.4575 -67.03176529844374
5.4624999999999995 164.3687524522646
5.467499999999999 122.19034980489731
5.4725 -364.11488945655543
5.4775 -6.047760864607376
5.4825 20.063030500818577
5.4875 -101.54521480343861
5.4925 248.48126351734473
5.4975 104.67851510435646
5.5024999999999995 -44.98125982948648
5.507499999999999 -20.266648018399938
5.5125 3.895059468443388
5.5175 -1.8551017650030612
5.5225 -29.592401326614656
5.5275 155.09880754564384
5.5325 -169.70266616595188
5.5375 -227.92750867784477
5.5424999999999995 29.0028409858442
5.547499999999999 5.1611919701858815
5.552499999999999 143.95871550392187
5.5575 -2.867421215393474
5.5625 -127.19416699332129
5.5675 229.3037966054767
5.5725 134.10567184428677
5.5775 0.7876947328315246
5.5825 -17.41898500304546
5.5874999999999995 -168.31315268165943
5.592499999999999 29.33064215133842
5.5975 -56.61192857209684
5.6025 145.36646475575338
5.6075 24.704650602347954
5.6125 152.9932199745948
5.6175 76.83517933628508
5.6225 -184.0344531703565
5.6274999999999995 185.18508176451436
5.632499999999999 -224.5390873757867
5.6375 -341.1117104687435
5.6425 119.213708466139
5.6475 201.5429481579612
5.6525 74.86761142313487
5.6575 -184.09316422701727
5.6625 143.9546987559105
5.6674999999999995 -219.0572469095818
5.672499999999999 325.1436894311635
5.677499999999999 15.497783087481713
5.6825 -11.803732079436667
5.6875 -171.4731409479727
5.6925 62.89914267312878
5.6975 125.30643096001279
5.7025 -208.3158619125025
5.7075 -259.3755436339538
5.7124999999999995 238.3357451790989
5.717499999999999 -219.2198313843027
5.7225 60.69908296787534
5.7275 -140.08639278193638
5.7325 152.1245213060111
5.7375 -93.75748754616441
5.7425 74.64785243668925
5.7475 -84.63123710866235
5.7524999999999995 198.4250042928658
5.757499999999999 -34.15023342784279
5.7625 35.913537118560406
5.7675 107.80585515440877
5.7725 -149.41798291476906
5.7775 167.8444616387753
5.7825 118.96242578444748
5.7875 -223.75088051613673
5.7924999999999995 500.1605924299758
5.797499999999999 -30.901834598244687
5.802499999999999 -346.5415408511195
5.8075 212.7406423609866
5.8125 -125.81111641262989
5.8175 13.199071072081244
5.8225 148.52521665423873
5.8275 -12.519975647010886
5.8325 -128.44087078257704
5.8374999999999995 160.67011493538502
5.842499999999999 -129.82332370653427
5.8475 46.42679804026738
5.8525 -158.9966108137836
5.8575 -370.29539248719647
5.8625 247.4232724078029
5.8675 -57.17118158460748
5.8725 10.706645113833257
5.8774999999999995 44.1296368796157
5.882499999999999 -88.05443461128455
5.8875 68.08428301971719
5.8925 -70.41324025550023
5.8975 -154.29789436171401
5.9025 -203.85461413964367
5.9075 323.87776614875327
5.9125 -142.2099913742229
5.9174999999999995 72.27963302205465
5.922499999999999 -130.05792515980107
5.927499999999999 128.85207598484317
5.9325 -149.89367083109727
5.9375 164.45058773879765
5.9425 131.21674340787
5.9475 -203.83002863116127
5.9525 164.91873323240392
5.9575 454.9858807739373
5.9624999999999995 -328.43503809482564
5.967499999999999 24.981825558049668
5.9725 0.1182510297893275
5.9775 326.63002830660315
5.9825 -95.19912875081599
5.9875 -77.52378322077476
5.9925 -125.40137600885892
5.9975 195.0809316995396
6.0024999999999995 -167.99902630226003
6.007499999999999 12.791698399546455
6.012499999999999 -30.146556492979208
6.0175 111.42430113815104
6.0225 236.44531324284677
6.0275 -313.7415821507561
6.0325 209.07412935411477
6.0375 -168.94309366941013
6.0424999999999995 206.610669878217
6.047499999999999 -287.80037897588835
6.052499999999999 230.1984037329623
6.0575 76.11515945845107
6.0625 -219.61984427338172
6.0675 13.459255970570222
6.0725 -216.6607528838229
6.0775 -6.550109639926924
6.0825 114.17875680937792
6.0874999999999995 -173.99479892606308
6.092499999999999 -7.473542980701048
6.0975 28.900481940734203
6.1025 104.61476136834528
6.1075 122.79461444877893
6.1125 -67.28773712486867
6.1175 -144.18185015876435
6.1225 -156.3069889240268
6.1274999999999995 207.75718339785655
6.132499999999999 135.0725704355556
6.137499999999999 -348.1255793650295
6.1425 169.31330030395105
6.1475 158.16159277333585
6.1525 -56.3202455057522
6.1575 230.14833557297376
6.1625 -179.51893090915
6.1674999999999995 -94.89390064067946
6.172499999999999 175.541679494425
6.177499999999999 -93.07350790236056
6.1825 -14.444474806618006
6.1875 -275.07592314340764
6.1925 -71.48538275014415
6.1975 28.927118851349128
6.2025 62.684696015540965
6.2075 -61.44456579243873
6.2124999999999995 99.01941665108923
6.217499999999999 141.45548672256456
6.2225 -86.83830408253426
6.2275 -17.730580486446378
6.2325 389.2410806961856
6.2375 -102.50354434982783
6.2425 10.629693717072513
6.2475 -33.36894738580418
6.2524999999999995 91.58160280579794
6.257499999999999 -139.2214979576661
6.262499999999999 23.44995673994981
6.2675 248.1512006777098
6.2725 86.64973943536675
6.2775 -157.35512698727726
6.2825 126.11925043454926
6.2875 -112.11975988352862
6.2924999999999995 171.3967993137188
6.297499999999999 -99.50309385105291
6.302499999999999 -118.53514858992557
6.3075 57.27638785481966
6.3125 167.66226318061183
6.3175 -152.74393000835514
6.3225 55.89186458056399
6.3275 3.400645237613249
6.3325 25.827758663173082
6.3374999999999995 34.47483472181308
6.342499999999999 0.39228966927371234
6.3475 -63.736125533117445
6.3525 -76.0296484908937
6.3575 85.69695643821993
6.3625 69.55013155903922
6.3675 -156.61941404761023
6.3725 0.5901523393717497
6.3774999999999995 -12.123633438745717
6.382499999999999 -52.0147995537129
6.387499999999999 24.30774205445621
6.3925 33.27912597366333
6.3975 28.38393177820796
6.4025 38.28631909365314
6.4075 -188.57156456392863
6.4125 286.9735549645358
6.4174999999999995 -91.29542470799822
6.422499999999999 -14.822118859461204
6.427499999999999 6.9994403942568795
6.4325 73.54797587998839
6.4375 4.103275863800946
6.4425 -173.42751768090923
6.4475 69.65627471078977
6.4525 301.5034861311496
6.4575 -135.47585997570602
6.4624999999999995 147.4368680169558
6.467499999999999 -60.42338241633622
6.4725 -28.570455944755285
6.4775 -11.392437662889234
6.4825 -136.15862930541013
6.4875 -286.70192826867486
6.4925 133.99443795195236
6.4975 102.84515530709925
6.5024999999999995 -202.4653232963011
6.507499999999999 -125.6657484520217
6.512499999999999 173.7997491375165
6.5175 170.72258462039306
6.5225 208.99477838267225
6.5275 -52.70196216043428
6.5325 -188.89143881683367
6.5375 -32.0405022613382
6.5424999999999995 -38.19999124960838
6.547499999999999 104.06597669118123
6.552499999999999 23.5090737018529
6.5575 53.64446472488012
6.5625 -244.50540459543996
6.5675 53.833193457901345
6.5725 -220.27500316465324
6.5775 252.10925885038526
6.5825 73.22085737480613
6.5874999999999995 128.4553258646722
6.592499999999999 -236.22537135396595
6.5975 -139.8396589759165
6.6025 333.3054837486209
6.6075 -95.02604120244433
6.6125 -225.27051974054854
6.6175 50.36920331727408
6.6225 -38.784686517188014
6.6274999999999995 163.97967712880828
6.632499999999999 -74.21271543766582
6.637499999999999 -89.66944258658651
6.6425 -69.80982564739642
6.6475 -65.56650678395573
6.6525 79.40498240000126
6.6575 108.57682655178013
6.6625 155.8939295647723
6.6674999999999995 -51.49547756399479
6.672499999999999 -171.89402063638298
6.677499999999999 114.09025081444479
6.6825 -142.9767479560358
6.6875 115.96862253913807
6.6925 70.06259628645256
6.6975 -63.979826316741324
6.7025 -117.12082300866629
6.7075 181.59296136249375
6.7124999999999995 -148.4258993161008
6.717499999999999 247.47219209840003
6.722499999999999 131.54180419486445
6.7275 -30.082368001827184
6.7325 90.56720326785714
6.7375 -121.02053214649739
6.7425 -31.099681083450978
6.7475 -166.4300860554115
6.7524999999999995 234.5029443837398
6.757499999999999 145.26453941310837
6.762499999999999 73.3519115750568
6.7675 1.7301678223525718
6.7725 -108.9642762804998
6.7775 -45.70013482360629
6.7825 -7.305320373935708
6.7875 -61.72066175535748
6.7924999999999995 -51.21753283905157
6.797499999999999 -291.52263853964587
6.802499999999999 217.25370284094575
6.8075 -83.59536850919909
6.8125 109.5479650583481
6.8175 -75.19662079737707
6.8225 110.78500028276153
6.8275 -77.12926977369224
6.8325 1.8670156875098605
6.8374999999999995 51.93869266618156
6.842499999999999 -171.91047751325954
6.847499999999999 188.42580869225657
6.8525 -168.75791219095518
6.8575 165.16812846623216
6.8625 -197.52217129283932
6.8675 -6.807783116921297
6.8725 169.08075104232364
6.8774999999999995 -230.02272870726327
6.882499999999999 33.030949475341906
6.887499999999999 112.10559191878129
6.8925 -204.38052390663978
6.8975 28.43716717676797
6.9025 182.2722138994401
6.9075 47.06039128700397
6.9125 -59.98683219993607
6.9174999999999995 -62.72129413489448
6.922499999999999 -0.5848425106191611
6.927499999999999 279.12278347479753
6.9325 -206.2930244033313
6.9375 133.4923868207395
6.9425 -62.17238892634152
6.9475 237.09777649434366
6.9525 -292.469111797533
6.9575 -314.97902028686474
6.9624999999999995 148.69931713998156
6.967499999999999 296.9170500628294
6.972499999999999 -75.02173343640959
6.9775 45.662729828186286
6.9825 -35.298455177276054
6.9875 -56.74430835445674
6.9925 45.34164999822306
6.9975 232.11677473990017
7.0024999999999995 -280.56392097403767
7.007499999999999 91.88417396199863
7.012499999999999 97.56983037518938
7.0175 123.87026498581236
7.0225 -92.74444648645428
7.0275 -137.05683974245295
7.0325 -135.30932540051583
7.0375 12.189085930467648
7.0424999999999995 43.740248121914355
7.047499999999999 103.09519451540064
7.052499999999999 -11.109656813342044
7.0575 -94.62525801778582
7.0625 -15.76677861996608
7.0675 22.381532296534623
7.0725 -18.42725217761339
7.0775 -177.05452770932064
7.0825 -231.8506701185672
7.0874999999999995 252.485238096315
7.092499999999999 89.92247507876924
7.097499999999999 -163.52980661491787
7.1025 -111.34109316226291
7.1075 393.76369447297753
7.1125 -6.943878845158163
7.1175 109.04608446062876
7.1225 -12.086062383704727
7.1274999999999995 -87.9190254908942
7.132499999999999 249.41181373661396
7.137499999999999 -212.39252139286828
7.1425 -255.03231142044712
7.1475 74.37784219044319
7.1525 -139.94390810057948
7.1575 239.57856564701183
7.1625 -34.80454280967448
7.1674999999999995 67.07028139326123
7.172499999999999 71.16042302003473
7.177499999999999 -216.19506038819955
7.1825 223.1046554219392
7.1875 1.1103877885897833
7.1925 77.5981660883741
7.1975 335.88045476011786
7.2025 -131.25294414207661
7.2075 -66.9167183508819
7.2124999999999995 169.27019454227133
7.217499999999999 -368.37564563287594
7.222499999999999 -57.60865157656286
7.2275 259.6481032638186
7.2325 -130.4276221676287
7.2375 -168.91582975872075
7.2425 220.94493109860295
7.2475 -67.69110318139754
7.2524999999999995 -87.17581868318045
7.257499999999999 -143.43624575013615
7.262499999999999 -65.19440901718598
7.2675 33.376949301550276
7.2725 -99.09207049854608
7.2775 334.0745079587724
7.2825 -150.44746440329504
7.2875 151.21461274501806
7.2924999999999995 -139.95308585529006
7.297499999999999 -19.22140665601828
7.302499999999999 56.974689103759324
7.3075 145.36111716225338
7.3125 1.3008463312603826
7.3175 -209.4357745756762
7.3225 -64.05804118773402
7.3275 168.20500839304992
7.3325 -125.11788881379232
7.3374999999999995 -134.7722920074342
7.342499999999999 57.274046703649574
7.347499999999999 57.407442581408276
7.3525 -338.7489948383935
7.3575 155.9285915500028
7.3625 179.75556034251082
7.3675 19.60202793943556
7.3725 123.3054720032836
7.3774999999999995 -97.4241054258714
7.382499999999999 178.15726714967747
7.387499999999999 64.9153483242193
7.3925 -65.17562454234137
7.3975 79.02004488228313
7.4025 -58.02076681713227
7.4075 -385.4293714464594
7.4125 74.78138529389759
7.4174999999999995 107.78233153272619
7.422499999999999 -85.09852756628037
7.427499999999999 47.722877065609836
7.4325 -149.28082029952188
7.4375 29.772863527488973
7.4425 161.83823923303814
7.4475 39.17243842967915
7.4525 -9.707495494073676
7.4575 9.965193511574636
7.4624999999999995 -17.520512171036682
7.467499999999999 -265.6805455231432
7.472499999999999 339.9751299329704
7.4775 -62.25590836270738
7.4825 16.719909921246625
7.4875 -67.36927345145014
7.4925 -8.44784915349006
7.4975 -66.99116171444854
7.5024999999999995 126.95776243784655
7.507499999999999 -31.273598008836203
7.512499999999999 -128.8656014883389
7.5175 -6.708279389359361
7.5225 -139.56652616403187
7.5275 29.411542924853812
7.5325 73.79914196137752
7.5375 -89.30255173305346
7.5424999999999995 108.73241961381304
7.547499999999999 324.15407029477655
7.552499999999999 -220.34434480033153
7.557499999999999 112.17878458825916
7.5625 202.26889282464188
7.5675 -131.79521192488033
7.5725 -207.51859129142676
7.5775 96.45297053787682
7.5825 100.97674630436612
7.5874999999999995 -0.02903275158687955
7.592499999999999 -139.1959887096458
7.597499999999999 -103.48407210849508
7.6025 169.95182435855307
7.6075 -32.751072170984294
7.6125 50.61429027959036
7.6175 -145.06517135070135
7.6225 94.39570546123642
7.6274999999999995 144.56944147239065
7.632499999999999 -61.95407210585946
7.637499999999999 -123.76428368297923
7.6425 86.96824915715476
7.6475 88.69043874896865
7.6525 99.78825453760898
7.6575 9.413008559714891
7.6625 74.85445692209663
7.6674999999999995 -24.842348766452016
7.672499999999999 -23.18783149663428
7.677499999999999 41.69849507975075
7.682499999999999 -227.56277069453077
7.6875 155.73708888443795
7.6925 -81.03327619765824
7.6975 -30.882399306533667
7.7025 83.9414954460207
7.7075 14.059398598851914
7.7124999999999995 86.91539166923775
7.717499999999999 -196.82927183281302
7.722499999999999 246.4960338739744
7.7275 -204.0585564077358
7.7325 -233.05722011249605
7.7375 286.8752992500288
7.7425 191.3203749975488
7.7475 52.576016069919575
7.7524999999999995 -138.388345258888
7.757499999999999 25.01246355812213
7.762499999999999 -78.9431237499541
7.7675 267.6641556575594
7.7725 -120.73320347395445
7.7775 153.57784234436937
7.7825 -36.46973171286926
7.7875 -195.12813658111867
7.7924999999999995 -279.33775462814543
7.797499999999999 281.6471857789223
7.802499999999999 -66.42680220411188
7.807499999999999 -178.95721647724935
7.8125 98.66400616563054
7.8175 -6.726652070555884
7.8225 177.21375204261392
7.8275 -283.4391480442935
7.8325 184.58022525361594
7.8374999999999995 -55.186733322809516
7.842499999999999 -20.284484821778335
7.847499999999999 157.05572096429626
7.8525 78.41749294206775
7.8575 4.437430717773042
7.8625 -106.36733276523793
7.8675 0.4859891393779365
7.8725 167.16679890558558
7.8774999999999995 -219.32186094186042
7.882499999999999 32.523479695006785
7.887499999999999 -27.75368183008475
7.8925 61.399868253235184
7.8975 -51.384173537129485
7.9025 -232.870859900218
7.9075 -17.318171022966883
7.9125 218.8577521971073
7.9174999999999995 -61.359752946370406
7.922499999999999 14.390162849588007
7.927499999999999 -57.702390258843835
7.932499999999999 223.0399466457306
7.9375 100.92644560169519
7.9425 -68.39237440826317
7.9475 -102.48464723866344
7.9525 70.68012885719911
7.9575 -136.8319355394464
7.9624999999999995 67.3294107210057
7.967499999999999 116.8222007028823
7.972499999999999 -121.32276065669724
7.9775 -9.358458632142455
7.9825 -242.2540379938493
7.9875 33.55597104705932
7.9925 9.978558679374533
7.9975 -8.625300931603766
8.0025 196.13351758157668
8.0075 -459.40602629049613
8.0125 349.1952175437411
8.0175 161.00335475084336
8.022499999999999 -181.556743522304
8.0275 -11.976134072637706
8.032499999999999 -114.32485743240264
8.0375 -4.841294821580376
8.0425 92.58099644898628
8.0475 -29.9035862664201
8.0525 27.578196286045156
8.0575 -86.26409267727054
8.0625 -116.15723639890325
8.067499999999999 145.89547070569864
8.0725 -78.04316850263051
8.077499999999999 122.13076413905605
8.0825 -34.81836549673125
8.0875 0.779353855450188
8.0925 -190.5834502963527
8.0975 274.8656377135965
8.1025 102.93455749106856
8.1075 -209.74191219777808
8.112499999999999 82.31661830532789
8.1175 -59.77236258085549
8.1225 -215.91014629096978
8.1275 -11.142429771695443
8.1325 91.6586286793776
8.1375 222.69920098803738
8.1425 89.20761841167462
8.147499999999999 -25.959925015497127
8.1525 159.2046977300072
8.157499999999999 150.4325682500037
8.1625 -142.00222605048242
8.1675 74.9297900928519
8.1725 -41.4889167849659
8.1775 -126.76672834463538
8.1825 37.16866843358135
8.1875 176.20914745641403
8.192499999999999 -262.88287612516615
8.1975 319.8403035813341
8.202499999999999 -249.8984527717669
8.2075 221.24321510067412
8.2125 -132.98583852655798
8.2175 -149.86548543425428
8.2225 84.46944661472837
8.2275 -133.90661011056255
8.2325 -21.26462956267971
8.237499999999999 229.36938061589208
8.2425 151.46946215577972
8.2475 -55.8390955174214
8.2525 104.26136491502515
8.2575 -116.96276862593173
8.2625 63.794952844671336
8.2675 -4.023260851251236
8.272499999999999 -57.596789827304654
8.2775 10.923491346102812
8.282499999999999 2.609354037617802
8.2875 -157.3893589544084
8.2925 167.09782073915304
8.2975 -13.018546894914149
8.3025 140.27998155504187
8.3075 -58.34218728643293
8.3125 -213.21667318648466
8.317499999999999 177.85940763915727
8.3225 89.62430016023673
8.327499999999999 -170.17489183129157
8.3325 -50.728710685695894
8.3375 10.77166258724537
8.3425 44.493162443478205
8.3475 -230.9774136265668
8.3525 95.96725871280253
8.3575 124.31703615872593
8.362499999999999 -271.4357928259243
8.3675 99.41737024296661
8.3725 -60.64041102470298
8.3775 207.81683985615112
8.3825 -9.286208749056778
8.3875 -42.29020972172155
8.3925 4.21169937468918
8.397499999999999 369.38912460575455
8.4025 -66.84711410546628
8.407499999999999 -8.411177971850842
8.4125 12.574832429604042
8.4175 71.12456045795643
8.4225 11.89496670895423
8.4275 28.039719658822687
8.4325 60.78864594808621
8.4375 66.40045767422424
8.442499999999999 -9.535491872903181
8.4475 -28.222945791819722
8.452499999999999 12.815033065907542
8.4575 9.966762130229004
8.4625 -265.638231176353
8.4675 98.2289383800466
8.4725 63.29444799564641
8.4775 -73.32983564588619
8.4825 54.88085307996172
8.487499999999999 78.88490998396105
8.4925 -1.3492383680697146
8.4975 0.20560194321062494
8.5025 -74.449899499634
8.5075 -287.2823091441364
8.5125 9.243584455010367
8.5175 124.76825515042609
8.522499999999999 -61.18231357009447
8.5275 -216.4599444318429
8.532499999999999 14.08047580177585
8.5375 141.43322894363465
8.5425 8.000316731430429
8.5475 4.261972016968539
8.5525 77.85079751104433
8.5575 3.8885318252753853
8.5625 -62.248104744781266
8.567499999999999 20.104525405223985
8.5725 83.95995517035453
8.577499999999999 14.244291644114153
8.5825 -84.97647058682584
8.5875 13.306372693644159
8.5925 25.078024738629267
8.5975 105.34423286110078
8.6025 -14.01908216510069
8.6075 4.8751107185676545
8.612499999999999 -78.22986583436105
8.6175 -103.38830553658438
8.6225 -12.371394919599158
8.6275 156.39196539540313
8.6325 -8.296428668395713
8.6375 -146.14508331709732
8.6425 157.74732323156613
8.647499999999999 0.5592082737854864
8.6525 11.392627670886627
8.657499999999999 -6.581537278498239
8.6625 76.47830105878423
8.6675 -39.98118516700559
8.6725 -168.33050834636578
8.6775 -150.40141621513774
8.6825 102.5255821194976
8.6875 -62.8677166135713
8.692499999999999 136.41337344858323
8.6975 -82.22510188763415
8.702499999999999 -47.02606635543365
8.7075 15.364266086203903
8.7125 20.31041591321181
8.7175 179.56454124993104
8.7225 -48.47707696759926
8.7275 88.01232283881004
8.7325 -145.49514096117798
8.737499999999999 -0.8861996683545411
8.7425 184.16509304395774
8.747499999999999 -168.43700105230266
8.7525 -121.62453914795593
8.7575 -37.577014765518285
8.7625 -41.86396572858157
8.7675 33.28896322981637
8.772499999999999 -6.725932829756894
8.7775 -34.08798791320703
8.782499999999999 -42.45946842472752
8.7875 62.58357596994859
8.7925 3.0364296447075825
8.7975 -241.72710265737146
8.8025 240.96999394874055
8.8075 -102.29194096980764
8.8125 66.47109880538741
8.817499999999999 104.54850384273965
8.8225 -10.092585584003015
8.827499999999999 46.94550934638723
8.8325 20.2419427680355
8.8375 80.02481585706526
8.8425 123.96322429318435
8.8475 10.766053535372237
8.8525 -74.13943498488793
8.8575 -164.05302863720848
8.862499999999999 191.26965812604567
8.8675 172.56938222008634
8.872499999999999 25.19784728193165
8.8775 -154.91027961054783
8.8825 62.125786175369115
8.8875 -116.17374551482067
8.8925 86.38613176123502
8.897499999999999 0.8442226383934288
8.9025 -29.577758868211795
8.907499999999999 -30.03897722815141
8.9125 -189.85563361008974
8.9175 78.25975340811141
8.9225 127.32037783182128
8.9275 -80.76288402744235
8.9325 123.09014662450008
8.9375 -244.2371188296716
8.942499999999999 131.05590242758504
8.9475 20.46660538192628
8.952499999999999 177.7362369286155
8.9575 -136.73096023678832
8.9625 -40.58936629152041
8.9675 -64.29267132641871
8.9725 130.13558421792607
8.9775 -271.9819863413953
8.9825 108.19636659094235
8.987499999999999 -12.753126512907015
8.9925 -76.08755882306268
8.997499999999999 311.876393908584
9.0025 -67.69585430242371
9.0075 -122.28601830524596
9.0125 59.46036109352386
9.0175 -218.53416634061335
9.022499999999999 247.0961840354679
9.0275 -187.99547821132782
9.032499999999999 135.80686186802333
9.0375 0.7727409455354336
9.0425 9.880937465257666
9.0475 -86.57778772272573
9.0525 84.63710472404993
9.0575 -5.102566871090442
9.0625 -88.11630984717746
9.067499999999999 -90.31516555438648
9.0725 148.566150219228
9.077499999999999 98.07903022834284
9.0825 -98.61255347368315
9.0875 38.59359597423246
9.0925 174.21498003553896
9.0975 6.816374004825517
9.1025 -91.34722557249482
9.1075 -106.7424211841993
9.112499999999999 61.66655289898121
9.1175 26.3759304198026
9.122499999999999 133.59132887992413
9.1275 -7.524411700700756
9.1325 -69.09429447822794
9.1375 30.17994289820507
9.1425 -272.3411859337051
9.147499999999999 -7.717260607139092
9.1525 148.7253432354137
9.157499999999999 -68.76419190007832
9.1625 -63.93600763031795
9.1675 166.87077670923955
9.1725 -57.78274258822271
9.1775 56.695780785627115
9.1825 -120.51671357247226
9.1875 128.09886349283462
9.192499999999999 178.89639260139742
9.1975 13.751244049752788
9.202499999999999 -90.33583852977027
9.2075 -80.18856327547098
9.2125 145.24434961595614
9.2175 -210.60410980325992
9.2225 308.1459721591768
9.2275 31.146652534152388
9.2325 -239.82411782434988
9.237499999999999 52.663256583957335
9.2425 -191.94226117259018
9.247499999999999 -186.09246100852275
9.2525 428.2434883508887
9.2575 219.43754133713654
9.2625 -26.831090893188254
9.2675 -32.31141747988485
9.272499999999999 -138.4138180415577
9.2775 31.59557195537996
9.282499999999999 -146.02746520868436
9.2875 167.35895567762898
9.2925 -0.9931818027861089
9.2975 -193.4919579779079
9.3025 148.70236779469866
9.3075 -306.5667885864522
9.3125 -9.285428979394352
9.317499999999999 69.62893434951413
9.3225 48.90584475117549
9.327499999999999 23.428056344483156
9.3325 37.73091598002594
9.3375 -57.97062825944386
9.3425 157.78959685295806
9.3475 -235.99829600694488
9.3525 -41.354741762571095
9.3575 139.32452568223644
9.362499999999999 -70.1524531606123
9.3675 83.76731752280803
9.372499999999999 -34.25078670615902
9.3775 -24.12450990146895
9.3825 157.14204584769013
9.3875 -74.44742717517973
9.3925 90.48484883118373
9.397499999999999 -133.60895238485116
9.4025 142.59536588401818
9.407499999999999 -66.46039124944576
9.4125 11.708926246976441
9.4175 232.78967385153751
9.4225 -212.56306212351873
9.4275 -75.80193764015074
9.4325 -9.204269461435839
9.4375 -96.8634997248475
9.442499999999999 -153.4463676001023
9.4475 203.5035419946795
9.452499999999999 -41.292874586227924
9.4575 -41.90010014420738
9.4625 114.03247933680439
9.4675 -213.79868669645288
9.4725 89.41687333758577
9.4775 32.79242417271069
9.4825 -4.548455917113093
9.487499999999999 -129.03650243151898
9.4925 261.0448012610318
9.497499999999999 -226.2305061000937
9.5025 169.11657350402993
9.5075 -61.01164954478094
9.5125 -66.5110107484295
9.5175 -70.79820251110168
9.522499999999999 18.517824937167738
9.5275 221.3582453370063
9.532499999999999 -285.38455913671055
9.5375 -67.69912917710451
9.5425 68.33506910155958
9.5475 -30.833965689026847
9.5525 47.05059745373122
9.5575 154.28979086274495
9.5625 -37.80647514713544
9.567499999999999 102.65078600772055
9.5725 18.31849891600392
9.577499999999999 129.9867724281574
9.5825 166.16120079072618
9.5875 -84.27817224824626
9.5925 125.95078965986474
9.5975 -63.76732526735948
9.6025 149.36920901978215
9.6075 -187.76011409438172
9.612499999999999 112.2041355401431
9.6175 64.07706396208229
9.622499999999999 -220.83626869608088
9.6275 135.09904326031682
9.6325 123.49528770639722
9.6375 -225.43351911760095
9.6425 112.24849859158394
9.647499999999999 -201.25334208693153
9.6525 -72.23003646086296
9.657499999999999 18.476291215339042
9.6625 72.37758036831939
9.6675 55.09644565749156
9.6725 -72.78301435728176
9.6775 -63.035176359280634
9.6825 64.00675988457931
9.6875 52.68780268288629
9.692499999999999 -57.158146957035726
9.6975 26.401204213833743
9.702499999999999 -159.46454573931663
9.7075 192.09148640081304
9.7125 -14.518432656328436
9.7175 -109.26505578234283
9.7225 31.71139775151283
9.7275 132.30602017632302
9.7325 104.78253561742356
9.737499999999999 -199.7377519967626
9.7425 78.82056898639006
9.747499999999999 228.88071649550375
9.7525 -216.26643692860543
9.7575 -69.07793663512494
9.7625 -22.43110043547739
9.7675 31.660174213947354
9.772499999999999 24.932537578925075
9.7775 -94.00411462071835
9.782499999999999 7.4563620272956435
9.7875 77.44455278072121
9.7925 -16.37039455233305
9.7975 76.84448068172387
9.8025 305.1832042990867
9.8075 -228.39356539932461
9.8125 -234.29399427328983
9.817499999999999 200.10728378382038
9.8225 -148.69946293559173
9.827499999999999 455.4984920864679
9.8325 -183.2436171539933
9.8375 -124.0601487674493
9.8425 -58.26437312309539
9.8475 38.11723197681657
9.8525 38.93878576634669
9.8575 314.42194447125496
9.862499999999999 -231.90157778757467
9.8675 76.20997687034604
9.872499999999999 91.44458203862641
9.8775 -152.87847567135015
9.8825 -121.38492511528982
9.8875 178.52015044966518
9.8925 75.6598129246026
9.897499999999999 -236.47747749136914
9.9025 193.02521333273668
9.907499999999999 124.1087808143606
9.9125 -222.14123829299376
9.9175 149.3013895863309
9.9225 -167.1092306930795
9.9275 89.58550326412669
9.9325 -11.122734205871652
9.9375 -86.65355643812876
9.942499999999999 172.82547128828804
9.9475 -6.828735840921735
9.952499999999999 45.656409825336766
9.9575 36.188948973737844
9.9625 -93.34237007396865
9.9675 -148.5670381513377
9.9725 -25.657232801569553
9.9775 -73.84007606915281
9.9825 82.09444401985448
9.987499999999999 -281.74201977046243
9.9925 -120.5140005635455
9.997499999999999 411.74545737373734
10.0025 -33.881775286398145
