0.0075	-344.7595169
0.0125	26.60644933
0.0175	43.91517943
0.0225	265.4282447
0.0275	38.32201428
0.0325	128.9115695
0.0375	-191.004743
0.0425	-266.1755959
0.0475	194.3254781
0.0525	47.65104431
0.0575	130.2285289
0.0625	-90.15480986
0.0675	-59.55695463
0.0725	9.146873937
0.0775	-39.64695505
0.0825	-35.78915952
0.0875	173.6556528
0.0925	-208.9541388
0.0975	159.3873602
0.1025	-145.5083976
0.1075	-149.6957759
0.1125	411.248718
0.1175	-375.3127079
0.1225	269.4775496
0.1275	-28.13571949
0.1325	-208.3432207
0.1375	35.39444448
0.1425	49.47688458
0.1475	441.7344983
0.1525	-339.5256474
0.1575	-199.8672784
0.1625	37.89927701
0.1675	-87.47010186
0.1725	15.28001076
0.1775	359.5801754
0.1825	-276.6367709
0.1875	-15.72823752
0.1925	34.13945034
0.1975	-63.81027471
0.2025	-20.31014643
0.2075	24.76231066
0.2125	132.0273002
0.2175	-142.1334626
0.2225	67.04111017
0.2275	160.2553456
0.2325	-237.4761972
0.2375	162.2549827
0.2425	45.36186427
0.2475	-50.56124627
0.2525	-67.94229468
0.2575	219.3771883
0.2625	0.767624941
0.2675	26.03049456
0.2725	-204.4263866
0.2775	3.716577219
0.2825	60.52140194
0.2875	130.7139929
0.2925	-64.25095102
0.2975	162.830402
0.3025	-107.1536824
0.3075	-145.431582
0.3125	50.86263211
0.3175	-87.82235958
0.3225	37.77008052
0.3275	53.61053698
0.3325	-0.859536671
0.3375	22.72649126
0.3425	14.48812395
0.3475	-160.3649148
0.3525	96.88795102
0.3575	98.85474051
0.3625	72.3322884
0.3675	-207.4196079
0.3725	84.99154754
0.3775	305.4000911
0.3825	96.22807337
0.3875	-84.14913024
0.3925	-150.7857242
0.3975	-6.62398196
0.4025	12.55351337
0.4075	163.4840676
0.4125	-265.8124635
0.4175	186.353327
0.4225	-54.56817571
0.4275	-111.3559867
0.4325	-19.39313415
0.4375	-84.69834072
0.4425	222.0809379
0.4475	-62.271771
0.4525	-62.55621561
0.4575	-97.75881372
0.4625	107.7369028
0.4675	178.8029488
0.4725	-93.3641352
0.4775	39.87203531
0.4825	-34.19810413
0.4875	-33.66242579
0.4925	-135.3048136
0.4975	-1.960476463
0.5025	182.8936816
0.5075	-249.5443419
0.5125	197.596815
0.5175	177.6224379
0.5225	-170.2894961
0.5275	-30.99955161
0.5325	-0.303232237
0.5375	-8.23886493
0.5425	59.3396597
0.5475	-199.2073443
0.5525	-11.01329249
0.5575	58.60817759
0.5625	80.31336458
0.5675	71.21859652
0.5725	-181.5772762
0.5775	245.7380533
0.5825	-173.8178502
0.5875	42.77408535
0.5925	-171.0969591
0.5975	157.7443157
0.6025	21.05546017
0.6075	-77.99687629
0.6125	-207.1544538
0.6175	-7.794477015
0.6225	393.179453
0.6275	136.3295054
0.6325	1.375038138
0.6375	-362.8788506
0.6425	25.47411194
0.6475	64.73580787
0.6525	-294.5005376
0.6575	164.9934351
0.6625	75.31784406
0.6675	175.4561525
0.6725	-241.1358025
0.6775	144.4892502
0.6825	-6.076598657
0.6875	13.31452751
0.6925	-6.025947052
0.6975	-281.810319
0.7025	160.1764755
0.7075	-90.32529124
0.7125	-179.9204181
0.7175	-162.5312067
0.7225	135.9816226
0.7275	223.8792607
0.7325	161.9191807
0.7375	-177.9642568
0.7425	-231.4467486
0.7475	138.797532
0.7525	259.0750055
0.7575	-47.55755432
0.7625	370.6303616
0.7675	-231.4353268
0.7725	-151.9209572
0.7775	-76.85141966
0.7825	152.5513835
0.7875	151.1501492
0.7925	281.6418727
0.7975	-81.46342641
0.8025	-93.73114591
0.8075	184.9752724
0.8125	-472.3895238
0.8175	277.6116249
0.8225	-316.0486685
0.8275	98.4755856
0.8325	-170.5103446
0.8375	344.4935285
0.8425	-104.8331466
0.8475	-10.09490568
0.8525	310.0277169
0.8575	-225.5547428
0.8625	-160.2223862
0.8675	-180.1017422
0.8725	237.3363082
0.8775	-153.1220338
0.8825	140.680052
0.8875	-71.93053859
0.8925	-143.1339134
0.8975	167.67314
0.9025	-38.10948349
0.9075	-240.0004697
0.9125	189.2523322
0.9175	100.6659654
0.9225	-154.1744473
0.9275	-13.49988005
0.9325	-13.22819203
0.9375	-23.03062751
0.9425	167.1359918
0.9475	7.469039896
0.9525	40.7532953
0.9575	69.35480018
0.9625	-252.6711528
0.9675	76.46410125
0.9725	34.23854978
0.9775	160.0694214
0.9825	31.65289884
0.9875	-106.9534347
0.9925	-126.8759494
0.9975	324.7083369
1.0025	-242.5409316
1.0075	213.6142847
1.0125	-217.7689816
1.0175	278.993297
1.0225	7.377009181
1.0275	-64.65242331
1.0325	11.08584482
1.0375	14.47959859
1.0425	118.929561
1.0475	14.97182174
1.0525	-244.6909387
1.0575	104.7750286
1.0625	-132.21651
1.0675	-91.64414833
1.0725	159.3700763
1.0775	-346.4104927
1.0825	185.2654033
1.0875	240.7052678
1.0925	5.960865628
1.0975	29.16531453
1.1025	-103.1278604
1.1075	45.9487068
1.1125	-200.1658247
1.1175	67.9664553
1.1225	-95.29018258
1.1275	211.9066042
1.1325	11.9866403
1.1375	65.11837713
1.1425	-194.4784242
1.1475	33.85929066
1.1525	145.2143144
1.1575	-287.4615966
1.1625	-251.1572148
1.1675	234.6904092
1.1725	80.98414926
1.1775	77.39186244
1.1825	-430.8162325
1.1875	81.37779096
1.1925	132.3162857
1.1975	160.2292677
1.2025	25.95364923
1.2075	144.3170801
1.2125	-87.50825373
1.2175	-217.0544997
1.2225	93.04539468
1.2275	-63.74118417
1.2325	-0.669134743
1.2375	11.50680221
1.2425	88.09080325
1.2475	-158.2661638
1.2525	106.2858104
1.2575	117.3782578
1.2625	-82.03206166
1.2675	150.1805355
1.2725	170.1229365
1.2775	-48.48703502
1.2825	-20.73423086
1.2875	-127.4340739
1.2925	158.3904329
1.2975	-152.0101357
1.3025	14.52837334
1.3075	-80.13828195
1.3125	-88.66596167
1.3175	117.4325585
1.3225	119.6345596
1.3275	149.1911344
1.3325	-391.7968572
1.3375	159.1292717
1.3425	-138.0047989
1.3475	15.5035003
1.3525	143.7319023
1.3575	82.64975095
1.3625	68.31222761
1.3675	167.5218586
1.3725	-400.5738537
1.3775	177.1801148
1.3825	-97.96790924
1.3875	-69.66443611
1.3925	-73.41826042
1.3975	9.89757106
1.4025	112.3560801
1.4075	-34.18930034
1.4125	-182.1943485
1.4175	65.85504735
1.4225	29.69282167
1.4275	151.9273979
1.4325	17.38140974
1.4375	230.2681364
1.4425	-82.16750078
1.4475	33.47252385
1.4525	73.156981
1.4575	39.53282182
1.4625	-52.93815736
1.4675	-224.3698424
1.4725	137.3299489
1.4775	-106.7605943
1.4825	-196.6223532
1.4875	119.6607346
1.4925	-35.02573449
1.4975	9.820504132
1.5025	159.3394297
1.5075	41.12798692
1.5125	3.858756888
1.5175	-141.5118923
1.5225	-399.9788866
1.5275	101.1701685
1.5325	153.6624039
1.5375	161.7551009
1.5425	112.1217329
1.5475	-322.740922
1.5525	211.2939338
1.5575	71.68814365
1.5625	25.99277113
1.5675	-23.07593652
1.5725	104.6330453
1.5775	-219.2200045
1.5825	-36.77675266
1.5875	139.3482027
1.5925	-43.81580068
1.5975	28.9032039
1.6025	-413.9344745
1.6075	177.6226853
1.6125	-97.96979642
1.6175	-109.8063547
1.6225	-57.841989
1.6275	142.8267033
1.6325	29.39667296
1.6375	162.6863324
1.6425	-13.95114694
1.6475	-50.98098315
1.6525	238.3939766
1.6575	50.17813935
1.6625	-69.94951705
1.6675	154.7513161
1.6725	-137.6957756
1.6775	-144.1090208
1.6825	285.583158
1.6875	-107.7786556
1.6925	-150.2188143
1.6975	189.1781788
1.7025	-81.82098804
1.7075	59.8291753
1.7125	-110.17297
1.7175	312.5798772
1.7225	-61.88478577
1.7275	-199.9807777
1.7325	133.1057511
1.7375	105.3173286
1.7425	-65.41189896
1.7475	1.041165665
1.7525	-171.448542
1.7575	-9.267281637
1.7625	-86.38646256
1.7675	-173.5986604
1.7725	-29.33816194
1.7775	236.3709651
1.7825	73.7839066
1.7875	-146.8536595
1.7925	157.9462956
1.7975	-160.0279184
1.8025	-213.8818736
1.8075	-40.2704784
1.8125	10.16076845
1.8175	-29.89673808
1.8225	8.579990603
1.8275	-10.80088987
1.8325	309.7658903
1.8375	369.825168
1.8425	-333.0160021
1.8475	298.0010146
1.8525	-57.3785461
1.8575	-136.0881774
1.8625	-135.9567008
1.8675	129.3968671
1.8725	-150.9037341
1.8775	152.1758071
1.8825	-103.9599117
1.8875	-68.27833171
1.8925	-64.48948435
1.8975	5.10833343
1.9025	151.7977286
1.9075	-127.7213339
1.9125	241.9931415
1.9175	99.98892062
1.9225	-47.23495995
1.9275	-84.90480783
1.9325	-56.18675304
1.9375	9.853372358
1.9425	209.2782253
1.9475	-475.5591956
1.9525	110.4623864
1.9575	74.54228273
1.9625	21.96185858
1.9675	-45.85299547
1.9725	-17.34743252
1.9775	-68.05593867
1.9825	36.36295446
1.9875	177.7398431
1.9925	280.4499197
1.9975	-270.5047225
2.0025	-116.7382361
2.0075	16.14044277
2.0125	-187.5135208
2.0175	148.0819064
2.0225	114.8993216
2.0275	18.17846776
2.0325	-166.3201588
2.0375	2.692517538
2.0425	165.1036526
2.0475	245.6343826
2.0525	-166.0627272
2.0575	-16.72925992
2.0625	94.19906982
2.0675	47.13181719
2.0725	45.38219302
2.0775	-182.2016415
2.0825	156.449666
2.0875	9.679839264
2.0925	-83.27532109
2.0975	63.34508565
2.1025	-111.8921095
2.1075	-155.4521585
2.1125	-7.197391621
2.1175	-87.45989722
2.1225	487.3365719
2.1275	-13.63120768
2.1325	-20.55546675
2.1375	-100.2324261
2.1425	-111.7041105
2.1475	-38.13484772
2.1525	-86.96058278
2.1575	147.2356253
2.1625	4.863856561
2.1675	-232.5040239
2.1725	180.2075896
2.1775	-387.356438
2.1825	127.2659529
2.1875	-57.91760826
2.1925	-9.819438561
2.1975	81.90708429
2.2025	98.21092578
2.2075	-34.55227877
2.2125	22.89977332
2.2175	-100.0984539
2.2225	196.2130362
2.2275	160.64745
2.2325	-278.9220008
2.2375	154.1913849
2.2425	109.0948799
2.2475	-142.2971082
2.2525	19.48409877
2.2575	87.08830132
2.2625	-182.8152536
2.2675	-86.04833175
2.2725	113.6343499
2.2775	59.76126323
2.2825	-56.91572873
2.2875	0.997090125
2.2925	20.32826561
2.2975	-172.7480862
2.3025	-38.10513857
2.3075	238.125909
2.3125	-214.648145
2.3175	-236.7569806
2.3225	91.21288623
2.3275	37.0291496
2.3325	216.2983026
2.3375	71.30395722
2.3425	-76.56806694
2.3475	233.8293452
2.3525	-323.6140364
2.3575	-11.20053794
2.3625	326.9807254
2.3675	-147.5013078
2.3725	179.0217058
2.3775	7.775441477
2.3825	-175.0999107
2.3875	5.081124916
2.3925	-90.41868965
2.3975	111.7461849
2.4025	290.1684084
2.4075	-323.2047339
2.4125	-88.46861257
2.4175	-84.27688193
2.4225	77.8434201
2.4275	38.73591565
2.4325	-146.1561119
2.4375	27.86260931
2.4425	-29.45576347
2.4475	21.97456701
2.4525	91.21544713
2.4575	0.824287326
2.4625	237.1734328
2.4675	-140.7705458
2.4725	199.7432721
2.4775	-228.0861109
2.4825	209.6792228
2.4875	-147.8735764
2.4925	90.51151356
2.4975	74.45382059
2.5025	-100.8182637
2.5075	-81.64375452
2.5125	-97.28485049
2.5175	-85.93537358
2.5225	322.064108
2.5275	-18.53384587
2.5325	-155.8893471
2.5375	287.6367302
2.5425	-148.6515504
2.5475	82.69763941
2.5525	-161.4351453
2.5575	94.00591116
2.5625	224.2231046
2.5675	-96.09430853
2.5725	-110.2510436
2.5775	-42.56401888
2.5825	68.24817939
2.5875	147.2926932
2.5925	-54.15954575
2.5975	-146.8738944
2.6025	77.38774197
2.6075	-35.2044707
2.6125	9.624192185
2.6175	-95.77639936
2.6225	-16.6281804
2.6275	-135.3323774
2.6325	-22.7100227
2.6375	118.0314869
2.6425	-123.5034911
2.6475	232.6700299
2.6525	52.60513835
2.6575	-237.9726038
2.6625	34.98027179
2.6675	32.44713201
2.6725	41.51732272
2.6775	-81.70983573
2.6825	101.7998537
2.6875	166.7770886
2.6925	-218.1747606
2.6975	133.2372232
2.7025	82.90067848
2.7075	-150.8866375
2.7125	47.66866442
2.7175	152.6949764
2.7225	-267.3602408
2.7275	251.1244829
2.7325	-134.3082201
2.7375	52.05153242
2.7425	-102.7496321
2.7475	203.3891543
2.7525	65.51576991
2.7575	69.25088554
2.7625	-182.6651425
2.7675	133.7404749
2.7725	-162.8144652
2.7775	-64.79353188
2.7825	91.73643116
2.7875	41.68271889
2.7925	-170.3214372
2.7975	-145.8596229
2.8025	15.68692657
2.8075	42.76587527
2.8125	-60.2696691
2.8175	77.3054035
2.8225	-58.60601487
2.8275	3.959334542
2.8325	54.36315945
2.8375	48.15843145
2.8425	-103.299956
2.8475	127.4403953
2.8525	-216.4702883
2.8575	-88.69791275
2.8625	325.9345188
2.8675	-199.434007
2.8725	160.7575194
2.8775	-136.7687903
2.8825	266.0712112
2.8875	-98.05303729
2.8925	-232.8776857
2.8975	150.0158602
2.9025	112.5813448
2.9075	75.77011915
2.9125	-102.8334045
2.9175	11.20729724
2.9225	168.4346644
2.9275	-160.2968934
2.9325	240.0675602
2.9375	-285.9702248
2.9425	-3.037067566
2.9475	368.5248919
2.9525	-52.51791915
2.9575	52.41582512
2.9625	-343.0823737
2.9675	-204.0026543
2.9725	339.7672352
2.9775	94.34933009
2.9825	342.7407651
2.9875	-221.5150104
2.9925	-383.5627427
2.9975	308.9183468
3.0025	-93.44562205
3.0075	-113.2972873
3.0125	22.72261876
3.0175	50.59604905
3.0225	-197.5714071
3.0275	-24.22343254
3.0325	3.792333697
3.0375	80.97258601
3.0425	-15.1484297
3.0475	-12.06046578
3.0525	-19.0844601
3.0575	79.54138472
3.0625	318.8680548
3.0675	-3.359412976
3.0725	101.2037115
3.0775	-96.10732987
3.0825	50.20778744
3.0875	-298.200837
3.0925	359.9712414
3.0975	-306.7391474
3.1025	224.0004268
3.1075	-285.0996893
3.1125	306.1923615
3.1175	-18.10789295
3.1225	-232.0056559
3.1275	91.3522342
3.1325	29.28685004
3.1375	-72.49620608
3.1425	-63.72382396
3.1475	107.343991
3.1525	28.92361476
3.1575	7.643532241
3.1625	-33.85958804
3.1675	4.32103924
3.1725	-210.9987643
3.1775	88.33029359
3.1825	-56.38960106
3.1875	49.70922909
3.1925	218.9284944
3.1975	-224.4748336
3.2025	132.2774886
3.2075	90.19751955
3.2125	-237.2583722
3.2175	27.46530469
3.2225	237.0502813
3.2275	50.74573114
3.2325	24.45154469
3.2375	31.89201733
3.2425	-91.36320835
3.2475	21.10453986
3.2525	77.50400055
3.2575	59.1274855
3.2625	-67.8773222
3.2675	-83.87400234
3.2725	-78.59432696
3.2775	-136.1920754
3.2825	173.2385976
3.2875	68.69404
3.2925	53.93033097
3.2975	-89.02799611
3.3025	21.04018663
3.3075	-316.565266
3.3125	284.1318061
3.3175	-143.0066583
3.3225	168.8447837
3.3275	-360.7249455
3.3325	87.22269592
3.3375	120.7383616
3.3425	14.61893847
3.3475	196.1658392
3.3525	-104.7638982
3.3575	79.2198225
3.3625	-160.9667622
3.3675	237.762211
3.3725	-159.5486072
3.3775	236.5382245
3.3825	-138.983409
3.3875	-206.5128121
3.3925	15.77942257
3.3975	101.2739294
3.4025	-18.62268067
3.4075	-33.85027133
3.4125	-297.957407
3.4175	53.889739
3.4225	38.77835822
3.4275	16.57881148
3.4325	11.84451511
3.4375	-216.8284713
3.4425	247.6795995
3.4475	230.0630286
3.4525	-222.7609654
3.4575	-7.128770048
3.4625	66.92931362
3.4675	-138.41927
3.4725	120.3845762
3.4775	-46.06390382
3.4825	-168.8756558
3.4875	171.6837959
3.4925	10.01550997
3.4975	3.538512356
3.5025	-70.78452694
3.5075	-82.7322556
3.5125	53.75392696
3.5175	132.361415
3.5225	265.3522694
3.5275	-357.8188774
3.5325	15.3082788
3.5375	-2.183471902
3.5425	-126.456478
3.5475	113.7092165
3.5525	70.66502691
3.5575	-23.96584372
3.5625	58.51282937
3.5675	-174.2153232
3.5725	115.3145638
3.5775	-65.31673364
3.5825	28.28267173
3.5875	-86.9862136
3.5925	-159.9878615
3.5975	248.5787726
3.6025	-26.73324335
3.6075	82.29632725
3.6125	-132.9227347
3.6175	103.9694368
3.6225	4.738676818
3.6275	36.99416602
3.6325	-131.4585507
3.6375	74.38868311
3.6425	-79.35794331
3.6475	-74.19837431
3.6525	66.59637171
3.6575	216.4946159
3.6625	-285.9128956
3.6675	157.3981004
3.6725	-193.8397199
3.6775	212.1707156
3.6825	44.86770729
3.6875	-21.82343394
3.6925	76.42709338
3.6975	-231.1486819
3.7025	-0.104273863
3.7075	61.33577306
3.7125	73.35811315
3.7175	178.2960808
3.7225	-164.5764695
3.7275	-160.0209349
3.7325	-86.20367448
3.7375	320.936958
3.7425	-158.9050477
3.7475	10.62035661
3.7525	110.6499139
3.7575	211.0535979
3.7625	-53.78209512
3.7675	66.77354838
3.7725	-36.95751422
3.7775	137.1583993
3.7825	-182.1559277
3.7875	115.2125603
3.7925	-41.10607462
3.7975	-107.463376
3.8025	82.99467612
3.8075	-120.0310637
3.8125	-47.35983679
3.8175	80.16262587
3.8225	68.11586198
3.8275	39.12557573
3.8325	-97.10207542
3.8375	110.0587892
3.8425	21.70463065
3.8475	-91.46786302
3.8525	-259.8466285
3.8575	208.0543133
3.8625	-46.36175136
3.8675	-216.6310887
3.8725	132.0874493
3.8775	-145.7423919
3.8825	-23.44767506
3.8875	-24.81574475
3.8925	36.10918009
3.8975	-160.5556041
3.9025	427.8280914
3.9075	-10.55829387
3.9125	153.5107594
3.9175	-1.099296269
3.9225	55.11852887
3.9275	-125.3665374
3.9325	-293.7673614
3.9375	50.29250417
3.9425	106.791344
3.9475	-85.12033559
3.9525	72.78808837
3.9575	236.5758227
3.9625	-198.5140986
3.9675	-218.655051
3.9725	178.4402713
3.9775	-24.3107735
3.9825	-89.06607956
3.9875	137.5719525
3.9925	44.57405322
3.9975	-50.01610569
4.0025	-6.659246865
4.0075	-25.17583386
4.0125	-129.0919677
4.0175	-163.8088373
4.0225	-6.968553042
4.0275	72.06093145
4.0325	177.6127086
4.0375	58.09993094
4.0425	-219.6798884
4.0475	-244.2922525
4.0525	425.6927052
4.0575	-228.74134
4.0625	-131.7454562
4.0675	-96.88890435
4.0725	161.7408963
4.0775	74.50243
4.0825	31.26184133
4.0875	288.8813282
4.0925	-85.35155006
4.0975	97.98852352
4.1025	174.2760768
4.1075	-325.180626
4.1125	18.60261272
4.1175	200.6576141
4.1225	-58.73938575
4.1275	57.29520049
4.1325	-118.2116468
4.1375	-212.9611953
4.1425	87.58751417
4.1475	-56.73876207
4.1525	170.4035688
4.1575	28.97764256
4.1625	20.64300202
4.1675	-149.4256206
4.1725	-100.1133732
4.1775	217.6083693
4.1825	-152.2540475
4.1875	-178.9829581
4.1925	457.8323566
4.1975	17.99641983
4.2025	-11.81726949
4.2075	-123.7686565
4.2125	-85.13306797
4.2175	119.2777354
4.2225	-50.27338415
4.2275	-1.049709972
4.2325	-13.6264138
4.2375	-108.1519266
4.2425	127.8961558
4.2475	-71.89989257
4.2525	-96.82532851
4.2575	78.16555971
4.2625	2.756840772
4.2675	43.40938446
4.2725	-79.2459715
4.2775	-54.64053033
4.2825	85.80679396
4.2875	78.11403043
4.2925	15.12187806
4.2975	-366.1369625
4.3025	289.9621213
4.3075	-295.151971
4.3125	419.0870653
4.3175	65.25254146
4.3225	-124.6812954
4.3275	247.8658797
4.3325	-381.7898831
4.3375	86.4714118
4.3425	-15.43190097
4.3475	240.2982699
4.3525	-5.500197818
4.3575	-254.5696052
4.3625	-3.903662857
4.3675	-57.80902133
4.3725	-3.370196851
4.3775	87.03065323
4.3825	-1.885583048
4.3875	9.718868144
4.3925	-228.3100115
4.3975	178.2544077
4.4025	-234.6748641
4.4075	307.9254631
4.4125	3.254473888
4.4175	59.24401061
4.4225	-86.97481364
4.4275	26.50057593
4.4325	-123.8352714
4.4375	-5.211207496
4.4425	-29.54456142
4.4475	-36.45928193
4.4525	144.1083942
4.4575	23.02348195
4.4625	-62.90552505
4.4675	-468.4727145
4.4725	488.8437024
4.4775	-84.93429993
4.4825	162.6741778
4.4875	0.390988628
4.4925	92.81942405
4.4975	-48.97876493
4.5025	-58.77147236
4.5075	-140.1707708
4.5125	100.8134585
4.5175	149.1964294
4.5225	-75.85522194
4.5275	-145.8738137
4.5325	216.0110737
4.5375	-141.8372181
4.5425	14.53106371
4.5475	115.5475448
4.5525	-163.4384513
4.5575	-6.559966173
4.5625	25.07627427
4.5675	57.74029764
4.5725	-23.27838978
4.5775	76.51594501
4.5825	-121.1468159
4.5875	183.860816
4.5925	-237.8793852
4.5975	185.328354
4.6025	-8.596244972
4.6075	-0.040384726
4.6125	76.08242676
4.6175	-246.709286
4.6225	-66.79236575
4.6275	274.3499461
4.6325	-22.52694431
4.6375	-155.6908424
4.6425	-91.99926617
4.6475	328.7148715
4.6525	-381.0267884
4.6575	376.9225372
4.6625	-155.1701716
4.6675	-10.94048522
4.6725	128.9445691
4.6775	-172.0654138
4.6825	19.81837441
4.6875	-2.5616994
4.6925	281.5651097
4.6975	25.13624193
4.7025	-294.0238096
4.7075	91.56595346
4.7125	-61.97494009
4.7175	-81.00473658
4.7225	101.1328211
4.7275	-258.0254623
4.7325	216.6504311
4.7375	-155.6948266
4.7425	106.3324587
4.7475	61.66997489
4.7525	182.7321767
4.7575	-274.4052599
4.7625	-104.4268648
4.7675	-73.2436007
4.7725	144.360559
4.7775	132.3213828
4.7825	-12.71497254
4.7875	-63.92816625
4.7925	202.2302563
4.7975	-153.5187989
4.8025	57.3243075
4.8075	7.000615181
4.8125	-56.62202952
4.8175	-32.94921209
4.8225	240.3306786
4.8275	148.1434203
4.8325	-180.5728545
4.8375	152.6600802
4.8425	-130.919249
4.8475	114.5831488
4.8525	-86.23084865
4.8575	123.5555831
4.8625	120.9029761
4.8675	60.47895844
4.8725	-33.19312104
4.8775	-75.15890053
4.8825	8.845695208
4.8875	-144.6495977
4.8925	-88.97985672
4.8975	30.64528248
4.9025	90.82673182
4.9075	13.12134543
4.9125	-2.561739928
4.9175	-198.421522
4.9225	-40.5650904
4.9275	112.8940944
4.9325	-115.0022565
4.9375	-7.282528888
4.9425	-29.9125627
4.9475	-30.97777043
4.9525	-165.3051882
4.9575	110.5693894
4.9625	310.0185041
4.9675	-243.0661817
4.9725	20.90992009
4.9775	-11.04386457
4.9825	120.5025538
4.9875	-159.2128223
4.9925	152.0126637
4.9975	-89.81328969
5.0025	14.66119761
5.0075	110.3143334
5.0125	101.3350057
5.0175	-127.7246098
5.0225	-164.2870301
5.0275	-40.33955183
5.0325	-166.9816919
5.0375	180.5590228
5.0425	-1.886712832
5.0475	-171.0161646
5.0525	141.6008849
5.0575	-113.1390225
5.0625	68.13279848
5.0675	187.0237718
5.0725	-59.70536983
5.0775	-160.4549211
5.0825	449.0727298
5.0875	-535.6481
5.0925	268.9503008
5.0975	99.50413784
5.1025	-267.2231724
5.1075	125.0725516
5.1125	-59.32629045
5.1175	-2.800000746
5.1225	226.1401353
5.1275	-349.3756865
5.1325	236.7848844
5.1375	249.9000432
5.1425	-202.5444761
5.1475	91.46534127
5.1525	315.8879183
5.1575	-62.43608529
5.1625	35.90616549
5.1675	-238.0117163
5.1725	-13.91332087
5.1775	-262.3557504
5.1825	261.1383826
5.1875	21.74803432
5.1925	-102.0011215
5.1975	-51.4888912
5.2025	97.58258407
5.2075	95.31259326
5.2125	70.15552993
5.2175	-1.272771992
5.2225	-340.5355231
5.2275	385.9675777
5.2325	-135.993441
5.2375	-14.28816875
5.2425	-167.9715778
5.2475	80.24792946
5.2525	-39.67912851
5.2575	171.9266803
5.2625	181.1512265
5.2675	-80.08600317
5.2725	2.231323916
5.2775	-8.442062693
5.2825	-161.9792856
5.2875	-98.03629553
5.2925	154.0920241
5.2975	-147.8695277
5.3025	-73.86612059
5.3075	4.819348372
5.3125	221.8070292
5.3175	69.04114119
5.3225	-348.3450032
5.3275	-105.3567304
5.3325	310.5849885
5.3375	-28.76498413
5.3425	-44.82881315
5.3475	30.83455808
5.3525	-89.42660263
5.3575	35.00295642
5.3625	-132.9494016
5.3675	259.4319068
5.3725	208.267408
5.3775	-130.6117577
5.3825	-85.65078318
5.3875	249.036184
5.3925	-96.56716475
5.3975	-72.04162353
5.4025	52.32936306
5.4075	-84.49766017
5.4125	-82.16127789
5.4175	8.903004989
5.4225	68.43369983
5.4275	185.4519501
5.4325	-12.33309752
5.4375	-307.7378097
5.4425	242.6471472
5.4475	-99.49266104
5.4525	243.7484175
5.4575	-82.41800659
5.4625	-91.97465856
5.4675	126.2973803
5.4725	-226.337002
5.4775	-80.2741853
5.4825	-31.4879898
5.4875	-18.3081469
5.4925	173.1239702
5.4975	-9.513329887
5.5025	-136.0574414
5.5075	8.205664848
5.5125	308.2746294
5.5175	-237.2600973
5.5225	-16.11123417
5.5275	-61.4345255
5.5325	-22.67562757
5.5375	482.9606172
5.5425	-7.34054133
5.5475	-94.41069872
5.5525	144.8545985
5.5575	-120.666955
5.5625	-356.632457
5.5675	79.11967533
5.5725	-175.1536374
5.5775	-121.0972772
5.5825	239.9280977
5.5875	-156.4433431
5.5925	132.1618395
5.5975	200.7072003
5.6025	-230.8240848
5.6075	160.4004125
5.6125	-163.0838507
5.6175	231.819498
5.6225	-48.29635962
5.6275	-7.238656515
5.6325	-102.0713088
5.6375	-8.250781221
5.6425	40.1172351
5.6475	-51.25280117
5.6525	237.624641
5.6575	-75.06517948
5.6625	-27.11197061
5.6675	314.71059
5.6725	-313.4574417
5.6775	156.7044364
5.6825	-156.9180439
5.6875	1.96136808
5.6925	95.88982572
5.6975	-262.2452713
5.7025	61.80321734
5.7075	76.66125376
5.7125	-76.83719301
5.7175	-113.6370787
5.7225	181.9592249
5.7275	153.6266064
5.7325	140.050141
5.7375	104.2727178
5.7425	-299.7580481
5.7475	218.8693785
5.7525	-229.5290187
5.7575	156.142646
5.7625	-256.3056526
5.7675	264.638233
5.7725	-237.6704066
5.7775	-85.302713
5.7825	-40.76456551
5.7875	290.3442387
5.7925	43.51238485
5.7975	-270.5055076
5.8025	169.6563103
5.8075	-224.0842243
5.8125	356.1565355
5.8175	-129.5421492
5.8225	-9.127335746
5.8275	-77.02841632
5.8325	-70.02341753
5.8375	158.6521305
5.8425	3.726171834
5.8475	61.6373593
5.8525	-141.7425343
5.8575	-65.79059832
5.8625	97.74349032
5.8675	-352.8335541
5.8725	213.0025381
5.8775	-96.82502797
5.8825	120.317536
5.8875	-67.04074357
5.8925	-146.5569035
5.8975	-3.089053439
5.9025	-207.8621457
5.9075	36.54045035
5.9125	-143.8803822
5.9175	373.6323243
5.9225	27.77989793
5.9275	84.9459922
5.9325	-186.7884142
5.9375	-143.0814544
5.9425	361.4853601
5.9475	-153.0000697
5.9525	205.3471285
5.9575	10.15536902
5.9625	-333.7188061
5.9675	190.8732643
5.9725	-11.50130593
5.9775	22.53137202
5.9825	-240.8713124
5.9875	74.48351789
5.9925	73.32847769
5.9975	22.06268914
6.0025	119.9461409
6.0075	45.45367998
6.0125	168.4072003
6.0175	-248.6494161
6.0225	72.00034048
6.0275	124.3159256
6.0325	73.62627612
6.0375	-140.6116476
6.0425	59.30059937
6.0475	-336.7139885
6.0525	18.36275236
6.0575	-64.94392032
6.0625	213.7795942
6.0675	-63.50396234
6.0725	179.0353074
6.0775	158.0869407
6.0825	14.47879572
6.0875	-286.5372271
6.0925	130.6575012
6.0975	87.29630612
6.1025	-244.4980835
6.1075	180.8744361
6.1125	11.73994413
6.1175	141.5862351
6.1225	-190.9357025
6.1275	-84.52890806
6.1325	36.84398891
6.1375	287.7425379
6.1425	52.95508702
6.1475	-400.9740819
6.1525	173.7120787
6.1575	-11.78114126
6.1625	-0.02741668
6.1675	94.69281376
6.1725	-65.75371598
6.1775	-51.01373874
6.1825	-5.952823184
6.1875	-164.8033236
6.1925	15.54676673
6.1975	-59.3747796
6.2025	143.7276492
6.2075	66.66798867
6.2125	-55.65899241
6.2175	42.36597502
6.2225	-145.1722451
6.2275	-147.4187421
6.2325	208.0463682
6.2375	-101.9196853
6.2425	93.55464954
6.2475	65.00558712
6.2525	-117.2803087
6.2575	139.9439405
6.2625	90.52686183
6.2675	-199.0053635
6.2725	58.82673258
6.2775	-9.785678193
6.2825	-99.07683012
6.2875	295.2710795
6.2925	-300.0767686
6.2975	246.7860422
6.3025	-68.28779685
6.3075	-1.906075226
6.3125	-166.1219249
6.3175	-0.716046717
6.3225	-185.871932
6.3275	238.6021543
6.3325	-116.502732
6.3375	148.2115387
6.3425	155.6692863
6.3475	-64.36655602
6.3525	16.60787705
6.3575	75.29215835
6.3625	25.61262253
6.3675	-146.4751969
6.3725	104.7849614
6.3775	141.6458332
6.3825	-234.7393943
6.3875	-34.01084256
6.3925	-0.557499254
6.3975	82.53359356
6.4025	144.9056851
6.4075	-22.00446274
6.4125	147.9163418
6.4175	-28.57459796
6.4225	-27.71474888
6.4275	306.5832872
6.4325	-7.765808966
6.4375	142.8200718
6.4425	-109.5914164
6.4475	-172.0075608
6.4525	-195.4945478
6.4575	-83.4062416
6.4625	338.966317
6.4675	-128.6167087
6.4725	15.23753292
6.4775	-241.8124776
6.4825	-128.5364648
6.4875	10.740191
6.4925	479.4410061
6.4975	-245.8292956
6.5025	-128.4276
6.5075	-236.7228552
6.5125	235.9117866
6.5175	40.06761249
6.5225	-158.0451305
6.5275	-32.66081337
6.5325	3.219948158
6.5375	130.6693696
6.5425	245.9154903
6.5475	-59.16252987
6.5525	-232.5370774
6.5575	-209.5114067
6.5625	141.7228988
6.5675	-13.47417581
6.5725	-54.76643169
6.5775	279.9114204
6.5825	-108.5233714
6.5875	-50.99170123
6.5925	395.4757184
6.5975	-163.3684551
6.6025	-489.1174905
6.6075	392.9469856
6.6125	-314.1294258
6.6175	382.0345463
6.6225	261.3718792
6.6275	-65.55442022
6.6325	-482.897734
6.6375	-72.80743445
6.6425	79.73656899
6.6475	18.82752139
6.6525	-196.154059
6.6575	213.3946252
6.6625	-161.8915635
6.6675	310.4220335
6.6725	-200.6023612
6.6775	-103.7304902
6.6825	286.4206214
6.6875	-121.7019537
6.6925	65.76602702
6.6975	151.4956346
6.7025	-110.7154884
6.7075	11.58613134
6.7125	-21.44943254
6.7175	-119.3775896
6.7225	343.055372
6.7275	-132.1125082
6.7325	70.52464363
6.7375	-143.4119264
6.7425	-70.83462404
6.7475	23.51481736
6.7525	-66.05994124
6.7575	70.66065488
6.7625	-182.8497664
6.7675	140.0187999
6.7725	-2.628183514
6.7775	145.3799603
6.7825	-7.332182689
6.7875	-3.54794578
6.7925	-58.9673785
6.7975	20.18238447
6.8025	15.9953789
6.8075	113.7715099
6.8125	-86.05537192
6.8175	163.7469731
6.8225	-53.46000012
6.8275	-79.40309706
6.8325	-119.1179211
6.8375	-84.11097429
6.8425	162.0410876
6.8475	102.1348504
6.8525	106.6590089
6.8575	397.2729515
6.8625	-248.7438343
6.8675	-114.0223039
6.8725	-5.825633357
6.8775	136.1626555
6.8825	24.2949502
6.8875	9.176321229
6.8925	-68.71093966
6.8975	23.66404601
6.9025	-102.9704708
6.9075	236.2986692
6.9125	-392.6731154
6.9175	139.7622381
6.9225	191.2815778
6.9275	-98.69622568
6.9325	56.41278756
6.9375	-71.2940097
6.9425	-21.10463829
6.9475	-39.76706405
6.9525	23.69536233
6.9575	-182.2524452
6.9625	-21.23867077
6.9675	9.986852186
6.9725	-60.51162245
6.9775	4.245177363
6.9825	-103.3481496
6.9875	-55.42740503
6.9925	165.9227452
6.9975	-72.28208128
7.0025	-108.2360214
7.0075	16.31321478
7.0125	-5.321347658
7.0175	108.7553659
7.0225	-80.35911124
7.0275	133.3258799
7.0325	16.86275258
7.0375	37.43530753
7.0425	-25.55190533
7.0475	40.88256258
7.0525	30.60008979
7.0575	-21.24868093
7.0625	391.919121
7.0675	-74.33122148
7.0725	-83.1865892
7.0775	-285.0301087
7.0825	218.1108955
7.0875	125.4797409
7.0925	-36.68571909
7.0975	-39.02125845
7.1025	-135.2979447
7.1075	-208.7522758
7.1125	-77.12097785
7.1175	293.0193723
7.1225	117.7174039
7.1275	111.8106545
7.1325	-66.0163644
7.1375	47.10663297
7.1425	-314.5626938
7.1475	-46.56229006
7.1525	-115.2133927
7.1575	269.5800502
7.1625	-294.4258794
7.1675	184.0004435
7.1725	-167.2884885
7.1775	220.6940224
7.1825	-15.16340191
7.1875	206.3940555
7.1925	-147.6573262
7.1975	187.2053734
7.2025	-81.7416297
7.2075	-142.9411537
7.2125	-117.4624826
7.2175	57.24809581
7.2225	-156.5628952
7.2275	158.0351154
7.2325	-19.35378335
7.2375	-5.265312997
7.2425	16.50846786
7.2475	254.3848382
7.2525	-376.4851703
7.2575	293.7245092
7.2625	-176.2295609
7.2675	94.24566204
7.2725	83.41721548
7.2775	-287.4410715
7.2825	-71.45676944
7.2875	289.1190237
7.2925	-167.01712
7.2975	15.54619355
7.3025	122.6031701
7.3075	15.24226181
7.3125	28.74243555
7.3175	44.58621294
7.3225	-51.83639441
7.3275	-80.90229134
7.3325	-17.79494333
7.3375	-68.39655643
7.3425	9.454093184
7.3475	23.03264233
7.3525	-68.02396101
7.3575	-7.218669227
7.3625	78.49829371
7.3675	31.4731168
7.3725	-93.48652312
7.3775	115.461409
7.3825	68.88765499
7.3875	64.54314161
7.3925	13.90309097
7.3975	-54.69547028
7.4025	-12.33326542
7.4075	-11.08919595
7.4125	-18.74344312
7.4175	239.5585693
7.4225	-86.29439816
7.4275	11.76745542
7.4325	-55.46980458
7.4375	-7.558038906
7.4425	169.6958464
7.4475	-29.84611832
7.4525	21.19126996
7.4575	137.0935945
7.4625	-220.6592117
7.4675	-15.74611078
7.4725	90.81864951
7.4775	-30.37152728
7.4825	-11.55314153
7.4875	-74.04595131
7.4925	-81.52867415
7.4975	-171.9006603
7.5025	229.1031187
7.5075	13.80183434
7.5125	4.783551865
7.5175	-5.029128122
7.5225	163.1601457
7.5275	-133.7437406
7.5325	199.7543026
7.5375	-227.2903074
7.5425	190.639165
7.5475	12.94963478
7.5525	63.83721058
7.5575	-89.59474655
7.5625	184.3200306
7.5675	-53.77617737
7.5725	-101.854702
7.5775	-215.3638794
7.5825	144.5693557
7.5875	87.86184335
7.5925	-151.0130524
7.5975	6.241404805
7.6025	-7.074847515
7.6075	-126.6718411
7.6125	-223.8277653
7.6175	386.3943919
7.6225	-157.6265474
7.6275	57.95702413
7.6325	1.818151789
7.6375	-21.11920811
7.6425	10.70739858
7.6475	50.99538584
7.6525	-2.312972616
7.6575	-92.76759615
7.6625	-57.17181977
7.6675	-71.78011226
7.6725	119.7326129
7.6775	-6.979398498
7.6825	172.8379255
7.6875	-11.28767852
7.6925	-18.59390314
7.6975	-14.65657373
7.7025	18.66038962
7.7075	-151.9599441
7.7125	-11.3343289
7.7175	149.4493492
7.7225	-239.2436942
7.7275	39.70812025
7.7325	185.1767622
7.7375	97.7983242
7.7425	-53.56729911
7.7475	-38.54184906
7.7525	-3.296112154
7.7575	239.8420378
7.7625	-97.93572314
7.7675	-47.1602797
7.7725	-107.3306938
7.7775	29.68297724
7.7825	143.1988038
7.7875	144.51365
7.7925	-439.823072
7.7975	32.39624286
7.8025	-43.4310405
7.8075	66.28075461
7.8125	-176.3173567
7.8175	98.79278698
7.8225	60.07263042
7.8275	18.05081633
7.8325	165.6261696
7.8375	-251.798825
7.8425	80.59079626
7.8475	28.90248492
7.8525	-92.89020052
7.8575	33.04675909
7.8625	10.53613662
7.8675	-14.81785289
7.8725	-69.45226533
7.8775	-64.40210225
7.8825	131.770383
7.8875	38.39061638
7.8925	166.5884056
7.8975	-171.297908
7.9025	113.358186
7.9075	77.31409768
7.9125	-196.5452373
7.9175	41.17165619
7.9225	76.45991002
7.9275	-2.101651616
7.9325	-80.37786532
7.9375	194.668327
7.9425	-122.4521934
7.9475	-127.3011864
7.9525	-5.806343368
7.9575	-53.77909302
7.9625	-169.9535013
7.9675	247.3352138
7.9725	249.1306466
7.9775	-131.7255046
7.9825	-156.1972496
7.9875	257.9405369
7.9925	156.4289283
7.9975	-160.795277
8.0025	89.38550748
8.0075	-177.2414508
8.0125	66.49056962
8.0175	-71.90128157
8.0225	176.3644116
8.0275	112.3697291
8.0325	212.4689043
8.0375	-389.7516485
8.0425	-35.58989508
8.0475	7.190921085
8.0525	-65.39011646
8.0575	431.6263368
8.0625	-225.3005968
8.0675	-10.48703798
8.0725	-118.438914
8.0775	11.44876345
8.0825	38.44957754
8.0875	-0.968269175
8.0925	-73.88504901
8.0975	244.9829381
8.1025	-117.7012895
8.1075	49.49562958
8.1125	24.02598506
8.1175	-29.75586018
8.1225	241.0790288
8.1275	-83.60441915
8.1325	120.2446163
8.1375	5.02202006
8.1425	-213.4008123
8.1475	76.97959861
8.1525	-34.71107322
8.1575	-36.93059933
8.1625	-25.02508402
8.1675	-62.3467409
8.1725	243.4073687
8.1775	-217.9583445
8.1825	151.1025669
8.1875	18.74170225
8.1925	63.11934181
8.1975	-191.4496236
8.2025	85.79506504
8.2075	80.81657892
8.2125	21.37212507
8.2175	-303.6841888
8.2225	104.4575829
8.2275	-83.27070037
8.2325	-60.8513874
8.2375	9.642168731
8.2425	145.7755547
8.2475	-19.03168709
8.2525	16.38493016
8.2575	29.11533835
8.2625	-131.669313
8.2675	27.1540808
8.2725	80.528386
8.2775	54.36158517
8.2825	237.1894427
8.2875	-60.47296845
8.2925	-229.6711713
8.2975	-77.62074704
8.3025	31.63495032
8.3075	92.85147915
8.3125	-69.19984905
8.3175	21.09223849
8.3225	-8.964786997
8.3275	-86.63659967
8.3325	-0.341588851
8.3375	161.0447512
8.3425	-123.2195273
8.3475	287.1723491
8.3525	-468.1904697
8.3575	161.3238367
8.3625	-111.740081
8.3675	199.8753398
8.3725	66.61440299
8.3775	-149.7408294
8.3825	19.12334569
8.3875	70.32437888
8.3925	-220.3132811
8.3975	72.39926174
8.4025	-272.5688287
8.4075	194.2515115
8.4125	82.12186017
8.4175	-45.36868903
8.4225	156.3782217
8.4275	50.94990079
8.4325	-158.8575518
8.4375	-30.57525085
8.4425	33.71528002
8.4475	-48.81062722
8.4525	-9.996094944
8.4575	-23.9241738
8.4625	338.0862802
8.4675	30.95921899
8.4725	-125.908717
8.4775	-84.75085346
8.4825	141.8709018
8.4875	23.00132457
8.4925	77.43029547
8.4975	168.7418781
8.5025	-297.2620377
8.5075	72.01943865
8.5125	-114.105769
8.5175	-41.84276418
8.5225	201.9492676
8.5275	-34.07870002
8.5325	33.49775175
8.5375	-69.85874086
8.5425	-103.3918936
8.5475	141.4527411
8.5525	-76.82984007
8.5575	-145.4507991
8.5625	9.124776954
8.5675	-314.867723
8.5725	384.1501606
8.5775	-358.934438
8.5825	-147.7025662
8.5875	260.5184494
8.5925	-111.1434219
8.5975	74.59356278
8.6025	284.6385269
8.6075	-62.3244169
8.6125	8.595484677
8.6175	-128.2038437
8.6225	25.43486528
8.6275	-54.51190939
8.6325	-139.57087
8.6375	184.3606781
8.6425	234.9239579
8.6475	-31.68846823
8.6525	83.39062305
8.6575	169.7551721
8.6625	36.28354677
8.6675	-184.3783616
8.6725	-93.99228822
8.6775	45.74313163
8.6825	43.11991728
8.6875	-219.7813711
8.6925	253.9548119
8.6975	-228.2713
8.7025	-42.15100426
8.7075	16.93323877
8.7125	34.19996631
8.7175	-199.8791663
8.7225	215.5926556
8.7275	35.91446249
8.7325	-40.57341253
8.7375	-87.83192202
8.7425	272.0229935
8.7475	121.8006458
8.7525	-164.5890909
8.7575	246.3161921
8.7625	103.5892256
8.7675	-147.8456133
8.7725	1.461645731
8.7775	-22.11659667
8.7825	-286.1639854
8.7875	128.2803517
8.7925	-27.80058723
8.7975	-120.5367884
8.8025	143.1806414
8.8075	25.99502018
8.8125	347.5543919
8.8175	-134.8972338
8.8225	145.7795332
8.8275	80.86549887
8.8325	-74.57653891
8.8375	177.4765452
8.8425	-92.66071007
8.8475	71.65228478
8.8525	-250.7743427
8.8575	-109.2974016
8.8625	64.27396554
8.8675	24.2128925
8.8725	102.8310308
8.8775	-63.6375098
8.8825	87.02967516
8.8875	-58.54733109
8.8925	-54.0244494
8.8975	-57.75739363
8.9025	-264.5465384
8.9075	7.736441678
8.9125	-10.55546454
8.9175	53.71414582
8.9225	120.4393285
8.9275	-111.9703444
8.9325	-174.2955734
8.9375	-70.12132192
8.9425	140.8163111
8.9475	-244.5512557
8.9525	231.5843029
8.9575	-34.97245356
8.9625	319.4819417
8.9675	-99.48065843
8.9725	-85.99775884
8.9775	7.517340614
8.9825	226.6784453
8.9875	-184.2049552
8.9925	-7.826301776
8.9975	-6.145918943
9.0025	57.5851148
9.0075	-201.0466341
9.0125	45.11882246
9.0175	145.9730884
9.0225	9.207508693
9.0275	-35.67807862
9.0325	-100.7455564
9.0375	218.8823385
9.0425	-72.56076117
9.0475	-68.80989277
9.0525	32.75465785
9.0575	-84.65292565
9.0625	-198.707122
9.0675	306.8785775
9.0725	-128.8427206
9.0775	-96.2638583
9.0825	111.3246622
9.0875	-72.64266041
9.0925	51.37052717
9.0975	256.9042712
9.1025	59.29089633
9.1075	-185.837555
9.1125	9.169890169
9.1175	-133.2887596
9.1225	275.9687536
9.1275	127.9797069
9.1325	-147.3941019
9.1375	-84.78817029
9.1425	31.26247294
9.1475	64.90172038
9.1525	17.02506948
9.1575	-12.66197794
9.1625	-15.56916109
9.1675	-321.7957159
9.1725	222.6904598
9.1775	-63.78760691
9.1825	-52.23425511
9.1875	126.8444736
9.1925	-248.1438877
9.1975	61.51672765
9.2025	267.8898504
9.2075	78.68867278
9.2125	-170.1583051
9.2175	-80.52649303
9.2225	-22.88834889
9.2275	-6.8463879
9.2325	-52.41491271
9.2375	-115.6716286
9.2425	141.6639937
9.2475	60.47531697
9.2525	97.69085994
9.2575	94.07132944
9.2625	-48.74665016
9.2675	15.48977222
9.2725	-111.1287576
9.2775	134.9757943
9.2825	-173.0750694
9.2875	132.540921
9.2925	176.4871001
9.2975	-122.0692021
9.3025	31.85018057
9.3075	214.8099439
9.3125	-141.2504818
9.3175	-8.155265095
9.3225	74.85023648
9.3275	-58.16998889
9.3325	-70.83866803
9.3375	73.86914637
9.3425	84.65951751
9.3475	21.21994656
9.3525	25.30869445
9.3575	16.15915987
9.3625	-59.27911425
9.3675	-42.34031683
9.3725	-164.8150326
9.3775	-2.678879332
9.3825	78.19389221
9.3875	11.1560564
9.3925	28.3333986
9.3975	-150.6800431
9.4025	69.08918795
9.4075	-102.1399277
9.4125	-77.96811719
9.4175	242.5995725
9.4225	-32.64138834
9.4275	-13.31198372
9.4325	-47.64022385
9.4375	19.37743191
9.4425	92.08333445
9.4475	-12.04594912
9.4525	-78.21195008
9.4575	-61.72557433
9.4625	327.4439705
9.4675	-20.89577318
9.4725	-351.3876461
9.4775	139.6957842
9.4825	-229.046005
9.4875	-0.628475926
9.4925	7.365523434
9.4975	288.8469662
9.5025	-218.7481134
9.5075	336.8048418
9.5125	-145.6875312
9.5175	65.24858709
9.5225	-34.29961945
9.5275	-83.50443416
9.5325	-100.8631206
9.5375	-87.97734058
9.5425	-46.20353785
9.5475	102.2177771
9.5525	247.9534579
9.5575	-165.1582509
9.5625	-152.7844504
9.5675	0.896731691
9.5725	149.2558185
9.5775	-81.69771943
9.5825	163.2807046
9.5875	128.4702044
9.5925	-144.5338937
9.5975	66.98565125
9.6025	26.65963394
9.6075	-87.94897991
9.6125	-310.6052659
9.6175	155.1830098
9.6225	-35.20441332
9.6275	2.0262366
9.6325	-62.20232124
9.6375	170.9799823
9.6425	-146.5538334
9.6475	40.02707131
9.6525	60.72757127
9.6575	148.2329144
9.6625	-96.10423658
9.6675	37.73938897
9.6725	-62.57288447
9.6775	18.10398726
9.6825	135.4726333
9.6875	102.4315908
9.6925	-210.5384511
9.6975	-79.97053512
9.7025	23.58818858
9.7075	-21.83485758
9.7125	8.172192124
9.7175	-9.593189038
9.7225	6.072650333
9.7275	120.3725386
9.7325	-3.443132815
9.7375	-166.559591
9.7425	177.1534827
9.7475	-367.8178369
9.7525	93.61321384
9.7575	-101.281935
9.7625	-16.56054492
9.7675	125.1634126
9.7725	127.1817304
9.7775	-73.89668056
9.7825	-99.88058684
9.7875	276.7045785
9.7925	-147.3316369
9.7975	-26.87379453
9.8025	77.82528275
9.8075	17.36689439
9.8125	-58.62293164
9.8175	196.1887486
9.8225	-293.0901469
9.8275	26.59128922
9.8325	-35.95738291
9.8375	77.63028691
9.8425	-25.6915303
9.8475	195.1748838
9.8525	-4.557531825
9.8575	45.41633946
9.8625	194.5517642
9.8675	-21.49629609
9.8725	-48.57677616
9.8775	149.43067
9.8825	-363.5238001
9.8875	277.0992228
9.8925	-113.6153707
9.8975	-90.66115512
9.9025	146.3045356
9.9075	-50.74675408
9.9125	-60.5511449
9.9175	76.17296505
9.9225	-226.9646824
9.9275	89.44623898
9.9325	-168.6464793
9.9375	19.8171844
9.9425	225.5755518
9.9475	93.82011821
9.9525	-62.53704441
9.9575	-88.14560529
9.9625	247.962215
9.9675	16.88934824
9.9725	-130.1475558
9.9775	-107.4879061
9.9825	58.39756544
9.9875	-14.19577523
9.9925	120.5311514
9.9975	62.86829618
10.0025	-223.2675514
	1.158818853
