0.0075 -206.7557873019644
0.012499999999999999 -277.987628327966
0.017499999999999998 167.69980397122112
0.0225 87.2079708259302
0.0275 10.475979878872533
0.0325 85.55883351939593
0.0375 -134.81794656060245
0.042499999999999996 64.20614742149021
0.0475 -168.9962511699546
0.0525 -139.3148971519739
0.057499999999999996 211.48637404281527
0.0625 247.09738842826576
0.06749999999999999 -109.90898525360232
0.0725 -3.6943028607507316
0.0775 186.72941044915228
0.08249999999999999 -249.02882130076384
0.0875 -18.99878044362863
0.0925 330.4510346581684
0.09749999999999999 -368.2383809080679
0.1025 177.67002493124195
0.1075 23.358434993084387
0.11249999999999999 -64.92710645069498
0.1175 -73.48559167530469
0.1225 27.903403658156712
0.1275 257.4652258607116
0.1325 -298.207189890824
0.13749999999999998 148.1689353426535
0.1425 275.59778326627094
0.1475 -183.8267106436282
0.1525 221.52157168505772
0.1575 -311.23614143419366
0.1625 185.44445557623328
0.16749999999999998 12.707516172125976
0.1725 -28.59514724716423
0.1775 -223.0625668083342
0.1825 -4.38222234143402
0.1875 229.52729127547212
0.1925 -155.1140410815566
0.19749999999999998 -172.31071514864018
0.20249999999999999 47.48001815952565
0.2075 321.9608236229926
0.2125 -315.35238073835956
0.2175 209.60444009582048
0.2225 336.98046105912164
0.22749999999999998 -221.01650463743198
0.23249999999999998 -98.69037806509121
0.2375 30.233412517149684
0.2425 1.1902779932547798
0.2475 68.16051886004455
0.2525 107.61839673801278
0.2575 -89.26720355117793
0.2625 85.0518295481403
0.2675 -229.6772225860454
0.27249999999999996 108.98197807819584
0.27749999999999997 -14.017579996611616
0.2825 -138.12313199086142
0.2875 75.40425953684228
0.2925 -45.01837744438966
0.2975 445.8346600749166
0.3025 -71.24946900480118
0.3075 -176.94060488802037
0.3125 46.61500254069745
0.3175 127.86228616693013
0.3225 -107.82587336539157
0.32749999999999996 -60.62979926226695
0.33249999999999996 -163.2050871580794
0.33749999999999997 76.20816705732935
0.34249999999999997 -44.835105519991586
0.3475 235.15022215382314
0.3525 -270.0853030893953
0.3575 378.62096948770164
0.3625 131.851420910769
0.3675 -327.9557256838381
0.3725 49.70058425420393
0.3775 -135.6128639658556
0.3825 -96.3335646568485
0.38749999999999996 -103.91860917272791
0.39249999999999996 219.34922077763994
0.39749999999999996 -42.91918093181245
0.40249999999999997 22.83300077241972
0.4075 -43.38007690976203
0.4125 -124.22278811290072
0.4175 -57.28332433098482
0.4225 23.79748268302366
0.4275 307.10623681801593
0.4325 -208.33764046073534
0.4375 76.4477263508494
0.4425 -20.871305573555933
0.44749999999999995 -19.37154494898757
0.45249999999999996 27.800213262265885
0.45749999999999996 -63.09844037073205
0.46249999999999997 -122.87427494393997
0.46749999999999997 -17.684953167154664
0.4725 95.02746192013672
0.4775 25.335922698756296
0.4825 303.2546565480227
0.4875 -75.9875930365791
0.4925 -53.49861082276615
0.4975 14.878919482093808
0.5025 -29.962364274911984
0.5075 162.3633690658912
0.5125 -211.8199850252118
0.5175 262.13466219880917
0.5225 20.55092021361225
0.5275 -97.07801478991982
0.5325 86.55569572379981
0.5375 62.46201299154961
0.5425 -150.08081288549346
0.5475 -10.931297242085328
0.5525 -484.7739454593316
0.5575 213.59001008435646
0.5625 239.4766676739398
0.5675 -419.7097184428566
0.5725 272.9723736186658
0.5775 -97.80108708241345
0.5825 163.93244665404671
0.5875 -164.97184612580773
0.5925 175.3145498245994
0.5974999999999999 69.72673719442548
0.6024999999999999 -223.91072783617773
0.6074999999999999 136.1255052796488
0.6124999999999999 -18.65667091274081
0.6174999999999999 -247.7862516328807
0.6224999999999999 238.5325875430946
0.6275 31.044733507562675
0.6325 50.55951185363095
0.6375 2.4259849380770215
0.6425 49.9617978144101
0.6475 144.169097911499
0.6525 -178.55381384023346
0.6575 180.6357340828934
0.6625 -102.07521064702195
0.6675 163.91737792770232
0.6725 112.75216472498234
0.6775 -54.19617906482667
0.6825 169.96677464241228
0.6875 -257.33333931457236
0.6925 -79.96565333403399
0.6975 46.47491654582701
0.7025 -66.7643949659426
0.7075 232.0394063519041
0.7125 12.191107331337403
0.7174999999999999 4.3926036336433
0.7224999999999999 11.992534565562135
0.7274999999999999 -284.4954511880524
0.7324999999999999 -13.355067111601695
0.7374999999999999 37.358145948118604
0.7424999999999999 187.40353105957075
0.7474999999999999 -76.62363204415192
0.7525 -118.84326116357374
0.7575 -28.784108095218272
0.7625 105.4494832450118
0.7675 -246.90587336086313
0.7725 -63.05715070522826
0.7775 157.24468773365217
0.7825 152.3444289829256
0.7875 22.54799706615512
0.7925 -4.2501119125164015
0.7975 6.684955841887315
0.8025 -240.7457699059407
0.8075 -147.78558552334013
0.8125 -17.477433384176567
0.8175 449.4004537109551
0.8225 -399.32350558936963
0.8275 85.66274973531003
0.8325 292.4823563023595
0.8374999999999999 4.667101437190634
0.8424999999999999 -64.89657990268194
0.8474999999999999 120.10235060571765
0.8524999999999999 74.3087950079479
0.8574999999999999 3.29951966547247
0.8624999999999999 -68.00723767163363
0.8674999999999999 -159.38542849481692
0.8724999999999999 67.29500374650853
0.8775 -109.59909523672096
0.8825 -103.32757488834058
0.8875 106.39583188416697
0.8925 -113.36176567077027
0.8975 3.3018900283983776
0.9025 -22.774261984328607
0.9075 73.77137633549206
0.9125 198.34645276296635
0.9175 194.8898566177611
0.9225 -120.2359345094824
0.9275 -222.48240437134297
0.9325 114.34358572067184
0.9375 -126.35060767232041
0.9425 68.84566559244456
0.9475 -261.312912808941
0.9524999999999999 68.01971174929618
0.9574999999999999 -76.45863720482149
0.9624999999999999 33.11683387966976
0.9674999999999999 -90.88853592096163
0.9724999999999999 243.84636052419472
0.9774999999999999 -206.33260797728923
0.9824999999999999 160.85066592289107
0.9874999999999999 77.06634913195633
0.9924999999999999 -63.7223865337936
0.9974999999999999 36.34142091756153
1.0025 184.1018524874409
1.0075 -338.09921696308135
1.0125 94.36492863953151
1.0174999999999998 167.6999263447928
1.0225 123.0486977746647
1.0274999999999999 125.80382163191008
1.0325 -146.11753005212378
1.0374999999999999 3.3062204738236907
1.0425 -143.96666504904263
1.0474999999999999 58.202920964220205
1.0525 -70.72968393638168
1.0574999999999999 297.87509400509236
1.0625 -178.38083310556806
1.0675 -38.31943430325392
1.0725 230.7694140495456
1.0775 93.32057599876647
1.0825 -117.92616966867378
1.0875 69.89648297899345
1.0925 71.48300070909512
1.0975 -238.68948806558583
1.1025 -117.13339942205062
1.1075 303.4259060256094
1.1125 -103.89808386803325
1.1175 -3.7773815548816496
1.1225 -160.21277867963175
1.1275 165.056523777041
1.1324999999999998 184.80944252467168
1.1375 -444.9568160543019
1.1424999999999998 -143.41934355846377
1.1475 514.1666736531331
1.1524999999999999 -188.45831811978118
1.1575 -97.42841721919588
1.1624999999999999 116.2863760448866
1.1675 38.728268747840666
1.1724999999999999 -17.56777442345155
1.1775 -290.79360838125547
1.1824999999999999 245.5780376370467
1.1875 -57.78285601404941
1.1925 -45.442937156112315
1.1975 192.97867847935893
1.2025 118.9774473377537
1.2075 -332.2664136986199
1.2125 190.77478058624126
1.2175 -262.4741982661174
1.2225 157.29395914957962
1.2275 16.67793512822177
1.2325 96.6105110502985
1.2375 -241.14256515959022
1.2425 96.6850160283006
1.2475 36.392333323610494
1.2525 234.85006978363913
1.2574999999999998 -193.55216998590123
1.2625 -99.24269973323162
1.2674999999999998 370.8210198738862
1.2725 -279.5958452279595
1.2774999999999999 310.286427250423
1.2825 -319.94238511476374
1.2874999999999999 64.44214169653844
1.2925 -162.4388320118455
1.2974999999999999 166.10168354881748
1.3025 26.132620968439284
1.3074999999999999 29.48017002387842
1.3125 -69.02036031372494
1.3175 122.45254610383513
1.3225 -168.78331562860092
1.3275 16.426871403114493
1.3325 81.66231714752658
1.3375 92.81040242041863
1.3425 -87.4547738453896
1.3475 -58.090572649980025
1.3525 -11.064481754039795
1.3575 114.76407447157504
1.3625 -27.99354889971693
1.3675 -93.5754534370236
1.3724999999999998 35.61466467066903
1.3775 -329.41075008336406
1.3824999999999998 307.1850240815215
1.3875 67.73897348572095
1.3924999999999998 84.9386482054171
1.3975 -83.50941929951205
1.4024999999999999 64.69616847399148
1.4075 24.84532112840013
1.4124999999999999 10.920594423185172
1.4175 -164.02248413613717
1.4224999999999999 -12.90560733868348
1.4275 -18.904731485130316
1.4324999999999999 -9.044953430204043
1.4375 -10.767609949565552
1.4425 -72.4802596242754
1.4475 -214.90326377994518
1.4525 160.05487075042976
1.4575 -18.800170110482686
1.4625 -80.78152642393849
1.4675 13.721981272036794
1.4725 80.63078142780162
1.4775 41.645461531791845
1.4825 124.42432442446353
1.4874999999999998 -250.68517614792475
1.4925 -219.2215517198691
1.4974999999999998 227.36862285184154
1.5025 72.08540636025849
1.5074999999999998 131.8056145091042
1.5125 -149.33332527260163
1.5174999999999998 143.62082522956888
1.5225 -133.17681090664533
1.5274999999999999 187.42993269712517
1.5325 -5.68621845987346
1.5374999999999999 -36.056064910284455
1.5425 -24.396950829791578
1.5474999999999999 62.217471962856074
1.5525 11.949708552499104
1.5574999999999999 -71.27689305380973
1.5625 36.75035523477294
1.5675 122.1907058725157
1.5725 2.6521800506808324
1.5775 -127.72899410933069
1.5825 133.13315433230838
1.5875 27.08399036990399
1.5925 -46.353646787006404
1.5975 13.055639278492182
1.6025 11.701503631928755
1.6075 -133.96154794919892
1.6124999999999998 114.515846063174
1.6175 -1.210156593098219
1.6224999999999998 176.8566322746857
1.6275 -24.593140645762478
1.6324999999999998 95.43487597599228
1.6375 -178.4561587431115
1.6424999999999998 -66.50597566808312
1.6475 104.61892889572921
1.6524999999999999 -52.890076870900906
1.6575 131.07126113323986
1.6624999999999999 164.5645759781474
1.6675 -126.16503323735891
1.6724999999999999 -263.10606736133747
1.6775 13.725929826388404
1.6824999999999999 -14.94348409927426
1.6875 127.19592483046613
1.6925 -160.11061599147055
1.6975 316.64843058895434
1.7025 -296.8066151885004
1.7075 -8.974026925187454
1.7125 -53.31614695869494
1.7175 251.80012347052948
1.7225 5.957949716056419
1.7274999999999998 42.634077879261135
1.7325 -131.50351495170037
1.7374999999999998 5.791514026607267
1.7425 -51.597724630707425
1.7474999999999998 -73.73932853923952
1.7525 157.77195268926678
1.7574999999999998 -51.89562532717171
1.7625 59.62188276035349
1.7674999999999998 -8.86711926757481
1.7725 -77.49960430835324
1.7774999999999999 -164.9765207962477
1.7825 -27.978862228926868
1.7874999999999999 113.5341382959589
1.7925 -81.05082772587156
1.7974999999999999 121.02219859821689
1.8025 -94.51470454882711
1.8074999999999999 -17.994888058457708
1.8125 161.60909932543598
1.8175 49.618733572286075
1.8225 55.692757515984425
1.8275 -191.54864361847876
1.8325 -5.418958806372879
1.8375 -28.0365718947551
1.8425 46.2688863938037
1.8475 83.39336158572307
1.8524999999999998 -300.51686342022356
1.8575 292.23629147186506
1.8624999999999998 9.944628830222612
1.8675 -93.74585126692251
1.8724999999999998 -229.16066294943616
1.8775 110.34950590027483
1.8824999999999998 61.595192000681095
1.8875 275.9375780944703
1.8924999999999998 -225.67271719525965
1.8975 430.65363874091446
1.9024999999999999 -377.25195581360987
1.9075 -71.67867430679247
1.9124999999999999 337.4095957002441
1.9175 -224.11190281674274
1.9224999999999999 234.76185922877252
1.9275 -83.7702658705875
1.9324999999999999 -249.7448218317929
1.9375 84.48524609551423
1.9425 -242.34941964001914
1.9475 166.21079366755225
1.9525 -10.117012401595648
1.9575 297.65186362253644
1.9625 -455.15615794086284
1.9674999999999998 270.8142792981465
1.9725 -179.97044122890156
1.9774999999999998 -91.67212187888212
1.9825 163.88969807845353
1.9874999999999998 -71.91780989826849
1.9925 251.34606962266884
1.9974999999999998 98.99892815715442
2.0025 102.87075927950119
2.0075 -74.31033717812063
2.0124999999999997 -159.12896270023256
2.0175 44.2776923217604
2.0225 -362.25649781624026
2.0275 254.81202866195605
2.0324999999999998 -222.64903808721908
2.0375 339.85104240752435
2.0425 -98.27374342377497
2.0475 23.080357367810574
2.0524999999999998 -155.17412637369014
2.0575 160.06925043461462
2.0625 -117.61794945891626
2.0675 -22.82622167129949
2.0725 82.89586485673026
2.0775 -29.745893444956184
2.0825 193.60254723784678
2.0875 -317.9973662756987
2.0925 -20.722626289364396
2.0974999999999997 64.95055585872764
2.1025 -66.92349363605203
2.1075 98.09048228930475
2.1125 162.40768885893235
2.1174999999999997 26.96679371015074
2.1225 25.024136944189017
2.1275 -282.75306311451027
2.1325 250.55028708231814
2.1374999999999997 -66.86736801715912
2.1425 -260.21565715202695
2.1475 80.61136343945049
2.1525 -44.31786532842219
2.1574999999999998 1.6397379635497211
2.1625 75.2179495898377
2.1675 148.67551903306173
2.1725 -8.94120580691228
2.1774999999999998 -59.887258008882014
2.1825 -84.43361142222311
2.1875 11.968486382327185
2.1925 -152.1960556326634
2.1975 2.083586908204242
2.2024999999999997 -107.07882244851176
2.2075 157.80164420213336
2.2125 -112.8305734857148
2.2175 253.3890648223777
2.2224999999999997 86.90379881287612
2.2275 -154.1751097200534
2.2325 -257.93540249243955
2.2375 243.51446209743196
2.2424999999999997 3.5256297087062576
2.2475 -61.71198296901679
2.2525 208.35515882965834
2.2575 -18.977610078888798
2.2624999999999997 -117.07623455300141
2.2675 -90.59149297441562
2.2725 16.009759373284048
2.2775 41.49479597978824
2.2824999999999998 112.89138551896302
2.2875 -68.88473802646772
2.2925 -38.897326389752436
2.2975 73.5469128089282
2.3024999999999998 -20.85188735493193
2.3075 -133.9772002856336
2.3125 161.2388962436762
2.3175 22.212660715085672
2.3225 -76.73826357949233
2.3274999999999997 -63.41337204718411
2.3325 6.519011127050536
2.3375 191.54531841273217
2.3425 -19.178475704327884
2.3474999999999997 123.03319685907692
2.3525 -107.59343752959089
2.3575 242.37060632123513
2.3625 -62.64589517189636
2.3674999999999997 -136.55276931572214
2.3725 -3.863413399625765
2.3775 135.39641722408473
2.3825 -40.44361910442436
2.3874999999999997 99.99160757037403
2.3925 46.54788129452753
2.3975 70.73603384180558
2.4025 -230.377687331598
2.4074999999999998 -109.12730103690991
2.4125 -115.16820240227626
2.4175 -88.86340971348598
2.4225 284.0446611617757
2.4274999999999998 -15.852062604285559
2.4325 -175.5839772615701
2.4375 39.65423811640823
2.4425 61.95729816269606
2.4475 58.80106637028138
2.4524999999999997 -166.57048499108512
2.4575 -35.64159185665947
2.4625 150.06097379389186
2.4675 -61.4321445459472
2.4724999999999997 -58.153297987443
2.4775 138.8702364626269
2.4825 -220.1523837931067
2.4875 58.13225052261284
2.4924999999999997 10.824837522734192
2.4975 12.41317411228598
2.5025 212.10573372993844
2.5075 -153.20772742421502
2.5124999999999997 188.79955731798424
2.5175 151.28397855934554
2.5225 -161.07571121736248
2.5275 13.139939635884721
2.5324999999999998 2.746668238192511
2.5375 174.11990287586917
2.5425 -69.182445030569
2.5475 -305.8558123458417
2.5524999999999998 81.35202698222407
2.5574999999999997 -221.78493961225644
2.5625 -14.668100008423304
2.5675 -45.604435006150034
2.5725 133.5110591856023
2.5774999999999997 340.98792999569497
2.5825 -328.768301463907
2.5875 224.18070492313336
2.5925 50.06066414672317
2.5974999999999997 4.081475209374475
2.6025 -212.9943251436978
2.6075 301.33492311531967
2.6125 15.357339018329474
2.6174999999999997 -81.73848087955574
2.6225 -27.755519012674487
2.6275 -20.274341500111493
2.6325 -42.70376397022687
2.6374999999999997 117.59537140334811
2.6425 -224.72297011536753
2.6475 161.55913130124108
2.6525 99.70506050967633
2.6574999999999998 234.1686274176813
2.6625 -132.14161575658005
2.6675 -283.1588220349121
2.6725 51.10860457007608
2.6774999999999998 -9.74810713761863
2.6824999999999997 161.46939357683314
2.6875 -16.896304845667082
2.6925 -112.64553727653207
2.6975 262.7912781908835
2.7024999999999997 -134.92038376689698
2.7075 0.4385168781238445
2.7125 -48.11301348635909
2.7175 -232.84680994059244
2.7224999999999997 277.81013046238616
2.7275 14.87143257980082
2.7325 -122.67069998777174
2.7375 359.1731529382468
2.7424999999999997 -380.3438039750801
2.7475 147.75559176090982
2.7525 -153.871198770619
2.7575 -243.03144841223755
2.7624999999999997 24.62019810039379
2.7675 153.867158271608
2.7725 -66.09271842632215
2.7775 96.30780885651006
2.7824999999999998 79.10199333147388
2.7875 -44.86439570017672
2.7925 -16.004890484143136
2.7975 88.78438349255427
2.8024999999999998 143.33184832975775
2.8074999999999997 -314.4764470284125
2.8125 63.860256810405
2.8175 135.57937860909647
2.8225 9.496043107250848
2.8274999999999997 -90.38295472340599
2.8325 135.47585714663958
2.8375 -81.26435250255238
2.8425 50.03125369831807
2.8474999999999997 48.82747539999655
2.8525 57.718772527316986
2.8575 -154.405582578496
2.8625 -147.93961463796794
2.8674999999999997 168.43510360401848
2.8725 -24.309597922042922
2.8775 -305.1379742374694
2.8825 -129.54565412475068
2.8874999999999997 -290.6599485450184
2.8925 243.2849432265109
2.8975 244.7703804850543
2.9025 -13.458992801598768
2.9074999999999998 295.3432543484575
2.9125 -112.50830913221101
2.9175 -146.36682212371522
2.9225 48.531864536752906
2.9274999999999998 -117.4554655147425
2.9324999999999997 -47.35591319913525
2.9375 86.74686878667598
2.9425 293.10570885490984
2.9475 -11.20041273850053
2.9524999999999997 -159.08713988728874
2.9575 129.12324345084895
2.9625 -162.89352220227914
2.9675 19.313271838391454
2.9724999999999997 273.26015013900593
2.9775 -222.50194663301687
2.9825 47.20374442596669
2.9875 -40.7310435704729
2.9924999999999997 -161.55704937150787
2.9975 -46.27577668381437
3.0025 71.06587114563196
3.0075 126.3092668533478
3.0124999999999997 129.96748687959112
3.0175 -239.17665083577606
3.0225 386.4774425332066
3.0275 -212.1004619948945
3.0324999999999998 145.8173034682898
3.0374999999999996 100.97191198904883
3.0425 -305.99198465624926
3.0475 -62.56551678878932
3.0524999999999998 -15.818324736898317
3.0574999999999997 80.29169393200529
3.0625 -63.25972758690424
3.0675 160.30440164786282
3.0725 -149.49897184988987
3.0774999999999997 179.2746922081485
3.0825 -78.91028578886475
3.0875 -7.773491131763251
3.0925 -133.93003471491963
3.0974999999999997 -73.60376217538874
3.1025 -29.68940988336597
3.1075 192.31979416812746
3.1125 -72.19809511645936
3.1174999999999997 -153.4852035768046
3.1225 83.81125154303312
3.1275 -21.0845484962683
3.1325 229.309694222127
3.1374999999999997 -50.11954451972092
3.1425 -73.89367253554167
3.1475 -205.31533983176735
3.1525 325.86341472423004
3.1574999999999998 -58.762870946855614
3.1624999999999996 98.88991277924939
3.1675 91.44575735125291
3.1725 140.88977843835306
3.1774999999999998 -129.6217825921377
3.1824999999999997 86.50735607406384
3.1875 -72.77331116927162
3.1925 120.56689147392188
3.1975 -209.66132985871818
3.2024999999999997 14.586163928174207
3.2075 62.5835896547351
3.2125 -146.57824654883484
3.2175 -147.63668820365575
3.2224999999999997 -218.03282431819414
3.2275 -153.1080832302146
3.2325 260.85021701839565
3.2375 -73.80196157018575
3.2424999999999997 194.98148409276084
3.2475 -38.736428564969636
3.2525 173.36176412388397
3.2575 -95.41335539914368
3.2624999999999997 123.41556611080263
3.2675 76.97293477253656
3.2725 -75.8259567596624
3.2775 -57.1844192470407
3.2824999999999998 9.998840848835702
3.2874999999999996 106.65950506270052
3.2925 -19.71573930446727
3.2975 -70.52487627002303
3.3024999999999998 -71.42076739892042
3.3074999999999997 -73.65214973832556
3.3125 -206.33407297316108
3.3175 348.7975873865296
3.3225 -37.37925275755183
3.3274999999999997 42.55954316316527
3.3325 247.78423970609387
3.3375 -85.27627294227786
3.3425 13.445060109911926
3.3474999999999997 -88.21404711881075
3.3525 -416.177511681008
3.3575 268.7677206589796
3.3625 -47.01080643683151
3.3674999999999997 79.0226873619255
3.3725 71.35788751547895
3.3775 -85.84704992667184
3.3825 0.009604680574512876
3.3874999999999997 -156.4234267196028
3.3924999999999996 139.6352885319078
3.3975 -32.68489333097364
3.4025 -81.95137839299308
3.4074999999999998 -80.07715398101709
3.4124999999999996 -25.80367449158128
3.4175 198.78286422352627
3.4225 59.85524205607502
3.4274999999999998 -7.084405812536411
3.4324999999999997 -13.040477028474575
3.4375 193.6152247451242
3.4425 25.339821941821874
3.4475 -165.99212012152938
3.4524999999999997 -54.950805497926574
3.4575 109.00586842584016
3.4625 -107.20514816026781
3.4675 26.643090085542088
3.4724999999999997 70.30009207206743
3.4775 62.729131438448945
3.4825 -310.4725283728487
3.4875 269.65408362368095
3.4924999999999997 -217.02701698400242
3.4975 240.00717194352796
3.5025 -302.4560211902292
3.5075 108.27998589993288
3.5124999999999997 -287.71672058630554
3.5174999999999996 117.61379533670184
3.5225 229.84721342512992
3.5275 -115.49506260711307
3.5324999999999998 -53.29745432982136
3.5374999999999996 11.008258071808894
3.5425 101.41196111916481
3.5475 -149.32484021152004
3.5524999999999998 119.54387698456402
3.5574999999999997 -196.72542499481904
3.5625 0.569109233277677
3.5675 77.857725187497
3.5725 -154.65572221865614
3.5774999999999997 465.4811187002187
3.5825 -158.32204511884223
3.5875 -186.54341216000213
3.5925 22.04286916070475
3.5974999999999997 -92.33754209020809
3.6025 41.478464075276996
3.6075 -20.798325462366705
3.6125 -60.899724636519714
3.6174999999999997 -36.13587358191248
3.6225 46.18640279050948
3.6275 -80.01719658900366
3.6325 324.59220792996445
3.6374999999999997 -90.95557895763086
3.6424999999999996 268.1955763154302
3.6475 29.95377449725186
3.6525 -173.748737714142
3.6574999999999998 -71.14670162013584
3.6624999999999996 -113.4520878934638
3.6675 28.21388020465921
3.6725 -47.62565705258995
3.6774999999999998 197.3984752312383
3.6824999999999997 -239.50124870854972
3.6875 24.07856550057477
3.6925 140.3228576031056
3.6975 87.01152703956578
3.7024999999999997 -33.33538836640513
3.7075 -20.41417157960526
3.7125 -103.03561529719917
3.7175 -64.6235540689842
3.7224999999999997 135.09569476411625
3.7275 -172.72860431644335
3.7325 7.191017865601869
3.7375 -148.8276197112589
3.7424999999999997 200.04400125185262
3.7474999999999996 -120.79852688129589
3.7525 4.758242962460514
3.7575 363.5693518979698
3.7624999999999997 -192.62424510739515
3.7674999999999996 -59.57728887682858
3.7725 219.0226030172181
3.7775 -10.103159186938187
3.7824999999999998 31.73594401492238
3.7874999999999996 -124.69536876028683
3.7925 -171.54506881092564
3.7975 313.4445848804746
3.8024999999999998 -203.67570253034916
3.8074999999999997 169.38799827527353
3.8125 -131.7302504077708
3.8175 -201.79417114589782
3.8225 339.6347883839383
3.8274999999999997 31.817361685193834
3.8325 -147.09018809633292
3.8375 525.7659042304133
3.8425 -386.32439582834934
3.8474999999999997 38.23752072395188
3.8525 -152.09959999392112
3.8575 -129.43164774730198
3.8625 145.02813156802148
3.8674999999999997 74.9758036084972
3.8724999999999996 131.3535628507784
3.8775 -259.3344545361024
3.8825 221.7641963707573
3.8874999999999997 192.96528344188076
3.8924999999999996 -41.664569441302376
3.8975 10.74087865997824
3.9025 17.797548831443898
3.9074999999999998 -341.33353927914965
3.9124999999999996 -3.496016883362106
3.9175 39.984670313694586
3.9225 199.91057024103623
3.9274999999999998 -81.58371495760012
3.9324999999999997 -128.65044414294368
3.9375 -213.76418846811487
3.9425 219.61699231123805
3.9475 166.71057365054142
3.9524999999999997 -75.25845234722073
3.9575 12.19254160223184
3.9625 -18.838616333938255
3.9675 43.17361216707848
3.9724999999999997 -229.05212417053843
3.9775 95.838194859483
3.9825 -201.78104081080335
3.9875 147.6410857571688
3.9924999999999997 -25.76226643293646
3.9974999999999996 -126.58747830004359
4.0024999999999995 64.87438765282594
4.007499999999999 329.8665555838988
4.0125 -49.749029977483445
4.0175 -99.67718959975424
4.0225 40.386759342789446
4.0275 102.25229456425774
4.0325 2.1329143791226155
4.0375 149.7464873993395
4.0424999999999995 -294.9347546548024
4.047499999999999 -209.7891307641437
4.0525 312.2693555798263
4.0575 -156.19603109594343
4.0625 16.46788233978139
4.0675 179.62955174936542
4.0725 147.68809813064527
4.0775 -237.11905528469975
4.0825 -144.00464822669292
4.0874999999999995 -188.8561457524096
4.0925 132.7598986220642
4.0975 129.7960315051804
4.1025 -328.0465641782614
4.1075 132.40167189964976
4.1125 59.00778612369827
4.1175 -77.29581053335325
4.1225 10.513581790475426
4.1274999999999995 79.14443867061969
4.132499999999999 -183.47602522546754
4.1375 59.891694511402825
4.1425 -58.23737606574303
4.1475 80.39456418284233
4.1525 5.328602519745611
4.1575 -165.2123368894542
4.1625 390.0687537564322
4.1674999999999995 -146.919277448797
4.172499999999999 -67.83395478609289
4.1775 91.33393317091553
4.1825 14.311370651664172
4.1875 -173.26845848614553
4.1925 299.55822346603253
4.1975 -65.12767581366445
4.2025 -101.11414652829838
4.2075 0.972772522711728
4.2124999999999995 169.16880422214527
4.2175 -209.20935965118898
4.2225 303.3557667247787
4.2275 -109.58582244123002
4.2325 -148.5750069077934
4.2375 -62.54449419342695
4.2425 183.68180493931837
4.2475 -89.11004417321915
4.2524999999999995 62.47891182781761
4.257499999999999 124.11705958386466
4.2625 251.14752376592088
4.2675 -222.75967553997586
4.2725 71.73763320283209
4.2775 -88.80932197641965
4.2825 -0.34629482217731544
4.2875 0.183189799230915
4.2924999999999995 114.77067290719637
4.297499999999999 -127.44673190003401
4.3025 70.32526753959162
4.3075 26.110610995992143
4.3125 98.21418053849781
4.3175 -81.87849313777
4.3225 140.10573221434956
4.3275 -39.71423837206789
4.3325 -194.4260405004562
4.3374999999999995 -40.206958995430284
4.342499999999999 185.4729979617861
4.3475 6.26011079331937
4.3525 -17.145701950462232
4.3575 -246.28793833074295
4.3625 87.47204475323905
4.3675 122.88705505010819
4.3725 277.2127632798697
4.3774999999999995 -355.38362814405184
4.382499999999999 268.1050765184452
4.3875 -54.259533807893014
4.3925 -45.250614645185095
4.3975 141.3038128345348
4.4025 -205.3122685511821
4.4075 261.3637199474014
4.4125 -68.15041192560003
4.4174999999999995 -238.45840073226694
4.422499999999999 -35.416988587371755
4.4275 252.51841922974316
4.4325 -183.55793521909231
4.4375 -80.6874400625501
4.4425 -109.20458854979138
4.4475 -72.53680557335991
4.4525 320.11819195522133
4.4575 -282.0114397287055
4.4624999999999995 191.10889642541335
4.467499999999999 219.9136032165732
4.4725 -58.94309471664179
4.4775 -0.8300407256906189
4.4825 -92.93578756627066
4.4875 -284.69742662994025
4.4925 406.825270909258
4.4975 -91.60477769569724
4.5024999999999995 -207.4419113123399
4.507499999999999 -32.976526461005946
4.5125 46.52273541706457
4.5175 -33.516034053620764
4.5225 7.146699908575507
4.5275 81.46979773480852
4.5325 -2.3857919634695333
4.5375 29.078311070256856
4.5424999999999995 -292.66052215658107
4.547499999999999 193.09945277324655
4.5525 172.3053391328913
4.5575 -10.401894786964405
4.5625 -58.47423399556333
4.5675 38.369050009988285
4.5725 248.70859190133189
4.5775 -259.9321289026008
4.5825 -88.30677957452934
4.5874999999999995 -14.735518109193043
4.592499999999999 93.77045124969835
4.5975 78.07423586287989
4.6025 23.440214487795465
4.6075 -74.26638322284593
4.6125 -31.71788262972297
4.6175 -86.82445349956652
4.6225 -124.13486796499414
4.6274999999999995 71.28573461015925
4.632499999999999 -151.71079297123114
4.6375 84.4307089316369
4.6425 25.541612803572363
4.6475 105.88660661053567
4.6525 187.66522299517476
4.6575 25.886998393401356
4.6625 129.04604112247392
4.6674999999999995 -74.44522180275085
4.672499999999999 -282.35321681139015
4.6775 28.89183262931832
4.6825 84.16753555210032
4.6875 -146.25566751103344
4.6925 204.55127260656988
4.6975 -677.7245674370753
4.7025 153.35255207248167
4.7075 173.6504231155776
4.7124999999999995 58.8538831985923
4.717499999999999 215.71139292548781
4.7225 -275.4370946608205
4.7275 102.09355577771676
4.7325 -33.28597099861091
4.7375 211.76193248310986
4.7425 -30.353515203822177
4.7475 28.057993849031643
4.7524999999999995 -25.2584757548223
4.757499999999999 -251.61052706940941
4.7625 -98.90668216927956
4.7675 47.46336193215321
4.7725 75.80770020177452
4.7775 113.31042631418526
4.7825 108.25713309595852
4.7875 -64.96825686691676
4.7924999999999995 57.75351530542175
4.797499999999999 194.13560875322665
4.8025 -7.180575649775696
4.8075 68.09898890184218
4.8125 -307.32758639772504
4.8175 -221.6402387849909
4.8225 -52.31706148637215
4.8275 447.8904871305047
4.8325 -96.44427194807103
4.8374999999999995 144.2791560964534
4.842499999999999 -231.2534936677628
4.8475 -125.27842109687379
4.8525 152.7777556425944
4.8575 -55.63761124752266
4.8625 80.14086600474629
4.8675 -82.0316224283402
4.8725 95.953535240448
4.8774999999999995 -180.825755649935
4.882499999999999 -14.092918693915278
4.8875 44.07813602774657
4.8925 166.81633468094543
4.8975 91.35677334277926
4.9025 -115.59944555319802
4.9075 -283.27303447366546
4.9125 94.92935134331742
4.9174999999999995 215.36415225757906
4.922499999999999 -125.04908302303609
4.9275 -46.838161143916366
4.9325 128.88282175260943
4.9375 -396.8458253833458
4.9425 25.06891376304521
4.9475 270.9158099531266
4.9525 -77.09075585001877
4.9575 -4.321132204375192
4.9624999999999995 217.08805994802313
4.967499999999999 -31.44296355844458
4.9725 -224.9161926559531
4.9775 265.20658537690485
4.9825 -177.63318877555375
4.9875 50.48602079988363
4.9925 -96.31722160055209
4.9975 235.40202801542995
5.0024999999999995 122.57658829842583
5.007499999999999 -142.42536293916092
5.0125 192.31401181948664
5.0175 2.3487510952176627
5.0225 98.38963856493183
5.0275 -83.0974716317852
5.0325 -154.55253330309077
5.0375 115.75675223998857
5.0424999999999995 -98.91248221603374
5.047499999999999 3.6727085965901254
5.0525 -229.09881403044037
5.0575 -122.50772132088376
5.0625 455.0715187205234
5.0675 -169.7833957480513
5.0725 7.9703291534709235
5.0775 385.9593909916982
5.0825 -376.9071560379113
5.0874999999999995 -122.39253620961189
5.092499999999999 109.84791478842412
5.0975 -264.6755524995414
5.1025 323.39245572215276
5.1075 56.64440151782278
5.1125 -50.10529418308553
5.1175 -150.43973460426542
5.1225 326.8482882825873
5.1274999999999995 -163.89323059555738
5.132499999999999 -109.74978407917853
5.1375 168.7719117275608
5.1425 -70.93460035731778
5.1475 68.54149594791123
5.1525 29.684456780154193
5.1575 131.026712514778
5.1625 -86.99128196870558
5.1674999999999995 -11.935090239849377
5.172499999999999 81.71183265267504
5.177499999999999 -89.5458881756844
5.1825 -2.2117078270990675
5.1875 -259.2015963125524
5.1925 265.84603518593224
5.1975 -81.23266222134755
5.2025 12.924656364136647
5.2075 -64.46434881544133
5.2124999999999995 54.70572676156817
5.217499999999999 -55.78662304570963
5.2225 67.94709777193849
5.2275 -70.76693882679957
5.2325 75.43138646808204
5.2375 28.56654972771196
5.2425 122.56554717581288
5.2475 36.69308782440124
5.2524999999999995 -263.86346568742147
5.257499999999999 -124.28807809778277
5.2625 87.25840110642343
5.2675 -175.08112333340983
5.2725 -152.83322297720133
5.2775 126.38341576373149
5.2825 2.5222306337723284
5.2875 96.49687679377544
5.2924999999999995 -163.98238118999
5.297499999999999 175.10968216702332
5.302499999999999 218.9086622346355
5.3075 -192.7731745665902
5.3125 80.54624806718098
5.3175 -141.99505916988278
5.3225 59.91637133951834
5.3275 112.62917685108353
5.3325 178.83479974581084
5.3374999999999995 -98.7431692344274
5.342499999999999 210.29016737897157
5.3475 -380.39851009343715
5.3525 78.67132388890988
5.3575 -155.14831410304728
5.3625 107.55175472253987
5.3675 157.14646767854077
5.3725 11.6658836458499
5.3774999999999995 -154.07976070683608
5.382499999999999 91.07255164311333
5.3875 -22.313732863925242
5.3925 305.2813405348807
5.3975 -236.86776681329087
5.4025 115.29877552964713
5.4075 -299.1732468677221
5.4125 122.91911363628857
5.4174999999999995 -41.91868961084414
5.422499999999999 249.9371990078499
5.427499999999999 -210.74254299830127
5.4325 -138.42848076397135
5.4375 139.1234687329551
5.4425 -150.75570958120872
5.4475 -94.1019892048745
5.4525 95.80738151074726
5.4575 114.98660929853936
5.4624999999999995 14.936035907492164
5.467499999999999 62.89133101210098
5.4725 -99.78811643969122
5.4775 -72.67593351803785
5.4825 157.2988844555688
5.4875 -14.059329780165877
5.4925 -127.07738704724228
5.4975 186.2524243758001
5.5024999999999995 29.05256526211533
5.507499999999999 -286.40954800193254
5.5125 181.86721117862967
5.5175 196.01095862375712
5.5225 -383.1873603373234
5.5275 141.38235084824035
5.5325 65.69982472257873
5.5375 161.13991346731729
5.5424999999999995 -270.57728812258637
5.547499999999999 105.69417425123497
5.552499999999999 65.98275751108677
5.5575 -176.18421152199804
5.5625 248.79874674855955
5.5675 -48.57618613908073
5.5725 -12.733241465423776
5.5775 -209.27440909963113
5.5825 56.014623958003334
5.5874999999999995 115.82312759950118
5.592499999999999 -51.30590734818735
5.5975 -6.187870445996895
5.6025 41.00494773061287
5.6075 252.85001397596093
5.6125 -78.5980368569077
5.6175 170.3705863838183
5.6225 -277.0403950380893
5.6274999999999995 6.233516840927022
5.632499999999999 -9.188812807579477
5.6375 -151.95369727396292
5.6425 56.81683851249703
5.6475 -74.24514706586324
5.6525 74.67849859499982
5.6575 -81.28683529095287
5.6625 211.29448636104522
5.6674999999999995 -142.03591957389798
5.672499999999999 298.3741092848427
5.677499999999999 -130.97476453882638
5.6825 286.65713533071914
5.6875 -251.51811502191356
5.6925 -23.064709735521237
5.6975 1.175158935844614
5.7025 42.025383575251965
5.7075 -79.49835132987734
5.7124999999999995 -91.1727295437879
5.717499999999999 -13.432941178776364
5.7225 -32.77712194969639
5.7275 -90.68481821824246
5.7325 109.8969860643488
5.7375 38.602007907236086
5.7425 -133.59114992502356
5.7475 160.30667753312795
5.7524999999999995 4.5404324215113325
5.757499999999999 63.28816904715644
5.7625 -84.38129737823216
5.7675 164.2751190375722
5.7725 26.37222631652935
5.7775 -247.5171705704806
5.7825 156.49367809751922
5.7875 -72.65388877439034
5.7924999999999995 176.69229088391137
5.797499999999999 -292.65285374171407
5.802499999999999 109.37775394683443
5.8075 -57.173183510973345
5.8125 -167.6209417045586
5.8175 299.92523851887205
5.8225 -266.6857965839215
5.8275 233.8312697973266
5.8325 29.89486853107164
5.8374999999999995 -75.42769078621589
5.842499999999999 20.06710961987615
5.8475 95.92374030217562
5.8525 25.70941657691963
5.8575 0.9958192822180442
5.8625 -157.08935948539678
5.8675 -169.7342348630919
5.8725 155.73617805662775
5.8774999999999995 63.88403254796224
5.882499999999999 -304.5383039974915
5.8875 203.0691466058176
5.8925 271.33080156476177
5.8975 -72.85512540228693
5.9025 -170.91433716489632
5.9075 -1.5144190046939912
5.9125 108.52081261521948
5.9174999999999995 -46.83102058021383
5.922499999999999 23.831888868013916
5.927499999999999 19.697403006381048
5.9325 -138.2719869403414
5.9375 61.21823060814986
5.9425 -93.95154400342828
5.9475 114.00924283246965
5.9525 -310.0205454016244
5.9575 243.7272757915519
5.9624999999999995 59.672840826219
5.967499999999999 -238.26428401342065
5.9725 89.30380890767816
5.9775 39.97591955064021
5.9825 -73.5681190304404
5.9875 472.62923183233886
5.9925 -239.21295575199926
5.9975 29.96451080440364
6.0024999999999995 228.25023995889612
6.007499999999999 -159.24281713049638
6.012499999999999 -77.00615837485745
6.0175 95.46651230755798
6.0225 78.8314659581989
6.0275 -345.70525788901045
6.0325 -58.067843074876556
6.0375 97.39870883061894
6.0424999999999995 -58.467299953711155
6.047499999999999 198.84564212899133
6.052499999999999 -172.97099491334285
6.0575 -15.58198347356122
6.0625 146.48689967775096
6.0675 279.37601387004673
6.0725 -124.98943235445891
6.0775 -141.47870506824026
6.0825 -401.02470613986503
6.0874999999999995 260.88796597566136
6.092499999999999 147.10491819000327
6.0975 -130.52787546621357
6.1025 -19.670931365880197
6.1075 11.365102038655095
6.1125 83.97341415789273
6.1175 -125.58672591545562
6.1225 170.40044158778514
6.1274999999999995 139.49719035096712
6.132499999999999 -173.1514152703507
6.137499999999999 -128.24526307581093
6.1425 283.16633840390585
6.1475 -246.16403381464445
6.1525 148.45098230440362
6.1575 136.81637663622058
6.1625 113.22152444732681
6.1674999999999995 121.32595291276907
6.172499999999999 -426.89133939978694
6.177499999999999 377.6125404148721
6.1825 -240.40830228095592
6.1875 -110.99722612319144
6.1925 110.60484388423203
6.1975 -27.849563694677016
6.2025 9.951325954208233
6.2075 -208.4716316267075
6.2124999999999995 10.068414040312694
6.217499999999999 284.01313930871265
6.2225 165.52416266215317
6.2275 -232.26719528159128
6.2325 -53.28874343686616
6.2375 222.206642098456
6.2425 -14.72481818515157
6.2475 -77.36647502076262
6.2524999999999995 -115.77092513915413
6.257499999999999 -366.60389895521604
6.262499999999999 66.42019166271787
6.2675 77.46729636957241
6.2725 -85.47728640288666
6.2775 137.8483920060681
6.2825 92.01748773103826
6.2875 13.528059853351408
6.2924999999999995 -86.4978035009457
6.297499999999999 132.09241513310593
6.302499999999999 -51.926281880656646
6.3075 -28.550493525594437
6.3125 147.74281977597158
6.3175 -243.7535788723265
6.3225 91.35132456080973
6.3275 -91.10945990709972
6.3325 -25.661844574625356
6.3374999999999995 161.7787160698276
6.342499999999999 -45.06309274749877
6.3475 58.25045240559675
6.3525 235.01316585884047
6.3575 -63.08474114281902
6.3625 327.5304916016261
6.3675 -294.280366782825
6.3725 -35.3267915673164
6.3774999999999995 247.29146781412626
6.382499999999999 -285.89210322938396
6.387499999999999 -121.48931674595084
6.3925 53.260526920292314
6.3975 85.54830320775658
6.4025 12.35272966029862
6.4075 -17.349411285230524
6.4125 85.55046500927261
6.4174999999999995 -108.48995539539379
6.422499999999999 -211.9602645150685
6.427499999999999 -17.082746640326345
6.4325 28.14734734674124
6.4375 10.967176079519703
6.4425 -84.84367341847721
6.4475 39.62546835286414
6.4525 79.9848418061459
6.4575 202.3597264833353
6.4624999999999995 125.60704453381932
6.467499999999999 -346.8572263750903
6.4725 27.718211389773927
6.4775 308.75901901480484
6.4825 -14.328364393242506
6.4875 -138.5074976424046
6.4925 -31.644338744804646
6.4975 -260.6576897044405
6.5024999999999995 94.40736680732287
6.507499999999999 -150.0474232893438
6.512499999999999 87.06402072105185
6.5175 131.45321470957512
6.5225 7.805693802955504
6.5275 163.20908689879593
6.5325 -219.75835868894686
6.5375 -71.815446116117
6.5424999999999995 71.97342381799253
6.547499999999999 -80.35267649874703
6.552499999999999 -87.72236142387665
6.5575 -47.18341041221814
6.5625 4.606670998951004
6.5675 143.72544634357303
6.5725 19.238412240200333
6.5775 -238.14417751079804
6.5825 21.913004023659358
6.5874999999999995 26.212204844421507
6.592499999999999 170.48363903691444
6.5975 -104.2448710629081
6.6025 305.1037970094843
6.6075 -288.95014710619785
6.6125 84.2319692509415
6.6175 26.52614358434427
6.6225 52.68561857779993
6.6274999999999995 71.27125321116694
6.632499999999999 -66.74524034393964
6.637499999999999 1.9146787462682582
6.6425 -124.89510430526636
6.6475 210.33063237160715
6.6525 -60.321756428396206
6.6575 -100.26703613678116
6.6625 154.765175871587
6.6674999999999995 -164.55209227425735
6.672499999999999 435.5037781452876
6.677499999999999 -65.09576854964267
6.6825 -80.81503332765716
6.6875 85.72649426040722
6.6925 -180.6140875303478
6.6975 168.68355353490125
6.7025 -58.495271131011364
6.7075 -54.84232830056817
6.7124999999999995 300.76875106158826
6.717499999999999 -208.76851006386224
6.722499999999999 -175.4226514376874
6.7275 146.82089794618503
6.7325 165.94519860714033
6.7375 -11.419131286417507
6.7425 -53.59458519125188
6.7475 -69.26298452243077
6.7524999999999995 114.8170467011636
6.757499999999999 -41.20208387342102
6.762499999999999 -153.3245810925582
6.7675 63.20767098795962
6.7725 280.54582481763794
6.7775 -70.88813550688641
6.7825 -55.25887846464456
6.7875 -294.7031463538325
6.7924999999999995 242.00350981759897
6.797499999999999 434.34631205939394
6.802499999999999 -554.8634982833389
6.8075 91.34596841431816
6.8125 22.06203805962442
6.8175 -79.05528504974393
6.8225 263.52361269887945
6.8275 -447.2281882018686
6.8325 -103.45188163353984
6.8374999999999995 -40.26811382271191
6.842499999999999 -45.22163336780423
6.847499999999999 -100.22056010166853
6.8525 -224.68787548034794
6.8575 473.50159483278503
6.8625 80.97975841879183
6.8675 163.01174138862294
6.8725 14.416773640682514
6.8774999999999995 -59.080100088428495
6.882499999999999 -152.6467180219889
6.887499999999999 289.58063706442306
6.8925 -65.96074653530793
6.8975 -93.33080827154565
6.9025 -3.207563163466201
6.9075 89.72348144001639
6.9125 -143.73432316456476
6.9174999999999995 26.954121334668205
6.922499999999999 141.80253264543447
6.927499999999999 -57.29127058649346
6.9325 16.99271021913582
6.9375 -298.3653497056278
6.9425 131.27926051288432
6.9475 51.42762036579619
6.9525 -206.51537218294916
6.9575 205.2325655583441
6.9624999999999995 -394.36751067693183
6.967499999999999 52.54321468931725
6.972499999999999 14.3272396090585
6.9775 55.134373750586505
6.9825 188.1454442602053
6.9875 -40.191313748109756
6.9925 89.97298246777116
6.9975 -5.259864544343715
7.0024999999999995 -171.01423084308172
7.007499999999999 15.025302411408632
7.012499999999999 105.50936086393077
7.0175 5.9492806669676765
7.0225 -191.56342443796837
7.0275 -67.4205121870237
7.0325 7.097217667573819
7.0375 50.52923044751481
7.0424999999999995 207.45172488328552
7.047499999999999 17.32471248250589
7.052499999999999 -16.07521081233009
7.0575 -92.22079076169871
7.0625 -151.8318678040842
7.0675 -16.36200788355068
7.0725 -279.46655465457104
7.0775 175.73893246780847
7.0825 70.62012383160184
7.0874999999999995 73.40137418324203
7.092499999999999 -239.20766187786558
7.097499999999999 78.28777879821972
7.1025 -301.08261591682225
7.1075 266.1195053804383
7.1125 64.45085351058505
7.1175 245.1751505480459
7.1225 -250.31141765336062
7.1274999999999995 94.35990066474734
7.132499999999999 -207.67712002800835
7.137499999999999 -0.6942552736710995
7.1425 312.1378217541251
7.1475 312.7027085563922
7.1525 -240.46720423380933
7.1575 223.97812021218053
7.1625 148.22595603211445
7.1674999999999995 -57.434400294999406
7.172499999999999 -75.7121821682853
7.177499999999999 28.920452978678863
7.1825 153.71825101729493
7.1875 -154.84072720941958
7.1925 5.065512943078363
7.1975 206.3575975817273
7.2025 -358.7235295749727
7.2075 -14.41393519884475
7.2124999999999995 26.75922901985487
7.217499999999999 -52.81941045906842
7.222499999999999 21.451946065207846
7.2275 -215.02254804401255
7.2325 24.022360305964117
7.2375 -58.25122503680082
7.2425 203.64070434675764
7.2475 63.20988687069928
7.2524999999999995 -297.91367470789237
7.257499999999999 232.0886743096268
7.262499999999999 170.65124685217836
7.2675 -228.58267375358716
7.2725 193.71432628470555
7.2775 80.04021505784554
7.2825 -46.85366126999719
7.2875 175.56641711457294
7.2924999999999995 -16.412453625221016
7.297499999999999 84.72541627000929
7.302499999999999 -155.7553699828324
7.3075 -221.12759076038893
7.3125 14.532913857944035
7.3175 -17.57133634968797
7.3225 91.30996071455212
7.3275 82.31389530420427
7.3325 -238.7824476073427
7.3374999999999995 -26.5072672306325
7.342499999999999 272.0541257593053
7.347499999999999 -70.8731831505716
7.3525 100.34280302644942
7.3575 -50.44793926283026
7.3625 92.31540711249949
7.3675 -49.782841400598215
7.3725 -23.555969623059504
7.3774999999999995 -8.387885675694157
7.382499999999999 -74.75812234108122
7.387499999999999 67.78743815716639
7.3925 -185.4373165915446
7.3975 5.794159664277318
7.4025 186.09062698396065
7.4075 61.71274694854093
7.4125 32.127453552676336
7.4174999999999995 -195.33806225894585
7.422499999999999 16.107120313288142
7.427499999999999 -162.82880553100142
7.4325 186.08699893652016
7.4375 -81.17216020114768
7.4425 75.15316212610665
7.4475 -99.37598771171203
7.4525 97.11879481226234
7.4575 -3.497920910870593
7.4624999999999995 -226.76510580521563
7.467499999999999 162.41116163667965
7.472499999999999 -61.823642931916
7.4775 3.071562439228031
7.4825 -42.94445725884495
7.4875 -15.95601553227118
7.4925 178.04239928860073
7.4975 -140.47547310560319
7.5024999999999995 -129.23153249575682
7.507499999999999 6.935661629437308
7.512499999999999 -16.965586684420582
7.5175 105.70703712815671
7.5225 138.8716496142114
7.5275 89.15784615229835
7.5325 -224.88169824356515
7.5375 -85.3230743035834
7.5424999999999995 260.7690450328072
7.547499999999999 285.2357541893351
7.552499999999999 -115.94147758082374
7.557499999999999 -13.089260134375492
7.5625 -135.58634706029167
7.5675 -173.9357769681587
7.5725 -88.88655542452555
7.5775 79.85277466852408
7.5825 209.89377411592594
7.5874999999999995 38.91694432072964
7.592499999999999 -140.08417847821056
7.597499999999999 348.99231479308617
7.6025 -173.61111567166293
7.6075 -200.208493833201
7.6125 338.663738749985
7.6175 -60.66374621740202
7.6225 134.48325049964058
7.6274999999999995 -129.9128341845353
7.632499999999999 36.99095680900445
7.637499999999999 -147.37152151653711
7.6425 -48.28012690170198
7.6475 -10.123191411668714
7.6525 -153.92631323675536
7.6575 224.38958438093854
7.6625 -89.75593829953895
7.6674999999999995 -195.0585524434573
7.672499999999999 69.2963634684611
7.677499999999999 87.97152358868458
7.682499999999999 241.98856331679374
7.6875 -307.9900373064421
7.6925 463.9045333947493
7.6975 -90.65605582342957
7.7025 -107.2304436986352
7.7075 86.97777113687997
7.7124999999999995 19.234713663475482
7.717499999999999 -248.5480258010376
7.722499999999999 221.62843289334685
7.7275 -23.23255548431945
7.7325 -75.39562417338188
7.7375 112.56722440799362
7.7425 -135.113481006156
7.7475 325.0970397045297
7.7524999999999995 -236.42665709577184
7.757499999999999 -159.21897619282646
7.762499999999999 -5.831282147806462
7.7675 94.7075826670213
7.7725 -6.359457668062304
7.7775 154.29505332108266
7.7825 -127.11958911751411
7.7875 31.994695464919964
7.7924999999999995 152.91324660853485
7.797499999999999 77.89043338983537
7.802499999999999 71.68388952629982
7.807499999999999 -312.35198997894116
7.8125 476.33396615188406
7.8175 -218.71161157239894
7.8225 21.430204623799955
7.8275 -81.59489773091198
7.8325 -46.46239190682582
7.8374999999999995 -109.04392594872489
7.842499999999999 -214.34212029312806
7.847499999999999 152.38155159803924
7.8525 -158.83188230145234
7.8575 109.01824986802474
7.8625 59.76801456890133
7.8675 306.38258609657106
7.8725 -128.0392196666507
7.8774999999999995 -65.70000371859946
7.882499999999999 169.51914857331894
7.887499999999999 -70.94229818131735
7.8925 -233.135617622755
7.8975 373.91638160429443
7.9025 -5.330476657015761
7.9075 -39.13029514683233
7.9125 18.405838184198227
7.9174999999999995 -77.19437461920288
7.922499999999999 34.360718339734305
7.927499999999999 -101.64589035663819
7.932499999999999 -55.65322006238871
7.9375 -327.6540793034031
7.9425 211.06452207664
7.9475 18.06737887273675
7.9525 -67.90630579185586
7.9575 -75.94134687956303
7.9624999999999995 148.65668639829534
7.967499999999999 -11.492162912932894
7.972499999999999 191.41551321242
7.9775 -213.60401106839143
7.9825 -144.90818862491466
7.9875 168.381153175363
7.9925 227.12349220540355
7.9975 -186.40969830833367
8.0025 -54.217766223425045
8.0075 112.60736619623614
8.0125 -407.9251326298081
8.0175 21.070606593667463
8.022499999999999 91.28979447102287
8.0275 214.53138089064058
8.032499999999999 -359.49481605139516
8.0375 264.49559624101477
8.0425 -55.77366276337233
8.0475 117.5531380468088
8.0525 -10.759534445195808
8.0575 109.61129482914626
8.0625 -353.821259884343
8.067499999999999 52.66965869552595
8.0725 507.3778227804338
8.077499999999999 -229.63848437661596
8.0825 43.64756237868818
8.0875 250.93056634476093
8.0925 -181.97862970044562
8.0975 62.670717006115154
8.1025 -161.1418745284763
8.1075 -286.9493831576765
8.112499999999999 369.756937981669
8.1175 -11.397840916626693
8.1225 -6.937853756037278
8.1275 -6.068661579839829
8.1325 67.2627091142088
8.1375 202.6888461747207
8.1425 -187.40328065429438
8.147499999999999 15.309820899882105
8.1525 -217.14779351482633
8.157499999999999 59.200203696192396
8.1625 73.11183844411998
8.1675 75.34059554145036
8.1725 8.700774503005297
8.1775 -181.96628786519125
8.1825 99.79205153952915
8.1875 -145.5175711157842
8.192499999999999 170.05601972272964
8.1975 -163.39879794289922
8.202499999999999 14.393271730440064
8.2075 81.01462804434084
8.2125 -13.215465577911571
8.2175 40.94059081131911
8.2225 -2.5187996998914524
8.2275 -231.44136762796472
8.2325 184.79596147206001
8.237499999999999 145.82822007908314
8.2425 -95.57886802342544
8.2475 -17.90872844517795
8.2525 195.97167162478195
8.2575 -191.22065705044412
8.2625 108.85445718455593
8.2675 -223.14819653088995
8.272499999999999 -46.41840847662632
8.2775 88.8602739236066
8.282499999999999 27.7292542229852
8.2875 -337.63322090204946
8.2925 232.0493857193017
8.2975 -21.779327607777084
8.3025 260.7960944772329
8.3075 -1.6660455839891097
8.3125 114.80528048224204
8.317499999999999 4.449234504065286
8.3225 -47.48189284369382
8.327499999999999 -163.92913802794533
8.3325 6.7363961648930255
8.3375 69.31590222669804
8.3425 -83.6749830443665
8.3475 -119.62319899097159
8.3525 203.27859634255987
8.3575 178.3661506783777
8.362499999999999 -125.44718912133246
8.3675 -13.516082309745759
8.3725 -71.83246827994427
8.3775 -159.00550796457838
8.3825 28.160747976560035
8.3875 -256.188030788085
8.3925 205.23018137904722
8.397499999999999 -5.91475433711792
8.4025 -154.16652120889395
8.407499999999999 -38.92282292753381
8.4125 177.795286821495
8.4175 49.076524375418614
8.4225 -149.23293371984238
8.4275 282.7652986295002
8.4325 -171.54779494540483
8.4375 -152.16644511004773
8.442499999999999 72.59591883444935
8.4475 40.72643541599046
8.452499999999999 63.853851211847505
8.4575 -4.956734812001091
8.4625 -243.0540353497585
8.4675 29.082844616335887
8.4725 82.0575891791693
8.4775 -209.59961305054603
8.4825 159.03934748098087
8.487499999999999 56.5769911805377
8.4925 80.34914398164317
8.4975 61.75245861999574
8.5025 -117.89377948958935
8.5075 94.66114110704389
8.5125 -217.19027753981092
8.5175 341.74175001327404
8.522499999999999 86.01510548693254
8.5275 -323.1028527433585
8.532499999999999 -182.17948631234742
8.5375 163.2824187846597
8.5425 186.96036426533828
8.5475 0.1969555102053667
8.5525 174.16936387214446
8.5575 219.27792470114713
8.5625 -189.36573220078213
8.567499999999999 81.32868521030075
8.5725 -93.3645610079798
8.577499999999999 -80.75135906867536
8.5825 245.01508288978354
8.5875 -322.2003439675049
8.5925 -208.0548472422465
8.5975 92.17333402741393
8.6025 -182.34895502419263
8.6075 156.8345900780024
8.612499999999999 -118.37237542305216
8.6175 -65.41114182362884
8.6225 268.7999829379439
8.6275 -286.9087609215805
8.6325 89.08233998084049
8.6375 -80.60191488386829
8.6425 34.24033722029001
8.647499999999999 219.8549089040383
8.6525 145.1042424030874
8.657499999999999 -321.38251112406215
8.6625 176.82610467399672
8.6675 -70.14981100993113
8.6725 31.014132745899673
8.6775 29.635510246322
8.6825 -178.09232639002053
8.6875 405.9514516633083
8.692499999999999 -235.8874566048987
8.6975 71.83145547415761
8.702499999999999 -201.6378384676613
8.7075 27.35843703643056
8.7125 12.533164491599903
8.7175 11.071331910782316
8.7225 164.01621932475535
8.7275 -29.646328333231658
8.7325 -12.475926424568526
8.737499999999999 -167.95041478252853
8.7425 69.74940711755274
8.747499999999999 -374.97206702468503
8.7525 7.534712397412528
8.7575 65.85793944502404
8.7625 -53.71960341376548
8.7675 114.19568857466348
8.772499999999999 87.5590219173767
8.7775 6.356369906520207
8.782499999999999 31.618885041885388
8.7875 151.08107765087345
8.7925 -147.34511106282213
8.7975 140.15661534285044
8.8025 235.61320321953357
8.8075 -264.28332993835545
8.8125 145.70983381333858
8.817499999999999 6.554840760111279
8.8225 79.58511129737323
8.827499999999999 -113.39990639617012
8.8325 -130.95507002567848
8.8375 350.9283462143992
8.8425 -44.00507798564566
8.8475 -166.62502231944305
8.8525 324.5792619903361
8.8575 -71.52588932347724
8.862499999999999 -220.73696142415614
8.8675 167.86832422209315
8.872499999999999 51.579527022669176
8.8775 -211.883633131777
8.8825 -174.48289868059211
8.8875 67.20831838741604
8.8925 102.44398657989755
8.897499999999999 127.0558710244505
8.9025 -225.01620112515423
8.907499999999999 249.87856706636123
8.9125 201.38105976516988
8.9175 -336.38014368664295
8.9225 248.05384947495764
8.9275 -66.77072641664238
8.9325 -103.66271550748752
8.9375 207.2760257776256
8.942499999999999 -97.93344962720573
8.9475 -58.39351961147198
8.952499999999999 102.09446923721669
8.9575 -68.91241287550606
8.9625 -99.73142082970223
8.9675 48.941198607631975
8.9725 -84.45329804030187
8.9775 56.92100737062373
8.9825 -80.13641608060794
8.987499999999999 171.43464038012448
8.9925 -232.0123766615993
8.997499999999999 -106.42225033986348
9.0025 302.5350184954702
9.0075 51.37111811920899
9.0125 -52.252181387163134
9.0175 -17.463184494970523
9.022499999999999 -54.96105066598537
9.0275 -54.76466503173963
9.032499999999999 -5.080911749105187
9.0375 43.71386740629314
9.0425 48.22281258146112
9.0475 192.102153955071
9.0525 -144.6952636103198
9.0575 -35.442534794184475
9.0625 -303.31661639273995
9.067499999999999 85.71518338959852
9.0725 -26.46872774667267
9.077499999999999 119.42969663597712
9.0825 -67.83187621176408
9.0875 -167.6557781708172
9.0925 -1.1066869749286787
9.0975 -10.650511040637138
9.1025 122.27164585820783
9.1075 157.65085614497355
9.112499999999999 66.81656808294933
9.1175 56.349467393589244
9.122499999999999 128.66774559484188
9.1275 -353.9143565659182
9.1325 145.0148882474554
9.1375 86.77293830498841
9.1425 -64.92793280126537
9.147499999999999 47.54320016094635
9.1525 -8.271245503179113
9.157499999999999 136.56163350460324
9.1625 -92.73128251133306
9.1675 88.72630117946245
9.1725 74.3394823522025
9.1775 -39.996728650174475
9.1825 15.205249130060107
9.1875 -12.615517628876518
9.192499999999999 1.929496672582835
9.1975 76.46820813397541
9.202499999999999 39.35237095776624
9.2075 -178.45983635267098
9.2125 -88.41735383383683
9.2175 29.10182252037452
9.2225 108.44880557130223
9.2275 -73.17091652280754
9.2325 170.43640310139673
9.237499999999999 -302.42875696702663
9.2425 -55.31449088759506
9.247499999999999 45.66236244430214
9.2525 220.60209456343148
9.2575 27.593125598626905
9.2625 -9.092633233088248
9.2675 11.657105381638003
9.272499999999999 13.4644432941666
9.2775 -248.63299700903448
9.282499999999999 204.98361139571205
9.2875 -115.96346666423379
9.2925 178.46159982738865
9.2975 -323.85868903001244
9.3025 11.44480749870213
9.3075 175.23709752990567
9.3125 50.55276117475963
9.317499999999999 -86.48294478344053
9.3225 -5.757666549343412
9.327499999999999 9.289077817183594
9.3325 -17.012317097016233
9.3375 63.89281765456741
9.3425 -114.57230337365931
9.3475 167.99964553884988
9.3525 -146.76946012328455
9.3575 -86.81742780912003
9.362499999999999 121.84143459282313
9.3675 132.86433538620386
9.372499999999999 -350.22701544555383
9.3775 -105.00548886660444
9.3825 269.1591451602597
9.3875 80.11289087991152
9.3925 93.10237102509728
9.397499999999999 -240.01950183749028
9.4025 162.46093241573044
9.407499999999999 -67.4013284848494
9.4125 12.85265201770134
9.4175 -258.3380722038699
9.4225 327.23429610851235
9.4275 -47.327695037755326
9.4325 -65.79021672616985
9.4375 -186.7142290206959
9.442499999999999 -31.234402016980958
9.4475 204.4128884267495
9.452499999999999 -52.218961831065165
9.4575 -31.45310201148545
9.4625 -71.81690591440167
9.4675 188.68653282396807
9.4725 27.457533312632435
9.4775 -374.5476806755224
9.4825 331.7557190457085
9.487499999999999 12.001354081510309
9.4925 -134.1440731974327
9.497499999999999 445.19275516255453
9.5025 -86.61528430094782
9.5075 -284.2280215109482
9.5125 30.189173681463387
9.5175 -88.57007960413347
9.522499999999999 182.71974984138473
9.5275 -197.32880078549954
9.532499999999999 -94.37343452385795
9.5375 154.282363576448
9.5425 55.002794133484315
9.5475 91.4946541461495
9.5525 112.41634868267019
9.5575 -111.74962746263769
9.5625 64.95049605357887
9.567499999999999 -174.57368638340392
9.5725 139.58755573337197
9.577499999999999 -320.8495655346142
9.5825 159.38967235765065
9.5875 19.93474299596482
9.5925 -73.16790251436969
9.5975 160.6697712367083
9.6025 -77.44465594295801
9.6075 -212.18823042588895
9.612499999999999 14.723107586837104
9.6175 312.73574955234307
9.622499999999999 0.6554099544703172
9.6275 340.1033043409587
9.6325 -222.62461863835767
9.6375 -228.68816697666662
9.6425 160.6672395183068
9.647499999999999 -9.9893554495975
9.6525 89.89809563159147
9.657499999999999 248.45337602777744
9.6625 -204.2604488527093
9.6675 -21.835885383017253
9.6725 -3.6889042124702764
9.6775 -58.72644283465766
9.6825 31.37397078613413
9.6875 -21.98169783601823
9.692499999999999 -125.69054975906072
9.6975 468.18543252414497
9.702499999999999 -95.71014473304149
9.7075 -56.285420750512834
9.7125 -120.52161956843813
9.7175 47.46260630824391
9.7225 9.215349483712396
9.7275 80.2969216849349
9.7325 -26.43675916428053
9.737499999999999 -63.66939693505293
9.7425 209.76098273729465
9.747499999999999 -137.41852364985323
9.7525 5.901923410554112
9.7575 6.874389078245121
9.7625 -141.6557351509733
9.7675 94.38719220817877
9.772499999999999 13.962103977428624
9.7775 -253.50106822078465
9.782499999999999 -57.10491826928449
9.7875 -55.302977162853544
9.7925 -196.3940751273292
9.7975 -0.16515010902358757
9.8025 222.59822910657593
9.8075 38.84427968334495
9.8125 86.89308678306197
9.817499999999999 176.416334268963
9.8225 -133.96437142330143
9.827499999999999 -259.38698253646714
9.8325 52.43252660942964
9.8375 -124.8723032139949
9.8425 -152.11815656443642
9.8475 138.4508181515151
9.8525 -51.446104564844354
9.8575 396.6476476999889
9.862499999999999 -223.58566487803924
9.8675 180.68736429876012
9.872499999999999 176.18424002648726
9.8775 -174.30931321652645
9.8825 199.4712585926186
9.8875 -165.98207377762853
9.8925 -168.38887165812687
9.897499999999999 224.4435615130206
9.9025 19.344297354774383
9.907499999999999 -175.23148545158935
9.9125 96.07878314368145
9.9175 59.473232161579844
9.9225 48.373487870716666
9.9275 -32.10911172804172
9.9325 46.736010002293824
9.9375 85.1947716171696
9.942499999999999 -31.396978596632678
9.9475 -35.328363015037205
9.952499999999999 11.822723931430783
9.9575 -147.24566753516243
9.9625 145.48230384191933
9.9675 -123.14189775006109
9.9725 221.32479656073423
9.9775 -49.56445931421124
9.9825 -83.34539956701308
9.987499999999999 -191.62431910627365
9.9925 83.16755155511675
9.997499999999999 215.69975980427358
10.0025 -297.3974263343841
