0.0075 201.8111123396648
0.012499999999999999 51.619994778578985
0.017499999999999998 -341.34103222610497
0.0225 60.93848357050561
0.0275 99.91114997340658
0.0325 -148.33769902482416
0.0375 176.4710134125004
0.042499999999999996 36.34068246542762
0.0475 -142.57954087584204
0.0525 147.9876735028594
0.057499999999999996 -44.80118988196412
0.0625 322.94603377446435
0.06749999999999999 -71.10476409841658
0.0725 -257.16651565649113
0.0775 172.45787186874736
0.08249999999999999 -221.16448902395442
0.0875 -80.27336052877774
0.0925 214.48136299592562
0.09749999999999999 62.501943323523584
0.1025 -153.16784074539422
0.1075 326.0457955584908
0.11249999999999999 -75.947708726279
0.1175 -210.22533043947388
0.1225 443.56371422818756
0.1275 -50.910256747979155
0.1325 -191.4526739870345
0.13749999999999998 -143.77953638336788
0.1425 184.94872234251824
0.1475 -11.404023413688629
0.1525 -26.63154828396093
0.1575 -33.71334319713152
0.1625 -10.622666052858744
0.16749999999999998 -115.86979693222335
0.1725 152.36756995692372
0.1775 13.317856071713654
0.1825 119.7105006917952
0.1875 -174.5379675773763
0.1925 236.1335261724346
0.19749999999999998 -70.82977699795907
0.20249999999999999 111.83883990177858
0.2075 -192.2310556963041
0.2125 50.99485583505042
0.2175 206.58974952400007
0.2225 -87.04221042806181
0.22749999999999998 35.176362143672435
0.23249999999999998 -154.88659492945473
0.2375 249.2423489723033
0.2425 -275.4774413590034
0.2475 139.06889390301873
0.2525 -67.95729267472375
0.2575 -68.82295226802509
0.2625 137.40600838624664
0.2675 -180.3451962127761
0.27249999999999996 265.56490598484993
0.27749999999999997 -312.790765288995
0.2825 -1.4897845467828787
0.2875 -60.66985963260895
0.2925 -81.72244809947668
0.2975 -129.62999899059554
0.3025 391.26261920331365
0.3075 8.254502956384034
0.3125 88.1872933611725
0.3175 24.301378102388455
0.3225 -49.06077048248903
0.32749999999999996 -209.57750593585232
0.33249999999999996 24.1857379061727
0.33749999999999997 145.43221456262083
0.34249999999999997 60.65525822856563
0.3475 64.25672428710058
0.3525 210.85062570537144
0.3575 -383.85715303531794
0.3625 -66.31826737274872
0.3675 18.8812854982943
0.3725 1.6578316198442578
0.3775 -80.75144012471857
0.3825 36.27936488458521
0.38749999999999996 -126.63138672708621
0.39249999999999996 186.65947908470514
0.39749999999999996 -250.81718946749191
0.40249999999999997 160.34715028924825
0.4075 -91.67213082662714
0.4125 -194.69947959167942
0.4175 389.4732304673143
0.4225 104.5573665841914
0.4275 -17.302236141745208
0.4325 15.22341390776918
0.4375 104.6214429653616
0.4425 -330.9566243593714
0.44749999999999995 254.9879608037402
0.45249999999999996 -60.04032681993296
0.45749999999999996 -447.29900460356674
0.46249999999999997 -13.014689890468484
0.46749999999999997 279.8750643486471
0.4725 85.04517058365553
0.4775 13.425039004070443
0.4825 -185.0029309399347
0.4875 -43.86111452494202
0.4925 158.2160940146486
0.4975 -173.5319336547001
0.5025 257.85578598350486
0.5075 -134.55378333677197
0.5125 -147.3984455444999
0.5175 170.8642537411074
0.5225 -98.50216172205741
0.5275 77.53575398777939
0.5325 -352.7706230317086
0.5375 -78.32568157774925
0.5425 284.3433214954761
0.5475 -18.255287176489453
0.5525 155.5942732680994
0.5575 -142.48760674319837
0.5625 167.20974492369962
0.5675 -131.10169672347712
0.5725 65.53901615319741
0.5775 -47.47276127513774
0.5825 -387.9150588316088
0.5875 73.27520676762232
0.5925 154.0268992713845
0.5974999999999999 -49.36373691848487
0.6024999999999999 93.55108885889273
0.6074999999999999 18.636448614220647
0.6124999999999999 -151.7188766009429
0.6174999999999999 118.83784685673947
0.6224999999999999 77.44409223502116
0.6275 232.50933231518678
0.6325 -86.71904156280314
0.6375 -324.65525308352
0.6425 330.7264375656008
0.6475 35.756808416623414
0.6525 40.453901642477106
0.6575 109.71199643607402
0.6625 -67.20062240559926
0.6675 70.42443967424951
0.6725 4.227725312374984
0.6775 -239.3018395259909
0.6825 -275.72158031896475
0.6875 397.4824620476528
0.6925 -106.01937575138884
0.6975 -63.64356742684244
0.7025 24.961856954417993
0.7075 70.49453946683839
0.7125 -248.7005959068876
0.7174999999999999 166.51251873550973
0.7224999999999999 163.83250172370415
0.7274999999999999 133.3179360570957
0.7324999999999999 -11.351577522042984
0.7374999999999999 -265.4549129013198
0.7424999999999999 46.43091120681064
0.7474999999999999 190.988914599091
0.7525 -100.5917096706341
0.7575 153.17972203494855
0.7625 -66.34672067560463
0.7675 212.24888850528893
0.7725 -215.88520682022076
0.7775 91.02412592067566
0.7825 -85.90611761018502
0.7875 27.678352343695096
0.7925 -81.03869616262538
0.7975 75.63671300496404
0.8025 25.360518470828602
0.8075 24.787289606919813
0.8125 55.7274013425559
0.8175 -317.45795699314283
0.8225 12.73658186917847
0.8275 227.1770376170119
0.8325 -131.60342047248946
0.8374999999999999 -1.0424336126251885
0.8424999999999999 1.9621349542150912
0.8474999999999999 -103.34191911050655
0.8524999999999999 -127.75701989419247
0.8574999999999999 176.6910321467209
0.8624999999999999 210.97786185018424
0.8674999999999999 -194.03882073207345
0.8724999999999999 -24.597400561903445
0.8775 -139.91273363055873
0.8825 -156.42117451954508
0.8875 518.2170511062419
0.8925 0.33633284037986855
0.8975 -448.9653305283027
0.9025 250.46654655112016
0.9075 -31.02313233521656
0.9125 -107.78950025550864
0.9175 81.95363835653546
0.9225 -151.3625384448598
0.9275 277.2713173891351
0.9325 -167.10690743739949
0.9375 128.7565385426423
0.9425 62.37782099398107
0.9475 126.19489559212016
0.9524999999999999 -198.69527550404317
0.9574999999999999 158.0860106776297
0.9624999999999999 -265.5558727756969
0.9674999999999999 -82.43405199808412
0.9724999999999999 29.88415123787805
0.9774999999999999 108.09916065746245
0.9824999999999999 -246.3135596476249
0.9874999999999999 382.23112788577936
0.9924999999999999 -157.3103752352656
0.9974999999999999 -62.208698086164375
1.0025 145.78970506983765
1.0075 -179.95926297880644
1.0125 80.95194302107467
1.0174999999999998 165.00853885440648
1.0225 3.247116407200201
1.0274999999999999 -69.733866923996
1.0325 58.85426531993885
1.0374999999999999 -130.2329991075693
1.0425 261.03314498094807
1.0474999999999999 -391.503587240338
1.0525 94.70539770663575
1.0574999999999999 75.90967449384826
1.0625 -99.74479945201581
1.0675 131.75389483223532
1.0725 -30.572108660125394
1.0775 82.81669048400366
1.0825 -56.021417072871294
1.0875 101.3045301993966
1.0925 -180.49766868293773
1.0975 -47.81063839104212
1.1025 7.325089758655992
1.1075 77.35222481571174
1.1125 -64.89200602595803
1.1175 218.94643224541892
1.1225 -242.65331611516007
1.1275 243.99213707107916
1.1324999999999998 -242.63569892628837
1.1375 218.65802352741713
1.1424999999999998 -224.4410031158646
1.1475 110.1017715916177
1.1524999999999999 197.82557583938038
1.1575 -260.9447062585832
1.1624999999999999 -39.334090299357406
1.1675 -12.444351279788709
1.1724999999999999 128.71402754283807
1.1775 52.17209722696617
1.1824999999999999 81.05153775575656
1.1875 -73.38540140568846
1.1925 -92.73113605780046
1.1975 -65.90816287470574
1.2025 180.38078836873623
1.2075 -172.42681148247576
1.2125 102.26930067477774
1.2175 20.878813389558122
1.2225 153.96690424620814
1.2275 -75.31970189888402
1.2325 -203.60305144616652
1.2375 258.1685345417542
1.2425 -69.20991441043287
1.2475 156.87489269538264
1.2525 -2.169111920349447
1.2574999999999998 150.91417914383587
1.2625 -206.67520710115232
1.2674999999999998 157.75325634313148
1.2725 -64.98934703091254
1.2774999999999999 26.903584766806595
1.2825 -149.69434106799963
1.2874999999999999 65.29326545599052
1.2925 -78.6518468849169
1.2974999999999999 -47.79480950112369
1.3025 54.20503174006525
1.3074999999999999 195.52395245144095
1.3125 -222.90836531803012
1.3175 301.5525443802102
1.3225 -84.30872011294599
1.3275 -57.69904617072354
1.3325 -140.43287104933486
1.3375 56.13580063724834
1.3425 -20.802377935565914
1.3475 70.69711720381353
1.3525 -12.76376959245065
1.3575 -132.90177117239352
1.3625 155.1037764389939
1.3675 -197.2646715073661
1.3724999999999998 -141.9587658001982
1.3775 -84.6189300117122
1.3824999999999998 276.1278961049102
1.3875 -13.48511442736758
1.3924999999999998 -153.08543767180527
1.3975 129.16747675998684
1.4024999999999999 -251.9696346841636
1.4075 234.20350283294766
1.4124999999999999 149.22068671588207
1.4175 -289.4197158176018
1.4224999999999999 -16.327476759091223
1.4275 15.291294593798495
1.4324999999999999 369.73155586070993
1.4375 -72.10795658570792
1.4425 103.99322652388082
1.4475 -238.5066039494513
1.4525 174.93250813086286
1.4575 -226.32101395560045
1.4625 198.957643553631
1.4675 -185.3059536940904
1.4725 51.79070722698327
1.4775 160.65430269090405
1.4825 -214.63926779999605
1.4874999999999998 32.262913991016106
1.4925 246.18256110761172
1.4974999999999998 10.704224485633802
1.5025 -89.14611911265742
1.5074999999999998 143.15233630045486
1.5125 -142.0243054008497
1.5174999999999998 23.75823589955692
1.5225 -20.04092943901119
1.5274999999999999 406.835321628343
1.5325 -54.59026992833328
1.5374999999999999 -203.64853283415152
1.5425 -0.32635649942541645
1.5474999999999999 61.912080272643706
1.5525 -176.74081443941418
1.5574999999999999 116.36255293536432
1.5625 13.71531484013247
1.5675 -12.191682684501252
1.5725 99.70127561352884
1.5775 -420.56383011589827
1.5825 206.1808546821344
1.5875 -109.34856219184461
1.5925 77.0792302991216
1.5975 -48.52065380173785
1.6025 202.95013764939046
1.6075 -32.72819831156472
1.6124999999999998 -51.582814003122664
1.6175 144.04182768630437
1.6224999999999998 66.93287087284297
1.6275 83.55896224002578
1.6324999999999998 18.424831352037206
1.6375 -234.6538915923351
1.6424999999999998 -156.30722261807344
1.6475 -58.25754283561021
1.6524999999999999 128.86966672523323
1.6575 -72.7720453265189
1.6624999999999999 -93.57413088135755
1.6675 -140.35667744762742
1.6724999999999999 -50.86975556960998
1.6775 267.62150715196753
1.6824999999999999 -163.4908480014749
1.6875 -27.97750256643584
1.6925 231.45004976970978
1.6975 -172.04425866833643
1.7025 191.80125326186058
1.7075 22.525897912322772
1.7125 167.90269241206317
1.7175 -247.9764083536371
1.7225 24.281851556836582
1.7274999999999998 160.81830650168018
1.7325 39.194664694124704
1.7374999999999998 -144.87170195762056
1.7425 -255.68491704635764
1.7474999999999998 226.32564013715742
1.7525 29.112799561342932
1.7574999999999998 -156.9173933000125
1.7625 155.88085335650305
1.7674999999999998 72.6454086806231
1.7725 180.60419448237283
1.7774999999999999 -62.57854523189023
1.7825 -375.39795567392133
1.7874999999999999 -51.73494251143859
1.7925 88.2597798331635
1.7974999999999999 501.1903686677498
1.8025 -211.33613982475592
1.8074999999999999 -204.47849750400945
1.8125 29.557214845624028
1.8175 -58.640204204894225
1.8225 96.3100270872104
1.8275 1.6190052488094206
1.8325 -49.9298486407296
1.8375 33.26211867888296
1.8425 532.6398526322157
1.8475 -153.1660319850534
1.8524999999999998 -31.96711496195788
1.8575 -170.12452760621017
1.8624999999999998 167.32110908467487
1.8675 -272.94555979270984
1.8724999999999998 57.804941943640934
1.8775 -114.34738153833165
1.8824999999999998 59.908528904168946
1.8875 -2.1788674974889757
1.8924999999999998 -194.82755208748353
1.8975 138.36148623366117
1.9024999999999999 56.83490111485293
1.9075 -125.8694291301562
1.9124999999999999 190.2588963727973
1.9175 -10.214062275875483
1.9224999999999999 -157.09778141882134
1.9275 -80.18705031705407
1.9324999999999999 259.6797805839516
1.9375 70.86041887977386
1.9425 -210.68890784607362
1.9475 -6.678602416578417
1.9525 3.2847961510264034
1.9575 258.55955560500104
1.9625 -275.5231988112395
1.9674999999999998 20.868818626775667
1.9725 -183.5973091460684
1.9774999999999998 62.83525129974553
1.9825 415.9527684058275
1.9874999999999998 -311.6375749093806
1.9925 94.89992063090153
1.9974999999999998 189.34717536709783
2.0025 -274.9915516974967
2.0075 -63.70512028074533
2.0124999999999997 90.0407287402483
2.0175 -271.29948656251025
2.0225 -131.55661692359186
2.0275 470.1052891199266
2.0324999999999998 -235.2988578835499
2.0375 102.2468468349641
2.0425 48.517065229643066
2.0475 79.46775135772126
2.0524999999999998 140.2584963415238
2.0575 14.556876906016717
2.0625 -173.35786938758702
2.0675 -20.897041360716464
2.0725 79.26877627238086
2.0775 92.04054580681033
2.0825 -36.628497211060825
2.0875 -50.60787270491716
2.0925 169.51954766906417
2.0974999999999997 -151.43545098741563
2.1025 70.5775395392391
2.1075 5.2548324904405
2.1125 -347.8222705462018
2.1174999999999997 324.1770505876695
2.1225 -21.533451864188617
2.1275 -141.80758443701055
2.1325 172.52864037369275
2.1374999999999997 -47.99751230915251
2.1425 14.488377443943266
2.1475 -83.78277218644904
2.1525 107.83484637464235
2.1574999999999998 -16.78579098363857
2.1625 -227.04527707124188
2.1675 8.249116677045238
2.1725 316.61470373765576
2.1774999999999998 -175.14866262349094
2.1825 198.2688461412589
2.1875 -86.50911456913111
2.1925 -81.73912090649432
2.1975 98.15310518824558
2.2024999999999997 -9.068643933910662
2.2075 -148.17935453119466
2.2125 21.007481239367877
2.2175 151.93477437223933
2.2224999999999997 4.118492820068493
2.2275 234.9551931556253
2.2325 -131.28953173467127
2.2375 18.369136310477717
2.2424999999999997 -240.8155458691102
2.2475 14.289963040096572
2.2525 -6.881047253222965
2.2575 243.47826662660475
2.2624999999999997 37.403989851361814
2.2675 -124.48362132815087
2.2725 -86.00228349988973
2.2775 5.096862946803097
2.2824999999999998 -155.7927525430976
2.2875 322.68618467958294
2.2925 -209.63011249215504
2.2975 164.72279735393042
2.3024999999999998 -202.89907576336572
2.3075 135.41920397264724
2.3125 -117.40125218028457
2.3175 148.97852073369972
2.3225 -223.99360257435575
2.3274999999999997 87.54506369829963
2.3325 38.87746792233531
2.3375 -144.42168551653546
2.3425 89.41328996307818
2.3474999999999997 -29.98307066453111
2.3525 496.59613003417934
2.3575 -156.85075707425693
2.3625 144.97347663602943
2.3674999999999997 -127.04267324856451
2.3725 200.07784859753198
2.3775 -291.1944568318189
2.3825 -24.022123190720833
2.3874999999999997 -106.22685711580911
2.3925 54.9727735278189
2.3975 260.18230101123277
2.4025 -140.74079979945648
2.4074999999999998 -65.81637730094641
2.4125 -113.7577501419389
2.4175 -183.48178691534412
2.4225 28.04641125625991
2.4274999999999998 128.395629404694
2.4325 -164.4676152975888
2.4375 387.87428764187484
2.4425 -163.51451018162092
2.4475 154.45748713156735
2.4524999999999997 -25.794046191591583
2.4575 -62.7014140876217
2.4625 206.33036808038094
2.4675 135.2508763614623
2.4724999999999997 -277.6847116309058
2.4775 247.5432092980234
2.4825 -16.473799430935614
2.4875 -223.29475131776715
2.4924999999999997 -127.57604543491522
2.4975 -51.86145362573502
2.5025 -195.0001396477055
2.5075 -59.02981343240141
2.5124999999999997 52.11664722861523
2.5175 113.01107792520901
2.5225 -138.46433529939603
2.5275 -7.636782219822892
2.5324999999999998 88.5155271764558
2.5375 151.53069210135465
2.5425 32.184848336830214
2.5475 18.944577109591602
2.5524999999999998 -89.20364574446599
2.5574999999999997 -232.16830467194063
2.5625 221.96588979419607
2.5675 -71.1862808847019
2.5725 -56.60186235893864
2.5774999999999997 -33.22861595297172
2.5825 84.08672840094653
2.5875 -220.43656996496148
2.5925 242.2232695935515
2.5974999999999997 -83.74618827821999
2.6025 95.005990884847
2.6075 -164.3034926002298
2.6125 72.29759693604625
2.6174999999999997 45.603050737360164
2.6225 64.02947840658598
2.6275 253.23853822359104
2.6325 8.09238744877031
2.6374999999999997 -49.17782251444441
2.6425 -141.4843166202186
2.6475 -226.5516265567669
2.6525 233.0361800163971
2.6574999999999998 -146.7372445568127
2.6625 138.61947393440747
2.6675 105.57871562516145
2.6725 -145.45645630663427
2.6774999999999998 -38.16417276833281
2.6824999999999997 105.73341871552515
2.6875 24.153007910153892
2.6925 -118.64985868120395
2.6975 -7.0885104589842145
2.7024999999999997 168.19110438678095
2.7075 -44.831239567800885
2.7125 -76.64163293338402
2.7175 183.0757210741293
2.7224999999999997 -35.24270888150337
2.7275 -91.54190386719813
2.7325 -235.64214795754756
2.7375 2.4867329554729567
2.7424999999999997 -27.88395757651786
2.7475 160.4569502643215
2.7525 165.5126459027445
2.7575 -62.41907292763357
2.7624999999999997 158.13897011062704
2.7675 -317.1426754582153
2.7725 227.0707457007762
2.7775 -188.88014133474636
2.7824999999999998 30.47547941621427
2.7875 362.39753085755063
2.7925 -278.4897557781806
2.7975 -2.2655653571076044
2.8024999999999998 81.77921338345084
2.8074999999999997 -65.5387035084593
2.8125 27.45467740295419
2.8175 -66.10293594107887
2.8225 -72.04727034722802
2.8274999999999997 -32.1874881847829
2.8325 -81.56584308695628
2.8375 172.56653144220303
2.8425 -4.304801977566141
2.8474999999999997 129.72597381962697
2.8525 -190.63312265020818
2.8575 -54.10709972339309
2.8625 -31.831044234773305
2.8674999999999997 -85.79053511376627
2.8725 183.08592683263464
2.8775 59.6756685768173
2.8825 -20.588871054375176
2.8874999999999997 -287.6828327126045
2.8925 99.80764324841205
2.8975 255.05742846445966
2.9025 -4.736828845684902
2.9074999999999998 -269.8363997183747
2.9125 127.11812221366722
2.9175 -96.20314232529829
2.9225 -1.2213379847729697
2.9274999999999998 -168.9794915171764
2.9324999999999997 183.5464306888167
2.9375 78.97112308633425
2.9425 282.19624573083047
2.9475 -84.69069250586273
2.9524999999999997 -55.839584222201395
2.9575 -119.1711643070444
2.9625 24.038920739830946
2.9675 -55.909739543443244
2.9724999999999997 137.10555837195588
2.9775 50.51200077495357
2.9825 -104.06479190447175
2.9875 195.24729975456307
2.9924999999999997 -230.68359915472234
2.9975 235.5984299661519
3.0025 32.6340267163257
3.0075 -170.64701143953585
3.0124999999999997 -7.615813705684166
3.0175 -134.3455579936694
3.0225 43.60954472590262
3.0275 -126.73966286335046
3.0324999999999998 162.4610779481717
3.0374999999999996 72.56367629315791
3.0425 81.50886516245318
3.0475 -140.9633489033375
3.0524999999999998 -148.54767075722134
3.0574999999999997 -20.069152600601566
3.0625 82.19035937269837
3.0675 -55.45726786743896
3.0725 53.23419745682829
3.0774999999999997 271.9861586222688
3.0825 -112.40745251875906
3.0875 3.1928970198559123
3.0925 -165.65126827515616
3.0974999999999997 89.90240239180937
3.1025 59.70326315931936
3.1075 -118.10967752405473
3.1125 -30.039540672919298
3.1174999999999997 375.88158760882186
3.1225 184.69831048695326
3.1275 -310.2161687669443
3.1325 180.5184950858319
3.1374999999999997 -151.66977190255886
3.1425 161.3851955592744
3.1475 -159.24908275605716
3.1525 -51.422289088772416
3.1574999999999998 97.22555614792685
3.1624999999999996 -180.49451118161824
3.1675 1.9475227602439507
3.1725 -68.44480898364304
3.1774999999999998 256.8872152165914
3.1824999999999997 110.47362612446561
3.1875 -29.034075195221494
3.1925 -265.55541848025996
3.1975 -306.9830095261453
3.2024999999999997 -164.5414410364756
3.2075 290.3550646598965
3.2125 23.277606854205118
3.2175 -230.52486378937797
3.2224999999999997 146.82537221345325
3.2275 144.74279732152874
3.2325 -94.69997024135291
3.2375 5.957075995071185
3.2424999999999997 86.52137324299052
3.2475 277.5675572262205
3.2525 -160.56819485611942
3.2575 102.60215376343254
3.2624999999999997 -38.45568674861329
3.2675 81.71414380258237
3.2725 -81.53978435857165
3.2775 -68.3792633301052
3.2824999999999998 64.54711019358491
3.2874999999999996 -213.62562592552405
3.2925 150.4794339067786
3.2975 65.50157299827654
3.3024999999999998 12.491968678730561
3.3074999999999997 -79.57247681822257
3.3125 -95.844980671412
3.3175 -124.47904876727182
3.3225 89.21648404798503
3.3274999999999997 24.765458161723675
3.3325 -44.046896028651894
3.3375 130.39901899004354
3.3425 -156.74094534704426
3.3474999999999997 -154.6706463665468
3.3525 324.15187373850824
3.3575 -196.0816025017464
3.3625 1.0253455249705865
3.3674999999999997 88.39156643266176
3.3725 -160.2543008549218
3.3775 261.41924044214056
3.3825 -82.93387040374313
3.3874999999999997 94.10495743424735
3.3924999999999996 -200.29345372493216
3.3975 230.2808627299577
3.4025 43.163882020696825
3.4074999999999998 120.8293330463411
3.4124999999999996 -272.84345207396757
3.4175 242.0903926850045
3.4225 -32.04098122886625
3.4274999999999998 32.10897224848684
3.4324999999999997 84.55572682518928
3.4375 -132.73697028859507
3.4425 70.15857427351165
3.4475 30.943641884219208
3.4524999999999997 -82.55337070439066
3.4575 -112.70985893118365
3.4625 18.256941325059543
3.4675 74.34013659026554
3.4724999999999997 190.8923232967439
3.4775 -216.17588010722193
3.4825 284.58062740467807
3.4875 -260.83304655885297
3.4924999999999997 -101.27425708310307
3.4975 92.32106524538581
3.5025 304.37280492641173
3.5075 -223.27986805975542
3.5124999999999997 -238.52399889212663
3.5174999999999996 -45.46011156318956
3.5225 38.161908199333425
3.5275 -97.16098921979386
3.5324999999999998 152.9592885793252
3.5374999999999996 -163.74988373975384
3.5425 -96.6259043297769
3.5475 64.6129627679357
3.5524999999999998 -49.92869990816919
3.5574999999999997 6.2359391797247925
3.5625 15.91675953789044
3.5675 176.3435594295715
3.5725 -94.91357679779162
3.5774999999999997 -10.130580472672536
3.5825 -43.6232539871327
3.5875 202.26063547051288
3.5925 -190.4572884730737
3.5974999999999997 95.18461050816767
3.6025 -145.56713695199846
3.6075 228.2877056147641
3.6125 -60.82125658052841
3.6174999999999997 12.54652372164988
3.6225 33.639600619639744
3.6275 64.38699398064735
3.6325 91.12228505217018
3.6374999999999997 140.47396198936912
3.6424999999999996 -48.93274930463439
3.6475 14.33587339350507
3.6525 -117.13398593111162
3.6574999999999998 96.39341743919576
3.6624999999999996 -97.72542008181789
3.6675 93.05203548543373
3.6725 -168.3314545046104
3.6774999999999998 260.87574098743033
3.6824999999999997 -484.2710549589083
3.6875 81.70109667448449
3.6925 104.67894222759713
3.6975 -86.14823937998015
3.7024999999999997 322.5111941563786
3.7075 -147.82048357113808
3.7125 230.40843967858856
3.7175 -114.15687509890823
3.7224999999999997 -68.51436454279894
3.7275 -399.69605679627716
3.7325 134.32123775951018
3.7375 119.86514877984386
3.7424999999999997 215.18694716747993
3.7474999999999996 -193.79018816192448
3.7525 74.04616816457276
3.7575 -83.63388328817173
3.7624999999999997 -56.083474487484715
3.7674999999999996 -184.32081591408584
3.7725 296.2091447409468
3.7775 -68.04030906360067
3.7824999999999998 16.53322272152148
3.7874999999999996 4.653284276682262
3.7925 22.713378895458074
3.7975 207.7580929098219
3.8024999999999998 -66.02578295688599
3.8074999999999997 -75.47090760520153
3.8125 -44.28885252833295
3.8175 260.6516665561907
3.8225 -168.25190115622885
3.8274999999999997 46.084087563033236
3.8325 -44.586438211538386
3.8375 -15.097169646809808
3.8425 -61.889364382326754
3.8474999999999997 -15.574636585385075
3.8525 -118.27201830430803
3.8575 178.56084716258013
3.8625 -86.42320832177865
3.8674999999999997 103.70503360443563
3.8724999999999996 -78.86358829706262
3.8775 141.46324494384308
3.8825 178.85391949792512
3.8874999999999997 15.364471686962855
3.8924999999999996 -87.49237095415876
3.8975 -98.78461913693869
3.9025 -48.9454716822215
3.9074999999999998 146.1800029447509
3.9124999999999996 0.7136155622252556
3.9175 -53.46701225594787
3.9225 -227.63288364556823
3.9274999999999998 136.18041838040185
3.9324999999999997 -163.8025678322148
3.9375 181.60975917477282
3.9425 -139.22496020865458
3.9475 -153.9131094819993
3.9524999999999997 73.91487527006498
3.9575 -128.99409222543088
3.9625 46.91544334407422
3.9675 249.1669000072006
3.9724999999999997 -144.29318958185632
3.9775 90.24427493903839
3.9825 30.04510827567942
3.9875 -46.93059608711273
3.9924999999999997 196.5624140547799
3.9974999999999996 -30.441029939928203
4.0024999999999995 -107.87657734161515
4.007499999999999 -95.50029195301941
4.0125 -287.2456627332766
4.0175 138.60486700381574
4.0225 29.72828362481567
4.0275 -3.738239710042279
4.0325 -115.85036927241251
4.0375 -5.415656364742316
4.0424999999999995 215.97568036507283
4.047499999999999 37.78476298327562
4.0525 19.5140718689644
4.0575 -82.565371735827
4.0625 51.30214297921963
4.0675 -215.8004616743703
4.0725 358.34828884696907
4.0775 -204.70472807863214
4.0825 -167.5503884718319
4.0874999999999995 63.631530604425954
4.0925 11.254111577619279
4.0975 214.4585428249037
4.1025 19.022889353103746
4.1075 17.65391475960415
4.1125 63.4232506537618
4.1175 184.6211162510241
4.1225 -2.958409584545998
4.1274999999999995 -56.74642081179062
4.132499999999999 -169.06542566043984
4.1375 137.10218954595226
4.1425 90.52564020268812
4.1475 83.54101306349658
4.1525 -55.73883879763988
4.1575 -199.74406727901874
4.1625 78.24631096732226
4.1674999999999995 -49.31540962124252
4.172499999999999 65.07272152696737
4.1775 -66.57736380437176
4.1825 -215.81044472613354
4.1875 -51.5444037022317
4.1925 290.70817728548093
4.1975 -304.32517482956706
4.2025 15.44790474633787
4.2075 -43.496933612772374
4.2124999999999995 96.67743748563731
4.2175 -179.333811999118
4.2225 174.8259195656281
4.2275 245.25380945088565
4.2325 -59.928253286995115
4.2375 102.9631459311913
4.2425 -29.712479538572804
4.2475 75.1578462706296
4.2524999999999995 -161.49150240212518
4.257499999999999 -40.8199996830356
4.2625 61.479420285771866
4.2675 -235.73476728350457
4.2725 309.45098735011396
4.2775 -214.50269415690698
4.2825 -56.918843858509376
4.2875 234.10686402860125
4.2924999999999995 -310.31852728571636
4.297499999999999 232.32138545717976
4.3025 -125.33126674218705
4.3075 50.752999865916465
4.3125 97.20426183060145
4.3175 -205.52415125216936
4.3225 284.3833675231092
4.3275 98.05596399433263
4.3325 -18.85253376182475
4.3374999999999995 4.9808383265122895
4.342499999999999 -248.52064201688165
4.3475 8.970687047770703
4.3525 64.96311480838347
4.3575 282.9288855148333
4.3625 -182.04263265747278
4.3675 54.20344588384325
4.3725 52.83696705328446
4.3774999999999995 -277.794001757217
4.382499999999999 72.90016703492066
4.3875 167.91864370844942
4.3925 21.493264383233406
4.3975 -99.19243998623186
4.4025 78.01205456147316
4.4075 -109.92351270716468
4.4125 124.44305093634219
4.4174999999999995 -21.068854151486534
4.422499999999999 -224.0877407471354
4.4275 -4.674921503177458
4.4325 73.36722412282722
4.4375 -129.7737198377776
4.4425 229.4512717600393
4.4475 90.23089937606413
4.4525 217.755667126398
4.4575 -298.67019122054523
4.4624999999999995 -178.95768228632883
4.467499999999999 172.87157822891822
4.4725 209.525688886464
4.4775 -7.164097324627959
4.4825 -54.35458777168519
4.4875 21.154041158040034
4.4925 -163.54999930692873
4.4975 58.062966224874266
4.5024999999999995 230.53374705800954
4.507499999999999 -112.70358971994563
4.5125 -141.52554414494904
4.5175 135.7287096312458
4.5225 10.125214325760055
4.5275 -8.524583534537715
4.5325 -336.258449880369
4.5375 78.98369124690409
4.5424999999999995 37.306384427383236
4.547499999999999 18.056831060360782
4.5525 -300.96554572620784
4.5575 273.175806325837
4.5625 -41.0733137660178
4.5675 100.86243488118338
4.5725 156.62185842680935
4.5775 -156.98626021176233
4.5825 16.80516679916204
4.5874999999999995 152.59693934786898
4.592499999999999 13.611990557027417
4.5975 103.10863876547646
4.6025 -219.02280598628732
4.6075 165.44395060183612
4.6125 -366.54573913886213
4.6175 191.31857544812203
4.6225 229.4380496245754
4.6274999999999995 -61.566204727982104
4.632499999999999 -20.02846601969199
4.6375 -57.06671455603612
4.6425 161.36165417368622
4.6475 -218.08537758278015
4.6525 -209.5429538236674
4.6575 -36.18179261989704
4.6625 243.242069843033
4.6674999999999995 -165.5428144998362
4.672499999999999 143.4324627619637
4.6775 49.41918497596465
4.6825 127.50821363252236
4.6875 -231.10914640801045
4.6925 -52.811675396659375
4.6975 3.1055114997148676
4.7025 -54.21040433294702
4.7075 -127.20656870118718
4.7124999999999995 175.8778701084239
4.717499999999999 23.48127315673456
4.7225 199.28635707660507
4.7275 241.80410154790755
4.7325 -70.75880966063174
4.7375 -274.65583180232346
4.7425 -185.35626368169162
4.7475 387.9217463499269
4.7524999999999995 -146.8490289410672
4.757499999999999 88.77561227633637
4.7625 -71.96839572755793
4.7675 -202.4730858274856
4.7725 89.5967127326411
4.7775 -50.957684237611986
4.7825 -8.561390889671602
4.7875 118.63570869418699
4.7924999999999995 116.57436708083456
4.797499999999999 -11.5572125402477
4.8025 -187.75726419030164
4.8075 -169.2773988586572
4.8125 187.93951019775267
4.8175 -285.9393267630639
4.8225 152.93865833600316
4.8275 -143.12152566153713
4.8325 -64.51493864212354
4.8374999999999995 28.28633267028469
4.842499999999999 301.67991395169145
4.8475 223.62836785960812
4.8525 -158.0463808188289
4.8575 95.57770705350788
4.8625 -156.22752847429217
4.8675 -212.03324495521895
4.8725 -67.8417920238551
4.8774999999999995 464.0743964652982
4.882499999999999 -85.83059022072882
4.8875 -58.580686173478625
4.8925 32.19228128126003
4.8975 110.57497196903549
4.9025 -285.8505571715097
4.9075 168.1787486035711
4.9125 12.356699301064067
4.9174999999999995 -26.29867243119011
4.922499999999999 -52.14696564286798
4.9275 -79.94515460940542
4.9325 60.14618232799772
4.9375 251.03788770399663
4.9425 -478.0454063438899
4.9475 -47.807617737587734
4.9525 94.81034186055237
4.9575 127.10765545733446
4.9624999999999995 -24.95070148488693
4.967499999999999 -49.951543501229544
4.9725 -88.48368715210621
4.9775 12.175200346026697
4.9825 159.17855899825526
4.9875 85.38493646326805
4.9925 -204.26912790221894
4.9975 63.62140991529066
5.0024999999999995 82.20056506541144
5.007499999999999 -153.63515804624734
5.0125 81.6667183854052
5.0175 -15.867507859635847
5.0225 156.7927691072414
5.0275 -167.32689143331572
5.0325 143.7857898044676
5.0375 171.61781230031343
5.0424999999999995 73.95628490772363
5.047499999999999 97.06086158439284
5.0525 -160.63086380963026
5.0575 87.97522232989002
5.0625 91.93317470863896
5.0675 -149.53756294786425
5.0725 202.60646265787594
5.0775 -241.45637073601344
5.0825 138.10580126141514
5.0874999999999995 -137.57929936423326
5.092499999999999 -7.567205343980297
5.0975 -77.51973673466965
5.1025 148.82895838602448
5.1075 9.376652029477173
5.1125 -3.9865267393317194
5.1175 -11.673038947014827
5.1225 -0.7526835223758896
5.1274999999999995 37.97126793848803
5.132499999999999 -121.17055661888651
5.1375 -151.05536709503806
5.1425 58.99241613467382
5.1475 300.3931029480168
5.1525 -5.524904384018123
5.1575 8.284088938493097
5.1625 -55.57086791199574
5.1674999999999995 -10.277339412879355
5.172499999999999 -82.5467743741211
5.177499999999999 -126.329908248455
5.1825 128.41360121375473
5.1875 -158.3266815639891
5.1925 -133.90363044567547
5.1975 147.13538947253232
5.2025 48.241189144399975
5.2075 1.4788811931264718
5.2124999999999995 -68.62662058341849
5.217499999999999 -28.883453329267148
5.2225 -97.30661324381128
5.2275 -19.644630258872855
5.2325 57.35406612427956
5.2375 103.2754257855025
5.2425 -13.497614164004839
5.2475 -219.6664275498502
5.2524999999999995 -84.73094367370904
5.257499999999999 205.89785303382013
5.2625 85.82058164157537
5.2675 136.19707723946402
5.2725 -285.49555801915346
5.2775 72.31673642583335
5.2825 99.56638440967433
5.2875 -236.42963574087915
5.2924999999999995 142.7751822682365
5.297499999999999 -264.4939861732474
5.302499999999999 171.92938357216894
5.3075 -71.21128831883782
5.3125 128.58427550265816
5.3175 103.07700006539004
5.3225 -3.1363933258393817
5.3275 -55.65717286033999
5.3325 -10.884449966018295
5.3374999999999995 174.56938837355437
5.342499999999999 -272.8075284566879
5.3475 143.58348892125045
5.3525 -73.2872600380995
5.3575 232.29496447670593
5.3625 170.44298679955565
5.3675 -62.63243302633049
5.3725 -42.453958192803164
5.3774999999999995 30.01871163833544
5.382499999999999 -94.19105263692136
5.3875 -325.18322451623845
5.3925 22.409894806095384
5.3975 153.97573211777117
5.4025 3.613389718293684
5.4075 -143.2743656471674
5.4125 126.81260093329647
5.4174999999999995 170.6344930179016
5.422499999999999 -108.96453050172623
5.427499999999999 32.475835847583305
5.4325 8.70286156453343
5.4375 62.91931141676324
5.4425 -91.88963813935298
5.4475 68.0672473026879
5.4525 -53.15452778776138
5.4575 58.01735114705174
5.4624999999999995 38.301782112909
5.467499999999999 -214.54220555677455
5.4725 -69.67772245562551
5.4775 244.06407575685608
5.4825 -270.8420825736429
5.4875 218.98786583145397
5.4925 88.0257968927719
5.4975 54.147055155107715
5.5024999999999995 -128.31037094776474
5.507499999999999 5.2130499423492935
5.5125 84.83099709546009
5.5175 -45.88923646706005
5.5225 149.22083066930946
5.5275 5.55276897788489
5.5325 189.9243249223434
5.5375 -94.21401307700502
5.5424999999999995 -147.45842938499496
5.547499999999999 -46.600577986202964
5.552499999999999 39.55416482539982
5.5575 -48.11132315205542
5.5625 32.88763318003519
5.5675 3.3797709379663043
5.5725 -82.3829964281147
5.5775 -18.71416556951936
5.5825 -136.20838955770205
5.5874999999999995 15.687832928739642
5.592499999999999 -29.812697967268974
5.5975 10.142918491976836
5.6025 182.50262122880878
5.6075 114.62707883704029
5.6125 -7.473411922553263
5.6175 52.71509981865835
5.6225 -160.3241727431814
5.6274999999999995 88.3206144989433
5.632499999999999 -201.09179285315213
5.6375 9.033779966494556
5.6425 265.0747740395233
5.6475 49.087880570914635
5.6525 -108.0698012638378
5.6575 45.130167412760755
5.6625 -167.99329658741345
5.6674999999999995 -49.858030881095054
5.672499999999999 214.92757019773333
5.677499999999999 -52.32684110852044
5.6825 -59.979056346336435
5.6875 -84.40318908912275
5.6925 166.67278311257823
5.6975 -142.50663833370717
5.7025 -172.10330852420785
5.7075 14.778587027216727
5.7124999999999995 -66.3489262947544
5.717499999999999 142.53796675757624
5.7225 -210.61182565433404
5.7275 377.9717555834954
5.7325 -179.04534676557964
5.7375 0.37743746520060323
5.7425 139.76002562416764
5.7475 -79.44406246592457
5.7524999999999995 74.0626170147957
5.757499999999999 290.3924799189064
5.7625 63.8159875787025
5.7675 -376.2144016168844
5.7725 48.339396172647305
5.7775 -15.622313855267933
5.7825 -208.35942427234767
5.7875 -43.11810062008435
5.7924999999999995 174.13562064268942
5.797499999999999 62.339203579109565
5.802499999999999 -120.7669106821565
5.8075 -45.87222943544867
5.8125 -122.21714514323305
5.8175 67.84749963250805
5.8225 -119.96836996650437
5.8275 113.28117350399405
5.8325 15.681845045132096
5.8374999999999995 -169.72911780561088
5.842499999999999 6.340321862640799
5.8475 142.89320855172423
5.8525 14.241444945349912
5.8575 22.99292750369784
5.8625 -145.17620911635976
5.8675 252.69753782143368
5.8725 -139.10687813334494
5.8774999999999995 162.81895090569625
5.882499999999999 77.19633285951949
5.8875 -193.2948649454669
5.8925 50.07084273303219
5.8975 -195.55770045083358
5.9025 41.05715913870495
5.9075 154.37652188165396
5.9125 -51.972979109289795
5.9174999999999995 -44.06649659047699
5.922499999999999 1.9817328843504722
5.927499999999999 188.67621581078006
5.9325 42.51982333347234
5.9375 219.1699203361901
5.9425 -66.04707464252166
5.9475 -212.5005922573348
5.9525 163.1510290933146
5.9575 -203.42905701751923
5.9624999999999995 -220.30258774673442
5.967499999999999 -6.102759758445119
5.9725 117.8174202230144
5.9775 -26.11009475715851
5.9825 -64.94259631318594
5.9875 151.97943730472312
5.9925 -82.48514204318883
5.9975 253.78761791317208
6.0024999999999995 -317.8501635010216
6.007499999999999 75.15212760887987
6.012499999999999 50.216526233237154
6.0175 131.36546150948482
6.0225 -225.9844295256839
6.0275 96.06361105772353
6.0325 129.18669177926876
6.0375 -143.07407195369552
6.0424999999999995 -33.88394366713845
6.047499999999999 189.86623129298582
6.052499999999999 -0.553487967229669
6.0575 -62.816930890485956
6.0625 -63.147288249096064
6.0675 -139.34371431882897
6.0725 -32.52145941260516
6.0775 197.34090695294
6.0825 -33.10839464288534
6.0874999999999995 16.735791313374857
6.092499999999999 84.20898025702442
6.0975 103.17899027918651
6.1025 130.29171815798753
6.1075 -510.9328191199114
6.1125 401.58438726249994
6.1175 -1.7679894800466318
6.1225 -159.41465860668433
6.1274999999999995 -44.03004729317683
6.132499999999999 80.7853454333639
6.137499999999999 205.01649797726887
6.1425 5.386762714404912
6.1475 140.2333059391605
6.1525 -262.5221626533481
6.1575 -98.80036637868373
6.1625 -155.240247972522
6.1674999999999995 -16.677963747847414
6.172499999999999 179.53821533924818
6.177499999999999 -208.76376280401828
6.1825 140.55517257855612
6.1875 -90.06393050627881
6.1925 -20.061971245708467
6.1975 71.08901975153023
6.2025 -212.7756035035454
6.2075 267.8223082352164
6.2124999999999995 23.49283203140274
6.217499999999999 95.01818514810066
6.2225 -67.10559307689003
6.2275 182.51543124166338
6.2325 -109.4586189293697
6.2375 9.479630179592517
6.2425 335.2427726570718
6.2475 -227.08356703812063
6.2524999999999995 -50.438124705001016
6.257499999999999 301.92690033413174
6.262499999999999 -104.84493928016312
6.2675 80.85825422576185
6.2725 -223.90223451816965
6.2775 86.08385811755655
6.2825 38.850719164907524
6.2875 26.330734570151602
6.2924999999999995 -204.98660599543825
6.297499999999999 81.38104346667892
6.302499999999999 -76.15803652629457
6.3075 -136.21165180027225
6.3125 67.40282387673746
6.3175 -17.335921177961428
6.3225 97.57548113934449
6.3275 45.95791541037205
6.3325 13.632541685177411
6.3374999999999995 207.77142057604337
6.342499999999999 -388.6798756278292
6.3475 4.026395654246981
6.3525 342.19039455451093
6.3575 -75.20490075114151
6.3625 15.312696415648722
6.3675 -4.384853702187368
6.3725 -321.06643400466186
6.3774999999999995 201.5418765997017
6.382499999999999 23.88129611202676
6.387499999999999 129.60608906975895
6.3925 -130.49758300700066
6.3975 -30.66467422148393
6.4025 -65.24277361863004
6.4075 -98.19495800245215
6.4125 85.1435104464412
6.4174999999999995 -124.29694044448104
6.422499999999999 126.89758832618513
6.427499999999999 -57.85313752481308
6.4325 22.485120669702535
6.4375 99.78218977576564
6.4425 78.20267350563186
6.4475 -47.14105589926359
6.4525 150.24810640710118
6.4575 -140.3431377987995
6.4624999999999995 -73.40584805575679
6.467499999999999 217.44740467802058
6.4725 111.13703666238911
6.4775 -153.91456460903476
6.4825 -81.22962880419806
6.4875 -80.5122426720862
6.4925 -7.22333238360699
6.4975 35.26071026623329
6.5024999999999995 -57.26402717008769
6.507499999999999 247.20413239477818
6.512499999999999 -454.09152957827644
6.5175 161.33338548386376
6.5225 304.1490426135723
6.5275 163.6356334375647
6.5325 -186.28101736586763
6.5375 69.50384092646695
6.5424999999999995 -66.76746858215249
6.547499999999999 -124.53869739628949
6.552499999999999 182.81180476858628
6.5575 41.68320522567811
6.5625 -144.9458054713567
6.5675 92.03328865925346
6.5725 75.41852250558829
6.5775 -18.74199674092675
6.5825 -232.54881529280541
6.5874999999999995 24.372663734362714
6.592499999999999 2.0928291393128164
6.5975 -13.593493199530668
6.6025 -55.34302753277463
6.6075 -25.087025117453074
6.6125 123.13617829880442
6.6175 -160.48754198777516
6.6225 -119.19895916113374
6.6274999999999995 26.805404548898235
6.632499999999999 -90.93582878321749
6.637499999999999 103.66984870245884
6.6425 -329.4949125731117
6.6475 189.61756622146885
6.6525 222.88014518288293
6.6575 -312.756964655808
6.6625 79.70801778626762
6.6674999999999995 -42.094777548659394
6.672499999999999 201.30331596663606
6.677499999999999 -68.81358740017582
6.6825 52.58775577456726
6.6875 180.39925401437193
6.6925 -123.55986586855568
6.6975 150.22021325940102
6.7025 50.902384311367015
6.7075 -147.4244776928184
6.7124999999999995 -22.39740138551344
6.717499999999999 148.56714499794012
6.722499999999999 -488.03193246387525
6.7275 330.6913710896612
6.7325 -145.95264837545108
6.7375 247.40248784877525
6.7425 35.95307246680434
6.7475 39.09252592144382
6.7524999999999995 155.62460178146148
6.757499999999999 195.64129081123727
6.762499999999999 -139.5619988682159
6.7675 -248.22672385646243
6.7725 62.68899935456223
6.7775 -316.1929805926919
6.7825 391.4685533973508
6.7875 -37.67113267428713
6.7924999999999995 -259.8147368563343
6.797499999999999 167.65063269108728
6.802499999999999 73.5589484470843
6.8075 63.53886380936573
6.8125 54.03178286911406
6.8175 2.911840979747644
6.8225 -90.84363569230587
6.8275 78.01461151119983
6.8325 -109.029412706287
6.8374999999999995 -146.93560790587892
6.842499999999999 -67.63254242711561
6.847499999999999 293.4891644681497
6.8525 -296.85967449001043
6.8575 396.5588750161993
6.8625 40.211926457799066
6.8675 -37.74675033070053
6.8725 -246.7751353910278
6.8774999999999995 77.91915328285937
6.882499999999999 -49.37640482009489
6.887499999999999 143.59191822340617
6.8925 -98.27972446498927
6.8975 6.3571567817448615
6.9025 -103.22401888495615
6.9075 193.98189938889917
6.9125 165.41424856221062
6.9174999999999995 -232.48113902327464
6.922499999999999 -182.00222306190568
6.927499999999999 37.35965456424748
6.9325 -123.45719917891806
6.9375 159.19452440707764
6.9425 -98.30829974666347
6.9475 52.70238283603515
6.9525 237.75569254113694
6.9575 -8.016303127978272
6.9624999999999995 -46.4478081351036
6.967499999999999 -50.33002482615543
6.972499999999999 -3.313752402682893
6.9775 -126.45796038155993
6.9825 -17.536069207407593
6.9875 112.90990445631543
6.9925 -196.01298158719263
6.9975 172.17777810598324
7.0024999999999995 -115.85760734021895
7.007499999999999 -210.83634063043186
7.012499999999999 136.09627878635476
7.0175 46.06171333183348
7.0225 217.45694613224967
7.0275 -321.6855748009929
7.0325 419.24076574422264
7.0375 -153.02579983271542
7.0424999999999995 -109.3963173268469
7.047499999999999 103.07515541538073
7.052499999999999 -91.68106139988126
7.0575 292.59779649015695
7.0625 -99.80288646925298
7.0675 -294.44384366352807
7.0725 166.58045521336098
7.0775 -4.527796626515829
7.0825 -244.04071385250646
7.0874999999999995 341.3890428652824
7.092499999999999 -30.80904720600329
7.097499999999999 167.50714625704052
7.1025 -79.38158759953019
7.1075 106.01906711997756
7.1125 35.58174387714591
7.1175 -160.0326998830527
7.1225 313.9532352039196
7.1274999999999995 -76.45758847647024
7.132499999999999 -29.769905113496343
7.137499999999999 -248.08264305529366
7.1425 -99.57445896005655
7.1475 101.74566113491392
7.1525 -170.15547140862745
7.1575 123.59076361640297
7.1625 -99.27339405146398
7.1674999999999995 119.96257195930973
7.172499999999999 -177.85316471192021
7.177499999999999 149.65582302408694
7.1825 -108.55784562129833
7.1875 102.17460668913039
7.1925 -131.73387635808353
7.1975 140.37106489529697
7.2025 60.61359930409877
7.2075 143.82575523660313
7.2124999999999995 -280.5577195288098
7.217499999999999 83.47735854218763
7.222499999999999 -94.5961096856763
7.2275 232.32456302513333
7.2325 10.294456251744089
7.2375 -222.4612344589248
7.2425 124.07242448149961
7.2475 -329.02254874406196
7.2524999999999995 42.67124207507224
7.257499999999999 -55.75391324790939
7.262499999999999 309.6769912046678
7.2675 -11.256605103623825
7.2725 -59.507953754582395
7.2775 -92.56551250779721
7.2825 48.90368150223012
7.2875 25.26497181771373
7.2924999999999995 -36.47406807959643
7.297499999999999 162.24372682623036
7.302499999999999 -432.1094180406351
7.3075 184.39467770712167
7.3125 116.06256517737191
7.3175 165.52193756849954
7.3225 -168.68972655788022
7.3275 -99.15401034242149
7.3325 126.31959623547745
7.3374999999999995 167.18992461578333
7.342499999999999 -61.27790075123095
7.347499999999999 5.840244169752679
7.3525 16.545283558106593
7.3575 65.03922616978733
7.3625 23.599971738255974
7.3675 -178.89130541359467
7.3725 -83.56150675501856
7.3774999999999995 244.13183512198958
7.382499999999999 -213.05588115562838
7.387499999999999 96.4357964597608
7.3925 -49.64308788682707
7.3975 61.528276092101144
7.4025 97.1070186587121
7.4075 -159.6779640970446
7.4125 -62.11857600347364
7.4174999999999995 61.958342877720504
7.422499999999999 90.90348985629026
7.427499999999999 43.57290489426713
7.4325 -57.21291472272429
7.4375 -269.4294311417956
7.4425 77.62622898006086
7.4475 57.89116228316086
7.4525 82.04734716913816
7.4575 81.4387949763736
7.4624999999999995 -11.148835205772325
7.467499999999999 -204.76842299637818
7.472499999999999 229.37143233053777
7.4775 152.7560411019898
7.4825 -163.74449954109477
7.4875 -1.3181736395100387
7.4925 158.61206326313703
7.4975 58.1426587074014
7.5024999999999995 -137.79563034455282
7.507499999999999 79.80790995945544
7.512499999999999 -142.49226941477804
7.5175 29.265972718891057
7.5225 141.01852431776285
7.5275 -38.28874768271398
7.5325 -136.16834655651218
7.5375 187.76487824227198
7.5424999999999995 -24.426006111109622
7.547499999999999 74.55622002727132
7.552499999999999 121.48952609686764
7.557499999999999 -158.98509401325475
7.5625 42.45636368878676
7.5675 -204.81126637859333
7.5725 -37.479947522086334
7.5775 150.7986715539416
7.5825 -79.08575777970232
7.5874999999999995 109.6137062464317
7.592499999999999 137.68722377516713
7.597499999999999 121.14354469248727
7.6025 -56.44343516445986
7.6075 170.31650660761338
7.6125 -276.6137227374482
7.6175 86.48169933628313
7.6225 8.446927634440383
7.6274999999999995 -139.83147652625598
7.632499999999999 -160.42220436930924
7.637499999999999 -131.98619000422073
7.6425 240.232584753468
7.6475 -88.71401053057302
7.6525 228.73521491085032
7.6575 -26.992000165821313
7.6625 -103.89449223659918
7.6674999999999995 -60.59718644223269
7.672499999999999 -113.18152378344521
7.677499999999999 71.02398096143143
7.682499999999999 -186.9214202413251
7.6875 421.5031076761834
7.6925 -212.37752220892463
7.6975 23.300113854150975
7.7025 197.7518328013429
7.7075 -240.71672513082143
7.7124999999999995 38.72888680017013
7.717499999999999 -40.975613206456025
7.722499999999999 -212.95282234422328
7.7275 -108.7429670972278
7.7325 266.5924835774519
7.7375 282.7709349193619
7.7425 -195.61268354630903
7.7475 -44.91881944645139
7.7524999999999995 172.34248043300192
7.757499999999999 -221.0468773631812
7.762499999999999 -209.7180509303051
7.7675 245.89492281677386
7.7725 -276.80451142559355
7.7775 141.75770273223827
7.7825 -59.450097635221546
7.7875 208.25434511274872
7.7924999999999995 -54.316791180835665
7.797499999999999 -10.062722484967008
7.802499999999999 280.328175262083
7.807499999999999 -138.68511117074738
7.8125 89.79484825961833
7.8175 -12.497691814352821
7.8225 282.1235146432805
7.8275 -136.7477580490674
7.8325 -117.88178648480663
7.8374999999999995 -58.46441970090306
7.842499999999999 -261.07488344823656
7.847499999999999 75.41892449619219
7.8525 -164.1023812407636
7.8575 -189.91834374954465
7.8625 260.3461333016318
7.8675 149.6873428046944
7.8725 -116.06949941660083
7.8774999999999995 -110.77594963866414
7.882499999999999 150.22813622445568
7.887499999999999 82.91563042550044
7.8925 -52.5769525567045
7.8975 288.7131006816017
7.9025 -48.09552340810059
7.9075 68.906074845582
7.9125 -75.57559845898312
7.9174999999999995 -69.54785856863273
7.922499999999999 375.71055317318104
7.927499999999999 -81.61053088890787
7.932499999999999 -139.2065914092004
7.9375 -172.1544380446582
7.9425 10.957158026283274
7.9475 -89.02492638010516
7.9525 62.67738083922588
7.9575 67.37269964828951
7.9624999999999995 95.79088076278074
7.967499999999999 -219.7946984750588
7.972499999999999 77.7717032609335
7.9775 -92.77897057114373
7.9825 184.8550672163857
7.9875 -92.03689420574689
7.9925 -82.90846709768189
7.9975 100.27681220614832
8.0025 107.33107911856665
8.0075 -195.85600142730343
8.0125 -19.80247900795236
8.0175 168.7256904400125
8.022499999999999 66.34910959194303
8.0275 -84.06785313280676
8.032499999999999 8.590413673733687
8.0375 -135.41092717691046
8.0425 144.1070534579574
8.0475 -204.39240782788383
8.0525 4.239139477004988
8.0575 -4.705623058556524
8.0625 -169.3293928233866
8.067499999999999 -73.59040779751668
8.0725 -16.788865981485554
8.077499999999999 4.310839600109292
8.0825 -104.81870311009948
8.0875 52.09823674977519
8.0925 64.22073593025394
8.0975 2.8604667121537686
8.1025 165.29981664053508
8.1075 -84.29639143614018
8.112499999999999 85.13154527177721
8.1175 -12.68506180597441
8.1225 -11.242748204600764
8.1275 -128.11942462140553
8.1325 153.0024216776818
8.1375 35.42417073177177
8.1425 124.21741433408805
8.147499999999999 90.74743137993134
8.1525 0.1279645965257804
8.157499999999999 19.269446835912774
8.1625 15.257476920420658
8.1675 51.789619023286306
8.1725 62.91423436096592
8.1775 -84.20096057737274
8.1825 1.2791664713918107
8.1875 236.96215039113636
8.192499999999999 -326.15449737056633
8.1975 -52.805915088419894
8.202499999999999 113.04537634250548
8.2075 124.57244440879849
8.2125 -182.1734643483581
8.2175 265.2741324304706
8.2225 -196.6850947446968
8.2275 149.528133077279
8.2325 -199.10490343597496
8.237499999999999 169.50997016068592
8.2425 46.15415524900761
8.2475 -47.32086501343912
8.2525 2.570527666582965
8.2575 104.75663957680747
8.2625 -23.255248446039765
8.2675 -52.77497520064106
8.272499999999999 8.679402419248841
8.2775 -66.11592135605295
8.282499999999999 -199.88150138595608
8.2875 209.56473618785037
8.2925 -281.4299899266742
8.2975 119.8144466458031
8.3025 119.13667772393337
8.3075 -72.27981710875018
8.3125 82.71887477568083
8.317499999999999 25.31239381369427
8.3225 -222.26156519962996
8.327499999999999 48.77614218676222
8.3325 -49.8928281351769
8.3375 -152.94171859638774
8.3425 186.27945480009961
8.3475 139.55282821906758
8.3525 -68.95455478082779
8.3575 71.07269288012557
8.362499999999999 78.50885389269162
8.3675 -183.6140347184648
8.3725 -99.86763985260222
8.3775 68.76423861257076
8.3825 -13.655246061851864
8.3875 92.06194157577421
8.3925 30.225055454876603
8.397499999999999 -11.557616720499682
8.4025 -260.69912026403233
8.407499999999999 -53.988717109118035
8.4125 245.50979423838245
8.4175 136.51894104979323
8.4225 -26.430549560814534
8.4275 55.40621913986277
8.4325 -55.86467527827798
8.4375 -147.3861875285629
8.442499999999999 64.20400733141433
8.4475 -176.71402896991486
8.452499999999999 32.19776842010714
8.4575 134.2393385229171
8.4625 0.6232404425684677
8.4675 195.37385429173978
8.4725 -362.3311401026532
8.4775 -9.66263202683363
8.4825 258.2159700909368
8.487499999999999 -133.3419886484109
8.4925 30.0732124848947
8.4975 95.42686991533488
8.5025 -21.500171910811705
8.5075 -302.24393295427524
8.5125 274.7114130644229
8.5175 -51.90536086851728
8.522499999999999 90.0831502626022
8.5275 74.80945680436817
8.532499999999999 -189.90563880690186
8.5375 327.99499207339323
8.5425 -192.62217636900664
8.5475 -76.7209562720845
8.5525 44.145385568790076
8.5575 -119.47759023075452
8.5625 -130.1761521096295
8.567499999999999 237.81277987813993
8.5725 -72.47475202404077
8.577499999999999 157.43929724050955
8.5825 -172.36977763456622
8.5875 -36.49880037057268
8.5925 18.74537694898838
8.5975 -111.2285397407056
8.6025 161.17532040988974
8.6075 -85.81708254693089
8.612499999999999 87.64299689923216
8.6175 -86.58242745748475
8.6225 87.78870362409884
8.6275 -78.8688382548742
8.6325 -191.81116078618504
8.6375 -9.906656639876879
8.6425 -181.04154466665398
8.647499999999999 189.83010918050942
8.6525 -113.27372641423203
8.657499999999999 -85.42656407885134
8.6625 88.09771913871214
8.6675 98.63972323567306
8.6725 -11.024569909686065
8.6775 242.82755506067798
8.6825 12.064372293142387
8.6875 -82.87033789414856
8.692499999999999 -2.68165793613487
8.6975 7.64109483555039
8.702499999999999 115.81948445274092
8.7075 -104.11433443378398
8.7125 15.099904383624757
8.7175 -210.98114095201663
8.7225 436.7414166151777
8.7275 -369.210763196941
8.7325 16.173372608410453
8.737499999999999 -158.54361526704554
8.7425 121.14872410456644
8.747499999999999 -18.70400025679534
8.7525 111.2596738800815
8.7575 231.9108721261396
8.7625 -170.4455263801302
8.7675 -110.80825191931211
8.772499999999999 1.4553553345076196
8.7775 94.75400804210692
8.782499999999999 110.85795401126136
8.7875 242.07454807074006
8.7925 -60.20081660122552
8.7975 -190.6818062782379
8.8025 -315.0860491337888
8.8075 166.57072276425083
8.8125 67.13672300556237
8.817499999999999 -25.692807851546533
8.8225 -58.9362792982035
8.827499999999999 332.72481772957866
8.8325 -133.5249543757107
8.8375 -247.65329590522674
8.8425 100.14400924808233
8.8475 -97.70857200426526
8.8525 68.02068665875095
8.8575 238.0446126622425
8.862499999999999 10.930865077514044
8.8675 -154.985198816511
8.872499999999999 301.216394047512
8.8775 -140.58839562164297
8.8825 126.73356602778871
8.8875 -97.36780858266644
8.8925 -253.2810531709298
8.897499999999999 106.83137663883957
8.9025 -308.2734885789441
8.907499999999999 -166.2658025618109
8.9125 204.56545919052195
8.9175 92.13145713324649
8.9225 -163.20014826599206
8.9275 60.07823617868676
8.9325 161.59130528701544
8.9375 -61.36805007191023
8.942499999999999 -45.96176412499511
8.9475 177.81797431629116
8.952499999999999 -66.37360733357347
8.9575 -15.76935530736561
8.9625 137.77549814850926
8.9675 -130.9857994769685
8.9725 1.970547939894607
8.9775 99.87519819704694
8.9825 78.34905808797679
8.987499999999999 80.4834016061989
8.9925 -106.33391241121474
8.997499999999999 155.40660800089188
9.0025 -283.9852653723474
9.0075 162.26105373972658
9.0125 -48.07031195221956
9.0175 34.00840824792835
9.022499999999999 0.8794630690232021
9.0275 -105.11965577712574
9.032499999999999 258.3582151569452
9.0375 -64.61565426279903
9.0425 -63.73284657931759
9.0475 -14.960500999722083
9.0525 29.348225128243847
9.0575 -218.2685234492409
9.0625 141.4956877567218
9.067499999999999 -6.990655813989667
9.0725 84.6236357360908
9.077499999999999 -141.33758228631064
9.0825 -224.2315248252889
9.0875 227.7788999229376
9.0925 -76.76170561879375
9.0975 -50.3710185252547
9.1025 45.911591750093876
9.1075 29.249889936707422
9.112499999999999 23.466624678341482
9.1175 74.69728188558406
9.122499999999999 -140.17684632594668
9.1275 84.56967346483162
9.1325 -21.119020736670397
9.1375 -27.628025225438645
9.1425 -34.28924283134714
9.147499999999999 73.38990830590913
9.1525 -81.19763653659847
9.157499999999999 161.19288707031896
9.1625 -80.52943604377744
9.1675 -134.3149257833143
9.1725 54.4318870778262
9.1775 7.437423434122125
9.1825 121.83497774210848
9.1875 -97.6437550656094
9.192499999999999 78.38173998986606
9.1975 158.91805355995905
9.202499999999999 54.29267095509478
9.2075 -51.790405898510954
9.2125 -196.06933803816963
9.2175 -268.8481939145009
9.2225 343.5395018644329
9.2275 81.12777438559083
9.2325 -123.07266957310569
9.237499999999999 -26.767692172119574
9.2425 -5.014753175032839
9.247499999999999 68.35454478970773
9.2525 349.5908022201219
9.2575 -613.7139184414358
9.2625 -263.1864404810651
9.2675 341.44562399676886
9.272499999999999 253.82278413015192
9.2775 -146.69963915822092
9.282499999999999 224.44387178923793
9.2875 -77.72186787390022
9.2925 -97.87308971825045
9.2975 -172.72926987077219
9.3025 227.0093020044283
9.3075 -224.64513591829206
9.3125 203.74098040945856
9.317499999999999 -269.7785716265093
9.3225 171.1767532099253
9.327499999999999 143.48434014283876
9.3325 -111.56094912647453
9.3375 52.21820640453261
9.3425 103.99246570238435
9.3475 65.20012070495798
9.3525 91.25457075162278
9.3575 -31.895217198956015
9.362499999999999 48.266380467854695
9.3675 -154.57868894344912
9.372499999999999 -5.7274592252927405
9.3775 -85.13039167059085
9.3825 161.8480137233915
9.3875 77.65868100385356
9.3925 31.170134311968525
9.397499999999999 -272.6759451552201
9.4025 123.10584846959753
9.407499999999999 -62.643464280107025
9.4125 -134.81807682924332
9.4175 124.12155793109378
9.4225 -41.617346401064246
9.4275 -128.76347330820914
9.4325 197.58682454039493
9.4375 -155.48526460100314
9.442499999999999 -297.10281946076657
9.4475 244.9509162416561
9.452499999999999 304.9836645847181
9.4575 -482.18549086222146
9.4625 218.16450301841408
9.4675 -124.02633813384143
9.4725 163.85189096084514
9.4775 388.4015582556224
9.4825 -241.50604914275527
9.487499999999999 134.44718911340433
9.4925 -48.18287590053572
9.497499999999999 12.305598729200506
9.5025 -18.99797277805523
9.5075 -231.3836659887901
9.5125 33.30224984167828
9.5175 168.65899802768158
9.522499999999999 -154.4112030782194
9.5275 -160.4440577891145
9.532499999999999 9.948675842665667
9.5375 112.42047556689607
9.5425 -150.31425261223188
9.5475 215.91452213304268
9.5525 138.71342091492934
9.5575 -123.16013785988825
9.5625 -46.18820510321051
9.567499999999999 -32.216063861210536
9.5725 -90.32329655451309
9.577499999999999 20.88575012889225
9.5825 41.0144127671519
9.5875 68.1856749517532
9.5925 -193.55751935579175
9.5975 209.3285730899069
9.6025 36.41876259390694
9.6075 0.685864459977429
9.612499999999999 189.62896124055618
9.6175 10.68753427656792
9.622499999999999 -189.6562272237013
9.6275 29.275186544198778
9.6325 -46.26711326818642
9.6375 -126.59665168779405
9.6425 150.66296051294879
9.647499999999999 -221.6895303991369
9.6525 288.1771890051408
9.657499999999999 -223.61465092535775
9.6625 306.06135806135677
9.6675 -73.34488077748748
9.6725 -59.4536975235821
9.6775 51.37448200257036
9.6825 -43.214561448189784
9.6875 -41.84649742755546
9.692499999999999 -220.43751763642774
9.6975 100.18028209058713
9.702499999999999 21.91761961266524
9.7075 15.071524356879333
9.7125 81.26777633087103
9.7175 3.5335716219268667
9.7225 46.68251617180383
9.7275 10.487165876004282
9.7325 -87.37205088991584
9.737499999999999 109.29273642109857
9.7425 -59.88225569307258
9.747499999999999 -100.81316846546638
9.7525 254.22393154066688
9.7575 -92.17557727972664
9.7625 -13.139597253052857
9.7675 177.4817696392004
9.772499999999999 -132.63970066822407
9.7775 25.140798696559717
9.782499999999999 -2.6672283156376766
9.7875 -197.4122871941595
9.7925 27.11107899361036
9.7975 -46.46716421295421
9.8025 -86.45536888593546
9.8075 229.2980292574672
9.8125 -3.708870052827753
9.817499999999999 -339.97559054446276
9.8225 -53.2848974855173
9.827499999999999 -6.592844070187887
9.8325 68.06374241832606
9.8375 99.3083796029449
9.8425 161.83683614766682
9.8475 56.36291624912207
9.8525 -256.93379428235636
9.8575 -68.53006757215677
9.862499999999999 98.6972072999005
9.8675 278.8177752423366
9.872499999999999 -324.9823951423252
9.8775 -29.30402313621356
9.8825 -6.613914430718566
9.8875 131.74779497023042
9.8925 -18.530749033771475
9.897499999999999 -132.66318336713158
9.9025 166.83474808754028
9.907499999999999 -181.1392014743742
9.9125 -71.96790384881622
9.9175 138.7708437265787
9.9225 -6.865287905705246
9.9275 17.0368154965691
9.9325 74.61792407174832
9.9375 40.206540704798215
9.942499999999999 -69.95649103103388
9.9475 -1.4687457665287746
9.952499999999999 -16.4269395638781
9.9575 281.7015404351179
9.9625 119.68097839657726
9.9675 -18.230580478695675
9.9725 165.21368939703882
9.9775 -16.100300355185098
9.9825 -148.618722168811
9.987499999999999 -53.04798248092631
9.9925 -88.45205151135909
9.997499999999999 -86.32685321358345
10.0025 62.177855932762306
