0.0075 -309.7271845015022
0.012499999999999999 -39.28696594748358
0.017499999999999998 87.43748127544417
0.0225 20.997631416896454
0.0275 -93.31006450370855
0.0325 -17.736359150721615
0.0375 22.60153392477194
0.042499999999999996 200.12614984104613
0.0475 -245.89662473051223
0.0525 148.57361527027237
0.057499999999999996 -79.54593412209944
0.0625 92.89826611858079
0.06749999999999999 243.28511244415955
0.0725 -16.509718048004828
0.0775 137.52493049691319
0.08249999999999999 -172.02738322326675
0.0875 237.28644285631867
0.0925 -152.2976259603659
0.09749999999999999 -46.09199052724607
0.1025 259.6196133804757
0.1075 -372.265268030369
0.11249999999999999 -220.64836940586542
0.1175 90.54806562025284
0.1225 -69.76005394725422
0.1275 142.275403272131
0.1325 50.32430675653587
0.13749999999999998 -14.695420105688127
0.1425 51.41659069103347
0.1475 203.84072408133025
0.1525 -200.61556359824965
0.1575 21.907637613577904
0.1625 7.38804517159226
0.16749999999999998 -3.825456802041591
0.1725 3.297433788204707
0.1775 -64.187599009213
0.1825 -28.723974248409473
0.1875 89.06974339802173
0.1925 -31.44609040057894
0.19749999999999998 -67.80378095029383
0.20249999999999999 108.69911117239498
0.2075 -83.23582521821268
0.2125 27.423797945350422
0.2175 20.877751371173808
0.2225 -128.71922749854508
0.22749999999999998 125.39421570748353
0.23249999999999998 -27.11653685490939
0.2375 28.128390233051352
0.2425 -138.53559671982492
0.2475 304.38096369086486
0.2525 -46.360913951432266
0.2575 -197.5543460681206
0.2625 34.13955192562933
0.2675 -155.96033196489668
0.27249999999999996 79.50997287165686
0.27749999999999997 -2.7700544856720057
0.2825 -118.04512980725669
0.2875 -59.248212690563776
0.2925 316.11394779253595
0.2975 -253.92534002565253
0.3025 16.55897748974408
0.3075 146.96880825064196
0.3125 -143.55933369403635
0.3175 272.7978667342388
0.3225 -181.71738738902934
0.32749999999999996 166.12833651273968
0.33249999999999996 53.87321724775631
0.33749999999999997 115.9717404335274
0.34249999999999997 92.93273046391374
0.3475 -193.82403432334343
0.3525 150.4567463729183
0.3575 -93.30229233447453
0.3625 146.16177349326708
0.3675 -262.37900268041045
0.3725 -18.78157682789584
0.3775 231.3417923842348
0.3825 -260.5217808261733
0.38749999999999996 20.436105940317294
0.39249999999999996 -118.76415507085919
0.39749999999999996 -156.1000386345909
0.40249999999999997 167.43348013013497
0.4075 72.32018209717664
0.4125 40.937493444109556
0.4175 -111.469672521506
0.4225 -133.6982833816137
0.4275 123.3745213569229
0.4325 -16.410409262858497
0.4375 63.76161134265122
0.4425 -297.49560533513596
0.44749999999999995 12.550331924699401
0.45249999999999996 -88.41935128633017
0.45749999999999996 66.82687509571642
0.46249999999999997 -89.13467086764562
0.46749999999999997 344.010239572408
0.4725 -139.28549709874318
0.4775 -83.61973374525242
0.4825 71.25266552092073
0.4875 402.02800738173374
0.4925 1.1239665180100153
0.4975 -124.5643410414139
0.5025 -32.99831218059329
0.5075 253.64038908476672
0.5125 -139.21460799661665
0.5175 -26.941414681427133
0.5225 -238.96591732583886
0.5275 -59.23268435194679
0.5325 235.05907368952768
0.5375 -237.54585176819919
0.5425 389.4770221071667
0.5475 110.93859530017089
0.5525 -76.76933172924863
0.5575 -24.78612863700223
0.5625 -108.29145572480036
0.5675 51.76126704048439
0.5725 72.51496437446379
0.5775 -329.4232954798179
0.5825 162.9326443752379
0.5875 27.949815611624807
0.5925 2.092650315996712
0.5974999999999999 -133.30169734729648
0.6024999999999999 -158.46428393458754
0.6074999999999999 -253.85813956562222
0.6124999999999999 185.7677510257672
0.6174999999999999 102.40286090155911
0.6224999999999999 -47.289865419199884
0.6275 -19.70714841656305
0.6325 163.2826188424222
0.6375 4.206562842704296
0.6425 -337.2659283375295
0.6475 353.57537242973524
0.6525 194.91756534980453
0.6575 -299.4884177647692
0.6625 235.4225109828163
0.6675 88.34015532141187
0.6725 127.2967444686776
0.6775 -50.44885706461822
0.6825 99.11779552867492
0.6875 -168.08909325105125
0.6925 -74.45056123801272
0.6975 -205.77542893365043
0.7025 188.47017003309907
0.7075 166.31393906154895
0.7125 -70.0671154240304
0.7174999999999999 -117.88853637417103
0.7224999999999999 142.03216152098557
0.7274999999999999 -57.748578781855166
0.7324999999999999 -10.404136065509814
0.7374999999999999 -59.41325384763318
0.7424999999999999 34.11035095972551
0.7474999999999999 -169.96280237818112
0.7525 209.4294943113414
0.7575 -168.98853610838742
0.7625 26.6815045971366
0.7675 240.42480100169894
0.7725 -261.4626770072174
0.7775 341.66265786851505
0.7825 -385.23564710843755
0.7875 -13.003674426830235
0.7925 131.53269249556573
0.7975 -152.22503790515194
0.8025 -25.802940513319893
0.8075 -112.767488988398
0.8125 167.99837338004184
0.8175 48.09023147483806
0.8225 39.733899232483566
0.8275 214.04634258075654
0.8325 -7.363138860133635
0.8374999999999999 -163.24043943552203
0.8424999999999999 34.72798695587783
0.8474999999999999 21.12217823798993
0.8524999999999999 74.84015579384976
0.8574999999999999 -91.75463640453047
0.8624999999999999 235.23275457496155
0.8674999999999999 -51.35489677856189
0.8724999999999999 -472.0782212391182
0.8775 210.964108113398
0.8825 -98.79381899784286
0.8875 74.96690560240329
0.8925 -50.00413071461286
0.8975 161.12821316399905
0.9025 -66.6380476743309
0.9075 33.99925365208727
0.9125 138.9304009686209
0.9175 -358.01450321906395
0.9225 -115.7583217139421
0.9275 59.17934373925439
0.9325 55.61843622992441
0.9375 -78.27132547412427
0.9425 -393.2011515851547
0.9475 700.9882965361164
0.9524999999999999 -253.84904944617912
0.9574999999999999 259.5391073604175
0.9624999999999999 167.25194801580716
0.9674999999999999 -89.83292042127711
0.9724999999999999 -147.41673246550783
0.9774999999999999 284.8224325822006
0.9824999999999999 -160.16066349269482
0.9874999999999999 91.9146305070653
0.9924999999999999 5.903614271195718
0.9974999999999999 -58.88192253665611
1.0025 194.2718034329968
1.0075 -44.91480440081433
1.0125 82.26539358350206
1.0174999999999998 -195.48915677637294
1.0225 -22.19331542716289
1.0274999999999999 -47.28506495399155
1.0325 43.951069100582416
1.0374999999999999 95.76402963262306
1.0425 1.8369462640002325
1.0474999999999999 -154.79337047934396
1.0525 165.5792568231586
1.0574999999999999 -94.94255242526363
1.0625 69.0630310570948
1.0675 1.6050707149397796
1.0725 -51.360527805044136
1.0775 -378.7167916787297
1.0825 138.89375074181103
1.0875 -120.56590485344789
1.0925 74.91872752196775
1.0975 251.71218029533796
1.1025 -74.2700133756382
1.1075 11.980316090763115
1.1125 -263.27267476854047
1.1175 106.13815154010726
1.1225 -4.170812127438867
1.1275 150.57050247667516
1.1324999999999998 -158.73706331054353
1.1375 272.20927432894536
1.1424999999999998 158.41910334873688
1.1475 -126.8140186245457
1.1524999999999999 -116.90089533090996
1.1575 -170.73918531911255
1.1624999999999999 147.70905414425783
1.1675 21.12072370308469
1.1724999999999999 -208.54666978504576
1.1775 155.0259579004722
1.1824999999999999 160.252381300444
1.1875 -45.63020530134195
1.1925 -163.2916871188406
1.1975 -200.91792395610423
1.2025 136.35762110198021
1.2075 -115.70569949908557
1.2125 227.39913775462765
1.2175 -72.55012545964865
1.2225 205.63747496930608
1.2275 -47.57003194818463
1.2325 132.99255288811122
1.2375 124.05400508781065
1.2425 134.10149587904772
1.2475 -212.93610585115633
1.2525 -29.386087116582782
1.2574999999999998 -62.303633924096495
1.2625 -57.52467251558835
1.2674999999999998 -60.52373664022165
1.2725 -68.8786446121026
1.2774999999999999 200.3123521519414
1.2825 -162.45958630644145
1.2874999999999999 182.97534507301148
1.2925 71.47161717075417
1.2974999999999999 99.4860407648715
1.3025 -97.91010022338223
1.3074999999999999 -2.330450719696047
1.3125 7.167846166626354
1.3175 -298.8735908342182
1.3225 -72.35638204187634
1.3275 -3.484615087673761
1.3325 270.95555129688296
1.3375 91.84329171495878
1.3425 -2.2936133797474763
1.3475 -168.3456179954852
1.3525 366.20495716385085
1.3575 -79.8341136199271
1.3625 -19.68470694569108
1.3675 -45.95607349074082
1.3724999999999998 -89.63142467063199
1.3775 -83.83223847899986
1.3824999999999998 -148.18903250432774
1.3875 40.19512522432335
1.3924999999999998 38.319969720526345
1.3975 -61.289941784350965
1.4024999999999999 -36.214535313818715
1.4075 -3.634381128132926
1.4124999999999999 -69.93055980801593
1.4175 298.15143320193295
1.4224999999999999 16.70081135423458
1.4275 68.51245051486954
1.4324999999999999 -27.096377059019943
1.4375 -12.88738953242666
1.4425 87.48847894823989
1.4475 -186.8656414462405
1.4525 237.8890642731425
1.4575 162.66852010041518
1.4625 -155.5928299178755
1.4675 -221.17815275695241
1.4725 46.09725706470285
1.4775 -97.07100859042528
1.4825 -84.37546502748675
1.4874999999999998 65.69589933532063
1.4925 59.09974907334434
1.4974999999999998 44.876094087295904
1.5025 0.47733588042748104
1.5074999999999998 -218.04415532142914
1.5125 73.5545035231564
1.5174999999999998 -114.61483516381226
1.5225 165.87252206135966
1.5274999999999999 -154.38963322298088
1.5325 154.11227760178025
1.5374999999999999 -157.35688679818938
1.5425 186.77442971242343
1.5474999999999999 -244.3594618737981
1.5525 134.83717315931912
1.5574999999999999 -223.0277019198267
1.5625 262.2941785838686
1.5675 -3.5138350017435283
1.5725 18.168071268750513
1.5775 -36.086992840323155
1.5825 -116.16564964775175
1.5875 32.886842752029416
1.5925 -147.72779664365152
1.5975 -16.82757905827818
1.6025 162.3657055129159
1.6075 -1.0492939013731122
1.6124999999999998 16.19667855645753
1.6175 19.011824413698864
1.6224999999999998 172.1197034247916
1.6275 -32.183555256088965
1.6324999999999998 299.4214683679377
1.6375 -278.67641797685343
1.6424999999999998 294.81519580680947
1.6475 -329.40818339638554
1.6524999999999999 11.394633281618097
1.6575 75.26777451590438
1.6624999999999999 9.026982772507539
1.6675 178.16518735145794
1.6724999999999999 -22.313831354912814
1.6775 -204.47185729031386
1.6824999999999999 -99.00836723865365
1.6875 -136.131966604236
1.6925 173.24271148140758
1.6975 31.266771537301118
1.7025 192.86638901628
1.7075 177.6697543935393
1.7125 -265.38952149769534
1.7175 90.66308888260724
1.7225 -282.898868461949
1.7274999999999998 270.05525287722054
1.7325 -79.12736545201199
1.7374999999999998 -11.59163394175013
1.7425 -172.66460820180947
1.7474999999999998 243.43132754568683
1.7525 -54.94379678187875
1.7574999999999998 -33.676204265541664
1.7625 67.41241710946171
1.7674999999999998 6.43879679690107
1.7725 165.21424567045224
1.7774999999999999 -298.6975965845568
1.7825 241.86160042361365
1.7874999999999999 -38.49420889631712
1.7925 -69.2881131623261
1.7974999999999999 -212.15915893911912
1.8025 290.0983925408385
1.8074999999999999 -73.87872295894911
1.8125 -295.1791077027221
1.8175 71.79318491599048
1.8225 -60.0615274491045
1.8275 82.27819543811854
1.8325 -182.83826693500419
1.8375 368.4348475983568
1.8425 -104.08279687282288
1.8475 -101.37105378883234
1.8524999999999998 163.7964088887758
1.8575 -217.5208698754164
1.8624999999999998 -68.50042764040856
1.8675 -25.182158068944823
1.8724999999999998 264.11283697287337
1.8775 -158.2389160278533
1.8824999999999998 122.67671224946125
1.8875 -138.4370761257481
1.8924999999999998 329.7875293629671
1.8975 -48.327995166465875
1.9024999999999999 -220.39377316365432
1.9075 266.01677360582437
1.9124999999999999 -87.47023336120853
1.9175 -41.71176274344672
1.9224999999999999 39.50298398699996
1.9275 73.2094453155279
1.9324999999999999 -224.02588419623945
1.9375 -28.792232910874045
1.9425 85.57783721399377
1.9475 -31.368394498797944
1.9525 39.19782403762704
1.9575 -65.67810858651224
1.9625 -205.33716969794963
1.9674999999999998 195.55195731436947
1.9725 -133.87791252110887
1.9774999999999998 222.78184683500248
1.9825 -137.6287259182694
1.9874999999999998 -63.0003803552514
1.9925 40.580714348414816
1.9974999999999998 416.0885530683401
2.0025 -2.886148845740249
2.0075 -139.61590192645647
2.0124999999999997 -160.880346941895
2.0175 -40.820371014454324
2.0225 164.18152351921174
2.0275 -83.92865437922747
2.0324999999999998 -4.063121015798197
2.0375 -42.15684305571869
2.0425 57.8167769154563
2.0475 65.31783342261619
2.0524999999999998 53.48950057089676
2.0575 -192.15784314112088
2.0625 167.39175021583804
2.0675 1.8320439523999439
2.0725 -138.5732701475958
2.0775 209.85202999050452
2.0825 304.02518740053586
2.0875 -165.86013706639395
2.0925 -44.97887499226715
2.0974999999999997 -395.2088424041737
2.1025 76.46357412314153
2.1075 91.0380438749001
2.1125 -155.6432699356207
2.1174999999999997 330.0338615731365
2.1225 -57.9244493421
2.1275 -59.98819409936335
2.1325 148.84817156312357
2.1374999999999997 54.019793680281424
2.1425 197.46783268995097
2.1475 -378.09301489779745
2.1525 59.81703821124216
2.1574999999999998 131.34906002967676
2.1625 72.69487918387746
2.1675 91.53086724929777
2.1725 -228.92725470428596
2.1774999999999998 78.15123515639345
2.1825 113.75228464873969
2.1875 -154.7472551173067
2.1925 40.51169499603825
2.1975 -47.33489349863157
2.2024999999999997 -12.925352972404092
2.2075 -157.29376414137178
2.2125 -63.2481173613905
2.2175 -27.766805277184364
2.2224999999999997 34.89035589521107
2.2275 -33.99890863756569
2.2325 -71.86285232195927
2.2375 155.33100416084946
2.2424999999999997 -97.2664107622247
2.2475 71.43495562767853
2.2525 -71.02972541374038
2.2575 64.84310528352688
2.2624999999999997 -149.027346999312
2.2675 49.75860538050989
2.2725 7.257340196566706
2.2775 -74.50796391723576
2.2824999999999998 202.85826878265166
2.2875 -40.15949609312274
2.2925 -129.43482051242185
2.2975 44.89019204909682
2.3024999999999998 -124.6230632498598
2.3075 -33.40790323597297
2.3125 151.97710168010144
2.3175 234.78747214891953
2.3225 -83.59965184737854
2.3274999999999997 182.66782107676795
2.3325 -202.39091621715642
2.3375 -167.90928436714856
2.3425 104.97316908521988
2.3474999999999997 -40.06704904415367
2.3525 57.90388926620497
2.3575 45.012501670763946
2.3625 -137.2377002495656
2.3674999999999997 181.66844506590067
2.3725 -67.1451634923994
2.3775 77.15653828983865
2.3825 -18.34851465304337
2.3874999999999997 -90.00114260039287
2.3925 -89.90795591502952
2.3975 -44.63747180689871
2.4025 43.09320878291915
2.4074999999999998 -73.35244475539298
2.4125 17.15003973583464
2.4175 227.55263079406055
2.4225 262.1599537238498
2.4274999999999998 -224.51084223958722
2.4325 -23.425694929302278
2.4375 -154.1790125159001
2.4425 -1.9139105560405771
2.4475 101.22188172074176
2.4524999999999997 5.621493186259966
2.4575 81.02033117912127
2.4625 61.162114035690344
2.4675 -130.26196637942644
2.4724999999999997 286.1163836232398
2.4775 -239.02313700599439
2.4825 -15.08833295908625
2.4875 83.04681647340583
2.4924999999999997 -113.83943147462362
2.4975 200.0685471534048
2.5025 -167.67821095711312
2.5075 298.890160742168
2.5124999999999997 44.397812903922954
2.5175 -159.2511578433971
2.5225 16.98346877753416
2.5275 91.26730089269456
2.5324999999999998 -151.4149856523503
2.5375 145.84173923362744
2.5425 13.06498148091379
2.5475 -130.84913319840152
2.5524999999999998 179.54842767697772
2.5574999999999997 -115.49777601079326
2.5625 7.581739376766915
2.5675 21.235326158253745
2.5725 3.896646640510241
2.5774999999999997 -139.5969984992368
2.5825 -112.3371064000129
2.5875 260.94980068353266
2.5925 19.786094107789488
2.5974999999999997 -290.7851098656602
2.6025 248.46528073937023
2.6075 -172.7013197469897
2.6125 -85.99144935967281
2.6174999999999997 25.87418772262432
2.6225 100.5303165602969
2.6275 -59.49442226399253
2.6325 41.642701152450236
2.6374999999999997 -203.62469840991366
2.6425 91.13717646842004
2.6475 72.24275015387401
2.6525 -15.67420182869409
2.6574999999999998 -73.38904787495696
2.6625 22.719828114272584
2.6675 -168.044701645777
2.6725 -69.05116976838231
2.6774999999999998 107.6207189410169
2.6824999999999997 -177.2875762024869
2.6875 81.48597446214694
2.6925 92.96870460963592
2.6975 115.54575750400711
2.7024999999999997 202.95312435404753
2.7075 -78.30026932394298
2.7125 -169.1915901812009
2.7175 15.282380863358542
2.7224999999999997 90.64640897002737
2.7275 -92.92580964630238
2.7325 -182.5421578928976
2.7375 137.038215274343
2.7424999999999997 30.385369702465194
2.7475 104.69265727854459
2.7525 238.03719656062685
2.7575 -218.04239682636188
2.7624999999999997 265.47271789414873
2.7675 -102.233031911392
2.7725 -77.84047655032177
2.7775 5.71538792774101
2.7824999999999998 82.42620219400354
2.7875 -108.6605737608908
2.7925 52.117072542569225
2.7975 -62.33402204523056
2.8024999999999998 212.63850543048852
2.8074999999999997 101.1168680902167
2.8125 30.748333400573642
2.8175 -54.21676328647482
2.8225 117.18516440099074
2.8274999999999997 -78.34665022347245
2.8325 -235.95797904685574
2.8375 158.9815017567944
2.8425 -40.5024663181317
2.8474999999999997 46.49298266806791
2.8525 -233.05748986069182
2.8575 92.58396394230844
2.8625 -20.868689673979652
2.8674999999999997 -97.94778654643271
2.8725 22.683507638183954
2.8775 175.4723419049697
2.8825 -210.41895201001236
2.8874999999999997 150.5579787916615
2.8925 -70.49913334440413
2.8975 -180.79452354590944
2.9025 243.96869470281652
2.9074999999999998 -57.2197499775238
2.9125 174.2944115037906
2.9175 106.60705496035133
2.9225 83.94574378272692
2.9274999999999998 -234.63085345161264
2.9324999999999997 -139.58221340325142
2.9375 319.2346591425352
2.9425 -211.47563438025915
2.9475 8.365560788676547
2.9524999999999997 -260.8622246290563
2.9575 309.95904399725543
2.9625 -212.73751538726776
2.9675 73.4121533211439
2.9724999999999997 14.952426186170886
2.9775 223.69437050606487
2.9825 -208.9767339389754
2.9875 15.854043082380255
2.9924999999999997 -38.42918905438427
2.9975 -99.70735613261432
3.0025 182.97970367751674
3.0075 -40.452619483248164
3.0124999999999997 -75.25173627506916
3.0175 225.42351223259774
3.0225 -238.64362682197458
3.0275 165.28828483937485
3.0324999999999998 -69.58985586260465
3.0374999999999996 160.57062837959847
3.0425 -169.39340157013115
3.0475 -123.49427205509608
3.0524999999999998 158.81703588709658
3.0574999999999997 -234.62306812393004
3.0625 205.93325610287422
3.0675 -215.49320795266047
3.0725 -26.91106531192412
3.0774999999999997 -63.40658508389087
3.0825 67.75819376838228
3.0875 -131.0300300228322
3.0925 170.26745072707354
3.0974999999999997 -1.5867588915679054
3.1025 232.89296504114446
3.1075 -0.8513545175198952
3.1125 -198.98422651460675
3.1174999999999997 218.61158999409338
3.1225 -80.21087618830039
3.1275 23.62350364976117
3.1325 -63.006717464084076
3.1374999999999997 -5.3264457677842225
3.1425 -65.43613287549627
3.1475 105.06349736079976
3.1525 -114.84897949257564
3.1574999999999998 -12.900699829496004
3.1624999999999996 126.62809895712583
3.1675 78.60508689048405
3.1725 27.62748888707481
3.1774999999999998 -128.93081640427187
3.1824999999999997 99.20063322582023
3.1875 -303.2408862315913
3.1925 97.59573751824647
3.1975 -5.9111740630697724
3.2024999999999997 218.86537514953451
3.2075 -73.46596015822931
3.2125 -5.552111219936856
3.2175 140.03228550457393
3.2224999999999997 -147.10585638738652
3.2275 21.351823693186258
3.2325 -214.74137236071064
3.2375 -11.634835496935429
3.2424999999999997 104.58957293974926
3.2475 16.047864398168127
3.2525 -11.470362784844369
3.2575 80.86383511855504
3.2624999999999997 64.8787471784226
3.2675 -64.84174108137108
3.2725 148.85065607559088
3.2775 -2.8410587900157798
3.2824999999999998 -108.35337004128553
3.2874999999999996 139.7038401014376
3.2925 -15.865005780639725
3.2975 145.96058857807338
3.3024999999999998 -169.87026979929632
3.3074999999999997 70.23767339224845
3.3125 -56.53371528011796
3.3175 224.67169479930692
3.3225 29.14454905556634
3.3274999999999997 -68.24454713361672
3.3325 -58.40766889122233
3.3375 -133.84722622953015
3.3425 -107.15315031379606
3.3474999999999997 257.86078290435034
3.3525 -149.60702455569734
3.3575 -325.12497930155337
3.3625 176.4480329715749
3.3674999999999997 24.952517087621004
3.3725 -50.41346557499883
3.3775 108.31046165633444
3.3825 99.44872919443638
3.3874999999999997 5.665314241204073
3.3924999999999996 -205.2458095368327
3.3975 82.22357340224794
3.4025 23.227844759730388
3.4074999999999998 -101.62149169812551
3.4124999999999996 204.1109041373551
3.4175 -111.12604068970279
3.4225 -216.48223931759773
3.4274999999999998 136.6610286091722
3.4324999999999997 -120.52574158403804
3.4375 113.8548731771928
3.4425 227.28062434537375
3.4475 10.384061536367124
3.4524999999999997 243.17769279131292
3.4575 -82.34388297674012
3.4625 -68.07009646454924
3.4675 -122.15791107113768
3.4724999999999997 -33.00782850218564
3.4775 19.240652729238825
3.4825 -218.85292909936743
3.4875 74.98915917062965
3.4924999999999997 -134.8310097420076
3.4975 198.71879507950283
3.5025 -0.5330884901994748
3.5075 -49.29644277030068
3.5124999999999997 258.44089824231975
3.5174999999999996 -157.49599133727693
3.5225 41.602441036858906
3.5275 -144.4142733624544
3.5324999999999998 -30.787367411926958
3.5374999999999996 -168.77791066426514
3.5425 270.2851749230059
3.5475 -59.06683742494298
3.5524999999999998 23.327904234367793
3.5574999999999997 85.14232362017219
3.5625 -105.52896563645942
3.5675 -78.51078528977314
3.5725 84.96005936976582
3.5774999999999997 15.291261500300335
3.5825 86.36963027721778
3.5875 86.62390203208712
3.5925 -87.35784923954017
3.5974999999999997 -34.46658805892353
3.6025 -0.5882913399900963
3.6075 -62.277177021058044
3.6125 193.19288749536548
3.6174999999999997 60.15741122167182
3.6225 -381.78681273729194
3.6275 241.73633619567994
3.6325 15.336362929858788
3.6374999999999997 50.47227622466721
3.6424999999999996 109.69061415451993
3.6475 6.519380188636884
3.6525 -216.3573209019166
3.6574999999999998 -116.65967675702487
3.6624999999999996 173.55217319078793
3.6675 139.35290769919723
3.6725 -52.76436294476321
3.6774999999999998 -23.35817050826807
3.6824999999999997 168.75913329498275
3.6875 -139.49446549943667
3.6925 5.19571421269255
3.6975 -14.046038036509017
3.7024999999999997 97.52513796778078
3.7075 -72.52091686184467
3.7125 -54.3694676085003
3.7175 47.65244489061
3.7224999999999997 -20.611872022480455
3.7275 5.917992771120206
3.7325 -37.00001416391058
3.7375 7.256008561571136
3.7424999999999997 -246.62888134049268
3.7474999999999996 79.94155419470692
3.7525 106.8783829594297
3.7575 60.121080745162274
3.7624999999999997 -85.71083083797959
3.7674999999999996 211.5151066995344
3.7725 -60.29578283517384
3.7775 6.096976620297366
3.7824999999999998 -88.97750096292798
3.7874999999999996 -190.39842527185132
3.7925 123.31747882443732
3.7975 -44.173810317812595
3.8024999999999998 10.417541366577854
3.8074999999999997 122.67445991781905
3.8125 -84.56107494502724
3.8175 -192.1274118602755
3.8225 251.88905695056067
3.8274999999999997 -144.80552114577011
3.8325 13.34513300926716
3.8375 13.45690560848615
3.8425 107.395780789213
3.8474999999999997 -143.99331853930275
3.8525 46.919756420347426
3.8575 -68.83176632321711
3.8625 148.11337668841347
3.8674999999999997 5.820448665511976
3.8724999999999996 -62.3703580482885
3.8775 -104.34578557353376
3.8825 -11.323078690955008
3.8874999999999997 199.07695923349436
3.8924999999999996 -18.746626804226068
3.8975 33.94096534348305
3.9025 -129.7684173823822
3.9074999999999998 72.03217181699763
3.9124999999999996 -17.278140917056607
3.9175 -79.15386130405821
3.9225 179.74951561440548
3.9274999999999998 11.775292724536238
3.9324999999999997 -131.49070862321133
3.9375 293.4820587085436
3.9425 -207.5253187045162
3.9475 -127.18961114367191
3.9524999999999997 71.06549889312183
3.9575 -3.744151800986045
3.9625 68.46446020549514
3.9675 117.97306006333199
3.9724999999999997 -165.0202222408943
3.9775 -189.21835994528735
3.9825 340.94407966320273
3.9875 -128.5823774951399
3.9924999999999997 90.79637406491732
3.9974999999999996 35.850672696296016
4.0024999999999995 -151.6824883588441
4.007499999999999 202.43195373388943
4.0125 -138.68310529684692
4.0175 -37.80768684287227
4.0225 -0.9233972866250354
4.0275 166.81715839982604
4.0325 -160.9856218992087
4.0375 -38.16102960972222
4.0424999999999995 16.330758936710986
4.047499999999999 -103.53998244694532
4.0525 159.28345867661574
4.0575 96.27727123484014
4.0625 122.36128778911014
4.0675 -208.6274179205577
4.0725 166.78097292941982
4.0775 -47.01386485503329
4.0825 167.39037489479324
4.0874999999999995 3.32990199688916
4.0925 78.36863983322043
4.0975 -113.2842057368832
4.1025 -22.54414177230777
4.1075 -258.28936949608976
4.1125 306.20741609212826
4.1175 83.355911062071
4.1225 -142.70855183219834
4.1274999999999995 63.04861238532609
4.132499999999999 -345.3088197556552
4.1375 69.06335949197118
4.1425 -51.575107362962534
4.1475 69.91180336066677
4.1525 -86.81204337196404
4.1575 143.7238019322549
4.1625 89.39507945976032
4.1674999999999995 -171.96359527528932
4.172499999999999 -61.56906129558277
4.1775 -64.58041120047955
4.1825 89.61907283495668
4.1875 110.67661045750164
4.1925 -92.34667237581543
4.1975 138.35940851463155
4.2025 -69.60895771922884
4.2075 36.15979353606609
4.2124999999999995 -363.3998001480901
4.2175 95.83043190116297
4.2225 331.37242607089297
4.2275 -260.02578205496604
4.2325 159.5895999830832
4.2375 -5.774892274370086
4.2425 140.1600585140885
4.2475 -54.715009783867316
4.2524999999999995 0.9206937517812646
4.257499999999999 -69.27589975352977
4.2625 -34.280541017721454
4.2675 -43.83548265662908
4.2725 -224.52901037270064
4.2775 144.4706317871987
4.2825 -32.839322462438034
4.2875 259.1617589779137
4.2924999999999995 -103.97574697238119
4.297499999999999 6.313572315706094
4.3025 -146.8904178459453
4.3075 -56.32146266224519
4.3125 315.7639215304084
4.3175 -74.07606920928485
4.3225 -82.28096844957078
4.3275 -39.16546135970014
4.3325 42.51695137048683
4.3374999999999995 140.39803142504863
4.342499999999999 -58.46978203186545
4.3475 66.11148287976486
4.3525 -98.28760690202233
4.3575 -228.8454149438804
4.3625 210.73225756538986
4.3675 242.84071952924103
4.3725 -349.0428166555397
4.3774999999999995 197.82074017532213
4.382499999999999 46.53236182552729
4.3875 -33.52556489885072
4.3925 105.88608593072563
4.3975 -222.04089433269826
4.4025 210.63423580809842
4.4075 -146.52203023533514
4.4125 66.31682968065766
4.4174999999999995 60.54983510712097
4.422499999999999 176.6156623954786
4.4275 53.9878102288424
4.4325 -213.83768537737174
4.4375 89.25000309037252
4.4425 3.4221945656719788
4.4475 157.90314268470672
4.4525 -98.29282501638835
4.4575 -81.72672749012153
4.4624999999999995 -134.85190588467918
4.467499999999999 -226.4957270987088
4.4725 391.77460364735407
4.4775 -129.27678438703467
4.4825 -14.118974527441223
4.4875 139.1865392494203
4.4925 93.30463782793265
4.4975 60.93515665416071
4.5024999999999995 -157.86018970906304
4.507499999999999 -3.4014025556727967
4.5125 -47.481341081161055
4.5175 -77.98499095115513
4.5225 74.57380918864757
4.5275 36.767831233491464
4.5325 103.45064158134636
4.5375 23.68485031077492
4.5424999999999995 0.2811131477750738
4.547499999999999 8.421477879055699
4.5525 -173.3027451266305
4.5575 155.29485625781388
4.5625 -74.19832298978584
4.5675 174.3215439944749
4.5725 127.32724022592097
4.5775 -147.33999571593947
4.5825 33.05708886501628
4.5874999999999995 41.434089477297555
4.592499999999999 -64.54988215236126
4.5975 -295.11305913327976
4.6025 200.77201202523202
4.6075 347.74031472827977
4.6125 -116.31256583141901
4.6175 -231.33334729194075
4.6225 230.3282539351686
4.6274999999999995 -137.2917993686899
4.632499999999999 -112.67401558044025
4.6375 17.722688312161374
4.6425 91.88855072516294
4.6475 -55.753635604644494
4.6525 -121.00797319684155
4.6575 13.16859584201763
4.6625 -309.47424280261464
4.6674999999999995 285.71028784655454
4.672499999999999 155.4482730440373
4.6775 -154.59974785612954
4.6825 325.464591358902
4.6875 -332.88342361578907
4.6925 60.26376701395132
4.6975 -85.42226592919324
4.7025 -185.78451725776972
4.7075 -92.84736634464245
4.7124999999999995 308.6021166213467
4.717499999999999 19.122111424073978
4.7225 151.85539655756176
4.7275 -202.50696136462702
4.7325 -14.15825065424828
4.7375 310.0034732356926
4.7425 -64.13748268930269
4.7475 -20.05824029920013
4.7524999999999995 18.615944330147574
4.757499999999999 76.85025276677483
4.7625 -504.4387980249486
4.7675 3.7883499770662494
4.7725 1.9021376921024784
4.7775 139.97964539422736
4.7825 -68.588611615209
4.7875 71.3748488872738
4.7924999999999995 93.0371474903805
4.797499999999999 59.852080212467456
4.8025 47.77983814729875
4.8075 125.9977179508548
4.8125 -45.07818680385665
4.8175 -104.16758254669493
4.8225 133.2450235145399
4.8275 -64.6343883407856
4.8325 66.83941299185453
4.8374999999999995 75.64291589762128
4.842499999999999 -163.17998899644056
4.8475 -46.45495922556498
4.8525 119.47445154601645
4.8575 142.35911896675734
4.8625 -56.20214606129043
4.8675 -170.20522916081416
4.8725 -176.79262984399645
4.8774999999999995 13.169580357139846
4.882499999999999 17.300147106449785
4.8875 83.681888729762
4.8925 -318.72530428285756
4.8975 148.83662002429048
4.9025 -120.65074105576244
4.9075 353.8717430617995
4.9125 -248.3099226214366
4.9174999999999995 201.0664812614775
4.922499999999999 -102.58530568587989
4.9275 115.3191332286031
4.9325 -73.42955115867791
4.9375 175.7944423042043
4.9425 -176.27336088282607
4.9475 -160.15535090066805
4.9525 256.26775703848074
4.9575 -39.93755280421402
4.9624999999999995 59.40821942520922
4.967499999999999 -250.03634897052197
4.9725 -22.63873838543569
4.9775 10.512846726642028
4.9825 -84.50866625889493
4.9875 -282.7424398384318
4.9925 233.63798758317674
4.9975 174.9260018043815
5.0024999999999995 121.60815319511718
5.007499999999999 22.45790077402359
5.0125 111.17554619443035
5.0175 -7.727606305744984
5.0225 -165.29628859730374
5.0275 -62.352829152606716
5.0325 -70.26279181789808
5.0375 233.3636553787047
5.0424999999999995 -155.18754338577742
5.047499999999999 -7.1736572006850805
5.0525 0.5092103799123282
5.0575 276.69898408923615
5.0625 -233.6177626529669
5.0675 163.8601505190143
5.0725 -132.41745868253275
5.0775 166.81394852788122
5.0825 -212.56046754062916
5.0874999999999995 3.010819553627039
5.092499999999999 -0.9161128352873673
5.0975 162.65017853894955
5.1025 133.41404747082333
5.1075 7.550786495020108
5.1125 -377.84365295484406
5.1175 248.64199120338748
5.1225 -145.18239819264602
5.1274999999999995 -131.54423896839614
5.132499999999999 91.63894528511874
5.1375 31.83183992615851
5.1425 -13.666962476045583
5.1475 86.96983711872852
5.1525 -142.6551369523998
5.1575 7.186398526438138
5.1625 22.54781995343733
5.1674999999999995 -179.1879048052873
5.172499999999999 158.05304379664048
5.177499999999999 82.61755393216325
5.1825 169.9132300285348
5.1875 -99.33511151755849
5.1925 173.39180459880674
5.1975 -67.52746589920635
5.2025 92.4042192716348
5.2075 72.53290183997375
5.2124999999999995 -1.0043822742112902
5.217499999999999 18.059883030922762
5.2225 -294.9746598870357
5.2275 203.04976236888706
5.2325 6.008448946820202
5.2375 149.0630311328276
5.2425 -178.3240711441022
5.2475 -41.25420032685858
5.2524999999999995 -9.24809109206207
5.257499999999999 37.65635784189163
5.2625 8.559182359215079
5.2675 -35.55402988172306
5.2725 91.5343808182357
5.2775 -80.74844184062677
5.2825 -166.08392753831333
5.2875 -242.67969380433811
5.2924999999999995 187.89946548596447
5.297499999999999 239.7999441753078
5.302499999999999 199.386551869438
5.3075 11.737958521569558
5.3125 32.418867923501125
5.3175 -17.573662302849943
5.3225 -53.39689641005174
5.3275 29.913169038177738
5.3325 106.76867755248149
5.3374999999999995 -23.481858345838717
5.342499999999999 92.50642831043105
5.3475 -99.33644446839892
5.3525 16.53929481919989
5.3575 -97.55911992438905
5.3625 -59.93382575838121
5.3675 -6.07443935591979
5.3725 217.51587650735198
5.3774999999999995 -276.4578760463191
5.382499999999999 -79.79876976389154
5.3875 23.564549721035895
5.3925 98.7046107694055
5.3975 -36.40162003027525
5.4025 -98.67617904640525
5.4075 -25.327929993924194
5.4125 66.8207319424157
5.4174999999999995 33.238514527495106
5.422499999999999 43.503704218469245
5.427499999999999 -120.77564815517782
5.4325 167.80615634230395
5.4375 94.89270111650758
5.4425 -82.61034099699357
5.4475 -236.8303844504024
5.4525 212.87425272145703
5.4575 19.074237303800476
5.4624999999999995 26.204472150533206
5.467499999999999 -20.512420994505053
5.4725 -166.69330160777577
5.4775 60.41037765844273
5.4825 -47.62707355957881
5.4875 -155.06694830995934
5.4925 137.8719193121163
5.4975 -70.21046277327576
5.5024999999999995 -79.24861108152751
5.507499999999999 85.3791717469483
5.5125 145.1153060266474
5.5175 -259.16712354581233
5.5225 -31.6302134134307
5.5275 160.12319296820095
5.5325 -43.81328882775925
5.5375 36.57160192161477
5.5424999999999995 -148.96775501741539
5.547499999999999 119.80125477477092
5.552499999999999 473.1711517139863
5.5575 -95.35917575031408
5.5625 -96.30827569770537
5.5675 235.13077159831178
5.5725 -406.24513691918776
5.5775 -24.43549874749454
5.5825 65.06641468256642
5.5874999999999995 -234.02492242180372
5.592499999999999 205.52238486203294
5.5975 -134.7105707253896
5.6025 78.1592928639615
5.6075 -18.275132880211462
5.6125 77.58827225089219
5.6175 -17.687201029036373
5.6225 -161.7062090706568
5.6274999999999995 34.25295433028854
5.632499999999999 -128.30319025079407
5.6375 -83.53563257387515
5.6425 186.77616952249375
5.6475 86.54934126226308
5.6525 -7.726014922974588
5.6575 37.99237540584369
5.6625 57.99557496733961
5.6674999999999995 -89.90729365031285
5.672499999999999 121.19290598061846
5.677499999999999 -21.26277441880767
5.6825 -195.8388688640927
5.6875 33.64160254600561
5.6925 -211.94229270600775
5.6975 -153.99584849078033
5.7025 215.6078169870538
5.7075 -108.68295575557522
5.7124999999999995 134.34415635572742
5.717499999999999 -239.13809342343006
5.7225 129.108168605826
5.7275 -60.85650327786931
5.7325 280.84219821297637
5.7375 -218.71228291644508
5.7425 168.27878649835284
5.7475 -100.29084727056507
5.7524999999999995 49.03954801029286
5.757499999999999 -53.9144947745913
5.7625 131.85421444940098
5.7675 37.721550059500785
5.7725 -82.78423226340408
5.7775 166.7701337889924
5.7825 155.23297819285452
5.7875 -135.1501989660799
5.7924999999999995 -116.79159415150193
5.797499999999999 -52.5888637159371
5.802499999999999 231.57464876405186
5.8075 123.09180537852717
5.8125 -140.35740392557315
5.8175 288.5786227846169
5.8225 -116.64785362781323
5.8275 -89.69050294669627
5.8325 -106.50148235893089
5.8374999999999995 -154.21753597944877
5.842499999999999 -78.1567453883178
5.8475 218.1945190186225
5.8525 -55.156200985079096
5.8575 26.896102050545053
5.8625 41.864929453355046
5.8675 -197.81253509313004
5.8725 164.10338786207944
5.8774999999999995 0.8734672903465128
5.882499999999999 21.303296124356628
5.8875 -69.54340259160804
5.8925 60.13403550095118
5.8975 -174.13373108947434
5.9025 -142.85996952112237
5.9075 9.826993878995465
5.9125 219.6420133643682
5.9174999999999995 -87.80270191065183
5.922499999999999 81.32785043832331
5.927499999999999 55.62738739615057
5.9325 -61.129588456170104
5.9375 -83.34547772819761
5.9425 -168.36362743770886
5.9475 287.63330431217645
5.9525 107.95725994805319
5.9575 -505.99054333754015
5.9624999999999995 58.73150910052716
5.967499999999999 85.48957718336058
5.9725 64.58177823170178
5.9775 -75.17560728134421
5.9825 46.78420018850205
5.9875 50.519144759852715
5.9925 63.34015755112969
5.9975 -15.307060586332742
6.0024999999999995 -242.85007123864173
6.007499999999999 83.29946105452463
6.012499999999999 34.142578368801075
6.0175 221.7848190808675
6.0225 -301.39943767282733
6.0275 -3.4812012597760296
6.0325 116.76328190721472
6.0375 202.5100299148342
6.0424999999999995 82.79464006988724
6.047499999999999 -202.51993191055422
6.052499999999999 21.228657982854987
6.0575 150.10553316938538
6.0625 -248.19675706885167
6.0675 144.18253887196263
6.0725 93.71061188896863
6.0775 -219.30639608042176
6.0825 -10.23154511698727
6.0874999999999995 387.45093877058986
6.092499999999999 -105.1874304718518
6.0975 -131.99217394029372
6.1025 11.286249772413523
6.1075 238.80357592261527
6.1125 -66.99061067151843
6.1175 -7.528770305206015
6.1225 -215.67973975110797
6.1274999999999995 236.060722845002
6.132499999999999 10.933179517033517
6.137499999999999 132.20643934025244
6.1425 -193.90733921120534
6.1475 -70.90606534049623
6.1525 230.1020359926565
6.1575 -213.9781233936377
6.1625 90.62910587332308
6.1674999999999995 9.801941508757679
6.172499999999999 -170.09227809094102
6.177499999999999 133.85997623985926
6.1825 181.49611991803934
6.1875 -38.85834843339004
6.1925 -5.436448555670167
6.1975 -49.68499886137635
6.2025 -73.23787361733153
6.2075 -151.2417149383745
6.2124999999999995 90.44343595325711
6.217499999999999 79.33968728332427
6.2225 34.52482235209636
6.2275 63.78034476271537
6.2325 10.424324809986112
6.2375 -163.4604139573553
6.2425 87.51259233158751
6.2475 1.9006723672694097
6.2524999999999995 -243.5934798969566
6.257499999999999 224.57810349164998
6.262499999999999 -84.92016532221379
6.2675 -87.39768381090467
6.2725 131.67838494351574
6.2775 59.62408824791878
6.2825 61.843527979399234
6.2875 -236.95514575420762
6.2924999999999995 -87.8528387577419
6.297499999999999 -63.91679261103604
6.302499999999999 7.3825967843762
6.3075 -20.701390263966182
6.3125 -115.48124505185123
6.3175 12.765660724679536
6.3225 15.358896715471525
6.3275 200.43503521037903
6.3325 -52.89298072667614
6.3374999999999995 147.43081611749594
6.342499999999999 -25.733807603532142
6.3475 -215.14094944197294
6.3525 198.22644093538122
6.3575 218.99550431085052
6.3625 -154.58387850398177
6.3675 -137.05538889191334
6.3725 246.3879685689524
6.3774999999999995 -105.26179070691957
6.382499999999999 69.77823247554205
6.387499999999999 65.08313222830921
6.3925 -158.58065067454126
6.3975 125.48315655624589
6.4025 60.92374900296275
6.4075 -136.27637399809836
6.4125 213.7315882801912
6.4174999999999995 -232.74149234990534
6.422499999999999 -21.082848424712694
6.427499999999999 260.0096784824337
6.4325 -96.3237334535818
6.4375 -3.449445712666281
6.4425 -142.9347600374585
6.4475 162.35839204719915
6.4525 -137.22669583902413
6.4575 -159.37988299825042
6.4624999999999995 -35.69832384975874
6.467499999999999 129.35007431389556
6.4725 146.82883156958306
6.4775 -74.70179312809276
6.4825 33.09662645019649
6.4875 -109.05845708665281
6.4925 23.653959010567437
6.4975 18.525753691939777
6.5024999999999995 -54.79917411579773
6.507499999999999 8.024804604224439
6.512499999999999 -60.6939488044112
6.5175 65.7170160135903
6.5225 296.8514223005725
6.5275 -273.2483099038111
6.5325 -100.3449087565265
6.5375 242.2594300629055
6.5424999999999995 -1.9210211184803556
6.547499999999999 -114.17664250986125
6.552499999999999 191.04199591221823
6.5575 -53.32315856960145
6.5625 -162.64948245702004
6.5675 94.77012674685515
6.5725 -93.62920556785906
6.5775 -11.164956772483132
6.5825 127.66767981810041
6.5874999999999995 -7.247117661039455
6.592499999999999 48.99670015420519
6.5975 -95.34866004455263
6.6025 243.92111263430905
6.6075 -157.3805864799139
6.6125 -186.16904081069575
6.6175 133.8711374991077
6.6225 -216.5885190540445
6.6274999999999995 172.1916646115156
6.632499999999999 -75.3278173720413
6.637499999999999 227.55617436426124
6.6425 -86.146203241648
6.6475 151.35610291083182
6.6525 25.62038796130529
6.6575 109.08235059232479
6.6625 -74.13051039872789
6.6674999999999995 -4.113867362226177
6.672499999999999 -217.9703340564149
6.677499999999999 311.4886694314581
6.6825 -264.08370864160565
6.6875 148.59527749781984
6.6925 -68.82932490466891
6.6975 60.13636375684166
6.7025 -214.59400642127116
6.7075 59.13123592493423
6.7124999999999995 226.92580625326985
6.717499999999999 -90.4439780813383
6.722499999999999 -177.23636167845868
6.7275 -80.79130996072521
6.7325 126.1394552323328
6.7375 -117.68206926296675
6.7425 151.06922767842673
6.7475 20.57864588715821
6.7524999999999995 -47.189603633415665
6.757499999999999 -38.083719184692164
6.762499999999999 -218.87255992562424
6.7675 -71.96536334715027
6.7725 -23.406193845348394
6.7775 82.88960992240892
6.7825 59.674616608198086
6.7875 76.14124636236372
6.7924999999999995 104.02806943777921
6.797499999999999 -162.1222382917542
6.802499999999999 73.80122482865016
6.8075 -38.04902410596349
6.8125 142.90049556895937
6.8175 -20.280126612026528
6.8225 -114.65380614619691
6.8275 -176.44045409995041
6.8325 242.24929772854324
6.8374999999999995 -5.989713026650826
6.842499999999999 85.92095316882067
6.847499999999999 -51.7022257396606
6.8525 -81.7912442187732
6.8575 62.663357091074914
6.8625 11.843244860941304
6.8675 -195.02585622353115
6.8725 -69.92084558335704
6.8774999999999995 62.30843136286166
6.882499999999999 91.3715809397117
6.887499999999999 43.236402967823096
6.8925 -55.38015593760563
6.8975 -3.821258993777891
6.9025 -66.28466937966981
6.9075 -33.15645660001222
6.9125 229.32984349125758
6.9174999999999995 -124.67132264950752
6.922499999999999 167.58877877188104
6.927499999999999 -18.30274825306226
6.9325 -111.15629801585806
6.9375 -60.94967693636856
6.9425 -84.20854221227142
6.9475 262.7046640189978
6.9525 -295.74240404331016
6.9575 76.14701790462865
6.9624999999999995 -28.86513492667099
6.967499999999999 239.21163678201043
6.972499999999999 -204.4455392747001
6.9775 -155.9919088202748
6.9825 -55.05511278293227
6.9875 1.7717677311775872
6.9925 -72.1968242734962
6.9975 -233.9111368431221
7.0024999999999995 542.8142169214228
7.007499999999999 -138.58441745888877
7.012499999999999 41.49295432332598
7.0175 -216.04157655968066
7.0225 115.89185759759363
7.0275 -84.33015233081242
7.0325 -56.5520413146143
7.0375 143.89424936950493
7.0424999999999995 189.39233568893766
7.047499999999999 -258.0215719087635
7.052499999999999 76.7743135178783
7.0575 103.29875545165314
7.0625 -99.11625599019187
7.0675 5.314014191910569
7.0725 61.41552549119198
7.0775 287.0703921982867
7.0825 192.86609900407345
7.0874999999999995 -65.86612992133819
7.092499999999999 -203.36778391223297
7.097499999999999 10.910762389291413
7.1025 63.107639343440944
7.1075 87.37538208275653
7.1125 -69.95165793287309
7.1175 -161.14180136750227
7.1225 145.59756764071363
7.1274999999999995 -206.91812492418998
7.132499999999999 -53.80260506518002
7.137499999999999 -85.35833639630913
7.1425 -51.57455233960173
7.1475 17.289870358114417
7.1525 191.77264455978306
7.1575 86.7268116266854
7.1625 172.58375532504687
7.1674999999999995 -133.1429594818469
7.172499999999999 290.019807391103
7.177499999999999 -20.078338776719225
7.1825 -102.69649431315122
7.1875 75.57413194988966
7.1925 -216.17962026464423
7.1975 4.217424089325269
7.2025 -70.33379717491773
7.2075 90.33278392751858
7.2124999999999995 -28.241149979082266
7.217499999999999 -148.1511151189203
7.222499999999999 -46.73259143735459
7.2275 148.6197151053403
7.2325 74.32321956244239
7.2375 -230.85128608104628
7.2425 145.6938795234053
7.2475 -152.69459266860036
7.2524999999999995 90.76435784894134
7.257499999999999 -188.5472769956181
7.262499999999999 276.1634254950706
7.2675 6.976282314275638
7.2725 -156.65467434749735
7.2775 131.16886402421707
7.2825 -139.2743259706583
7.2875 -116.25166984726886
7.2924999999999995 143.58562295843998
7.297499999999999 -59.4158471146779
7.302499999999999 256.17888882435443
7.3075 -164.88208774263555
7.3125 80.21584679224877
7.3175 -145.79825056109428
7.3225 52.789628481867865
7.3275 141.6310254267364
7.3325 -30.46872426347044
7.3374999999999995 -95.01066581845595
7.342499999999999 -50.27373627277307
7.347499999999999 87.90531359797441
7.3525 -50.772547267609326
7.3575 -62.2428647873906
7.3625 -159.75044385822684
7.3675 -6.846088939730595
7.3725 -94.75012722086933
7.3774999999999995 10.216656069258155
7.382499999999999 143.5378870018765
7.387499999999999 167.28732397845727
7.3925 -62.361976379716594
7.3975 -46.31521202784916
7.4025 63.1142504111729
7.4075 22.110045343397477
7.4125 199.63937777397814
7.4174999999999995 -216.94288870622108
7.422499999999999 57.606289898213014
7.427499999999999 -140.89683689333648
7.4325 -69.6942897318856
7.4375 -25.293052999644
7.4425 85.69597534429434
7.4475 205.60684789074594
7.4525 -152.7461240480702
7.4575 -17.706869488456103
7.4624999999999995 83.96976479376555
7.467499999999999 144.42872239166326
7.472499999999999 -189.9801496404136
7.4775 107.41870491197864
7.4825 193.75073913310314
7.4875 -81.5410838869527
7.4925 -91.94167717176879
7.4975 68.07631110523384
7.5024999999999995 -148.39395823486618
7.507499999999999 71.22517600863053
7.512499999999999 -78.35043985666144
7.5175 72.6559728094753
7.5225 29.19115522773537
7.5275 51.72732455922184
7.5325 -51.95003288033058
7.5375 -108.85422875388869
7.5424999999999995 6.975917035743255
7.547499999999999 12.092611606728386
7.552499999999999 36.10089921511285
7.557499999999999 156.70833239542551
7.5625 199.43101084596893
7.5675 -59.049857762904615
7.5725 24.174398284153863
7.5775 -6.032782602596939
7.5825 -72.14738719270122
7.5874999999999995 34.92313122208521
7.592499999999999 -310.08641620042647
7.597499999999999 -7.630355896708899
7.6025 158.22313378463502
7.6075 -337.3684979178166
7.6125 158.4443067779643
7.6175 -93.09768556472947
7.6225 150.01643705092988
7.6274999999999995 -102.27705034306472
7.632499999999999 18.808028204385888
7.637499999999999 112.71693686067096
7.6425 -84.67430181598249
7.6475 -12.723282625205924
7.6525 223.95829608831414
7.6575 -6.257865497335134
7.6625 156.69469129495903
7.6674999999999995 -3.8167661730971885
7.672499999999999 -97.81865611136338
7.677499999999999 102.34020852769346
7.682499999999999 -102.6571200243178
7.6875 67.74095462173807
7.6925 -101.71047807511991
7.6975 94.18205225809753
7.7025 -33.65495442377245
7.7075 -58.71720534059057
7.7124999999999995 83.18105370236627
7.717499999999999 0.8088693082749006
7.722499999999999 -14.989551959312175
7.7275 -18.69573689912416
7.7325 -80.64074546560666
7.7375 240.5510139455507
7.7425 -162.47211867603116
7.7475 44.433381769429104
7.7524999999999995 -9.185089492971313
7.757499999999999 0.8568315901538441
7.762499999999999 -282.6257501243578
7.7675 456.38319511288165
7.7725 -233.0703019788982
7.7775 -23.53701277253859
7.7825 -183.4616655421245
7.7875 -183.9525119912086
7.7924999999999995 229.35448873909652
7.797499999999999 50.250470819851465
7.802499999999999 -75.58183016864271
7.807499999999999 -64.96959429162969
7.8125 -80.79353452804095
7.8175 172.6938920659393
7.8225 63.581294279464664
7.8275 17.8905422191977
7.8325 88.74484498628267
7.8374999999999995 89.99436310451918
7.842499999999999 -155.47482547741242
7.847499999999999 -36.17461152817291
7.8525 -33.897799645070116
7.8575 -6.509566091353333
7.8625 -150.56126708795983
7.8675 120.9250160209832
7.8725 62.02266446657984
7.8774999999999995 1.04927501899941
7.882499999999999 -16.680749522994766
7.887499999999999 -185.57426906636803
7.8925 91.56151399973854
7.8975 -127.77768856018434
7.9025 -51.81975736417032
7.9075 -86.70356360870817
7.9125 -1.7197389623517008
7.9174999999999995 78.26124833945374
7.922499999999999 -151.6142614082406
7.927499999999999 97.52708633926095
7.932499999999999 -138.54482618723839
7.9375 -111.00814309584213
7.9425 460.5539748705371
7.9475 5.639815536390698
7.9525 2.2482830507520677
7.9575 -325.0108596298624
7.9624999999999995 -30.78183059993649
7.967499999999999 88.56335971603181
7.972499999999999 381.0140825816843
7.9775 -109.44572351818387
7.9825 181.11283924637323
7.9875 -181.89475248586308
7.9925 2.591443612719642
7.9975 -165.24311299566847
8.0025 45.308897361448686
8.0075 49.0641748363038
8.0125 19.13626780938656
8.0175 56.780290658417044
8.022499999999999 -77.69880703485393
8.0275 -53.08987296119192
8.032499999999999 133.495111409101
8.0375 -307.4878934081669
8.0425 128.71234905113812
8.0475 17.604917302575984
8.0525 261.22878032045617
8.0575 -59.07978560150761
8.0625 58.63907968387919
8.067499999999999 59.05473954732514
8.0725 -97.95113195039788
8.077499999999999 -150.6242015789629
8.0825 -85.65736187695741
8.0875 -41.4295113898701
8.0925 62.459883263751976
8.0975 178.8132634446162
8.1025 2.11993764872459
8.1075 -179.47497879605814
8.112499999999999 -91.19921013203378
8.1175 299.50259691419785
8.1225 -222.53566752600543
8.1275 179.55330485594124
8.1325 -8.73248004801047
8.1375 -167.47185792965794
8.1425 385.97543587755
8.147499999999999 -161.09524611852922
8.1525 -145.13466592044813
8.157499999999999 -51.347605682207686
8.1625 87.18496143641781
8.1675 -26.00869233125976
8.1725 -68.2913851576496
8.1775 99.05123009537267
8.1825 -78.88923753452767
8.1875 220.9383881916346
8.192499999999999 -4.80949664109725
8.1975 -23.689915523968544
8.202499999999999 57.81720140700726
8.2075 -33.11128075120306
8.2125 227.77774421639944
8.2175 -264.59235136604656
8.2225 72.76440974198108
8.2275 4.727936629308363
8.2325 -65.58145872906903
8.237499999999999 40.38615168563436
8.2425 -284.6373293965146
8.2475 78.80613772108678
8.2525 -31.4588529114342
8.2575 -280.5743928950615
8.2625 390.7963240589698
8.2675 63.170356481545646
8.272499999999999 211.72840064413114
8.2775 -228.19739556363547
8.282499999999999 153.60124544083106
8.2875 3.35503998956301
8.2925 108.6368983565039
8.2975 5.578296762869612
8.3025 -202.99906786674646
8.3075 -49.92797915414861
8.3125 63.6906522375783
8.317499999999999 131.4319242081998
8.3225 -61.49801228540998
8.327499999999999 24.599927033373607
8.3325 226.60435285495163
8.3375 -155.822089929217
8.3425 164.38125776479447
8.3475 -301.7840195176805
8.3525 149.56011442336626
8.3575 92.74791729043433
8.362499999999999 -101.50594788754556
8.3675 289.3703845307333
8.3725 -43.69474199604602
8.3775 -361.17864639709853
8.3825 -0.49401039804343944
8.3875 149.59598935438623
8.3925 73.75251369946294
8.397499999999999 -198.9481310479887
8.4025 -108.2281506918855
8.407499999999999 -53.115213369868975
8.4125 91.65705256040756
8.4175 175.1900768666066
8.4225 -57.94117241439119
8.4275 -11.24987639936163
8.4325 194.29363461502393
8.4375 -395.33094938573294
8.442499999999999 289.734701706862
8.4475 -369.5797276281905
8.452499999999999 193.2085778926127
8.4575 -70.32100137318758
8.4625 -101.68192818925147
8.4675 219.7698150593007
8.4725 -184.23767504628543
8.4775 160.8987635065175
8.4825 52.312171017375576
8.487499999999999 -64.47890021738006
8.4925 125.86052822920361
8.4975 5.4246388480760634
8.5025 -279.50282868133627
8.5075 54.94139431233833
8.5125 307.4200605530981
8.5175 29.297499177411158
8.522499999999999 -6.573205612030902
8.5275 -232.20865176487698
8.532499999999999 226.7103216572586
8.5375 -478.1079471341116
8.5425 91.56914464985817
8.5475 75.05862788402496
8.5525 217.35424101994224
8.5575 -152.72817645055483
8.5625 68.27847198255817
8.567499999999999 204.1129789615261
8.5725 -239.1181681110942
8.577499999999999 248.90074959446665
8.5825 -94.10828836391907
8.5875 -65.35873830218759
8.5925 -125.24775559564381
8.5975 -13.978124388566027
8.6025 162.0646362620353
8.6075 -261.1948115222965
8.612499999999999 180.59084392045082
8.6175 -97.26150002921733
8.6225 85.86442585538897
8.6275 8.98200752424687
8.6325 28.966975528907213
8.6375 -73.16322942294354
8.6425 -65.10858066784904
8.647499999999999 66.89878075378742
8.6525 -35.460368834288666
8.657499999999999 -100.8745873663628
8.6625 131.9910567880099
8.6675 172.33143812612857
8.6725 -274.9968171822776
8.6775 161.59362801635748
8.6825 -160.32714839474164
8.6875 -223.2839506000096
8.692499999999999 74.19394359493184
8.6975 -33.701857713710254
8.702499999999999 170.0775829329516
8.7075 -77.73737306598376
8.7125 190.26698816074713
8.7175 -236.75941830555948
8.7225 171.00145359476406
8.7275 146.47144902743673
8.7325 -7.10699597387725
8.737499999999999 -90.24320331498662
8.7425 -99.07665787614826
8.747499999999999 58.2955545670939
8.7525 -0.331176439137639
8.7575 -88.08622542303647
8.7625 173.34493644192665
8.7675 -75.37039416408835
8.772499999999999 -116.26071285946605
8.7775 276.74588737917395
8.782499999999999 -235.30408389298512
8.7875 113.65779238210895
8.7925 -7.708527344821314
8.7975 237.18928797761922
8.8025 -110.89513202344347
8.8075 -60.2163964675047
8.8125 -177.9648333922916
8.817499999999999 20.2325698735326
8.8225 -30.68065199924796
8.827499999999999 98.54204103214705
8.8325 9.439036234160893
8.8375 20.17362831374898
8.8425 -68.42468918943725
8.8475 146.7961610497518
8.8525 -51.771515366570846
8.8575 65.94802751312521
8.862499999999999 -18.754073170273426
8.8675 -49.57727577470565
8.872499999999999 -27.561381170406197
8.8775 -131.1704923164357
8.8825 -4.7230453708048765
8.8875 313.8360364552627
8.8925 -7.569179966565376
8.897499999999999 265.913618819985
8.9025 -336.30844626102055
8.907499999999999 -80.83729452778368
8.9125 89.26149219236713
8.9175 -120.46226601762972
8.9225 -13.590083319167507
8.9275 47.81937875892212
8.9325 91.02474936796905
8.9375 0.0929202267797419
8.942499999999999 -103.87215616490029
8.9475 82.95897593411314
8.952499999999999 72.75105339034174
8.9575 -100.13072947861367
8.9625 4.312162813697774
8.9675 202.9978433415222
8.9725 -317.8438142864162
8.9775 363.62883768296234
8.9825 -2.3237341212065385
8.987499999999999 -349.4395654598657
8.9925 258.42273037237527
8.997499999999999 -170.53223055580412
9.0025 54.303616678955585
9.0075 200.0143427666919
9.0125 -52.395559264009165
9.0175 117.977987770738
9.022499999999999 -92.81698059202913
9.0275 61.66508678464121
9.032499999999999 -215.89122365241514
9.0375 64.55867804889425
9.0425 249.87019881940682
9.0475 -17.272054871422707
9.0525 -79.43681163442301
9.0575 -46.82216310214153
9.0625 -54.37736425665781
9.067499999999999 170.3256115961033
9.0725 -12.635807380893676
9.077499999999999 44.5131056677522
9.0825 -299.0448530426039
9.0875 -153.3951255749166
9.0925 -95.19172238645231
9.0975 154.66069542139812
9.1025 -174.19731034445743
9.1075 34.190157476657575
9.112499999999999 124.55261002134226
9.1175 -66.51498617891232
9.122499999999999 194.23758857184876
9.1275 -43.33696483202703
9.1325 -43.8439048532226
9.1375 -131.85053903154562
9.1425 71.22485546882329
9.147499999999999 154.08648677940857
9.1525 -151.61363006587808
9.157499999999999 149.02300023741043
9.1625 70.02748586129468
9.1675 27.42141837151051
9.1725 -25.91651187245878
9.1775 231.95316390619058
9.1825 -164.12172751557006
9.1875 -8.410330304593781
9.192499999999999 99.85217689913861
9.1975 -95.99275353587359
9.202499999999999 -4.044035409857998
9.2075 -62.79190947549845
9.2125 -168.03309247293916
9.2175 96.71298088954548
9.2225 -205.10918114637357
9.2275 249.8057208341622
9.2325 -91.46203323366937
9.237499999999999 95.8340894893205
9.2425 -69.08233430377439
9.247499999999999 87.93748325790882
9.2525 -327.7436595705257
9.2575 168.5969080130118
9.2625 92.65748631316335
9.2675 -7.6326139522762375
9.272499999999999 -171.8727049201306
9.2775 168.48880183661498
9.282499999999999 253.85366427651823
9.2875 -270.2746937252758
9.2925 -113.49214448897585
9.2975 179.15802624507424
9.3025 57.07056445491955
9.3075 -158.75339268205343
9.3125 -19.093557064333027
9.317499999999999 181.24188995152426
9.3225 186.67197769259423
9.327499999999999 116.33446556896324
9.3325 95.46603393216009
9.3375 40.14043450135119
9.3425 -134.79132149259127
9.3475 50.73830477371931
9.3525 17.77703191526019
9.3575 -68.88058758861888
9.362499999999999 25.78215753330604
9.3675 -140.6522115971159
9.372499999999999 -182.89270633160857
9.3775 -60.03511396894635
9.3825 -244.4542690221032
9.3875 451.4361661041324
9.3925 -195.97572567699498
9.397499999999999 97.78919460817782
9.4025 207.5990843750852
9.407499999999999 -276.6118612117287
9.4125 178.29868244391886
9.4175 -165.34428351213515
9.4225 -85.44149384375477
9.4275 139.3556925532532
9.4325 -226.24892223706664
9.4375 -301.97164570429584
9.442499999999999 251.10954650957245
9.4475 -29.645158547153535
9.452499999999999 -87.05424751364724
9.4575 427.4258291989673
9.4625 148.27252049200152
9.4675 74.1915986607078
9.4725 -116.5161335113764
9.4775 -67.83360904785664
9.4825 127.41048109793056
9.487499999999999 13.780964511206264
9.4925 -43.680050325045485
9.497499999999999 12.569419570199127
9.5025 106.96492265449649
9.5075 137.2136344998018
9.5125 -143.23084223633
9.5175 -96.61921003485774
9.522499999999999 176.90860123836276
9.5275 -15.470137187030227
9.532499999999999 296.6339749903721
9.5375 -412.10536646959406
9.5425 115.38116057616153
9.5475 -142.2213529050586
9.5525 48.786734606278856
9.5575 115.37095363339583
9.5625 -27.756596097482415
9.567499999999999 -10.36958066371274
9.5725 -52.856824336441214
9.577499999999999 -134.0926395852358
9.5825 -386.5298997411181
9.5875 262.01402573967033
9.5925 -76.8515299257933
9.5975 166.42264837394018
9.6025 9.077827609923087
9.6075 -75.92957348928698
9.612499999999999 89.05812080356634
9.6175 26.943665105094297
9.622499999999999 11.44609781616918
9.6275 34.45949723415661
9.6325 -11.035387108400439
9.6375 -69.86509902647138
9.6425 -11.093958257856732
9.647499999999999 249.02480034204893
9.6525 -84.57646006626754
9.657499999999999 -218.2177871032338
9.6625 182.0705559380202
9.6675 1.5585674418385895
9.6725 61.52344398082399
9.6775 -129.7190743187023
9.6825 -156.0290088028569
9.6875 371.31811184900084
9.692499999999999 -106.69281120139009
9.6975 -175.64815325219598
9.702499999999999 -290.2739446666279
9.7075 186.87807723281767
9.7125 74.63531322470627
9.7175 -48.95198221940637
9.7225 73.7559559496096
9.7275 -75.98018904073615
9.7325 100.58522887154304
9.737499999999999 145.11552419372478
9.7425 20.394102856628002
9.747499999999999 -101.5564242226088
9.7525 -43.3116095543031
9.7575 -87.39079878427341
9.7625 147.15275783514153
9.7675 22.834676895598925
9.772499999999999 -23.888824422312602
9.7775 -51.29180254399317
9.782499999999999 -2.8696302557398785
9.7875 -25.068196430221263
9.7925 -91.68833229801692
9.7975 26.300209337983414
9.8025 130.3134009127148
9.8075 91.26721088890633
9.8125 -496.1572310347089
9.817499999999999 330.7151636700326
9.8225 74.45298745855283
9.827499999999999 55.83463131636635
9.8325 -38.81192595316308
9.8375 217.78725924557648
9.8425 -128.29098236854617
9.8475 126.32335507789678
9.8525 92.6063843596627
9.8575 66.07717011975947
9.862499999999999 -459.48575385673684
9.8675 -77.30817651436077
9.872499999999999 203.43251768949386
9.8775 -146.63119798807466
9.8825 173.76251125439336
9.8875 -109.67540568545171
9.8925 -63.60229253169716
9.897499999999999 154.0957745387492
9.9025 -87.61180782333348
9.907499999999999 -84.65929592123004
9.9125 29.380911898759095
9.9175 -181.94849632687598
9.9225 46.00585690190224
9.9275 65.00887726083002
9.9325 212.53761565774616
9.9375 51.159656192510944
9.942499999999999 88.0807817728619
9.9475 26.16579289095341
9.952499999999999 83.31452563595772
9.9575 -119.94835570305615
9.9625 95.95721276365515
9.9675 95.8595812859484
9.9725 -290.2255513139737
9.9775 511.8995765210271
9.9825 -241.67575654885755
9.987499999999999 -377.1292356483472
9.9925 291.7012226351554
9.997499999999999 -51.70131030639338
10.0025 -61.69606256208854
