0.0075 101.89281338114857
0.012499999999999999 29.299954807083815
0.017499999999999998 -285.1923976276256
0.0225 4.8586421306718615
0.0275 45.26287852485572
0.0325 87.78481800002754
0.0375 14.642781837524348
0.042499999999999996 77.9750124760648
0.0475 148.89082862170696
0.0525 80.69422982201368
0.057499999999999996 -274.42579235850474
0.0625 126.13482898498359
0.06749999999999999 -140.46185305865444
0.0725 456.7558547454055
0.0775 -323.43443196260694
0.08249999999999999 204.2269684961606
0.0875 -419.24073732197377
0.0925 242.03542931897795
0.09749999999999999 8.418327483298397
0.1025 62.21248219280494
0.1075 -83.52557899282756
0.11249999999999999 152.6481378185899
0.1175 64.2629779713693
0.1225 -131.24939451898962
0.1275 154.96011670817944
0.1325 51.72900357725973
0.13749999999999998 -228.58129382708532
0.1425 76.54167872633519
0.1475 -279.52744419108143
0.1525 305.9297194039406
0.1575 -124.63260444091996
0.1625 -152.29596720633884
0.16749999999999998 -121.94558055524932
0.1725 53.732039200342676
0.1775 -11.281550100921256
0.1825 12.998494208796092
0.1875 -115.58397315854756
0.1925 98.48913406846341
0.19749999999999998 146.97337090978846
0.20249999999999999 29.032812247327474
0.2075 -156.44243778293182
0.2125 95.29555465146451
0.2175 -102.62461951164211
0.2225 22.798425961911
0.22749999999999998 -34.7566094763824
0.23249999999999998 -165.08755902245184
0.2375 201.2537946717702
0.2425 -217.25639848072038
0.2475 95.32612409601991
0.2525 177.5212407742153
0.2575 60.9516312291506
0.2625 -143.99480623349837
0.2675 96.02635067365337
0.27249999999999996 -64.0371021485201
0.27749999999999997 -77.0196901615124
0.2825 66.77787855977965
0.2875 12.937723493076366
0.2925 224.46338261044377
0.2975 -50.51295528881303
0.3025 -233.41659681752358
0.3075 126.94709027813157
0.3125 -116.54654673225112
0.3175 -69.15801821297637
0.3225 67.34485979230607
0.32749999999999996 100.41512644881458
0.33249999999999996 16.023451528530977
0.33749999999999997 128.46361647678
0.34249999999999997 -405.33064579689477
0.3475 -176.93892389621521
0.3525 365.15559615438997
0.3575 -192.78911102682565
0.3625 -31.062071342571187
0.3675 110.10744018547064
0.3725 100.45984727847208
0.3775 -3.5362859466984675
0.3825 -6.184920848164811
0.38749999999999996 -6.91606464814943
0.39249999999999996 -126.52654146713469
0.39749999999999996 -65.6797726943831
0.40249999999999997 33.98667254689365
0.4075 -49.49629991579309
0.4125 -20.243328089501247
0.4175 7.52820554459327
0.4225 178.86483969439567
0.4275 -34.30462018910279
0.4325 36.469241034321975
0.4375 47.46818950376561
0.4425 91.1959323624943
0.44749999999999995 -82.91994271226673
0.45249999999999996 212.90236100979135
0.45749999999999996 -130.93379070898445
0.46249999999999997 88.11696513791641
0.46749999999999997 -288.8706603395661
0.4725 28.20845676092722
0.4775 -49.368737918449455
0.4825 275.44153195284815
0.4875 -80.07691515517548
0.4925 182.62612458493044
0.4975 -11.146681792767263
0.5025 -135.47081640816026
0.5075 -18.166780095984304
0.5125 -14.765771290436989
0.5175 17.778769488394232
0.5225 52.54702221799628
0.5275 -147.45015943165146
0.5325 -57.84776835145743
0.5375 -17.232433861678558
0.5425 -45.8730921033371
0.5475 216.76340246747742
0.5525 111.79634021824018
0.5575 -88.60414222203148
0.5625 -226.89061740375845
0.5675 32.271567249966566
0.5725 188.35011182198272
0.5775 -187.99724723315396
0.5825 247.0124901180739
0.5875 192.78409265770895
0.5925 -147.3462591374601
0.5974999999999999 8.749471157899087
0.6024999999999999 -83.91657571294454
0.6074999999999999 71.77892563161008
0.6124999999999999 -282.5648954577362
0.6174999999999999 83.11605734826412
0.6224999999999999 -153.46940090509494
0.6275 166.6330939749666
0.6325 196.5058456211964
0.6375 -184.97940481814686
0.6425 80.78372648364375
0.6475 289.6644755931668
0.6525 -240.16647302347255
0.6575 97.11297930433109
0.6625 122.10915454530286
0.6675 -174.92094869696064
0.6725 -60.12555145964937
0.6775 199.1271362138526
0.6825 -274.62716214990087
0.6875 2.224712321823582
0.6925 11.446038076812657
0.6975 -16.676801922630677
0.7025 241.83602329444682
0.7075 -82.56295716051389
0.7125 -167.90642240458396
0.7174999999999999 12.088648939940684
0.7224999999999999 56.441193491161016
0.7274999999999999 57.56509079573153
0.7324999999999999 171.42316213384996
0.7374999999999999 -163.730212813125
0.7424999999999999 2.318239942589445
0.7474999999999999 10.357531340770127
0.7525 -171.58017361084677
0.7575 12.458448846836166
0.7625 63.97517283140355
0.7675 -236.5271465556125
0.7725 91.26302768652054
0.7775 -235.38018268807056
0.7825 239.41207725797614
0.7875 -1.7977971162219035
0.7925 62.11722581506559
0.7975 43.76304786444483
0.8025 -85.17684471131462
0.8075 100.74901122562972
0.8125 -28.991566827107007
0.8175 368.9687504176502
0.8225 -173.01847943045817
0.8275 -108.97946238020543
0.8325 63.484320461017575
0.8374999999999999 84.46027293913687
0.8424999999999999 282.34063167642165
0.8474999999999999 -289.5025319348914
0.8524999999999999 -207.57414779919483
0.8574999999999999 171.116780685696
0.8624999999999999 -143.72022559751727
0.8674999999999999 122.02179771057972
0.8724999999999999 -121.97791928479982
0.8775 -72.41817201102252
0.8825 -65.90615923774155
0.8875 110.40660277715304
0.8925 -80.01180636213027
0.8975 -76.54680288937841
0.9025 108.64929828630876
0.9075 31.087488465003407
0.9125 0.20268958378800353
0.9175 -144.24457990430759
0.9225 -53.31511586266477
0.9275 302.12551665437184
0.9325 142.25031675571918
0.9375 35.54347627962972
0.9425 -5.99421782151973
0.9475 -244.33413317614026
0.9524999999999999 231.43848329603756
0.9574999999999999 97.89501379892452
0.9624999999999999 114.58605237340407
0.9674999999999999 -146.7703188436384
0.9724999999999999 -252.99248918323485
0.9774999999999999 155.33855184695085
0.9824999999999999 -217.65312149448724
0.9874999999999999 -43.23739972030249
0.9924999999999999 184.11321296560072
0.9974999999999999 29.744638918469253
1.0025 -236.61337110583597
1.0075 131.3853720843583
1.0125 88.45954403066482
1.0174999999999998 24.211628009038876
1.0225 -60.581486176149056
1.0274999999999999 161.4558037943161
1.0325 131.09093127036175
1.0374999999999999 26.53569609167019
1.0425 -73.01517398079885
1.0474999999999999 20.06564613722588
1.0525 -32.63788582612313
1.0574999999999999 78.07831485035298
1.0625 -75.4929268214588
1.0675 -31.600967182463787
1.0725 17.454919936590905
1.0775 359.46377474487394
1.0825 -112.57540669317352
1.0875 -135.50077951140545
1.0925 32.05673952370808
1.0975 91.94174664837722
1.1025 -167.8257042703348
1.1075 112.07715072169808
1.1125 -43.20787308279649
1.1175 -179.38307703319794
1.1225 42.18171989225251
1.1275 -172.84582372386458
1.1324999999999998 210.21416075881834
1.1375 51.33688312563467
1.1424999999999998 -128.43176513616467
1.1475 -58.21529684696027
1.1524999999999999 91.72846346081222
1.1575 -105.49998678516748
1.1624999999999999 144.77315846784322
1.1675 238.1939773700202
1.1724999999999999 -225.14435600929443
1.1775 72.94266961331778
1.1824999999999999 -279.1356440160946
1.1875 -86.84871202060191
1.1925 -211.2460684020922
1.1975 156.40421933222103
1.2025 106.27657578740356
1.2075 162.50030117801546
1.2125 -152.75053686538357
1.2175 -31.57774541559145
1.2225 -138.8980972405436
1.2275 84.59342262232275
1.2325 29.707010624176966
1.2375 73.58671514209368
1.2425 -19.65739974370586
1.2475 163.82720755350533
1.2525 66.4828329834867
1.2574999999999998 -162.97216788087815
1.2625 -72.4621362298871
1.2674999999999998 -156.3603464329896
1.2725 313.4706994335774
1.2774999999999999 -169.2669570375845
1.2825 136.90220507602186
1.2874999999999999 -253.78296087505322
1.2925 -89.3493741149806
1.2974999999999999 3.822174032291645
1.3025 158.1411521761539
1.3074999999999999 50.74363762975691
1.3125 149.68837297963316
1.3175 -104.72537891894855
1.3225 5.628952184417952
1.3275 -96.3645820149933
1.3325 -117.34580228062198
1.3375 -77.7228392963661
1.3425 -92.93552630527424
1.3475 177.61030932572103
1.3525 7.578809779776664
1.3575 82.80455232919714
1.3625 -98.13100294217782
1.3675 53.91068981180973
1.3724999999999998 172.29416438623306
1.3775 -431.3909017458234
1.3824999999999998 149.38332566658002
1.3875 243.31585084319462
1.3924999999999998 -34.32846750862028
1.3975 -65.25839881576455
1.4024999999999999 155.393694167878
1.4075 34.034713039301295
1.4124999999999999 -114.09482775050799
1.4175 100.64867154182996
1.4224999999999999 104.34114958893261
1.4275 -164.65685905228716
1.4324999999999999 14.673519183883531
1.4375 12.26479227482443
1.4425 38.63436742713533
1.4475 -68.92202196416085
1.4525 62.605133982583375
1.4575 280.73788224339467
1.4625 -286.5202424636677
1.4675 173.83915421711956
1.4725 142.33010958786474
1.4775 -285.78911300639203
1.4825 118.91318186967753
1.4874999999999998 -174.17114055876687
1.4925 195.35024461380354
1.4974999999999998 -219.5778201361747
1.5025 135.0158451532651
1.5074999999999998 -0.24286127460492557
1.5125 -97.7418849853481
1.5174999999999998 59.86341832126471
1.5225 -45.540847066590864
1.5274999999999999 224.69081139339352
1.5325 -145.32510354118546
1.5374999999999999 226.436902254364
1.5425 -295.36626242212503
1.5474999999999999 -211.27949691435347
1.5525 73.46499186089497
1.5574999999999999 5.879883272363615
1.5625 74.31330203975305
1.5675 242.4718278842583
1.5725 -164.14799598962492
1.5775 -213.1616521864533
1.5825 -71.55584387373084
1.5875 36.222979879774805
1.5925 17.20992988817587
1.5975 161.4566090913688
1.6025 -131.31324404850642
1.6075 340.2966924806195
1.6124999999999998 -312.13947129723823
1.6175 -39.74148034104431
1.6224999999999998 97.60271333817285
1.6275 255.5441310549192
1.6324999999999998 -144.4219028941059
1.6375 391.8117867913312
1.6424999999999998 -97.46974984703427
1.6475 27.309421552327844
1.6524999999999999 -138.2571310519027
1.6575 171.51012168211454
1.6624999999999999 -220.4853251420553
1.6675 192.5257107298434
1.6724999999999999 18.98504433916347
1.6775 -145.38679297978456
1.6824999999999999 -13.616234946199064
1.6875 123.41784883846104
1.6925 -190.05175054881562
1.6975 106.34288963116906
1.7025 -15.327465129365638
1.7075 29.39038940292815
1.7125 -136.28091866306644
1.7175 -241.6351535240964
1.7225 -124.06878518358559
1.7274999999999998 246.11703979720374
1.7325 166.31051391738546
1.7374999999999998 -7.2141560105335225
1.7425 -209.91204567444518
1.7474999999999998 160.32510646669212
1.7525 -94.31408623642895
1.7574999999999998 135.50903237521388
1.7625 -168.24596000156183
1.7674999999999998 191.1717325570133
1.7725 -122.06263021868395
1.7774999999999999 -66.30992307417075
1.7825 100.04475625475794
1.7874999999999999 50.559724099406424
1.7925 77.70097831045294
1.7974999999999999 -9.737541956090544
1.8025 -20.561072252751273
1.8074999999999999 86.13519856793758
1.8125 -82.19636225693729
1.8175 -87.87839457022211
1.8225 19.582489485487727
1.8275 -97.17880154845791
1.8325 89.48997713819159
1.8375 -110.29758924143079
1.8425 -194.26126430519687
1.8475 -9.45573141054111
1.8524999999999998 59.299832494808015
1.8575 463.6605595733175
1.8624999999999998 -25.61891855735317
1.8675 -99.17259625627713
1.8724999999999998 -156.0787998459185
1.8775 185.17601664612357
1.8824999999999998 -92.77850502523323
1.8875 -94.39353142236322
1.8924999999999998 300.08092349266826
1.8975 13.918323713675091
1.9024999999999999 -79.98907987926223
1.9075 28.80544925662058
1.9124999999999999 -79.61321748035579
1.9175 106.55822237868378
1.9224999999999999 -15.135502839192137
1.9275 -54.05693287504025
1.9324999999999999 -83.23192452771775
1.9375 -76.064874973568
1.9425 -145.84347141179757
1.9475 85.551198987534
1.9525 52.907141322692254
1.9575 -99.27017431068269
1.9625 -46.61762475632904
1.9674999999999998 140.0265402627581
1.9725 -274.4752015433888
1.9774999999999998 189.16852284765574
1.9825 187.19078065758842
1.9874999999999998 -101.50205693430257
1.9925 -154.79219042967597
1.9974999999999998 200.66300796359278
2.0025 31.454645760672012
2.0075 -150.40714507468513
2.0124999999999997 -71.36641774293527
2.0175 55.32639709596139
2.0225 141.59796719321793
2.0275 -138.24394154939125
2.0324999999999998 202.6395356288568
2.0375 -139.16129279206604
2.0425 -3.7167874913340166
2.0475 -126.58844334066191
2.0524999999999998 -78.15216282701783
2.0575 175.92064787932483
2.0625 -35.012953423732974
2.0675 23.15048466155697
2.0725 99.45569422443494
2.0775 -13.53763900653569
2.0825 -17.145207690349732
2.0875 7.934059995331728
2.0925 -11.855732426013635
2.0974999999999997 64.97166543143506
2.1025 -263.5559472177264
2.1075 162.0315135521188
2.1125 -28.654049989524555
2.1174999999999997 182.1571066861838
2.1225 -123.66424499869058
2.1275 81.68843350991595
2.1325 -5.088156659304894
2.1374999999999997 -284.73611697551297
2.1425 292.5200531521688
2.1475 -0.29268363477412257
2.1525 -161.50838679699586
2.1574999999999998 -10.43602503928809
2.1625 171.52359386099747
2.1675 -57.179375613702746
2.1725 -67.17703351801174
2.1774999999999998 16.797320942616018
2.1825 33.57737273732507
2.1875 83.81732206169771
2.1925 -78.38903332315651
2.1975 10.493245079244925
2.2024999999999997 51.69439948920294
2.2075 217.97403105412593
2.2125 -76.17358586497305
2.2175 -26.61603815745918
2.2224999999999997 58.31785063710914
2.2275 -76.3740393020106
2.2325 122.90582781393357
2.2375 -249.15332943601848
2.2424999999999997 -46.44799051120082
2.2475 132.19610383944422
2.2525 -111.46524733525098
2.2575 136.84419342379888
2.2624999999999997 -43.07705862947881
2.2675 -210.04530154631107
2.2725 314.0147391741861
2.2775 5.4078223508000045
2.2824999999999998 11.652632561799134
2.2875 -176.0490627579608
2.2925 62.15026325823529
2.2975 71.46868283672244
2.3024999999999998 30.66614888881549
2.3075 -117.58830742181627
2.3125 -169.67894069366818
2.3175 84.03628443566674
2.3225 -33.604573882214794
2.3274999999999997 -140.94695637127444
2.3325 235.1704272147757
2.3375 -112.00176860151412
2.3425 -12.39489222438461
2.3474999999999997 173.71266494584776
2.3525 -117.89152728953164
2.3575 -65.62307311218747
2.3625 44.78724166330796
2.3674999999999997 -65.57342707522915
2.3725 191.8244459506176
2.3775 -100.12080616620696
2.3825 98.91478303655892
2.3874999999999997 -86.7996502187602
2.3925 -153.72596397351037
2.3975 15.59046356732846
2.4025 202.22058536376073
2.4074999999999998 -274.1922948990732
2.4125 -30.03078714659072
2.4175 7.8706681495524204
2.4225 -5.0065286512330065
2.4274999999999998 139.19613083733844
2.4325 -104.67726005153159
2.4375 4.417448824108306
2.4425 -16.218378680336905
2.4475 178.44286693366243
2.4524999999999997 -28.677362812861016
2.4575 167.88527861991022
2.4625 5.1890081409619
2.4675 -14.963908774733472
2.4724999999999997 252.66599623069774
2.4775 -1.4023632027655955
2.4825 -422.74976399633596
2.4875 214.1228794863872
2.4924999999999997 14.04771152799851
2.4975 39.2840200340171
2.5025 -88.009132967707
2.5075 153.60449070283454
2.5124999999999997 -258.89205302079085
2.5175 95.98439232868921
2.5225 38.555424630767575
2.5275 -61.60505662640717
2.5324999999999998 191.16196043518073
2.5375 -254.60786085805537
2.5425 -30.783837526512816
2.5475 8.386981427108234
2.5524999999999998 4.315430582816347
2.5574999999999997 87.15311930671646
2.5625 -68.71839391982063
2.5675 236.34836810981756
2.5725 -63.40861043229519
2.5774999999999997 17.375815488682438
2.5825 -100.1873925707866
2.5875 -27.50085653412285
2.5925 7.492998141669414
2.5974999999999997 -59.092189799584204
2.6025 136.39400413826777
2.6075 75.21960781752685
2.6125 8.598937453550185
2.6174999999999997 102.68795369052054
2.6225 -73.85538556220995
2.6275 104.9517596643656
2.6325 266.4136090749824
2.6374999999999997 -280.24020655950125
2.6425 254.9058707696428
2.6475 -237.70737873130437
2.6525 17.525571462928443
2.6574999999999998 123.48783165244213
2.6625 -109.98070774606921
2.6675 -59.03927784391413
2.6725 -143.49107740009254
2.6774999999999998 -8.768714599429918
2.6824999999999997 81.05338914947075
2.6875 -282.2449348854086
2.6925 161.69474306173942
2.6975 -93.43860780880257
2.7024999999999997 56.53967789950425
2.7075 431.887003284514
2.7125 -310.6735943356673
2.7175 424.45560128804334
2.7224999999999997 -190.27331829560208
2.7275 -11.977310437940114
2.7325 -191.67274272335953
2.7375 -4.420169728104193
2.7424999999999997 -110.12077390457844
2.7475 -0.7137555681180703
2.7525 25.882480440083874
2.7575 -247.3071604154136
2.7624999999999997 91.82442934209863
2.7675 142.76043191055538
2.7725 3.0635839455203895
2.7775 -208.46198299691474
2.7824999999999998 160.22079227350093
2.7875 175.61668613827896
2.7925 -270.61572567791393
2.7975 175.55222710942428
2.8024999999999998 -29.196778095979504
2.8074999999999997 110.46687215598213
2.8125 -84.12013375433834
2.8175 26.53512133063653
2.8225 73.89766941429565
2.8274999999999997 -221.22578963039814
2.8325 2.811038052765871
2.8375 -50.09057435300506
2.8425 -46.04794130480371
2.8474999999999997 -29.888720114391504
2.8525 -80.70918176712696
2.8575 122.65781369086754
2.8625 -63.45856200842938
2.8674999999999997 223.91163386115423
2.8725 162.99584782492977
2.8775 -196.57895711949465
2.8825 59.16818609857931
2.8874999999999997 95.30235881942927
2.8925 -105.45296335859422
2.8975 -112.50742672664974
2.9025 -0.6261587232929468
2.9074999999999998 -63.08707768853209
2.9125 -12.399204774319863
2.9175 46.75262543847568
2.9225 306.76015014604695
2.9274999999999998 -125.21556792508291
2.9324999999999997 -119.40568259891624
2.9375 100.94796282313938
2.9425 -56.07505406728175
2.9475 147.6190927262242
2.9524999999999997 78.7231873876217
2.9575 -68.58875378813381
2.9625 164.74338801910633
2.9675 -398.5604532753105
2.9724999999999997 325.36589319156167
2.9775 -164.06520699518737
2.9825 -79.87863365988342
2.9875 197.11014746236734
2.9924999999999997 -27.889278063613798
2.9975 172.76605038267095
3.0025 -90.06341553394586
3.0075 -102.85826326012564
3.0124999999999997 115.48499218325131
3.0175 -166.41526029982003
3.0225 221.86170981718033
3.0275 65.03234176818239
3.0324999999999998 -16.148281338509072
3.0374999999999996 -7.975606415063295
3.0425 3.906850935138157
3.0475 14.299093884937976
3.0524999999999998 4.992464490196864
3.0574999999999997 -228.1815801775749
3.0625 185.01937765190974
3.0675 -65.39342597928895
3.0725 95.06814402717379
3.0774999999999997 -65.08585707983967
3.0825 -49.933415106630775
3.0875 -38.086258567889985
3.0925 30.947614946181286
3.0974999999999997 85.03672443868562
3.1025 86.83468116688871
3.1075 36.15269771108871
3.1125 -139.01045381171025
3.1174999999999997 24.718099852634225
3.1225 17.302237720759035
3.1275 0.6528414253089035
3.1325 -28.696029124837445
3.1374999999999997 -41.78952601648441
3.1425 -235.9801723493876
3.1475 71.19896253689068
3.1525 389.70746874740047
3.1574999999999998 -301.0928752960055
3.1624999999999996 93.68185331010584
3.1675 -68.12004057737587
3.1725 -96.71108449393715
3.1774999999999998 66.01498671300097
3.1824999999999997 81.3286267867891
3.1875 16.10481179507053
3.1925 -76.30839153891185
3.1975 326.5533969233116
3.2024999999999997 -100.53955273851912
3.2075 -21.355014353796197
3.2125 52.065923284445944
3.2175 -48.30131114860506
3.2224999999999997 32.45053188780881
3.2275 -250.3892622456105
3.2325 305.9371231366146
3.2375 -245.59479781616287
3.2424999999999997 48.10008846866395
3.2475 -55.20096471127896
3.2525 352.09167813928985
3.2575 -338.74601931841767
3.2624999999999997 102.98275498021573
3.2675 17.700741615403807
3.2725 -204.61290100641563
3.2775 -23.27183687450594
3.2824999999999998 130.2074546113549
3.2874999999999996 26.52433456083448
3.2925 -119.31610777610163
3.2975 156.8429046384866
3.3024999999999998 111.11511996689426
3.3074999999999997 -126.6840757868615
3.3125 115.0612839547358
3.3175 13.653593623880091
3.3225 -103.626080544478
3.3274999999999997 79.03801524391453
3.3325 -142.73484714948833
3.3375 -209.11937033724436
3.3425 15.50201458137376
3.3474999999999997 2.4900479634219064
3.3525 -135.34502795585948
3.3575 77.51412386684643
3.3625 -61.408373084885746
3.3674999999999997 249.32527351520923
3.3725 13.761317631642193
3.3775 5.959926115032055
3.3825 -19.6274679575683
3.3874999999999997 -87.00555835906913
3.3924999999999996 104.03672914436947
3.3975 36.06439294173037
3.4025 332.5792016006304
3.4074999999999998 -41.26726377143271
3.4124999999999996 86.21808258282186
3.4175 -319.45061454783644
3.4225 32.863385580512116
3.4274999999999998 -50.54704909223417
3.4324999999999997 102.79455738797117
3.4375 1.6467524693149178
3.4425 53.8842166580873
3.4475 43.37886343763464
3.4524999999999997 -16.515286440271872
3.4575 170.70046632101807
3.4625 -182.37447425618578
3.4675 99.72787541731878
3.4724999999999997 -189.81296891960622
3.4775 -6.979345601103389
3.4825 88.79565265108099
3.4875 -73.68846337202093
3.4924999999999997 -22.08249365743777
3.4975 61.42986898964327
3.5025 5.542979355315686
3.5075 -179.8184643059132
3.5124999999999997 -68.15591787691658
3.5174999999999996 15.589005348057619
3.5225 111.42618305946594
3.5275 -21.780233566961325
3.5324999999999998 10.4744524461622
3.5374999999999996 92.9158750176299
3.5425 -152.53502832099593
3.5475 -16.267608647151352
3.5524999999999998 -4.2808567591912725
3.5574999999999997 -56.4148192231796
3.5625 175.6898829033239
3.5675 185.48425277760384
3.5725 -347.7870270891288
3.5774999999999997 91.45987623498706
3.5825 -89.29366545442684
3.5875 -21.17348697650991
3.5925 130.8981021015963
3.5974999999999997 -91.43537401948413
3.6025 210.18597167760979
3.6075 -123.11767212514714
3.6125 -144.7337878633754
3.6174999999999997 -84.96964964183915
3.6225 132.00490408136548
3.6275 -177.00103243140134
3.6325 -225.7512007617722
3.6374999999999997 55.16606337386891
3.6424999999999996 233.58399649491523
3.6475 104.28598108269274
3.6525 104.4795334397918
3.6574999999999998 5.8796454991979035
3.6624999999999996 -82.61639625185781
3.6675 -81.58597656594857
3.6725 54.57957039904526
3.6774999999999998 87.71612673711807
3.6824999999999997 171.73125686135225
3.6875 248.24157096163674
3.6925 -6.6206729717629
3.6975 -213.88673484316791
3.7024999999999997 13.262866651958884
3.7075 -58.67951947808578
3.7125 231.2362793905864
3.7175 -131.19722982338996
3.7224999999999997 -181.31867567313742
3.7275 103.83360750292258
3.7325 125.87519879734224
3.7375 -172.7003899874616
3.7424999999999997 92.313046881579
3.7474999999999996 -3.3315233973703635
3.7525 31.179679483459363
3.7575 195.86246266965034
3.7624999999999997 -87.24263820612462
3.7674999999999996 -208.49167773360128
3.7725 -25.188435109459757
3.7775 45.19020849250712
3.7824999999999998 15.752137872161537
3.7874999999999996 -11.80382682026639
3.7925 196.66629408496044
3.7975 -249.40915454574187
3.8024999999999998 -51.35630242983067
3.8074999999999997 32.6318596678783
3.8125 223.1186702058971
3.8175 -141.38194198234706
3.8225 -90.78868390571402
3.8274999999999997 112.64489455211154
3.8325 87.17891302394685
3.8375 -102.89946647462233
3.8425 123.76510542809261
3.8474999999999997 51.72327694642457
3.8525 -154.38405047978085
3.8575 62.97183612751586
3.8625 169.93650962678862
3.8674999999999997 -47.68223252594344
3.8724999999999996 -78.24347778886393
3.8775 258.7867824057652
3.8825 -0.4684384006715142
3.8874999999999997 -136.96228102565692
3.8924999999999996 -4.613486039083898
3.8975 -2.288237972576813
3.9025 121.52992776446949
3.9074999999999998 -7.154005781456251
3.9124999999999996 -229.6028091250531
3.9175 -77.71544036652585
3.9225 -121.02178450184029
3.9274999999999998 212.38433414037405
3.9324999999999997 10.183498160491759
3.9375 -18.519920794296343
3.9425 -75.11941299590983
3.9475 296.96832824085254
3.9524999999999997 -83.49718135020913
3.9575 -88.77441267814822
3.9625 -45.65758221020849
3.9675 308.68128245547376
3.9724999999999997 -168.93314766073567
3.9775 79.90518493367021
3.9825 -277.54059979224644
3.9875 166.89728415716857
3.9924999999999997 -60.517969867894315
3.9974999999999996 66.7314983675168
4.0024999999999995 -0.3635799082551133
4.007499999999999 28.49139919622289
4.0125 -69.3815374234784
4.0175 -159.741141953554
4.0225 189.55340615256574
4.0275 -62.73182773614599
4.0325 -56.30193815625284
4.0375 -202.81776391991693
4.0424999999999995 13.239804628652223
4.047499999999999 80.56308535480579
4.0525 -10.436170308560335
4.0575 -88.29696008228188
4.0625 33.55897801572719
4.0675 15.20608054663318
4.0725 87.27739559010729
4.0775 -141.07414198764474
4.0825 -62.298969254077434
4.0874999999999995 280.21803812643714
4.0925 -26.946991955646965
4.0975 -55.73598407222202
4.1025 -90.09630028976794
4.1075 120.89054509642594
4.1125 13.901086409213674
4.1175 -34.199909202894894
4.1225 102.84310601031851
4.1274999999999995 30.56081392897627
4.132499999999999 71.90580676148036
4.1375 -299.6961244018291
4.1425 -34.32762142037704
4.1475 279.9658594859823
4.1525 -172.48303740164286
4.1575 70.01106859134832
4.1625 -21.555986496876475
4.1674999999999995 -152.9601725310042
4.172499999999999 -11.41736713321735
4.1775 10.121191064316676
4.1825 -100.77242668486504
4.1875 121.4089973126934
4.1925 115.5016763065347
4.1975 124.73466465766286
4.2025 48.56939953764483
4.2075 60.755121773903795
4.2124999999999995 -212.11766632099415
4.2175 276.3093106320519
4.2225 -188.55000602495596
4.2275 26.45572983117244
4.2325 244.1179898681935
4.2375 -248.84839844365075
4.2425 124.63598484635831
4.2475 83.19068305503187
4.2524999999999995 -111.1248790618628
4.257499999999999 -168.51787129821736
4.2625 134.45297172521413
4.2675 -41.88399815068883
4.2725 25.68156672051526
4.2775 -35.03537673594591
4.2825 83.1364984059918
4.2875 24.392739053012317
4.2924999999999995 68.39526926694919
4.297499999999999 -18.950717104864648
4.3025 11.169751974312039
4.3075 -50.56074861621231
4.3125 -10.223751367897592
4.3175 126.65111203100379
4.3225 -0.8416712152151596
4.3275 -129.562044288293
4.3325 226.07645155676403
4.3374999999999995 6.337140939282807
4.342499999999999 -73.56138197056336
4.3475 -17.773691511505493
4.3525 -4.327522407547852
4.3575 -35.03024546734046
4.3625 112.13746877033883
4.3675 -104.06265942984797
4.3725 74.32559545191668
4.3774999999999995 -69.88873344229097
4.382499999999999 -138.14401471191545
4.3875 287.3726517624252
4.3925 -221.04324865781828
4.3975 15.514630901865377
4.4025 -76.80481611751493
4.4075 390.6100225251482
4.4125 -0.2955892833879718
4.4174999999999995 -48.0840122657046
4.422499999999999 -378.1199398468516
4.4275 45.45642048678039
4.4325 147.3589851994128
4.4375 -71.74599766673249
4.4425 -178.56899592661227
4.4475 80.23837037183984
4.4525 110.36861170443362
4.4575 -0.7981722790921154
4.4624999999999995 -91.24563971782297
4.467499999999999 -13.115604401094155
4.4725 191.86376102643243
4.4775 65.22202439003676
4.4825 -133.10441628062537
4.4875 82.99804889447424
4.4925 -60.881647757247116
4.4975 8.911751935626889
4.5024999999999995 -166.7899401489532
4.507499999999999 -83.37801857151818
4.5125 159.42580203623496
4.5175 224.13622831428137
4.5225 -81.3244492425362
4.5275 123.06547900729856
4.5325 271.2472367317484
4.5375 -170.9478948931226
4.5424999999999995 -78.57253209920799
4.547499999999999 -135.11172418879093
4.5525 154.95687867715463
4.5575 -90.25248607411679
4.5625 1.6312465535167113
4.5675 -23.66863041755715
4.5725 -216.00343942818202
4.5775 295.35899527414716
4.5825 -99.99637198143326
4.5874999999999995 178.4317325176491
4.592499999999999 -142.80402900870476
4.5975 33.845001370171694
4.6025 23.255828832310193
4.6075 -89.00809027674072
4.6125 91.00627990638327
4.6175 -167.89778230408209
4.6225 135.35421544782199
4.6274999999999995 -354.0727983662748
4.632499999999999 300.80819857718797
4.6375 -144.7742440398505
4.6425 95.11995568159823
4.6475 -47.1514077494442
4.6525 26.377729442891475
4.6575 -9.539715734895054
4.6625 76.02712364778155
4.6674999999999995 -66.99400607758815
4.672499999999999 294.01248202077693
4.6775 -94.82996505490901
4.6825 -260.26145486911565
4.6875 170.72662321142906
4.6925 36.35330970743155
4.6975 93.92745983183649
4.7025 -15.546484084663536
4.7075 78.46804770148451
4.7124999999999995 -110.1652878834244
4.717499999999999 -101.45527786011928
4.7225 -241.1426491104921
4.7275 173.75393220909285
4.7325 -73.32858454059588
4.7375 108.67777132683752
4.7425 -249.33979281053345
4.7475 -139.10424907532007
4.7524999999999995 295.3750080533844
4.757499999999999 -45.1604792148931
4.7625 2.481056795512101
4.7675 -281.7680721827918
4.7725 60.73965704404962
4.7775 -8.884123404327518
4.7825 167.6936634496101
4.7875 -64.16073208891702
4.7924999999999995 -63.19377138977094
4.797499999999999 189.63263343459167
4.8025 47.31065392576213
4.8075 -71.67555391229791
4.8125 59.17091173961669
4.8175 18.26182803978626
4.8225 0.43426516545316307
4.8275 -163.75514406806772
4.8325 76.25009339436733
4.8374999999999995 -41.68159130906453
4.842499999999999 0.21563308910338275
4.8475 46.15387829656125
4.8525 -116.33798571712543
4.8575 249.089472406186
4.8625 -430.9837336871638
4.8675 379.88049088881615
4.8725 -147.2039950739416
4.8774999999999995 80.5822995352366
4.882499999999999 74.54777687584846
4.8875 131.352780120465
4.8925 -61.031127239592486
4.8975 -36.210555014709925
4.9025 -132.299685139946
4.9075 -50.745108941684066
4.9125 208.39738271211468
4.9174999999999995 -147.52425136595284
4.922499999999999 -136.71012521511037
4.9275 249.09936979644905
4.9325 -207.0992053747705
4.9375 234.01313455723428
4.9425 439.03239982203024
4.9475 -214.00355612527952
4.9525 17.04823276988258
4.9575 -33.475665824926345
4.9624999999999995 -236.93960319213014
4.967499999999999 87.43957774526302
4.9725 -175.16135422675646
4.9775 305.6140979945105
4.9825 69.94299202536395
4.9875 -272.80661147730297
4.9925 426.83864162253946
4.9975 -180.05727083748653
5.0024999999999995 -321.78788414006345
5.007499999999999 148.46585994540263
5.0125 -47.42817969476226
5.0175 201.8519517559545
5.0225 15.792112350730475
5.0275 131.99158516551233
5.0325 -251.7219859383183
5.0375 -151.28588558040107
5.0424999999999995 70.76417871062694
5.047499999999999 -12.7095019136001
5.0525 43.65663723433091
5.0575 28.023918993776444
5.0625 -72.71051734208383
5.0675 -50.44971657447899
5.0725 -49.2475358433987
5.0775 -0.3475775241922544
5.0825 171.10239626446966
5.0874999999999995 -17.61589802791
5.092499999999999 -137.3941657825311
5.0975 33.05598816079317
5.1025 4.444352324891314
5.1075 380.26401732740544
5.1125 -96.05556690335752
5.1175 -445.8221561275758
5.1225 110.7062509155878
5.1274999999999995 -7.62840607779938
5.132499999999999 114.50316283197138
5.1375 216.3617100340225
5.1425 -427.57252300485356
5.1475 260.82001258920366
5.1525 -139.30730156911972
5.1575 64.54118073348903
5.1625 221.19256652151904
5.1674999999999995 -310.06841386376504
5.172499999999999 62.16725792090503
5.177499999999999 -122.30166343743008
5.1825 140.73396793295748
5.1875 -40.44254313808457
5.1925 77.60836164908177
5.1975 -50.44230139395475
5.2025 34.60125149003324
5.2075 41.041515585534675
5.2124999999999995 -59.40859101979691
5.217499999999999 50.673328354666744
5.2225 159.41322124355446
5.2275 -281.9244503436588
5.2325 94.18936703965917
5.2375 146.03750142057982
5.2425 -81.07922655275038
5.2475 -73.48602800945935
5.2524999999999995 171.43843211866528
5.257499999999999 -48.189882774400736
5.2625 199.17770702657657
5.2675 -39.639731058441185
5.2725 -162.00627512141824
5.2775 78.98991703526183
5.2825 331.7584481079425
5.2875 -241.51288785164752
5.2924999999999995 363.2434056707469
5.297499999999999 -305.88967140254033
5.302499999999999 -227.57085577167186
5.3075 -94.8678355962395
5.3125 -1.0388895160865863
5.3175 -26.97792049426391
5.3225 -79.3661018161583
5.3275 -3.2435052025738775
5.3325 177.20211602654098
5.3374999999999995 79.65446553226597
5.342499999999999 -211.77010072164592
5.3475 -41.79546889819784
5.3525 -138.0308199475747
5.3575 30.869207435501476
5.3625 277.29584552678176
5.3675 -79.49048310396874
5.3725 -209.74058608933095
5.3774999999999995 19.080119919819438
5.382499999999999 -123.86551399637065
5.3875 256.38815210588047
5.3925 -88.03372479224475
5.3975 -99.99955395746713
5.4025 214.973543974864
5.4075 -62.635586843284415
5.4125 -105.86206544602494
5.4174999999999995 -53.62484389904422
5.422499999999999 -107.33676672637776
5.427499999999999 286.22551426915436
5.4325 -101.44169070929198
5.4375 -145.32265422756814
5.4425 -76.01752982292713
5.4475 -17.68293190198141
5.4525 162.64278375402057
5.4575 -132.86548043439868
5.4624999999999995 117.77280413460753
5.467499999999999 44.9881532775248
5.4725 53.299265985020874
5.4775 -84.06794313659499
5.4825 149.8913691552729
5.4875 -54.47065449901144
5.4925 -76.9542826716846
5.4975 -8.243446964724182
5.5024999999999995 1.7040748820016487
5.507499999999999 -35.067614934949304
5.5125 -66.72056930554149
5.5175 390.8856030716363
5.5225 -5.565424247384281
5.5275 -140.5643073709321
5.5325 51.90450306925482
5.5375 15.263938245007852
5.5424999999999995 -81.09769706701205
5.547499999999999 -83.79247891079224
5.552499999999999 190.70606624670265
5.5575 -70.6871138880395
5.5625 24.12162211544904
5.5675 -68.77235750692466
5.5725 -12.94541486943615
5.5775 -120.08798157987613
5.5825 167.0038362570527
5.5874999999999995 -76.09996355570124
5.592499999999999 71.14697666460714
5.5975 -172.3851253858126
5.6025 136.1085316704968
5.6075 1.884342206252602
5.6125 20.07373410922565
5.6175 -52.17952938188908
5.6225 154.25566890024385
5.6274999999999995 -264.8922932010534
5.632499999999999 -77.93133905891368
5.6375 276.37737792133004
5.6425 -141.02038604085917
5.6475 100.93151134122675
5.6525 -337.501509568877
5.6575 -89.93707154839434
5.6625 25.765590849176135
5.6674999999999995 166.54975635546387
5.672499999999999 168.48379723246907
5.677499999999999 -145.8989795375951
5.6825 46.46448199479712
5.6875 -66.45088959952358
5.6925 31.622128911971743
5.6975 33.920791484501706
5.7025 76.31402904593003
5.7075 379.23871867940795
5.7124999999999995 -305.40669054767505
5.717499999999999 -109.4381046448757
5.7225 141.05020703285973
5.7275 88.22622921049945
5.7325 85.33972482347878
5.7375 154.6058649557021
5.7425 -231.21245351934007
5.7475 -174.22073343559293
5.7524999999999995 -31.95332806588123
5.757499999999999 75.59750977596208
5.7625 78.89056548515764
5.7675 -219.14527508835116
5.7725 13.301830594573548
5.7775 154.69265525342195
5.7825 -127.61909566794193
5.7875 -1.8845327405879364
5.7924999999999995 187.9926025639767
5.797499999999999 -244.802081029849
5.802499999999999 289.88913083832637
5.8075 197.72163468820622
5.8125 -162.26165850202298
5.8175 -37.23897080048601
5.8225 24.034758722547362
5.8275 90.06674773011824
5.8325 -82.25480655894933
5.8374999999999995 35.40179821117032
5.842499999999999 8.315996597268349
5.8475 -178.90952394356614
5.8525 -87.72757927507374
5.8575 127.39670867614734
5.8625 -402.1784502269953
5.8675 182.91717630891256
5.8725 -175.89736005704066
5.8774999999999995 342.4264565955694
5.882499999999999 299.07245025679566
5.8875 -530.0650366272428
5.8925 299.7834970266905
5.8975 1.9349224930595932
5.9025 -74.05678282186749
5.9075 2.0387452839888276
5.9125 7.108168917983031
5.9174999999999995 -48.2955464322853
5.922499999999999 144.71459179225945
5.927499999999999 -119.17931070255584
5.9325 5.674192509625124
5.9375 3.6908108716684778
5.9425 -263.0295071652528
5.9475 157.3902121564379
5.9525 251.2604907492928
5.9575 -187.40635025717745
5.9624999999999995 -16.097602281097483
5.967499999999999 163.67065306942746
5.9725 -8.15100017892409
5.9775 44.19616967996546
5.9825 65.40404310379277
5.9875 110.31975359537583
5.9925 -164.59268871979415
5.9975 85.04248731282257
6.0024999999999995 64.19462430490601
6.007499999999999 -49.96450483624274
6.012499999999999 85.74706275770933
6.0175 -294.87106894797034
6.0225 15.971468287937155
6.0275 246.63417722128978
6.0325 -379.7736441877165
6.0375 190.48321410375098
6.0424999999999995 -33.264156659397926
6.047499999999999 74.93527650798433
6.052499999999999 -64.09132022001953
6.0575 138.8047413375316
6.0625 -117.57244280670999
6.0675 10.15852375406177
6.0725 -22.7321899503688
6.0775 51.434575921711776
6.0825 -60.059723294220696
6.0874999999999995 227.68347682765483
6.092499999999999 -57.945515886680596
6.0975 -185.3969892362811
6.1025 74.9660821466916
6.1075 -42.42132774044781
6.1125 -65.68246600675714
6.1175 118.59647551326645
6.1225 121.25916297988614
6.1274999999999995 -223.9324153937387
6.132499999999999 -117.62765828861123
6.137499999999999 293.8553022472228
6.1425 130.95863938643834
6.1475 183.29532301449123
6.1525 -61.873648852442784
6.1575 -310.8091503043437
6.1625 77.25029697296146
6.1674999999999995 109.15378162515579
6.172499999999999 24.272971906778427
6.177499999999999 121.31779807940251
6.1825 -88.54056901993472
6.1875 -60.86190087347389
6.1925 85.4830612512118
6.1975 -256.0117499474136
6.2025 154.80704381800945
6.2075 -13.47216282960633
6.2124999999999995 -160.03067710054586
6.217499999999999 -52.48339861904149
6.2225 -0.9261966149744164
6.2275 -3.6827894814184883
6.2325 -56.66340481766716
6.2375 -3.0850895875298567
6.2425 -84.94962932550459
6.2475 136.3108405803676
6.2524999999999995 194.86721033563714
6.257499999999999 -80.94404520510484
6.262499999999999 321.1009723004758
6.2675 -63.51319272887605
6.2725 -60.56154888962498
6.2775 19.11661040306363
6.2825 -178.04181926418758
6.2875 -19.32303672307734
6.2924999999999995 64.84694781367911
6.297499999999999 84.18541913376339
6.302499999999999 -100.2349562339141
6.3075 -182.49359479625682
6.3125 74.96281069320743
6.3175 -283.0325964589497
6.3225 168.79043566512365
6.3275 -66.30842590589214
6.3325 52.72239723106787
6.3374999999999995 14.34477718931635
6.342499999999999 155.14442683416993
6.3475 -38.52615787262089
6.3525 142.52764711269853
6.3575 -134.18832900751767
6.3625 164.68343306551793
6.3675 -107.25670467237441
6.3725 31.886606573378934
6.3774999999999995 -22.083986351843873
6.382499999999999 -173.42302722874925
6.387499999999999 44.93573738714191
6.3925 154.070053192986
6.3975 224.00079445600772
6.4025 -161.49854138260474
6.4075 89.45417615765261
6.4125 -206.7673977906471
6.4174999999999995 121.210557249872
6.422499999999999 141.0795627421188
6.427499999999999 22.311176440536517
6.4325 -156.22716872230822
6.4375 -13.704265756658117
6.4425 16.54298444817971
6.4475 -13.414332237635715
6.4525 -102.42330518310668
6.4575 185.80795692855042
6.4624999999999995 -125.2153597584265
6.467499999999999 54.546519271089025
6.4725 -146.85710802289012
6.4775 64.52513321594756
6.4825 -143.27902084310347
6.4875 -238.86600933989666
6.4925 398.3929061575027
6.4975 168.52862938260154
6.5024999999999995 -80.69503038202484
6.507499999999999 -61.40831887207762
6.512499999999999 36.87499232282362
6.5175 -72.10699101875164
6.5225 109.46556369535745
6.5275 11.273605292841962
6.5325 -139.84217645029744
6.5375 242.68518745661726
6.5424999999999995 15.129155993107526
6.547499999999999 148.96911849585652
6.552499999999999 -99.6792312646348
6.5575 -126.40656700131949
6.5625 17.215142212824535
6.5675 -12.981374540864914
6.5725 -131.3664231782507
6.5775 94.21225147325428
6.5825 -207.3064238991806
6.5874999999999995 63.69615937726723
6.592499999999999 1.1775990385479569
6.5975 152.49396185567605
6.6025 -197.65387420460462
6.6075 93.14884903397721
6.6125 -98.29653490937898
6.6175 -151.88044419075806
6.6225 200.28320503698833
6.6274999999999995 102.87398990889868
6.632499999999999 46.61299048232618
6.637499999999999 -103.76792730424809
6.6425 -88.08777627778527
6.6475 193.72493620495874
6.6525 -52.81319815812047
6.6575 -45.240230203172196
6.6625 55.32174795291164
6.6674999999999995 -55.15035073884362
6.672499999999999 -155.0891381912946
6.677499999999999 67.08025102340692
6.6825 5.229406683432218
6.6875 74.48334577580087
6.6925 -79.74107233542048
6.6975 339.63723130300264
6.7025 -125.5494435567763
6.7075 -217.8232586555199
6.7124999999999995 214.77665831957248
6.717499999999999 -196.86723741103836
6.722499999999999 -19.3417709326484
6.7275 93.87293582640775
6.7325 -132.8519924982736
6.7375 -16.758879850955392
6.7425 -11.657053800519598
6.7475 93.83019876445708
6.7524999999999995 -161.9936680118406
6.757499999999999 243.65957162611016
6.762499999999999 -24.24693949529094
6.7675 -127.8706941523992
6.7725 380.16997073742783
6.7775 10.690794841435899
6.7825 -1.3510951567478247
6.7875 -173.4581308115139
6.7924999999999995 224.95072759636264
6.797499999999999 -120.73758234247052
6.802499999999999 112.1001033982971
6.8075 -225.16576888424146
6.8125 98.48996180067087
6.8175 101.64486643196248
6.8225 -151.98699354381603
6.8275 154.4324713089205
6.8325 45.60858608547323
6.8374999999999995 -196.0914383269182
6.842499999999999 78.47127500837372
6.847499999999999 -26.787597220444646
6.8525 -120.8325937756897
6.8575 77.00358336516011
6.8625 -227.15562605790973
6.8675 221.0333849531836
6.8725 -215.7188565291028
6.8774999999999995 -105.45315711674945
6.882499999999999 406.8909823510238
6.887499999999999 -2.7882480392633013
6.8925 109.8255522682436
6.8975 0.9605513565987763
6.9025 -219.43915414145002
6.9075 -72.83279047372825
6.9125 198.77752829992536
6.9174999999999995 181.06529737692622
6.922499999999999 -169.65985689701463
6.927499999999999 -123.35653790263515
6.9325 84.88884203013966
6.9375 68.38768131599518
6.9425 -199.6430695083097
6.9475 -28.555058191404346
6.9525 166.2488518483594
6.9575 -201.85699742885203
6.9624999999999995 -117.3000029187272
6.967499999999999 231.42915658768914
6.972499999999999 -146.48730535272045
6.9775 -36.42279065818405
6.9825 133.02623062138846
6.9875 15.122540714672027
6.9925 -69.21324290579162
6.9975 -34.450627123973675
7.0024999999999995 241.1891839638699
7.007499999999999 -104.09763986598199
7.012499999999999 86.85863322765684
7.0175 14.548275096600184
7.0225 -66.78307864707114
7.0275 -187.67104455599235
7.0325 12.226656722339667
7.0375 155.44485868980166
7.0424999999999995 228.49139662228072
7.047499999999999 -72.12222876536794
7.052499999999999 43.67425850232168
7.0575 105.99627056837085
7.0625 -181.40810305553578
7.0675 52.24763488001226
7.0725 309.2788932646095
7.0775 -295.727930013049
7.0825 240.51846362814715
7.0874999999999995 -220.40646106610615
7.092499999999999 -102.30690686287642
7.097499999999999 -212.75770439491302
7.1025 65.13629104469854
7.1075 149.1133374607353
7.1125 22.555132629647186
7.1175 -285.3227106124682
7.1225 119.21834102954355
7.1274999999999995 44.21284301332105
7.132499999999999 -50.88694181929093
7.137499999999999 51.98494250756324
7.1425 -291.2165401297207
7.1475 -42.9110863805884
7.1525 63.99341057270995
7.1575 227.2428951257809
7.1625 -86.02633267000833
7.1674999999999995 157.34781019905222
7.172499999999999 -27.53447033378811
7.177499999999999 -82.44491271836716
7.1825 276.6881044207872
7.1875 -249.2728576248263
7.1925 320.1244089603147
7.1975 -167.4044539084282
7.2025 27.677670999227992
7.2075 -197.75511741327566
7.2124999999999995 78.60369025275254
7.217499999999999 95.72341160723055
7.222499999999999 -48.72912178663211
7.2275 -51.820790335279405
7.2325 -38.0114622618365
7.2375 252.75848407085738
7.2425 -159.83032827317447
7.2475 252.72622613418113
7.2524999999999995 -237.57791222945852
7.257499999999999 -72.81313968774977
7.262499999999999 229.74187320191126
7.2675 -208.0149776694088
7.2725 -56.173189842530064
7.2775 22.646086852625665
7.2825 229.0409471211517
7.2875 28.070350158579462
7.2924999999999995 -33.47733109238548
7.297499999999999 35.458846335996554
7.302499999999999 68.3840282675024
7.3075 22.97179740381064
7.3125 -58.37195001940244
7.3175 -73.57206636763551
7.3225 -75.34104161285697
7.3275 138.78217630882753
7.3325 13.074924004655408
7.3374999999999995 80.81887006809202
7.342499999999999 -266.7860429085287
7.347499999999999 74.98469977240832
7.3525 -31.750090827463627
7.3575 209.60146260207742
7.3625 124.14714348166773
7.3675 -109.10401347779471
7.3725 337.0621194961058
7.3774999999999995 -374.53139077935816
7.382499999999999 146.49685601786356
7.387499999999999 -127.78639270943465
7.3925 73.44854458968585
7.3975 -1.8059525910628496
7.4025 -36.394588911968725
7.4075 154.16491583704791
7.4125 131.25946152165474
7.4174999999999995 -212.5485640132967
7.422499999999999 -80.68762164914043
7.427499999999999 155.38956373087103
7.4325 -268.6856233877355
7.4375 -129.2826867407265
7.4425 81.37436108015568
7.4475 -15.116702047871296
7.4525 -158.50313767519543
7.4575 104.79640006610649
7.4624999999999995 -229.66768718470257
7.467499999999999 312.57092498333714
7.472499999999999 -105.31022721928508
7.4775 67.03529728920967
7.4825 -80.04865975538611
7.4875 -275.217380149931
7.4925 174.80532830420995
7.4975 -0.4325434688097288
7.5024999999999995 159.60328187474025
7.507499999999999 102.44002825539788
7.512499999999999 -40.24144059477893
7.5175 245.29237350824823
7.5225 -333.2704922758381
7.5275 -133.99531851533084
7.5325 89.05476329382849
7.5375 274.6768523992464
7.5424999999999995 18.25548810599916
7.547499999999999 123.70153814729771
7.552499999999999 -214.01677580998236
7.557499999999999 -139.82598945320112
7.5625 3.9915956368909398
7.5675 -0.5383434482215147
7.5725 -164.9575001272512
7.5775 158.2759594291065
7.5825 8.998157151349258
7.5874999999999995 103.10810926950587
7.592499999999999 -96.5100947185358
7.597499999999999 -46.38391044566504
7.6025 74.40670149722982
7.6075 -107.85147128490718
7.6125 269.77464369802584
7.6175 -247.43208541031905
7.6225 247.45451056471478
7.6274999999999995 -254.52525751287914
7.632499999999999 196.9499762882349
7.637499999999999 35.89120986302205
7.6425 -17.518559457268474
7.6475 -284.6862521135549
7.6525 152.87845961804288
7.6575 148.08526945275503
7.6625 -350.3378798486523
7.6674999999999995 228.52887793670243
7.672499999999999 45.42131650926232
7.677499999999999 -124.82437040704076
7.682499999999999 -24.907062279702096
7.6875 -23.35864158072698
7.6925 172.02544840498862
7.6975 -89.38211970376095
7.7025 -140.17149925878462
7.7075 309.22067634058885
7.7124999999999995 -17.798110697197956
7.717499999999999 -274.2938181195299
7.722499999999999 101.37401970314066
7.7275 -144.41741007342517
7.7325 -10.42295817351734
7.7375 110.20099991285102
7.7425 -154.17013082628245
7.7475 51.62870040815475
7.7524999999999995 285.828076488461
7.757499999999999 -54.98379543909694
7.762499999999999 -312.75538485247233
7.7675 100.99323301802482
7.7725 -164.32215764570552
7.7775 14.78085532992589
7.7825 25.636087437882008
7.7875 161.6368158867563
7.7924999999999995 5.869770215128492
7.797499999999999 113.45222833523023
7.802499999999999 -216.23018870884752
7.807499999999999 261.92335350224477
7.8125 97.11587021548254
7.8175 -39.55424009172566
7.8225 -246.2801295563498
7.8275 82.41585004775781
7.8325 51.03171926162329
7.8374999999999995 -15.140062669272199
7.842499999999999 120.26043989123707
7.847499999999999 -128.15689909343402
7.8525 159.94078371169132
7.8575 -289.0635487213502
7.8625 230.63777854193313
7.8675 -44.05012800679034
7.8725 87.71506137977744
7.8774999999999995 -115.20992468467301
7.882499999999999 -112.38102087994189
7.887499999999999 203.7055728665319
7.8925 -23.394151759552496
7.8975 141.43636960214002
7.9025 39.81952046783997
7.9075 50.85022711608307
7.9125 -174.1782948072559
7.9174999999999995 -203.18571019616195
7.922499999999999 -86.84381681456387
7.927499999999999 62.935364724022094
7.932499999999999 -12.662324796347496
7.9375 54.95859372046786
7.9425 92.2607977087395
7.9475 -77.65016617178209
7.9525 4.93086543369142
7.9575 -65.86833948802253
7.9624999999999995 -63.38943015131751
7.967499999999999 13.636710018516311
7.972499999999999 39.67149239526831
7.9775 -118.29475662977981
7.9825 293.86169541104647
7.9875 56.24239969634584
7.9925 -20.54286816417709
7.9975 34.84245572120939
8.0025 48.10702770810331
8.0075 191.31846754884373
8.0125 -197.68875409374354
8.0175 39.011539618012705
8.022499999999999 141.95202150317445
8.0275 13.909044178364812
8.032499999999999 34.671422667205626
8.0375 13.118824734005623
8.0425 -28.681509434759768
8.0475 174.00263346634335
8.0525 -107.35814578411194
8.0575 -137.05036012762224
8.0625 -0.47342400525126854
8.067499999999999 -2.963389004654923
8.0725 21.78450915810415
8.077499999999999 -84.4225569602329
8.0825 60.3420217550432
8.0875 20.346807804724058
8.0925 -55.400177255215894
8.0975 -43.224456613852595
8.1025 117.28443111610979
8.1075 146.1263068853544
8.112499999999999 -383.8024588911491
8.1175 77.11751269989243
8.1225 160.67710075573234
8.1275 -190.53587487286185
8.1325 -56.648113252996204
8.1375 302.57665880073233
8.1425 -180.48988677645178
8.147499999999999 -92.36038953211464
8.1525 31.69296973904006
8.157499999999999 -2.4072439519049453
8.1625 73.60432272529795
8.1675 -150.92601717704653
8.1725 320.560791011742
8.1775 -240.91151017138276
8.1825 112.89620151114067
8.1875 -205.12083164496394
8.192499999999999 135.23421118634482
8.1975 -48.715839648642714
8.202499999999999 35.66566194871129
8.2075 -27.24285348733591
8.2125 -173.8333601574595
8.2175 264.91110780874527
8.2225 53.594447586775935
8.2275 31.868313731069126
8.2325 -168.7319350449517
8.237499999999999 -8.197514505122081
8.2425 235.8885855997862
8.2475 -0.3412430470493006
8.2525 102.84098592108444
8.2575 -27.810408691389075
8.2625 -162.91363646993656
8.2675 174.91599348839708
8.272499999999999 -121.97461940906672
8.2775 172.7863285881495
8.282499999999999 -173.50343613945702
8.2875 31.48939985504254
8.2925 135.32388996090313
8.2975 19.662860499863577
8.3025 -45.152705729814215
8.3075 -70.7213842778405
8.3125 -172.53383717137206
8.317499999999999 96.67360673229655
8.3225 -147.4094960425075
8.327499999999999 43.887744626059806
8.3325 90.24904494243827
8.3375 148.88102564331243
8.3425 -153.00295933189048
8.3475 219.91917456949116
8.3525 -170.9208981976276
8.3575 -84.0991083463576
8.362499999999999 49.59831907817645
8.3675 20.108453136330727
8.3725 -108.27329709866598
8.3775 95.35511890193072
8.3825 13.440773811081575
8.3875 -95.50311746668146
8.3925 136.02477676369372
8.397499999999999 -190.60984055184912
8.4025 281.5919108208335
8.407499999999999 -72.8285979041719
8.4125 -167.47915678949678
8.4175 -52.755143411978416
8.4225 -136.1205722430711
8.4275 351.37760038655847
8.4325 50.20276999634567
8.4375 -263.79492172923176
8.442499999999999 50.286788043336095
8.4475 -99.65727783239637
8.452499999999999 144.38308007585215
8.4575 -10.510803318267033
8.4625 -13.200877134940106
8.4675 -139.64706685660207
8.4725 144.97798787853813
8.4775 -54.453991643070516
8.4825 137.73188856628178
8.487499999999999 251.89605408717372
8.4925 -115.7949092407445
8.4975 -340.6795774119448
8.5025 -61.131742296824754
8.5075 66.8411346432658
8.5125 3.226124536815259
8.5175 135.81196635918593
8.522499999999999 -89.36282816810059
8.5275 258.80056640698314
8.532499999999999 -21.09785032258638
8.5375 -70.7846881100469
8.5425 169.78821970109033
8.5475 -237.0616408944575
8.5525 -109.19515770877057
8.5575 169.23102105136314
8.5625 60.88692561096966
8.567499999999999 -147.37961146230415
8.5725 -72.67600384994546
8.577499999999999 26.446472928393714
8.5825 -42.65249247011636
8.5875 60.25111809340336
8.5925 50.30316682070836
8.5975 -37.364478319909786
8.6025 413.34482653291053
8.6075 -159.24411596805888
8.612499999999999 235.65597804623167
8.6175 -178.54935154715344
8.6225 -144.64877790374746
8.6275 -284.6413574607917
8.6325 318.28121197269667
8.6375 -26.922205254485867
8.6425 -286.40738429244146
8.647499999999999 359.3328864726598
8.6525 -75.1060518537728
8.657499999999999 -17.129668746845606
8.6625 -56.56250807094706
8.6675 -80.245343691661
8.6725 76.54007852740425
8.6775 -156.2958945096971
8.6825 59.59257415834034
8.6875 -11.638319327779566
8.692499999999999 112.13630008628078
8.6975 -54.47446153424865
8.702499999999999 99.15902147439148
8.7075 -375.7017850409746
8.7125 201.60425126451022
8.7175 267.9316577061307
8.7225 -228.61538973585826
8.7275 119.1922512472203
8.7325 -4.452434770342681
8.737499999999999 -299.437452724926
8.7425 171.5756840797782
8.747499999999999 132.16601724415918
8.7525 -94.29211353528737
8.7575 -178.23947636642282
8.7625 72.85241821597369
8.7675 -53.33100824209757
8.772499999999999 223.06805355242784
8.7775 69.28330256511235
8.782499999999999 -133.6605479117578
8.7875 103.47625535679249
8.7925 13.64017713813076
8.7975 26.248687564181036
8.8025 -3.3052068785301274
8.8075 -192.01446806044518
8.8125 90.07938566336165
8.817499999999999 -81.15824527336642
8.8225 83.07265492936135
8.827499999999999 78.40971754901382
8.8325 -131.4989558782311
8.8375 -263.8647609393068
8.8425 127.40548378233157
8.8475 11.797683930134658
8.8525 81.9568175035029
8.8575 108.31561095201445
8.862499999999999 -1.9511208064217012
8.8675 -80.84312529951526
8.872499999999999 107.41921809147296
8.8775 35.34788613939246
8.8825 193.32529497625967
8.8875 -32.42091189111018
8.8925 -182.4374465119362
8.897499999999999 40.3818290036937
8.9025 -10.5137553504121
8.907499999999999 185.79558390777296
8.9125 -125.42133553316106
8.9175 147.3050638509287
8.9225 -0.011947427206477792
8.9275 139.24708526818256
8.9325 -395.4359312715008
8.9375 44.56950513040798
8.942499999999999 -16.524068191472644
8.9475 226.60032946192376
8.952499999999999 -164.46731278485615
8.9575 -51.280912085616364
8.9625 -49.08012221805162
8.9675 31.417788913323434
8.9725 -21.619192282192962
8.9775 106.7650892435557
8.9825 80.26688288771433
8.987499999999999 162.12228474107766
8.9925 74.74805507524712
8.997499999999999 -254.940535649732
9.0025 -237.51676807696828
9.0075 239.6464269243295
9.0125 47.03034633820869
9.0175 -61.62184154340666
9.022499999999999 72.91266782423381
9.0275 52.738480539589446
9.032499999999999 -160.088885471575
9.0375 224.52901537291115
9.0425 83.24073568805109
9.0475 -43.86706345954179
9.0525 -142.07531175822146
9.0575 -98.76393642430297
9.0625 -2.3312802282940774
9.067499999999999 -114.43158192441115
9.0725 -61.50365893754991
9.077499999999999 82.34533273759574
9.0825 227.05735652703171
9.0875 173.45845950955922
9.0925 -202.6804434032869
9.0975 71.7656911272045
9.1025 3.1446315673218503
9.1075 -32.40715743060926
9.112499999999999 -188.8939581333974
9.1175 109.33754067532001
9.122499999999999 82.1715201587077
9.1275 -71.27450018993676
9.1325 -83.83297429944405
9.1375 -56.85947030685911
9.1425 -157.61103381096626
9.147499999999999 193.72818055203888
9.1525 -20.994959988667198
9.157499999999999 -84.45439834977152
9.1625 0.6019900744613124
9.1675 126.30943133395495
9.1725 115.50696850296623
9.1775 147.06495282365998
9.1825 -162.9014491148684
9.1875 -96.33845038880358
9.192499999999999 -52.24051958053099
9.1975 41.19067133714903
9.202499999999999 -59.08395577702931
9.2075 2.2710105862960073
9.2125 61.91398805031004
9.2175 103.18743379246672
9.2225 -136.29785937609705
9.2275 -99.0064887385354
9.2325 174.38570689244446
9.237499999999999 -74.23853048803095
9.2425 398.68771509554614
9.247499999999999 -135.81573934693748
9.2525 -191.40467380882367
9.2575 -52.67953042681426
9.2625 -53.64757643479864
9.2675 -5.987863606703916
9.272499999999999 -129.1620669270251
9.2775 259.4771971230513
9.282499999999999 152.49114910570913
9.2875 -46.14211632123936
9.2925 -58.169045163395786
9.2975 -21.14393915390171
9.3025 162.19298258515417
9.3075 -68.43377917729585
9.3125 -99.1763814155936
9.317499999999999 -24.969639124072927
9.3225 -116.15445891357851
9.327499999999999 167.6383984919422
9.3325 61.674558499092896
9.3375 -17.26298238430072
9.3425 -35.33221738779316
9.3475 -56.42445094436593
9.3525 -71.87644131496938
9.3575 125.45174760267153
9.362499999999999 186.65515863970074
9.3675 -227.3058801452265
9.372499999999999 -121.17206122168858
9.3775 195.5778129421004
9.3825 -43.05085121062531
9.3875 -72.50439485064766
9.3925 33.13320088434257
9.397499999999999 -195.4465270873626
9.4025 171.1157785382527
9.407499999999999 42.30800691816974
9.4125 111.31977529131457
9.4175 152.04657697272103
9.4225 -131.74402217985562
9.4275 -35.18053968792533
9.4325 -110.99030366077402
9.4375 156.94830749592046
9.442499999999999 215.9391100861181
9.4475 -164.86919589451085
9.452499999999999 84.82700041408285
9.4575 80.57095752824895
9.4625 -44.64359324875927
9.4675 -64.91831739655525
9.4725 61.0670566136934
9.4775 -13.093443468345761
9.4825 -42.54226638335813
9.487499999999999 -65.47196201511518
9.4925 72.75767366898768
9.497499999999999 188.42930515521132
9.5025 -152.746715915087
9.5075 -5.644846537618029
9.5125 -186.43102683762538
9.5175 106.86222701627202
9.522499999999999 218.59517482949877
9.5275 78.6544671267812
9.532499999999999 -294.5132896785996
9.5375 83.7279059297729
9.5425 87.81938287590759
9.5475 -92.39714450017516
9.5525 -211.86938542683131
9.5575 1.985555676829847
9.5625 -126.06187986194072
9.567499999999999 50.246471177823274
9.5725 288.4713174786884
9.577499999999999 -144.8270073132757
9.5825 -217.56015968700996
9.5875 18.4875112928526
9.5925 277.3318086194071
9.5975 34.52046795829464
9.6025 14.048800258033424
9.6075 162.1324291154204
9.612499999999999 -276.23267340969886
9.6175 -19.44743564320886
9.622499999999999 171.51187784155724
9.6275 10.235228956249715
9.6325 -42.24794189004698
9.6375 -161.7207278396431
9.6425 -87.43123469673769
9.647499999999999 96.98792561979859
9.6525 150.59539694553007
9.657499999999999 -214.25819097108914
9.6625 158.2870654228709
9.6675 -134.88810721101598
9.6725 129.08758333150195
9.6775 -1.5786977628032268
9.6825 81.43557753832081
9.6875 -300.5344430417246
9.692499999999999 -49.4900774992878
9.6975 108.59340488113702
9.702499999999999 46.08253249758091
9.7075 -404.7883482348771
9.7125 147.3784070695063
9.7175 -73.6376861032388
9.7225 291.4982171170171
9.7275 -203.28806568849083
9.7325 23.61019006307968
9.737499999999999 -133.1637235136948
9.7425 118.0018673284545
9.747499999999999 219.89679935140776
9.7525 -51.79668767606738
9.7575 5.380166647304331
9.7625 -160.94323472040557
9.7675 239.0999081320097
9.772499999999999 -41.37434762067174
9.7775 3.2235456782717153
9.782499999999999 1.222585142528701
9.7875 12.435751838892918
9.7925 182.1349227919426
9.7975 -155.39860756547125
9.8025 260.9892383631921
9.8075 -339.88598124651287
9.8125 14.743927542091445
9.817499999999999 89.42420858053494
9.8225 -7.828114746647698
9.827499999999999 144.40558457569279
9.8325 -56.68420608792452
9.8375 -69.24838122686047
9.8425 228.15635015183332
9.8475 -117.60477337802236
9.8525 115.2844020299331
9.8575 -177.37472845623083
9.862499999999999 11.828918542489438
9.8675 13.375124033095384
9.872499999999999 104.19062516128993
9.8775 -146.87992575959905
9.8825 -117.39044343587338
9.8875 173.99722718616277
9.8925 -89.35420800264829
9.897499999999999 93.23233333728538
9.9025 79.36911786415568
9.907499999999999 110.68671864611078
9.9125 -68.18171093622452
9.9175 -270.9121521018001
9.9225 -29.94051163638962
9.9275 172.78576198535396
9.9325 102.6520242835235
9.9375 -147.16497071759989
9.942499999999999 254.57639374413833
9.9475 82.89362239392447
9.952499999999999 83.45093085090502
9.9575 -138.37106768957398
9.9625 70.28874027848366
9.9675 -1.622339073339829
9.9725 45.67212259194654
9.9775 -207.805758863439
9.9825 -54.55328745069695
9.987499999999999 142.95667332820474
9.9925 -67.44130727281023
9.997499999999999 131.48572078169533
10.0025 32.344497951181395
