0.0075 207.89403784223813
0.012499999999999999 -99.33389225571376
0.017499999999999998 35.76951237238253
0.0225 -286.69137150855386
0.0275 432.8634970164821
0.0325 -1.582331599961096
0.0375 -129.47266368417934
0.042499999999999996 34.90629998734675
0.0475 -129.15741304693387
0.0525 326.06417133192275
0.057499999999999996 -42.12309031928456
0.0625 -239.91414977166787
0.06749999999999999 110.71741822772258
0.0725 -176.62672733488347
0.0775 7.614032314916378
0.08249999999999999 131.5935337405698
0.0875 -115.18808455490083
0.0925 -40.27315008731866
0.09749999999999999 237.4576029551434
0.1025 -20.378320087071828
0.1075 -10.025037214592405
0.11249999999999999 -191.5463450348898
0.1175 234.5353120618772
0.1225 -145.90997289503972
0.1275 2.460466981523301
0.1325 70.07131481130793
0.13749999999999998 18.64754881826771
0.1425 -100.25967806392373
0.1475 -42.846993419773014
0.1525 88.78791232529251
0.1575 14.470395371292627
0.1625 100.0845459558128
0.16749999999999998 -157.17500124793293
0.1725 -2.2673041145020165
0.1775 -4.643404123986878
0.1825 -280.71752349176273
0.1875 88.00576177318267
0.1925 34.161292051192355
0.19749999999999998 -8.239961818035187
0.20249999999999999 269.79547325894765
0.2075 -163.92762204308522
0.2125 225.27768109459979
0.2175 27.9223884045886
0.2225 -5.91530107888015
0.22749999999999998 -122.62121004496561
0.23249999999999998 -80.13624607345237
0.2375 395.9072786432944
0.2425 -231.02381715862785
0.2475 -118.52682166049972
0.2525 325.30991326959065
0.2575 -192.48601063782334
0.2625 120.4854346243698
0.2675 -197.95208254559654
0.27249999999999996 161.9557651007266
0.27749999999999997 -227.85676096324818
0.2825 -11.190449424410161
0.2875 200.77452528890944
0.2925 -428.16011510488653
0.2975 0.1859538793861815
0.3025 152.51539538938735
0.3075 109.40336713015039
0.3125 -120.6961171761589
0.3175 -65.80909436283035
0.3225 54.22121978983746
0.32749999999999996 -402.45413261987545
0.33249999999999996 359.98459087642755
0.33749999999999997 -80.68913066002273
0.34249999999999997 107.29997123029567
0.3475 25.755214820346286
0.3525 28.809714172972
0.3575 -61.95960233862564
0.3625 -125.5845629296792
0.3675 0.04029880143013549
0.3725 -54.005954018825996
0.3775 197.1233758234222
0.3825 94.18357587485778
0.38749999999999996 13.895350378311814
0.39249999999999996 -58.85730176353151
0.39749999999999996 9.666506597808139
0.40249999999999997 115.43589972222443
0.4075 -144.02318348052157
0.4125 161.5834899580701
0.4175 -108.22097210026662
0.4225 127.84158976950792
0.4275 38.40296637173042
0.4325 -16.87635308484958
0.4375 242.68154954034034
0.4425 -252.6848871573913
0.44749999999999995 130.982680990449
0.45249999999999996 3.294278063275732
0.45749999999999996 -116.99707036573643
0.46249999999999997 38.34126152129845
0.46749999999999997 -75.56742790949453
0.4725 -52.63994572616414
0.4775 -236.2821336608411
0.4825 262.18526786497387
0.4875 -71.56814425987221
0.4925 15.18701714557495
0.4975 96.72930726750832
0.5025 -58.919904431357665
0.5075 -144.43873583944267
0.5125 76.27467488952293
0.5175 10.243055173811246
0.5225 -67.70758765811998
0.5275 -149.01246730024934
0.5325 458.93881722405064
0.5375 -265.91561600930936
0.5425 92.7998290806524
0.5475 -219.95022633697903
0.5525 220.63546827075444
0.5575 -62.83410065921008
0.5625 -54.28578882332223
0.5675 42.29030367304436
0.5725 -121.19229779712543
0.5775 -70.96573350981004
0.5825 442.78618466004747
0.5875 -612.0104141097643
0.5925 230.00853205709808
0.5974999999999999 20.350269959080183
0.6024999999999999 -97.38108861530407
0.6074999999999999 -84.98004757948588
0.6124999999999999 13.385725902022898
0.6174999999999999 202.12017850608103
0.6224999999999999 83.22760855658588
0.6275 -212.83938493809086
0.6325 328.13184309657817
0.6375 -246.3647733821462
0.6425 226.96859529109238
0.6475 -274.9915770933024
0.6525 -6.192816641023174
0.6575 -103.04874737953068
0.6625 11.462670898594702
0.6675 350.3562619381396
0.6725 -57.99557707269139
0.6775 62.161698739551994
0.6825 17.423184653491962
0.6875 1.3709805989845216
0.6925 -285.1285309921257
0.6975 63.09751733846078
0.7025 -127.15868997378617
0.7075 4.4370435962160295
0.7125 44.24631126409703
0.7174999999999999 380.08708303817804
0.7224999999999999 129.8053150538175
0.7274999999999999 -177.7024368217665
0.7324999999999999 281.44425960622897
0.7374999999999999 -8.996341548615181
0.7424999999999999 -216.6038978263334
0.7474999999999999 138.8026713490905
0.7525 74.37848399377232
0.7575 -88.13108125837633
0.7625 -163.2119879748489
0.7675 153.462730788825
0.7725 -43.17169629696629
0.7775 -211.41897804823918
0.7825 242.57106403476848
0.7875 249.207101896657
0.7925 -202.1818066263097
0.7975 27.95720302782256
0.8025 -20.161449380087927
0.8075 40.48761542990345
0.8125 -1.1589624646653058
0.8175 108.70604356944108
0.8225 -1.3635176532919633
0.8275 -118.71941660888059
0.8325 -36.69675613669437
0.8374999999999999 153.5987935551482
0.8424999999999999 70.90036082407869
0.8474999999999999 -133.6167363966889
0.8524999999999999 -29.844749447887125
0.8574999999999999 -49.71289582502661
0.8624999999999999 -3.8726595782689115
0.8674999999999999 -177.18457897262113
0.8724999999999999 6.746993189866656
0.8775 139.46593061419958
0.8825 -310.78883681777495
0.8875 343.3426456840662
0.8925 70.4848880079792
0.8975 -216.83998937521267
0.9025 -143.19822270548696
0.9075 -142.04340725747386
0.9125 231.0015849070882
0.9175 313.0076448121394
0.9225 -61.17626660505284
0.9275 37.36595068451284
0.9325 -139.8385090590957
0.9375 -8.085596307669634
0.9425 110.37724917324576
0.9475 -26.588509893537932
0.9524999999999999 -74.56066955665622
0.9574999999999999 -59.50254971133801
0.9624999999999999 -234.28042028091107
0.9674999999999999 -75.90102439292545
0.9724999999999999 7.247612681874766
0.9774999999999999 -12.143897449547852
0.9824999999999999 -199.99982873474713
0.9874999999999999 306.46951054467416
0.9924999999999999 336.764896722912
0.9974999999999999 -40.466195054640735
1.0025 -29.757484590719496
1.0075 411.0680543883223
1.0125 -369.72481584018203
1.0174999999999998 105.72530311078337
1.0225 227.71942518281784
1.0274999999999999 97.94982321110281
1.0325 -49.9453011332266
1.0374999999999999 -0.5238654704258164
1.0425 -149.2359407789746
1.0474999999999999 118.01463036564769
1.0525 -256.2841340435744
1.0574999999999999 -136.64720986965
1.0625 309.5111161967123
1.0675 -301.28220359373597
1.0725 -5.174262059776531
1.0775 89.04572610424479
1.0825 -19.560671297428534
1.0875 -296.8396551605595
1.0925 147.48757291427077
1.0975 273.6585565788909
1.1025 -191.82344788229332
1.1075 65.68688428482666
1.1125 -77.36566742098147
1.1175 106.15384019386
1.1225 -56.55644087479074
1.1275 -5.272250986738765
1.1324999999999998 -42.42820375354177
1.1375 129.35097790455904
1.1424999999999998 -171.33278372458102
1.1475 18.99396418828201
1.1524999999999999 -68.38550543493919
1.1575 79.43212275285858
1.1624999999999999 161.62218527095715
1.1675 -30.836108673961412
1.1724999999999999 9.038447531372306
1.1775 108.69084450866359
1.1824999999999999 -51.82400520743472
1.1875 -288.4168386067382
1.1925 315.98166117199196
1.1975 -152.3215214398052
1.2025 29.557011942347035
1.2075 36.50421750647338
1.2125 -121.9232614579491
1.2175 257.1118686195682
1.2225 -155.1422614798728
1.2275 189.21342552707256
1.2325 -197.4215910068074
1.2375 93.82417614254528
1.2425 177.0568078052893
1.2475 -30.173147085855152
1.2525 65.51191501251682
1.2574999999999998 -11.63441699247857
1.2625 -197.00867921955364
1.2674999999999998 346.99191559675927
1.2725 -385.9728236623393
1.2774999999999999 476.9259255409983
1.2825 -18.256936324849082
1.2874999999999999 -141.40054835759022
1.2925 -14.992775252874573
1.2974999999999999 9.581679869576565
1.3025 191.69616502498812
1.3074999999999999 62.696798103862356
1.3125 32.51164998657085
1.3175 -275.5633244474864
1.3225 -65.87065563814032
1.3275 -67.14897312643022
1.3325 103.52760982092127
1.3375 -231.77113545518264
1.3425 226.5134210013357
1.3475 6.974701984602042
1.3525 -170.66998109053353
1.3575 52.910215662616814
1.3625 112.90697722784593
1.3675 7.590273420173301
1.3724999999999998 -81.55897463997023
1.3775 -31.978453860262047
1.3824999999999998 -56.2955168333493
1.3875 -106.02088792029882
1.3924999999999998 74.45316766350604
1.3975 243.42312799004318
1.4024999999999999 -16.387472376397763
1.4075 45.29199185549204
1.4124999999999999 60.26920329539469
1.4175 -113.64959243171184
1.4224999999999999 -192.52026707966886
1.4275 129.51983119576448
1.4324999999999999 230.37029070448622
1.4375 -97.4428134501298
1.4425 -168.92532318461255
1.4475 -157.46447290541045
1.4525 147.6541713079365
1.4575 -125.25993189761515
1.4625 -8.75897471579632
1.4675 -14.7684463372396
1.4725 -125.51654480365454
1.4775 -15.848577589181051
1.4825 71.83244656850411
1.4874999999999998 65.19010252013706
1.4925 76.755249557586
1.4974999999999998 -221.01909856239914
1.5025 217.61989200376058
1.5074999999999998 -201.25638967408534
1.5125 98.73386998611636
1.5174999999999998 305.19130845597823
1.5225 -211.03386341780325
1.5274999999999999 87.64249543075705
1.5325 120.95897508189094
1.5374999999999999 -132.80455286997196
1.5425 132.89037069255005
1.5474999999999999 -127.572718979116
1.5525 139.26685723524838
1.5574999999999999 -147.9565269287496
1.5625 14.185832341470732
1.5675 12.00908888075038
1.5725 -65.89381556030436
1.5775 67.4718309259646
1.5825 -12.812901134069776
1.5875 -159.4114045881445
1.5925 -84.62161986176945
1.5975 68.9324537190204
1.6025 -72.12178322029926
1.6075 22.4622100343467
1.6124999999999998 115.00928719383606
1.6175 -46.162486652305965
1.6224999999999998 -57.4449212970364
1.6275 -11.904513163393808
1.6324999999999998 101.7677454854916
1.6375 73.26638376468527
1.6424999999999998 -18.472734091936356
1.6475 -218.66066048051115
1.6524999999999999 148.13843511153758
1.6575 88.0525229518759
1.6624999999999999 94.1671745266342
1.6675 -156.2461708378922
1.6724999999999999 88.98065912216993
1.6775 -73.68269602401146
1.6824999999999999 -74.64418675608583
1.6875 21.756208608388103
1.6925 -22.50416956357121
1.6975 -16.809183547173383
1.7025 15.923574166821815
1.7075 20.835757498398525
1.7125 101.50537312651188
1.7175 -4.504234845332372
1.7225 132.53213061431026
1.7274999999999998 46.230278716184145
1.7325 -107.220363669106
1.7374999999999998 96.03229802923929
1.7425 17.26326371193121
1.7474999999999998 100.36125576035747
1.7525 -175.1135462770312
1.7574999999999998 -4.316788797878034
1.7625 27.36989962415131
1.7674999999999998 -205.86818415348503
1.7725 51.63637231001064
1.7774999999999999 41.729773764684225
1.7825 -36.1996296864444
1.7874999999999999 51.48685101669494
1.7925 -157.4516634188938
1.7974999999999999 -83.23116423255922
1.8025 -57.539003118760036
1.8074999999999999 -125.79739057175462
1.8125 205.2751268234219
1.8175 -186.13735474019447
1.8225 94.70340314900109
1.8275 -65.15638662735894
1.8325 -66.37647166465881
1.8375 87.08837447635878
1.8425 15.109220680350738
1.8475 -101.2843551397068
1.8524999999999998 175.389701847722
1.8575 -38.71288625829007
1.8624999999999998 112.47015594740516
1.8675 98.69270974217831
1.8724999999999998 29.20279492817391
1.8775 10.917411090186285
1.8824999999999998 16.957193461086018
1.8875 -11.90255281772543
1.8924999999999998 -83.48735343655459
1.8975 40.35163654868992
1.9024999999999999 -74.65971109371203
1.9075 109.26275910672892
1.9124999999999999 119.1814168438344
1.9175 -242.82510992486806
1.9224999999999999 92.59720213107961
1.9275 14.23319196640504
1.9324999999999999 -0.5377757927500835
1.9375 176.00167471077756
1.9425 -224.43338950593588
1.9475 -6.313741270185767
1.9525 -100.99655434202907
1.9575 4.904976712462347
1.9625 125.0244521179061
1.9674999999999998 20.903836153286615
1.9725 -51.20000170643352
1.9774999999999998 -172.636187795075
1.9825 183.91174922288178
1.9874999999999998 -12.439973595533019
1.9925 131.0933301871211
1.9974999999999998 -70.33347413500526
2.0025 -129.51474953451014
2.0075 127.38478455584288
2.0124999999999997 11.710819616141583
2.0175 130.63185339525148
2.0225 2.76646229500387
2.0275 70.11754517818572
2.0324999999999998 -180.5591331120662
2.0375 68.44219492624956
2.0425 187.85581628035874
2.0475 -203.8099725238466
2.0524999999999998 105.4184057198609
2.0575 -164.0222865538078
2.0625 27.514243594291553
2.0675 -41.69572101562263
2.0725 -197.9495550707947
2.0775 315.07612147909407
2.0825 -112.32907658835585
2.0875 192.2956349933788
2.0925 227.23533401806202
2.0974999999999997 -311.064307622802
2.1025 -11.53493181832912
2.1075 254.27281359810107
2.1125 -181.3456122674186
2.1174999999999997 318.85017190692724
2.1225 -121.17840115958768
2.1275 -84.88793646570888
2.1325 228.86118889727604
2.1374999999999997 -111.52303766236895
2.1425 -250.0592674351547
2.1475 -76.12646888183043
2.1525 -116.02631207253998
2.1574999999999998 170.15867878046708
2.1625 -51.816405940214956
2.1675 143.98649983125233
2.1725 16.464363310087318
2.1774999999999998 -127.26602694223156
2.1825 -142.91594987074305
2.1875 25.24091835465129
2.1925 314.9468788682506
2.1975 -83.41686494339486
2.2024999999999997 96.11335091442018
2.2075 107.9323983753197
2.2125 -160.10783705871648
2.2175 -22.03667462366237
2.2224999999999997 -44.05600667527474
2.2275 -355.26438852002127
2.2325 144.67202947450582
2.2375 -222.3183189041694
2.2424999999999997 387.7802307883074
2.2475 -447.4097358431657
2.2525 -181.41833453880804
2.2575 -12.649183190588852
2.2624999999999997 339.0898219468834
2.2675 63.02519324172516
2.2725 -119.98557516435126
2.2775 -144.93357627242207
2.2824999999999998 45.244014836150704
2.2875 120.37605686279107
2.2925 233.02587405630592
2.2975 105.2055133382185
2.3024999999999998 -8.844582003197234
2.3075 -19.278891180791426
2.3125 -161.24553599682608
2.3175 -77.61898091183349
2.3225 -1.7921325356957922
2.3274999999999997 209.28766386804753
2.3325 -287.54039671750735
2.3375 69.47645135259366
2.3425 6.364676045597311
2.3474999999999997 106.82500571279407
2.3525 -65.10924832752963
2.3575 -137.91808072872357
2.3625 -172.21031881771933
2.3674999999999997 79.11051711129038
2.3725 93.06528262194993
2.3775 184.54282341622357
2.3825 -49.140081452247856
2.3874999999999997 94.13792487447066
2.3925 -86.98783208665876
2.3975 -157.28711386146304
2.4025 75.23619141026317
2.4074999999999998 302.6875616265006
2.4125 -157.7354250991976
2.4175 82.70195985320947
2.4225 -74.77443118541134
2.4274999999999998 194.1324752002835
2.4325 84.25843062785245
2.4375 -5.7154853002604495
2.4425 -32.23435699958544
2.4475 -125.28320340342307
2.4524999999999997 9.0889088658042
2.4575 30.711857917960824
2.4625 37.2560562564509
2.4675 -88.34849514611733
2.4724999999999997 133.10442759689113
2.4775 -29.306447448778613
2.4825 55.23636593815029
2.4875 -65.4723316359356
2.4924999999999997 166.32874692165035
2.4975 -57.84296801783358
2.5025 195.33291809506076
2.5075 -187.00403595544304
2.5124999999999997 200.42555428501336
2.5175 -116.75332622502452
2.5225 -74.25816708755707
2.5275 -186.29917997243268
2.5324999999999998 293.59011950679695
2.5375 -383.12537907723106
2.5425 85.65817789814565
2.5475 59.58159770950211
2.5524999999999998 -145.4413806721044
2.5574999999999997 212.3945637156713
2.5625 -46.888112851635036
2.5675 -8.417042429210776
2.5725 -35.38711969861838
2.5774999999999997 66.86884830972744
2.5825 -91.27333193601343
2.5875 -16.658500494433177
2.5925 -209.6430343518225
2.5974999999999997 -82.2803892146646
2.6025 -10.56254194330189
2.6075 185.7935305318732
2.6125 39.584948752666946
2.6174999999999997 89.73612341948272
2.6225 76.75031803422988
2.6275 176.90755915502808
2.6325 -275.8052273922818
2.6374999999999997 126.98501424276328
2.6425 -145.24837952241606
2.6475 172.8501841705526
2.6525 -81.82616226330094
2.6574999999999998 75.03866746741551
2.6625 -337.0844382151007
2.6675 -27.180494760698238
2.6725 105.49994678348382
2.6774999999999998 328.4987632770035
2.6824999999999997 -169.9764513737167
2.6875 49.59535719364301
2.6925 -139.21748936789288
2.6975 40.690486863450744
2.7024999999999997 -90.8693599329278
2.7075 85.14976130164348
2.7125 3.5232888207051536
2.7175 95.72537695310939
2.7224999999999997 -2.778313780672191
2.7275 -111.6964296972406
2.7325 -10.21677791649194
2.7375 56.52737764494736
2.7424999999999997 -52.53862212759637
2.7475 87.83238763380106
2.7525 -123.90566752852855
2.7575 45.24972165529673
2.7624999999999997 -197.45194912667867
2.7675 205.04110381555435
2.7725 -218.6051886720317
2.7775 315.4944625080212
2.7824999999999998 -10.98411731888823
2.7875 -65.39657094718622
2.7925 -297.9185616899
2.7975 74.20909844332212
2.8024999999999998 148.66899112672473
2.8074999999999997 83.03021972222095
2.8125 -62.871244919971616
2.8175 19.846778504086576
2.8225 68.90809506219138
2.8274999999999997 -65.7950548245411
2.8325 -85.72164563527711
2.8375 -219.85806587901985
2.8425 326.65258136111896
2.8474999999999997 -2.6839155969487507
2.8525 162.93201040118566
2.8575 -21.65043178784581
2.8625 -68.2498247241703
2.8674999999999997 56.69039871699186
2.8725 -84.01327873051999
2.8775 70.43448509705898
2.8825 -10.879830561062322
2.8874999999999997 2.282757659674903
2.8925 -132.38698055761043
2.8975 47.16143764528434
2.9025 99.1018119611935
2.9074999999999998 -245.7877977815908
2.9125 22.9113882822577
2.9175 -20.176894767022695
2.9225 46.39309925347239
2.9274999999999998 43.33337547042534
2.9324999999999997 -1.0160348699294333
2.9375 85.58627888509118
2.9425 -8.204777705565304
2.9475 -74.19677634574059
2.9524999999999997 -134.47542714404162
2.9575 114.83196509223303
2.9625 -26.111034270386607
2.9675 -52.36807126494056
2.9724999999999997 159.78378420888268
2.9775 101.02936651255924
2.9825 -57.967539576810374
2.9875 -28.226865693649565
2.9924999999999997 -98.01751053373036
2.9975 -91.38944392840276
3.0025 -96.48742823819322
3.0075 18.8383365853216
3.0124999999999997 69.41016066769764
3.0175 256.8163496022956
3.0225 160.86209485787964
3.0275 -245.13925890579623
3.0324999999999998 -227.86092298053177
3.0374999999999996 126.52007256821551
3.0425 -68.29137805208737
3.0475 92.01907121873951
3.0524999999999998 -44.863049064549784
3.0574999999999997 181.29572464134446
3.0625 125.53311023773183
3.0675 81.80357282978677
3.0725 -164.61331169307337
3.0774999999999997 135.3360575782984
3.0825 -46.08110085837619
3.0875 -84.39032065275647
3.0925 -8.019483327621591
3.0974999999999997 -388.5906725311867
3.1025 122.74428654101555
3.1075 -92.04128031140965
3.1125 -106.66934863490886
3.1174999999999997 158.51797514180612
3.1225 31.893588446191675
3.1275 -137.21564116320917
3.1325 168.21370270635992
3.1374999999999997 2.554384092366919
3.1425 0.42905411141718947
3.1475 -87.46042934658618
3.1525 -134.11859080909556
3.1574999999999998 113.86876165649242
3.1624999999999996 49.51970532526332
3.1675 227.65668543685368
3.1725 -172.5679062369099
3.1774999999999998 8.015326047379498
3.1824999999999997 145.77206998547587
3.1875 -183.8625353093746
3.1925 -80.30664877197727
3.1975 91.23019222553641
3.2024999999999997 85.66710018157718
3.2075 95.9833680750523
3.2125 -7.392880375104827
3.2175 -89.34951451562686
3.2224999999999997 99.40441318444921
3.2275 -20.939710492176385
3.2325 139.16334699036886
3.2375 148.46296729075678
3.2424999999999997 -234.01112394629234
3.2475 76.44066105347271
3.2525 -122.05626758246105
3.2575 297.54254533714527
3.2624999999999997 -283.4713059767607
3.2675 -158.66233121771907
3.2725 210.67126710357894
3.2775 55.26117619293433
3.2824999999999998 -157.91080063860713
3.2874999999999996 -25.91911619260031
3.2925 -207.69003609795845
3.2975 459.7165564659006
3.3024999999999998 25.44937484235112
3.3074999999999997 -90.91771196805347
3.3125 -90.64141139125942
3.3175 -199.50044955810145
3.3225 77.43402628503193
3.3274999999999997 -177.85873103173162
3.3325 12.18231696135282
3.3375 274.0798104277864
3.3425 -74.57298586452038
3.3474999999999997 -286.4073263952678
3.3525 143.11137089202003
3.3575 262.76537973240244
3.3625 -121.90904954398353
3.3674999999999997 -28.753257586201364
3.3725 -34.74310390793623
3.3775 65.158340656972
3.3825 -81.64492483654097
3.3874999999999997 -155.45908139369504
3.3924999999999996 203.53312876629542
3.3975 -218.047678627619
3.4025 246.39681552026587
3.4074999999999998 18.20060711186063
3.4124999999999996 -214.99708233400898
3.4175 3.025550239427578
3.4225 180.77427032503513
3.4274999999999998 -137.87348595700337
3.4324999999999997 -255.25532416226358
3.4375 220.3045730934551
3.4425 221.75107634485428
3.4475 -95.87599592420503
3.4524999999999997 231.05546033258676
3.4575 -26.927764172669935
3.4625 75.05549196256109
3.4675 -217.62779569168814
3.4724999999999997 -32.10038793980691
3.4775 -12.48982016724759
3.4825 58.09429649092613
3.4875 -33.709329343978865
3.4924999999999997 56.560794314604934
3.4975 -134.20625844637402
3.5025 16.224412092176514
3.5075 251.2117410740753
3.5124999999999997 -142.1555075020623
3.5174999999999996 213.12435614298747
3.5225 -140.1764965743836
3.5275 -10.58823328780237
3.5324999999999998 -8.13536531032987
3.5374999999999996 -275.3882362885937
3.5425 297.0812438158107
3.5475 -119.72317780431923
3.5524999999999998 53.44994180061436
3.5574999999999997 135.22083825506027
3.5625 11.849061882094132
3.5675 -214.66565575276394
3.5725 -32.185499680034575
3.5774999999999997 280.8879859296442
3.5825 1.3313626156835439
3.5875 -361.22079527639795
3.5925 81.11176871191583
3.5974999999999997 -213.58737036798829
3.6025 205.71541272337188
3.6075 -260.6822752129229
3.6125 176.74259800132597
3.6174999999999997 -95.60770252653651
3.6225 12.993711375908843
3.6275 163.58113193308301
3.6325 -220.3317363420129
3.6374999999999997 148.50531160591365
3.6424999999999996 -36.2889573935948
3.6475 9.75361407993084
3.6525 15.56859514689184
3.6574999999999998 18.54407150240575
3.6624999999999996 -20.800994653659703
3.6675 19.44135630838373
3.6725 -40.75719177630782
3.6774999999999998 46.68893532356335
3.6824999999999997 -177.41076040043836
3.6875 176.697719928208
3.6925 12.994750340280055
3.6975 180.99017611681717
3.7024999999999997 4.16525353821601
3.7075 -169.8281275979095
3.7125 175.7478276448359
3.7175 -78.78639389665287
3.7224999999999997 -70.48576564360289
3.7275 -27.856523165231057
3.7325 101.34655417212299
3.7375 70.75970773297087
3.7424999999999997 9.23823857210869
3.7474999999999996 -8.939876540437455
3.7525 82.77038631878946
3.7575 -169.59255794599673
3.7624999999999997 223.22437151339264
3.7674999999999996 2.4128428059804357
3.7725 5.424813329104138
3.7775 -69.31660429572165
3.7824999999999998 -98.9111337711201
3.7874999999999996 -162.63150722676266
3.7925 -150.92631047886522
3.7975 168.83634189006892
3.8024999999999998 -70.89094638177441
3.8074999999999997 141.92572704118362
3.8125 76.10653652972458
3.8175 -195.09195560103296
3.8225 64.70013400274173
3.8274999999999997 -134.8910079745558
3.8325 152.6249990897521
3.8375 146.478103789442
3.8425 -378.9780442372878
3.8474999999999997 -105.37054356555156
3.8525 162.95813412408225
3.8575 -44.53709924342557
3.8625 100.64911810667837
3.8674999999999997 -155.0830986936725
3.8724999999999996 149.91659906587805
3.8775 78.43588628202852
3.8825 34.50974217790172
3.8874999999999997 9.590404184149314
3.8924999999999996 136.9953168240206
3.8975 41.65569538358486
3.9025 55.806634874844875
3.9074999999999998 -260.32651839709774
3.9124999999999996 106.95483315088433
3.9175 33.49730449885088
3.9225 80.79015478052501
3.9274999999999998 -101.96686478742836
3.9324999999999997 227.91748904559452
3.9375 -167.2696806042729
3.9425 -83.95953956075635
3.9475 -310.7000624891793
3.9524999999999997 255.78621499417468
3.9575 -109.69453063515314
3.9625 65.47005088204446
3.9675 18.226941575535108
3.9724999999999997 230.706396232667
3.9775 -117.21321755542556
3.9825 -239.54403110135576
3.9875 -65.36458831815023
3.9924999999999997 60.650272722674245
3.9974999999999996 211.44917815981523
4.0024999999999995 -188.21250694305505
4.007499999999999 134.45992083348995
4.0125 80.36778996381655
4.0175 116.18440750552209
4.0225 72.16798405057202
4.0275 -71.30984128269812
4.0325 -67.04283102735553
4.0375 205.50940142082615
4.0424999999999995 -227.60443665876764
4.047499999999999 145.14680893154457
4.0525 -202.42372970353142
4.0575 246.79714447527962
4.0625 -231.7670916007672
4.0675 263.38075247540024
4.0725 -320.3639056196196
4.0775 -65.27330075877326
4.0825 163.7476336121518
4.0874999999999995 -43.90115088111537
4.0925 -76.56472022246207
4.0975 6.163734232740992
4.1025 120.19397038302493
4.1075 -106.10080628404377
4.1125 -1.5525469910708263
4.1175 41.49367553789226
4.1225 102.42313333376832
4.1274999999999995 -29.074824673515245
4.132499999999999 55.99455271847279
4.1375 -356.9845583886676
4.1425 197.68361516034176
4.1475 134.79336197321143
4.1525 -49.474038139984444
4.1575 -22.40500775829544
4.1625 74.56560002733646
4.1674999999999995 -186.2658622543084
4.172499999999999 193.1987303728698
4.1775 14.522141496643169
4.1825 -58.18445291716764
4.1875 210.87736867308186
4.1925 27.673145019256886
4.1975 -120.30760319211865
4.2025 268.3093328129125
4.2075 -149.95743351485348
4.2124999999999995 -106.56402209647673
4.2175 32.04427347269917
4.2225 -78.27674070204993
4.2275 19.838589738370736
4.2325 -13.969158221708511
4.2375 -99.22693459599652
4.2425 -101.32104905256594
4.2475 67.58101025813886
4.2524999999999995 263.2382277923597
4.257499999999999 -60.304036603625626
4.2625 -24.906046447472278
4.2675 -231.89539515892827
4.2725 47.995900662371305
4.2775 -469.73939674591935
4.2825 232.944480367307
4.2875 -84.83744868279535
4.2924999999999995 -86.32794089094247
4.297499999999999 148.8107526197481
4.3025 199.42936209236274
4.3075 177.80788626010832
4.3125 -253.0613815565827
4.3175 17.18945165783097
4.3225 -73.92758317335867
4.3275 174.78930341920005
4.3325 -34.547066709408696
4.3374999999999995 100.56217263795374
4.342499999999999 -173.43178233409168
4.3475 74.07155660158709
4.3525 -124.62921850893319
4.3575 310.94649371667424
4.3625 40.072102677912554
4.3675 -33.021548816512514
4.3725 -212.6083252128419
4.3774999999999995 -146.53751693979842
4.382499999999999 149.77812675734836
4.3875 -12.972475482095119
4.3925 -211.12910479491123
4.3975 197.02796154430004
4.4025 -54.282214988689844
4.4075 -235.5784975482538
4.4125 -155.34824830770415
4.4174999999999995 155.86014274795636
4.422499999999999 124.51557530466509
4.4275 121.07598632265574
4.4325 150.37214649634012
4.4375 88.28142600740374
4.4425 -28.065579694633872
4.4475 -175.32726185121635
4.4525 251.4010961492486
4.4575 -63.4379821948615
4.4624999999999995 -66.99148974634743
4.467499999999999 167.99505438343817
4.4725 -168.12714722115484
4.4775 45.682085642867925
4.4825 -125.25589909629653
4.4875 -21.891169815189023
4.4925 -29.399246881000458
4.4975 145.3302877067542
4.5024999999999995 99.24257999134961
4.507499999999999 -80.2609289529041
4.5125 199.30497712018666
4.5175 -236.0334624870937
4.5225 13.846208573102803
4.5275 41.936773529886736
4.5325 -142.9038845273893
4.5375 -73.22061315400062
4.5424999999999995 65.32305311599606
4.547499999999999 133.5794173259381
4.5525 -95.35724935344301
4.5575 -155.05750949162908
4.5625 48.18608866733925
4.5675 -19.77450046192095
4.5725 35.32726533725726
4.5775 -11.0060148194962
4.5825 173.6433396595419
4.5874999999999995 -65.4234544471274
4.592499999999999 159.70853498902935
4.5975 -36.969551565957595
4.6025 -131.65102116020162
4.6075 176.58583903495727
4.6125 37.0323397350125
4.6175 -208.35834949026824
4.6225 -85.42827118195291
4.6274999999999995 228.88390682715254
4.632499999999999 -22.22845822210425
4.6375 12.874428986920378
4.6425 121.44544503097973
4.6475 216.53672503194116
4.6525 27.16319487136579
4.6575 -599.0102922008797
4.6625 300.7639025022504
4.6674999999999995 -95.80898415632723
4.672499999999999 -149.99499983285298
4.6775 267.1173663275369
4.6825 61.3631851303039
4.6875 -105.94410732020054
4.6925 -70.9789864360436
4.6975 -38.44627372084224
4.7025 120.8811339108377
4.7075 -27.830639542900805
4.7124999999999995 -54.29758879366438
4.717499999999999 -50.41107994827257
4.7225 89.9339829315531
4.7275 277.30194552037113
4.7325 -73.00381087094931
4.7375 -79.34379377195486
4.7425 287.3274311748909
4.7475 -312.4038587410324
4.7524999999999995 -5.948856438585689
4.757499999999999 -0.03395195534552331
4.7625 -141.80735705901918
4.7675 25.829826908119752
4.7725 -11.65630218993712
4.7775 -81.80209724136382
4.7825 -75.74962565216737
4.7875 -120.61323921416093
4.7924999999999995 132.70052322823116
4.797499999999999 17.431089196718624
4.8025 -77.91046870680131
4.8075 49.31343638029453
4.8125 -207.501401579429
4.8175 107.13452637202403
4.8225 187.33201370731706
4.8275 -178.51684425787673
4.8325 37.36439713228209
4.8374999999999995 66.60940383713965
4.842499999999999 -105.21320958320425
4.8475 146.55559704289095
4.8525 36.768680085008896
4.8575 197.6486210887654
4.8625 119.22495025509272
4.8675 -167.74994239732504
4.8725 -173.9900409626437
4.8774999999999995 154.060690298904
4.882499999999999 -47.6618805509126
4.8875 -239.946441262388
4.8925 90.6755995407568
4.8975 -8.598999693011935
4.9025 -1.2653464160247532
4.9075 201.07791937448388
4.9125 54.034960371275425
4.9174999999999995 -157.02251746150557
4.922499999999999 13.461941609923937
4.9275 -15.682008736232344
4.9325 -112.15065802612936
4.9375 -6.645965779752233
4.9425 -118.2986262663361
4.9475 -1.180328100781959
4.9525 79.29206054188393
4.9575 -198.0705675326015
4.9624999999999995 320.00915542511024
4.967499999999999 -31.057421673183494
4.9725 145.1817822456683
4.9775 -92.72413326305447
4.9825 -3.897135345290235
4.9875 139.25335771968855
4.9925 -99.96929426279117
4.9975 194.95207496020058
5.0024999999999995 58.09231956561256
5.007499999999999 -130.56574495486822
5.0125 -42.70250944373994
5.0175 88.68216050580253
5.0225 -60.803075239622196
5.0275 -66.0851183490354
5.0325 -154.42397229988345
5.0375 355.1788428141596
5.0424999999999995 -92.85022699136216
5.047499999999999 -125.32120237121165
5.0525 212.2854518863382
5.0575 88.7106932856878
5.0625 -137.74556241483714
5.0675 -185.27206305711525
5.0725 366.29627890229796
5.0775 -62.359355743098824
5.0825 -80.38646660517512
5.0874999999999995 163.731729850661
5.092499999999999 -484.0346155335448
5.0975 174.59142614322408
5.1025 -179.0320067304165
5.1075 98.94433822789834
5.1125 -141.2764807671938
5.1175 273.6040423765064
5.1225 31.218466741005823
5.1274999999999995 -124.35625228300749
5.132499999999999 146.76173032425493
5.1375 23.189753156463855
5.1425 -21.809763099326013
5.1475 116.77481712957157
5.1525 145.89005139865395
5.1575 -244.47098426511747
5.1625 -59.925896411478995
5.1674999999999995 147.20025535239287
5.172499999999999 -111.37504642522926
5.177499999999999 18.176131344839305
5.1825 109.62423800550042
5.1875 -100.01290294037531
5.1925 22.932592069456906
5.1975 -67.44897312177979
5.2025 -9.043431688522718
5.2075 -74.07963430999698
5.2124999999999995 85.09357841060316
5.217499999999999 124.84564630253813
5.2225 27.035739506799782
5.2275 -83.00712059208931
5.2325 -48.21288900588545
5.2375 77.03300993266473
5.2425 8.474815650345612
5.2475 123.12044868938048
5.2524999999999995 -211.51535184143134
5.257499999999999 96.07191680204717
5.2625 -53.68241316422619
5.2675 -74.25876658647404
5.2725 59.756284075167635
5.2775 64.71688760263362
5.2825 73.11605348995131
5.2875 -361.67057920769685
5.2924999999999995 61.119574087299284
5.297499999999999 42.09500545298867
5.302499999999999 164.91153398202079
5.3075 -155.84321308802257
5.3125 -55.77953985284289
5.3175 -54.25579650832124
5.3225 -9.958663894639349
5.3275 -88.80303059319577
5.3325 97.48159639828437
5.3374999999999995 -82.3616992159306
5.342499999999999 213.06072504371699
5.3475 62.362966158218235
5.3525 186.53676076162535
5.3575 -66.1717196256415
5.3625 -89.1118038525468
5.3675 -18.296282454602547
5.3725 5.868904126043429
5.3774999999999995 -24.70775599621114
5.382499999999999 -102.2645879764214
5.3875 -126.78459712304381
5.3925 76.0407908019762
5.3975 71.59889436992653
5.4025 -23.669790729552307
5.4075 194.61136588299436
5.4125 78.96604550419897
5.4174999999999995 1.0360488702086867
5.422499999999999 -95.61206376273148
5.427499999999999 -55.525689168327894
5.4325 -58.622598990210705
5.4375 20.283932956445188
5.4425 -140.1688938859672
5.4475 -51.01786785625251
5.4525 89.48064621913963
5.4575 43.4798379507858
5.4624999999999995 -72.43721860216269
5.467499999999999 19.869361823034158
5.4725 -8.784312361199163
5.4775 159.918198024223
5.4825 130.27489271296645
5.4875 -67.186417070858
5.4925 28.359996560254007
5.4975 106.19809090504614
5.5024999999999995 -1.6369025810512505
5.507499999999999 -150.3369931746399
5.5125 -48.22553506447085
5.5175 -60.262953558660556
5.5225 -2.395228446175164
5.5275 170.9741891577367
5.5325 -89.2777826806615
5.5375 -107.65206078650354
5.5424999999999995 -95.99608545242894
5.547499999999999 176.68847546016318
5.552499999999999 145.1438693341334
5.5575 67.07493053631097
5.5625 -229.69042866820197
5.5675 -32.90026529066509
5.5725 -13.189578304111842
5.5775 65.9112610314222
5.5825 -60.628392097776576
5.5874999999999995 77.50633143360162
5.592499999999999 -139.3800548944478
5.5975 1.3330013688688023
5.6025 -251.77723040170252
5.6075 -61.911574264503834
5.6125 -107.16591532475654
5.6175 374.9788064530828
5.6225 -81.79875657444016
5.6274999999999995 121.57865747996532
5.632499999999999 -24.44400252646921
5.6375 -47.6030928133928
5.6425 286.5416788922377
5.6475 -168.06182868243943
5.6525 -47.388822479015865
5.6575 144.51350332849378
5.6625 -73.54111874926814
5.6674999999999995 -83.45819615670001
5.672499999999999 -11.347762361463783
5.677499999999999 55.28562774841028
5.6825 240.40461015187088
5.6875 -41.263241760041936
5.6925 94.99974193761977
5.6975 208.4991493638699
5.7025 -225.45989744825337
5.7075 102.56002777983356
5.7124999999999995 -255.4213466764276
5.717499999999999 -66.22874807858712
5.7225 -193.6801190554577
5.7275 99.1108907643708
5.7325 128.12702125693562
5.7375 55.37499940477891
5.7425 57.79059976103451
5.7475 -78.11184376157689
5.7524999999999995 101.8879431761628
5.757499999999999 -87.694283926312
5.7625 228.6622082853872
5.7675 -50.47819119402159
5.7725 -110.498709811811
5.7775 41.027083399140004
5.7825 -52.43785262307397
5.7875 -117.64152413537931
5.7924999999999995 96.07149441584801
5.797499999999999 -215.50822121614414
5.802499999999999 67.8178812806155
5.8075 113.97909472143756
5.8125 -159.60183812976283
5.8175 234.00619400195006
5.8225 -292.9944760152512
5.8275 165.66251822234798
5.8325 -108.87707734715953
5.8374999999999995 152.11396349321421
5.842499999999999 -64.67941102525337
5.8475 116.33268667830066
5.8525 -106.37250245651323
5.8575 -20.11794096988191
5.8625 -13.758647256088823
5.8675 282.5446493424241
5.8725 -181.415661005227
5.8774999999999995 34.32499525721088
5.882499999999999 23.00927766555648
5.8875 -45.09356613537959
5.8925 -91.35426086860878
5.8975 -50.8606065003173
5.9025 119.13972429953144
5.9075 162.57567513996133
5.9125 -546.5741357018268
5.9174999999999995 374.95126371486816
5.922499999999999 -71.25189450162661
5.927499999999999 -22.98383764742374
5.9325 -30.040200700699707
5.9375 -94.89192318902793
5.9425 298.1502509153287
5.9475 -141.6853824514527
5.9525 78.99115129773797
5.9575 -257.27940198679727
5.9624999999999995 138.5149045331062
5.967499999999999 15.036609466267251
5.9725 73.20126391854326
5.9775 -397.91557843531336
5.9825 144.2215015645247
5.9875 -23.77018258660066
5.9925 -46.30888123507181
5.9975 -12.697726023218827
6.0024999999999995 50.37654796851397
6.007499999999999 101.93729788506974
6.012499999999999 -41.897928473854925
6.0175 -138.11338368582074
6.0225 178.44085105934107
6.0275 251.52498215305474
6.0325 -234.9033346571239
6.0375 149.48882931772997
6.0424999999999995 -305.54765411237696
6.047499999999999 461.7784608825466
6.052499999999999 -25.1488837737008
6.0575 14.98503729560684
6.0625 -2.8579279210861297
6.0675 87.69986205583098
6.0725 -68.36771389662388
6.0775 -84.56647701450431
6.0825 -231.56674079962858
6.0874999999999995 -109.37879635913036
6.092499999999999 213.3526141713663
6.0975 35.02832117582117
6.1025 -98.74423691094461
6.1075 -26.300003539847737
6.1125 109.75412531453166
6.1175 -156.2193144443551
6.1225 -19.511827827144792
6.1274999999999995 258.59253751951775
6.132499999999999 -145.91973751655664
6.137499999999999 -39.03570274029594
6.1425 77.2525941749133
6.1475 -6.07456409801226
6.1525 -63.45997101510256
6.1575 227.6830918114496
6.1625 236.00370570832214
6.1674999999999995 -223.18667255823152
6.172499999999999 -151.11478828027214
6.177499999999999 -72.6171793345619
6.1825 123.21413052716362
6.1875 -182.4741905584844
6.1925 128.0825106992863
6.1975 216.33232721835944
6.2025 -222.42283225047973
6.2075 7.503800306856296
6.2124999999999995 -153.15121478245348
6.217499999999999 -146.63404521317682
6.2225 -93.22179605166828
6.2275 132.63747189020478
6.2325 85.3767848043772
6.2375 -206.65319719449747
6.2425 165.95729720847282
6.2475 2.0812794426625127
6.2524999999999995 124.0027892479376
6.257499999999999 -149.2392524973114
6.262499999999999 175.6240825022217
6.2675 -24.8455878501527
6.2725 -127.51348938089312
6.2775 -41.85984002861605
6.2825 -122.91449186281184
6.2875 -39.256692831190044
6.2924999999999995 85.99384524998896
6.297499999999999 509.32621215610084
6.302499999999999 -470.9845441538779
6.3075 168.94625722361602
6.3125 67.70278906799055
6.3175 74.42183292358163
6.3225 -3.2343084996973643
6.3275 -33.25637738460168
6.3325 -185.63420145732917
6.3374999999999995 -268.8329466938016
6.342499999999999 281.0443351419243
6.3475 -148.0281175735618
6.3525 183.40789617372138
6.3575 -92.46111719277057
6.3625 254.8009618803684
6.3675 -105.85393299846899
6.3725 76.76340121647685
6.3774999999999995 -27.066294477061746
6.382499999999999 -6.515775300065875
6.387499999999999 -153.23695707553674
6.3925 -12.274699797092847
6.3975 498.2212521193923
6.4025 -45.934316522363616
6.4075 -170.84901783667394
6.4125 -255.31417242864683
6.4174999999999995 88.84018715710673
6.422499999999999 -214.08304070431922
6.427499999999999 -77.15276155192929
6.4325 -201.35534473546195
6.4375 278.59760637021793
6.4425 161.9780165636012
6.4475 -110.74111054071587
6.4525 23.251206532495534
6.4575 -119.9761226612345
6.4624999999999995 99.57668300103433
6.467499999999999 -51.810580431862796
6.4725 63.7655262442706
6.4775 -179.05436556623144
6.4825 390.58072997644234
6.4875 110.95562378005344
6.4925 -64.21781396516386
6.4975 -12.628104671820058
6.5024999999999995 -284.77370079424907
6.507499999999999 23.80990899551788
6.512499999999999 73.12096553880355
6.5175 385.68293093450745
6.5225 -4.65360929036201
6.5275 -111.31296934695925
6.5325 100.14876734308626
6.5375 76.94032103141089
6.5424999999999995 153.54159252914957
6.547499999999999 -164.35870413459648
6.552499999999999 -214.95002772191256
6.5575 75.3428308986939
6.5625 9.522865025652706
6.5675 -281.9399483643879
6.5725 134.20926015166245
6.5775 142.56940018586494
6.5825 -15.351401663164447
6.5874999999999995 128.5397607343053
6.592499999999999 22.601546293713596
6.5975 -17.257700319874623
6.6025 -131.22294445834444
6.6075 51.29640958000749
6.6125 -373.8583129759891
6.6175 202.69949946851006
6.6225 -91.57013995490821
6.6274999999999995 29.61901244667038
6.632499999999999 -15.388891135824288
6.637499999999999 297.81761086195627
6.6425 -23.420231278285872
6.6475 52.04691169477897
6.6525 102.85779478646033
6.6575 -272.0146390315288
6.6625 34.79614824582296
6.6674999999999995 -205.6647179580623
6.672499999999999 -140.38335686003126
6.677499999999999 -243.88831862243796
6.6825 121.56112200505923
6.6875 -60.20537718791636
6.6925 -131.44522670888838
6.6975 442.5737936152957
6.7025 40.591517434693095
6.7075 11.728319168483058
6.7124999999999995 -362.2500907044612
6.717499999999999 297.2765320354455
6.722499999999999 116.2553907933563
6.7275 -9.874659569443576
6.7325 84.17238753263481
6.7375 -178.64880165403747
6.7425 -114.37920498303603
6.7475 -7.888507288555438
6.7524999999999995 359.97746347117356
6.757499999999999 256.1692963153449
6.762499999999999 -237.05900802048257
6.7675 232.86934694180107
6.7725 -167.5891637880863
6.7775 -17.568394975886246
6.7825 -47.804577609629476
6.7875 -178.04586075008228
6.7924999999999995 113.61632550519901
6.797499999999999 123.29986650419158
6.802499999999999 -212.0401349820606
6.8075 68.25778532238789
6.8125 -118.0929365562735
6.8175 55.99041372847421
6.8225 -160.20031753014493
6.8275 67.65485073448802
6.8325 -39.9417424542396
6.8374999999999995 -140.29284936638183
6.842499999999999 156.3248478335988
6.847499999999999 -190.4068862858681
6.8525 257.3531756182277
6.8575 -55.54756982612168
6.8625 -114.56032550109245
6.8675 -4.76927836937238
6.8725 52.37606581195545
6.8774999999999995 -173.3372075639884
6.882499999999999 -9.348634534437988
6.887499999999999 -20.538220501452802
6.8925 46.97980947428198
6.8975 161.9311648547818
6.9025 -32.047898362112
6.9075 -220.7156361844766
6.9125 368.2514483001765
6.9174999999999995 -195.4685614358357
6.922499999999999 85.29681485951384
6.927499999999999 -122.59113825293522
6.9325 -93.09179531681035
6.9375 133.97611349646985
6.9425 163.54407274169154
6.9475 -23.279568778887324
6.9525 -82.22760172969402
6.9575 97.61583573259657
6.9624999999999995 76.40531982912688
6.967499999999999 -90.5721676873347
6.972499999999999 13.985066522864075
6.9775 -229.9400552275562
6.9825 356.60232299126
6.9875 -18.707606872412725
6.9925 30.35299728728635
6.9975 151.49044672322572
7.0024999999999995 -28.35123513885628
7.007499999999999 -213.4035784217026
7.012499999999999 14.070740128845797
7.0175 -52.94655456053344
7.0225 -39.666638243589794
7.0275 222.33032256729547
7.0325 -44.74572649489176
7.0375 -299.08701771204164
7.0424999999999995 174.83923736301315
7.047499999999999 243.7552082830133
7.052499999999999 -51.11467061486815
7.0575 -84.11683466811216
7.0625 -105.75310507043493
7.0675 364.40098544563614
7.0725 -95.89140367797688
7.0775 -140.18192759244755
7.0825 -70.03329557950856
7.0874999999999995 -105.11473714904919
7.092499999999999 -88.95000388452985
7.097499999999999 99.62660826027135
7.1025 21.819478113491805
7.1075 76.7522568000426
7.1125 24.93569585330346
7.1175 -12.855076330266394
7.1225 -113.85934994456625
7.1274999999999995 -157.82811136876174
7.132499999999999 150.3584385509549
7.137499999999999 -11.384474169812966
7.1425 90.66288966369584
7.1475 -174.66058615941589
7.1525 137.8861178044643
7.1575 147.12166994771238
7.1625 -303.66349059785597
7.1674999999999995 209.10701731730867
7.172499999999999 -71.71169701249978
7.177499999999999 0.42868909605377953
7.1825 20.27316802966777
7.1875 54.75394826488399
7.1925 143.86244250444574
7.1975 -239.72272460936512
7.2025 -1.320424786891876
7.2075 103.0037356659194
7.2124999999999995 -117.04031698860808
7.217499999999999 220.95270195199214
7.222499999999999 -94.78438971560118
7.2275 203.47429944807814
7.2325 -97.42462979004704
7.2375 -104.85175002735215
7.2425 -42.59664709328192
7.2475 47.38333698497482
7.2524999999999995 69.80546493753938
7.257499999999999 -131.54910634431545
7.262499999999999 -231.91042552839505
7.2675 164.9882853703632
7.2725 -155.6132507773846
7.2775 -79.15231202832324
7.2825 161.72810946612344
7.2875 -87.70435948196868
7.2924999999999995 -49.82413215167401
7.297499999999999 90.88327913720487
7.302499999999999 42.811342182378795
7.3075 114.61501675040256
7.3125 224.5796382930915
7.3175 162.85365815598988
7.3225 -17.853908835202013
7.3275 -184.57486344899147
7.3325 -58.78892993840922
7.3374999999999995 -47.975948243631386
7.342499999999999 -91.08674724060266
7.347499999999999 -86.5617823122197
7.3525 196.17798313733184
7.3575 22.432674975433613
7.3625 65.98332143284844
7.3675 -91.40688861001368
7.3725 94.41876301067056
7.3774999999999995 -8.63553846776239
7.382499999999999 -101.70450071827122
7.387499999999999 237.82373362865434
7.3925 -135.87387653075982
7.3975 110.35464427444252
7.4025 -103.33691240306487
7.4075 -167.74155933066797
7.4125 199.68956734532685
7.4174999999999995 -75.63922267474018
7.422499999999999 -96.29839317648923
7.427499999999999 97.31201478695041
7.4325 66.4448582272435
7.4375 -17.284723825708618
7.4425 27.577557574951435
7.4475 -226.93474847175096
7.4525 220.5251858000441
7.4575 -297.1428545668873
7.4624999999999995 288.2316660760283
7.467499999999999 -77.10126227907398
7.472499999999999 -209.91726957852856
7.4775 -16.880786034589278
7.4825 96.30970865275495
7.4875 -129.05527953763243
7.4925 28.87260076722223
7.4975 -68.65201717867095
7.5024999999999995 188.07041873397762
7.507499999999999 140.96400208872467
7.512499999999999 -78.99475276511235
7.5175 -26.72066282424444
7.5225 -138.93470693933187
7.5275 -0.777678521777897
7.5325 233.09247922812284
7.5375 10.75268284102394
7.5424999999999995 51.100268166567254
7.547499999999999 108.01670455532576
7.552499999999999 -219.08651866793898
7.557499999999999 92.61563790703703
7.5625 64.99372662314327
7.5675 -39.96776407579926
7.5725 151.8777653937976
7.5775 -62.35777041321477
7.5825 -213.02565830460836
7.5874999999999995 -130.57693305735174
7.592499999999999 232.18231381421367
7.597499999999999 83.34231891103322
7.6025 -209.63293892690848
7.6075 44.373680835578355
7.6125 190.7549272506191
7.6175 7.205261425636243
7.6225 -25.66426704500761
7.6274999999999995 -241.87450938800154
7.632499999999999 216.9061526863265
7.637499999999999 -149.71880241829572
7.6425 34.801459258835926
7.6475 97.38263907529941
7.6525 -120.41189784501371
7.6575 426.99182145800035
7.6625 -191.0453650013908
7.6674999999999995 112.51146031747524
7.672499999999999 -188.6665869844524
7.677499999999999 107.42675551398446
7.682499999999999 -86.10739818729985
7.6875 40.687145407020154
7.6925 -126.59510809486405
7.6975 -213.88487367930566
7.7025 -143.84384435323292
7.7075 93.75458505557823
7.7124999999999995 -73.42539703646348
7.717499999999999 -13.473241822389298
7.722499999999999 174.8851987712021
7.7275 -46.69453351971641
7.7325 301.77108857868353
7.7375 -164.92595037827715
7.7425 101.69891258833132
7.7475 -18.045300838214366
7.7524999999999995 -66.87322494130724
7.757499999999999 57.06401102119234
7.762499999999999 -145.67763995830688
7.7675 142.74083608577175
7.7725 93.73365996431978
7.7775 95.62810312203484
7.7825 -83.94723831931582
7.7875 -211.41470102611507
7.7924999999999995 10.364510713477634
7.797499999999999 -260.1669211533719
7.802499999999999 194.17542556068557
7.807499999999999 -66.28246547111836
7.8125 -24.466173591223004
7.8175 200.06789396801767
7.8225 -59.291810315051116
7.8275 -149.6309789849862
7.8325 -71.60990233324908
7.8374999999999995 56.334350046777395
7.842499999999999 123.33754177414527
7.847499999999999 -47.303383751341165
7.8525 -69.61248668355158
7.8575 -4.7630854771360704
7.8625 69.36478507363914
7.8675 117.72830884075854
7.8725 -24.818403284908175
7.8774999999999995 -114.61156423666603
7.882499999999999 191.0106293288483
7.887499999999999 151.3020830055679
7.8925 47.64141126831273
7.8975 -130.3510344703865
7.9025 -192.54609014023953
7.9075 53.66503756447028
7.9125 240.4612979325829
7.9174999999999995 62.22433690229315
7.922499999999999 -27.146869710559443
7.927499999999999 -0.302113768528317
7.932499999999999 -105.31632563386064
7.9375 -169.4326911185557
7.9425 60.91641672066452
7.9475 -37.70209384585653
7.9525 -35.433445069494866
7.9575 125.61803328580696
7.9624999999999995 -181.18805668857328
7.967499999999999 -6.909398446517955
7.972499999999999 -114.5744443848266
7.9775 -66.24090016901307
7.9825 78.00360486372213
7.9875 -121.92046647188774
7.9925 84.06567159361788
7.9975 277.5983862869662
8.0025 -56.03072924113403
8.0075 -57.11403181076602
8.0125 147.35822273311027
8.0175 -82.94687680644269
8.022499999999999 80.09389731731909
8.0275 -123.04733798058918
8.032499999999999 102.97790115749842
8.0375 -18.360191986644832
8.0425 -100.63543730059335
8.0475 -137.9500641801626
8.0525 -82.43040158128106
8.0575 29.301085117816218
8.0625 477.7145666294512
8.067499999999999 -285.3228128536136
8.0725 46.890827044822146
8.077499999999999 140.06952207185222
8.0825 -96.01006209333403
8.0875 -77.04080631344411
8.0925 77.31845168368231
8.0975 13.717693953426675
8.1025 -73.9125028017873
8.1075 23.85382058058817
8.112499999999999 -76.99565099181473
8.1175 77.65651828124614
8.1225 -102.9368481137961
8.1275 -46.750170071972
8.1325 -94.36345884082593
8.1375 -9.458552581915123
8.1425 -70.94492579191287
8.147499999999999 227.83001641652393
8.1525 -173.02576024471844
8.157499999999999 112.10718014352405
8.1625 -35.439362950156
8.1675 153.2412217287192
8.1725 -297.1350145000587
8.1775 303.2877800474461
8.1825 -18.084564859248736
8.1875 9.965922358041084
8.192499999999999 13.484306235456236
8.1975 170.95681000519966
8.202499999999999 -242.54362728785705
8.2075 86.21527851743099
8.2125 80.0184224300727
8.2175 -73.35113996363249
8.2225 74.08602115776526
8.2275 153.7543812222172
8.2325 -300.50143592877885
8.237499999999999 -7.6823378214578675
8.2425 18.07934174467224
8.2475 -21.489264214867266
8.2525 35.97905066548371
8.2575 -60.60973447037621
8.2625 -33.176105058590124
8.2675 1.3969677454089193
8.272499999999999 76.1493703720645
8.2775 172.38909923728156
8.282499999999999 -182.29300187966436
8.2875 -0.39020747637154996
8.2925 -150.23659131717062
8.2975 269.0293678558585
8.3025 -115.12333867186726
8.3075 34.841921488197336
8.3125 90.05870423367465
8.317499999999999 11.656221397062883
8.3225 109.51741193026893
8.327499999999999 0.31477930161759554
8.3325 -71.7149745188703
8.3375 21.20354218889508
8.3425 33.97369994495886
8.3475 -242.5884983869973
8.3525 103.38732352156741
8.3575 -12.323448164689532
8.362499999999999 -246.36641924089366
8.3675 109.9969132307858
8.3725 35.67179753590407
8.3775 -116.65106323658911
8.3825 -12.028865239448407
8.3875 141.73707541667105
8.3925 -122.6169221013292
8.397499999999999 -7.213225313465967
8.4025 152.07022073103911
8.407499999999999 187.82629102243385
8.4125 -211.43727296094863
8.4175 -137.39497990191234
8.4225 39.7955230165923
8.4275 133.98928784209335
8.4325 43.28979214752678
8.4375 63.885139897201896
8.442499999999999 -47.694692721442735
8.4475 -150.3570308601266
8.452499999999999 17.01039185562144
8.4575 -162.664978014652
8.4625 314.30864897899045
8.4675 126.72823869829953
8.4725 -107.54539077047212
8.4775 -83.9983486284313
8.4825 142.70929475820475
8.487499999999999 -108.9818549151172
8.4925 29.971160426389915
8.4975 90.369244672669
8.5025 167.93000839731278
8.5075 -135.50522522484025
8.5125 -29.51413092696897
8.5175 4.84908067560091
8.522499999999999 -43.76117426584868
8.5275 -134.90848142382492
8.532499999999999 -116.58123582388568
8.5375 300.4426418752038
8.5425 62.593364013503965
8.5475 -305.1713814330441
8.5525 209.01539030285466
8.5575 112.15995460163055
8.5625 27.81804315745878
8.567499999999999 69.17904929553805
8.5725 -159.8056380234414
8.577499999999999 -6.666795867011971
8.5825 85.00995120654348
8.5875 180.36290722138617
8.5925 -232.84413561750452
8.5975 -201.44175863576038
8.6025 209.99354331518782
8.6075 -204.17429996356512
8.612499999999999 -70.4945218345173
8.6175 306.29849828101914
8.6225 127.8487310569251
8.6275 -345.75165378917126
8.6325 -75.51082152201091
8.6375 256.88595937425964
8.6425 -241.0568095764739
8.647499999999999 140.00307493300267
8.6525 -52.85270521569998
8.657499999999999 -151.01303794499316
8.6625 410.2904658703327
8.6675 -171.0122145740069
8.6725 162.37429232170106
8.6775 -109.39679659044005
8.6825 77.8197581782904
8.6875 -57.95652108672894
8.692499999999999 155.51609793824468
8.6975 -72.34166523823905
8.702499999999999 -220.55474289935853
8.7075 -14.812432662297782
8.7125 -5.048788291773342
8.7175 -159.5723179398966
8.7225 531.0084137021809
8.7275 -207.11694908212525
8.7325 -244.99571970637066
8.737499999999999 -77.1764299165462
8.7425 513.203755360973
8.747499999999999 -170.90203954202912
8.7525 49.750582937584014
8.7575 -80.34570988973464
8.7625 7.01868041459108
8.7675 94.4600768548236
8.772499999999999 -187.03180686115596
8.7775 -295.06788749517415
8.782499999999999 -63.842599225096166
8.7875 17.09766832100792
8.7925 318.6763824869087
8.7975 53.084284568083056
8.8025 -159.571244736831
8.8075 6.254071127104677
8.8125 41.19873825563108
8.817499999999999 -59.49928325806431
8.8225 166.63634052608683
8.827499999999999 -93.16824511351149
8.8325 18.77998149759087
8.8375 136.58483961292177
8.8425 69.31513798400493
8.8475 90.60544119307178
8.8525 -110.29634866289936
8.8575 -301.4157975719379
8.862499999999999 154.09496292564123
8.8675 73.27991775538037
8.872499999999999 0.5862423063783373
8.8775 26.17808103973762
8.8825 -85.75208981140209
8.8875 -48.42263309712231
8.8925 -137.65012945071794
8.897499999999999 160.54991329717927
8.9025 -128.0694035686629
8.907499999999999 48.70370466419989
8.9125 203.4579408648124
8.9175 -146.08391074235817
8.9225 -5.236534615024113
8.9275 6.033302098146595
8.9325 -114.21520939629022
8.9375 -19.02948436752844
8.942499999999999 50.43491568835532
8.9475 240.57454572547144
8.952499999999999 -6.22584730759187
8.9575 -242.41422263071948
8.9625 62.698719763691926
8.9675 79.19307979686052
8.9725 15.36856185911723
8.9775 33.408559842556755
8.9825 -146.04377615836623
8.987499999999999 82.67448159139279
8.9925 -114.3508882648763
8.997499999999999 197.67326238906978
9.0025 -82.82462106862246
9.0075 -256.7875133885862
9.0125 357.2638295181231
9.0175 -163.76077738905445
9.022499999999999 -52.207254233032
9.0275 -10.560891873850858
9.032499999999999 -112.80939127837124
9.0375 47.33499047639756
9.0425 214.9078217349463
9.0475 -73.05850606779399
9.0525 63.72735384812983
9.0575 -214.2383319773341
9.0625 128.5092944519867
9.067499999999999 3.918149913998966
9.0725 -65.77124198015886
9.077499999999999 -82.35040742487234
9.0825 207.48024937334822
9.0875 161.2621259056177
9.0925 -37.94292042955864
9.0975 103.17827643335146
9.1025 -152.19661618257257
9.1075 -67.76878710899032
9.112499999999999 53.637043096716084
9.1175 -59.67284056305003
9.122499999999999 -146.4364921613737
9.1275 40.21512501347815
9.1325 -49.506850836852536
9.1375 -17.11165733085465
9.1425 23.821997135883787
9.147499999999999 166.6662923130662
9.1525 -221.53237292915315
9.157499999999999 492.28112025854836
9.1625 -272.1290938489049
9.1675 147.83349490825583
9.1725 -106.26789252719036
9.1775 87.97678555358047
9.1825 19.496026898929582
9.1875 -80.8174347445217
9.192499999999999 41.008978689748666
9.1975 122.54250357433422
9.202499999999999 -127.73634007641543
9.2075 -0.4932123381374982
9.2125 -184.33301721710944
9.2175 33.814630091851804
9.2225 -134.51198526171143
9.2275 -68.87790563363076
9.2325 143.42494672193115
9.237499999999999 204.70343644532022
9.2425 -12.225982483434796
9.247499999999999 14.511093400052463
9.2525 189.31235758583622
9.2575 -223.98733520530055
9.2625 89.99800957378767
9.2675 -227.38651827610838
9.272499999999999 158.72133764865416
9.2775 -76.01292752395429
9.282499999999999 165.6991531853575
9.2875 4.401229457228481
9.2925 41.63013430772526
9.2975 27.7137925195742
9.3025 -4.773679080913073
9.3075 -107.23493928259012
9.3125 -218.80581369523864
9.317499999999999 -63.52213889489173
9.3225 282.9311629791123
9.327499999999999 10.65966682073859
9.3325 57.795786031955004
9.3375 -143.8649949802999
9.3425 282.2109345069723
9.3475 91.4385770490357
9.3525 -161.08239347230122
9.3575 73.07313392031892
9.362499999999999 -45.79996497938121
9.3675 -15.502236646641487
9.372499999999999 108.8952162808532
9.3775 -200.2629256266894
9.3825 -57.7452514707568
9.3875 -171.5620517954723
9.3925 236.1841656722602
9.397499999999999 -70.92382733809448
9.4025 -2.9069580110667577
9.407499999999999 64.4138628747106
9.4125 94.26279776191977
9.4175 -235.06728313662384
9.4225 -302.8358131295291
9.4275 159.71107976719108
9.4325 203.39538553450504
9.4375 -38.31189477539067
9.442499999999999 96.39997243548875
9.4475 -211.93564675193898
9.452499999999999 -213.29223475501098
9.4575 31.38812400519502
9.4625 156.95794203794924
9.4675 26.388428297809
9.4725 -74.72996293217417
9.4775 -205.8985900385247
9.4825 115.81965442700037
9.487499999999999 -20.820855029051867
9.4925 -156.81480345571453
9.497499999999999 203.9738881072251
9.5025 17.498219324841344
9.5075 -121.90926659259274
9.5125 113.78796588739667
9.5175 -139.84156274025602
9.522499999999999 367.12730216934347
9.5275 -61.92425585090037
9.532499999999999 89.63678252772186
9.5375 -206.2682273069958
9.5425 -146.5134052670491
9.5475 107.1073685184301
9.5525 -149.18350317715155
9.5575 9.13850963769943
9.5625 371.8975671591898
9.567499999999999 -176.43124897566682
9.5725 94.44302968994407
9.577499999999999 -127.70354382760807
9.5825 78.50297232934854
9.5875 -230.92768929683947
9.5925 102.71472547523334
9.5975 -67.34894799069316
9.6025 353.40313241703615
9.6075 -411.411000401786
9.612499999999999 138.26510244004808
9.6175 140.0396387088054
9.622499999999999 -152.57889516734107
9.6275 153.22422759238742
9.6325 121.62123900905387
9.6375 -324.5577493743489
9.6425 -30.48817376630592
9.647499999999999 -6.901283104945156
9.6525 464.63938208751404
9.657499999999999 3.6623794776294365
9.6625 -281.91876227530196
9.6675 77.08578669349973
9.6725 8.47360527045364
9.6775 -66.755185236202
9.6825 16.012856082571176
9.6875 63.64186551310402
9.692499999999999 151.6874322511419
9.6975 -96.8771959592135
9.702499999999999 -84.89739357428263
9.7075 139.9512499885452
9.7125 -45.40852123387011
9.7175 132.1195479198553
9.7225 -146.26463328313753
9.7275 241.65651021246805
9.7325 -179.91472967348915
9.737499999999999 266.0206155602945
9.7425 -47.180138103434814
9.747499999999999 -8.585666302865343
9.7525 -76.40437439459691
9.7575 171.92292014223003
9.7625 -152.56647431560302
9.7675 186.14925866228037
9.772499999999999 14.509327207292776
9.7775 -79.52973350600882
9.782499999999999 -225.18823798785544
9.7875 198.33919285213528
9.7925 -123.35031257482314
9.7975 236.38679327975544
9.8025 -240.29739734983582
9.8075 -98.24957898564689
9.8125 147.24177210804692
9.817499999999999 -191.8572697663747
9.8225 160.05876663809096
9.827499999999999 148.31689897172328
9.8325 -97.26134913470831
9.8375 13.323501687625761
9.8425 -133.6800872045567
9.8475 170.143110041301
9.8525 129.28218388239026
9.8575 -42.66361952562253
9.862499999999999 -86.62780988571248
9.8675 -79.73749784286566
9.872499999999999 28.93266059775781
9.8775 104.01207323818717
9.8825 -176.60436876223753
9.8875 -232.49280102728352
9.8925 216.85820251022025
9.897499999999999 149.88384589042968
9.9025 -205.2205248994175
9.907499999999999 -64.51800285004268
9.9125 43.623524294562515
9.9175 -229.8498064619018
9.9225 37.1789216611899
9.9275 -54.73178361692988
9.9325 242.83201332603915
9.9375 -49.30728893404999
9.942499999999999 -182.10978732610212
9.9475 155.4023526902079
9.952499999999999 -147.40510720646662
9.9575 166.8952064216909
9.9625 65.48435095761548
9.9675 134.34788236781753
9.9725 -143.81442138785363
9.9775 -32.23131999675871
9.9825 92.52287286771015
9.987499999999999 -65.39223591275196
9.9925 -110.10184582171571
9.997499999999999 186.60777101194304
10.0025 25.384242314754296
