0.0075 -100.66432720077292
0.012499999999999999 310.39971228172095
0.017499999999999998 -34.306736330802266
0.0225 48.14279000280349
0.0275 -272.1074853078276
0.0325 30.15078377616771
0.0375 185.61423351161997
0.042499999999999996 -115.50031585453678
0.0475 60.207748340349184
0.0525 -59.59471122197306
0.057499999999999996 184.96340743429445
0.0625 -126.11573739194927
0.06749999999999999 49.003611234564616
0.0725 -333.3605463293497
0.0775 255.23252399208354
0.08249999999999999 165.14836447647582
0.0875 -5.653499270230542
0.0925 65.04783311099881
0.09749999999999999 -183.50575976646098
0.1025 16.222429377145563
0.1075 -3.7380078581784257
0.11249999999999999 -112.53854014146913
0.1175 228.12735340505134
0.1225 -59.35274445870211
0.1275 77.06588973762052
0.1325 69.86618433530967
0.13749999999999998 -90.10737128205916
0.1425 214.14186028528454
0.1475 -171.27567211024044
0.1525 -72.28866287580325
0.1575 -251.09814287170133
0.1625 -122.08363189211309
0.16749999999999998 147.14121603356037
0.1725 170.22545843331207
0.1775 -159.25758153482138
0.1825 327.06927468911584
0.1875 38.779109045591454
0.1925 -30.639174595579156
0.19749999999999998 134.33867559872786
0.20249999999999999 -284.8617955547682
0.2075 73.86392575719104
0.2125 139.39209671707474
0.2175 -232.54625071117854
0.2225 -223.007313956439
0.22749999999999998 46.98004211565275
0.23249999999999998 -160.23664853299238
0.2375 -53.64193988176798
0.2425 307.125542893762
0.2475 -85.8564428878088
0.2525 180.0557706098686
0.2575 -110.7212515469608
0.2625 -169.63589151331732
0.2675 399.9988882265906
0.27249999999999996 -75.2256851785847
0.27749999999999997 -117.88544308608053
0.2825 76.7764396599987
0.2875 -144.17689363435593
0.2925 81.14844920315741
0.2975 61.219047221468294
0.3025 -71.62553443856909
0.3075 0.9221334176396165
0.3125 -278.17026614672733
0.3175 327.9835056688805
0.3225 -136.46785060993506
0.32749999999999996 3.136778671005837
0.33249999999999996 -165.05979877508227
0.33749999999999997 111.57936305940731
0.34249999999999997 -6.226135399487327
0.3475 -6.319767720383678
0.3525 69.72105164776197
0.3575 105.05743368452842
0.3625 54.17268406276972
0.3675 -224.62810612256462
0.3725 238.80398225550718
0.3775 61.527816796453706
0.3825 -135.15441598567853
0.38749999999999996 127.285280301943
0.39249999999999996 -92.06274805708725
0.39749999999999996 82.5641630007411
0.40249999999999997 -272.87589580793764
0.4075 148.4225018046793
0.4125 -75.0860982507725
0.4175 155.95394064325592
0.4225 156.17267511289566
0.4275 -150.50704296357407
0.4325 -434.88465287592567
0.4375 443.96334973296155
0.4425 -74.20073414390232
0.44749999999999995 -47.083644897321854
0.45249999999999996 -31.228209651082587
0.45749999999999996 -190.15642574404342
0.46249999999999997 411.8047585539204
0.46749999999999997 -77.04550414275359
0.4725 -102.18873557328544
0.4775 -115.63876194485772
0.4825 -27.446542850046477
0.4875 6.010265075892222
0.4925 69.31969488633018
0.4975 -35.056830665252484
0.5025 366.74233346610225
0.5075 -368.93971937460566
0.5125 285.72126278217115
0.5175 -225.46908599289176
0.5225 -60.143421948656126
0.5275 -129.25495583669723
0.5325 -98.74164495974472
0.5375 -46.3444293102292
0.5425 -9.180145337504564
0.5475 171.91821494418932
0.5525 107.83274497040526
0.5575 -142.44477151922135
0.5625 19.206813147044112
0.5675 -9.903627367638688
0.5725 38.67219428241658
0.5775 -9.503503684422663
0.5825 456.0833111750485
0.5875 -451.0051624369747
0.5925 152.26260080195482
0.5974999999999999 170.04771542583532
0.6024999999999999 -126.8897968140317
0.6074999999999999 -82.35889409786385
0.6124999999999999 -67.39118700536535
0.6174999999999999 -82.86501303186849
0.6224999999999999 276.46650535689315
0.6275 -279.194500177547
0.6325 220.41394217045774
0.6375 -167.28617024568638
0.6425 -30.13041818214259
0.6475 9.997607902204427
0.6525 113.51766977385535
0.6575 244.90309607102176
0.6625 -197.25971366711286
0.6675 216.8010932644004
0.6725 -277.2276463405047
0.6775 369.13268881243295
0.6825 -96.03142825578861
0.6875 30.698270767133504
0.6925 -119.28238767261996
0.6975 -17.51611540703056
0.7025 -185.7264379711211
0.7075 88.87029105575161
0.7125 -87.05355485291437
0.7174999999999999 -34.484419862091464
0.7224999999999999 -50.715977518180964
0.7274999999999999 183.79526221470812
0.7324999999999999 -10.592974013654183
0.7374999999999999 131.16200794617268
0.7424999999999999 -3.9715057123634208
0.7474999999999999 112.02946358297878
0.7525 22.219714301443126
0.7575 52.27883685119055
0.7625 -214.5178045297411
0.7675 -15.714198775313966
0.7725 79.65628903006919
0.7775 47.41121052658662
0.7825 26.796899190909734
0.7875 -205.11491929085122
0.7925 -90.6513081236
0.7975 25.46499576298985
0.8025 123.12897036384521
0.8075 -139.14715561808836
0.8125 -148.95842383519448
0.8175 54.94841066028633
0.8225 3.5219545540198705
0.8275 40.961814336191175
0.8325 -4.172884319920115
0.8374999999999999 213.36720268013002
0.8424999999999999 62.619718280643546
0.8474999999999999 -290.99503212229075
0.8524999999999999 -71.70880846986908
0.8574999999999999 129.63685664765373
0.8624999999999999 62.380385838776874
0.8674999999999999 151.05269250878115
0.8724999999999999 -113.86531651148711
0.8775 48.05669058942595
0.8825 -54.34790722734478
0.8875 59.14727712642038
0.8925 57.868735154997836
0.8975 -69.08003203581985
0.9025 -26.031845937368487
0.9075 -76.45916604286964
0.9125 10.466553692652909
0.9175 172.55838636253645
0.9225 -89.97253560685762
0.9275 52.91679169597944
0.9325 114.93644268045938
0.9375 76.89596574345472
0.9425 -57.53301707733529
0.9475 -78.52097229748924
0.9524999999999999 119.29571586517936
0.9574999999999999 -12.949371614921997
0.9624999999999999 70.3855430370993
0.9674999999999999 -50.36685361311243
0.9724999999999999 -167.24098191279916
0.9774999999999999 122.20492582958296
0.9824999999999999 -11.901047754377672
0.9874999999999999 -2.6284948432497632
0.9924999999999999 122.51386763221213
0.9974999999999999 148.03054714950628
1.0025 28.766334189224054
1.0075 -70.70934600799468
1.0125 45.55511661456117
1.0174999999999998 -112.60235999868438
1.0225 -25.310784469641575
1.0274999999999999 20.417270739653432
1.0325 -58.70007429060138
1.0374999999999999 -2.0876976075383897
1.0425 -237.9444810793069
1.0474999999999999 214.06054554697707
1.0525 96.59309058023295
1.0574999999999999 -386.72305760792887
1.0625 63.004322626443816
1.0675 159.30936871453147
1.0725 -38.70908688784915
1.0775 -355.6924202199843
1.0825 136.6966664249489
1.0875 -139.04560529122767
1.0925 50.73847899157842
1.0975 123.05458433821822
1.1025 8.923136362163117
1.1075 41.27589597686544
1.1125 131.70480473972918
1.1175 -6.3973532104451
1.1225 -140.8680406813108
1.1275 76.98531555679872
1.1324999999999998 93.01548973670555
1.1375 -127.2119308988946
1.1424999999999998 80.18723637751691
1.1475 -65.67321943336053
1.1524999999999999 82.23969960731185
1.1575 39.97822214755596
1.1624999999999999 -84.60259169245728
1.1675 248.60816806925348
1.1724999999999999 -98.57760673962554
1.1775 -222.13134313966705
1.1824999999999999 249.62308236570243
1.1875 -187.78357481868014
1.1925 147.49676178787038
1.1975 -147.79013387267383
1.2025 52.985569886889785
1.2075 -12.345475670769398
1.2125 57.58755568864195
1.2175 -273.66867022825625
1.2225 80.18193483858691
1.2275 -145.53745195256388
1.2325 -24.448165070090734
1.2375 210.112984921404
1.2425 -232.02516693678103
1.2475 77.14517965386163
1.2525 216.9238400097291
1.2574999999999998 -285.25738852097163
1.2625 60.05960105223345
1.2674999999999998 70.4107590326451
1.2725 -10.988395410136286
1.2774999999999999 -79.57329650732837
1.2825 12.366061537223624
1.2874999999999999 246.6075933392226
1.2925 132.97210202733936
1.2974999999999999 -37.60778000778845
1.3025 212.23077116378695
1.3074999999999999 111.16957646948185
1.3125 -49.89776702726422
1.3175 -22.09409730372722
1.3225 50.47317032479966
1.3275 -233.8442506726359
1.3325 248.9404990306689
1.3375 -110.95274438254451
1.3425 254.53624205416324
1.3475 -147.7546458000419
1.3525 12.00062273493863
1.3575 -131.94634832729403
1.3625 -50.98544622847601
1.3675 -223.00468002978818
1.3724999999999998 411.7213478063398
1.3775 -253.16034177442634
1.3824999999999998 162.72186918797087
1.3875 -111.13985127098687
1.3924999999999998 163.56673106379597
1.3975 47.66098182887507
1.4024999999999999 -53.09850411394878
1.4075 -194.75767835704113
1.4124999999999999 355.8214032804296
1.4175 34.694626078042205
1.4224999999999999 -132.23382226910923
1.4275 101.70414149262518
1.4324999999999999 312.07830109101985
1.4375 -138.67268670043592
1.4425 -382.40684988713986
1.4475 -120.32393151095268
1.4525 83.17034877811436
1.4575 -64.56479620114267
1.4625 81.53156980229662
1.4675 -132.57555007340395
1.4725 -100.39495323130758
1.4775 -52.83284372183969
1.4825 84.03063840855312
1.4874999999999998 -92.84497466502985
1.4925 302.98664158312596
1.4974999999999998 -31.349042105312932
1.5025 50.919765832424794
1.5074999999999998 240.82820798100283
1.5125 -237.50882090036822
1.5174999999999998 -129.27517221391554
1.5225 42.71205221381393
1.5274999999999999 -254.3352280672165
1.5325 103.86256681391836
1.5374999999999999 -90.82803714102972
1.5425 214.1009854069759
1.5474999999999999 -301.63328383114606
1.5525 217.81835502807476
1.5574999999999999 -144.72092284820576
1.5625 449.51196123322757
1.5675 -149.8267031440222
1.5725 -210.29318770346472
1.5775 168.7743973584962
1.5825 -192.08756544630728
1.5875 179.39081314828286
1.5925 -73.44571578641167
1.5975 -1.7744454754621555
1.6025 98.84467245404223
1.6075 84.17294018747488
1.6124999999999998 -219.68863558984452
1.6175 75.94232244694021
1.6224999999999998 -249.2625416643142
1.6275 -168.701958783258
1.6324999999999998 163.05812386716624
1.6375 -104.64802803168912
1.6424999999999998 40.526876029741196
1.6475 301.07414134960345
1.6524999999999999 -85.03878794659082
1.6575 -80.3303039781456
1.6624999999999999 191.0990093645325
1.6675 -73.55493380442473
1.6724999999999999 159.07795686919874
1.6775 -131.09774287284998
1.6824999999999999 215.4070177459878
1.6875 206.9895871425441
1.6925 -87.89705351346731
1.6975 117.2386677055637
1.7025 -132.04862342150216
1.7075 -107.4907611027013
1.7125 -11.644720386672299
1.7175 182.70744090225173
1.7225 -164.1712522974248
1.7274999999999998 -330.2863242222558
1.7325 129.72846015782898
1.7374999999999998 39.94448941196366
1.7425 124.40172946028898
1.7474999999999998 88.83248630666397
1.7525 -200.64496825693737
1.7574999999999998 -56.411430396334154
1.7625 -8.119396480310872
1.7674999999999998 373.6629447529871
1.7725 -289.18540516604844
1.7774999999999999 399.03537425146374
1.7825 -256.9255597252395
1.7874999999999999 13.62694487066145
1.7925 -149.0001832244162
1.7974999999999999 -4.9939733530466475
1.8025 236.9008755752518
1.8074999999999999 -131.34508538870085
1.8125 23.377328156714203
1.8175 -317.2652765148462
1.8225 -71.52465571892354
1.8275 540.4860752462824
1.8325 -32.812078421005964
1.8375 20.181798131298876
1.8425 30.091692341654852
1.8475 -187.06809628330598
1.8524999999999998 195.1628890964754
1.8575 5.176931843199713
1.8624999999999998 109.36209618253969
1.8675 -310.1521921268143
1.8724999999999998 88.82118398884684
1.8775 92.94019683080293
1.8824999999999998 -351.1706470048872
1.8875 106.32172479297765
1.8924999999999998 -62.67223522791148
1.8975 199.33994411825512
1.9024999999999999 -321.6758866300623
1.9075 -76.39550362649155
1.9124999999999999 -39.64815062334498
1.9175 163.24396326804984
1.9224999999999999 -299.9332588564462
1.9275 58.20960476527664
1.9324999999999999 -103.03271556988719
1.9375 90.24379676101724
1.9425 312.6875106798751
1.9475 297.01838695965426
1.9525 58.00542775046196
1.9575 -105.61475595787998
1.9625 -54.86142910451647
1.9674999999999998 -81.26100670383377
1.9725 -24.445918396581412
1.9774999999999998 -80.94425626661996
1.9825 256.84910558625035
1.9874999999999998 -62.00421895337047
1.9925 50.13541466137562
1.9974999999999998 -99.50436600986095
2.0025 -9.524730104153416
2.0075 -71.46136831832978
2.0124999999999997 -11.562226914541656
2.0175 -59.28783462139931
2.0225 -98.79624962646324
2.0275 213.53600583764637
2.0324999999999998 231.43590845082082
2.0375 -242.47438621562205
2.0425 54.08749521403342
2.0475 -3.4624631026703963
2.0524999999999998 -158.28743859647244
2.0575 -7.060355063403989
2.0625 225.3011291867876
2.0675 -144.45051594052748
2.0725 -30.241679707219014
2.0775 -85.05245931148899
2.0825 258.9184320258138
2.0875 92.43328181065965
2.0925 -78.52205444829987
2.0974999999999997 -114.43977674301334
2.1025 51.39744856955665
2.1075 -71.26495663035587
2.1125 218.77350865131646
2.1174999999999997 -183.52649300753922
2.1225 54.33213524771642
2.1275 -134.284433842021
2.1325 -79.04287110619137
2.1374999999999997 154.9537996001886
2.1425 -100.44671593630332
2.1475 -186.67081982519213
2.1525 -64.87577534281243
2.1574999999999998 207.3551480552319
2.1625 -97.56130264783832
2.1675 277.2793037779119
2.1725 -240.85610994486356
2.1774999999999998 80.68805561477434
2.1825 -5.40635070991162
2.1875 -97.34717889857846
2.1925 -94.0210239015049
2.1975 0.1945647681322324
2.2024999999999997 -63.046815730757956
2.2075 278.59444571087073
2.2125 -71.01373553020366
2.2175 -64.54996083988374
2.2224999999999997 149.74720466637118
2.2275 14.48849060660099
2.2325 -229.2793663666874
2.2375 98.00930347777101
2.2424999999999997 33.39802505704487
2.2475 -133.40213157454923
2.2525 235.87289809739772
2.2575 -59.30399674902785
2.2624999999999997 210.60086440350392
2.2675 -65.74379108791523
2.2725 -134.92461499762004
2.2775 -97.67491321915392
2.2824999999999998 -15.61486459436189
2.2875 202.96039255470117
2.2925 -115.38581471942175
2.2975 -99.0039523159885
2.3024999999999998 163.19437460192728
2.3075 -99.04651673909389
2.3125 11.275565112172396
2.3175 87.33398955108103
2.3225 -94.55915760405615
2.3274999999999997 -137.20357881340246
2.3325 284.73834562194776
2.3375 -285.17795201961343
2.3425 -58.265995296635445
2.3474999999999997 12.6576290723898
2.3525 42.26544341615574
2.3575 175.57736737809856
2.3625 -140.27118792834125
2.3674999999999997 124.77023635223544
2.3725 139.99169471717
2.3775 78.24097399926949
2.3825 -77.9885233078904
2.3874999999999997 49.77388839218927
2.3925 -221.1767971735804
2.3975 34.16037753901655
2.4025 41.941880323777845
2.4074999999999998 272.5207374383537
2.4125 -202.83361721875747
2.4175 274.1397021591415
2.4225 -141.74006422667986
2.4274999999999998 28.26889206779282
2.4325 108.95142981874265
2.4375 248.49913874339293
2.4425 -286.4236910314198
2.4475 8.389289682156877
2.4524999999999997 -178.74522544933419
2.4575 85.51709781538166
2.4625 -97.0261214379778
2.4675 298.2952838618362
2.4724999999999997 -435.5299081924635
2.4775 238.3709648193799
2.4825 -45.06067843535463
2.4875 -140.68806652729404
2.4924999999999997 93.9232868930406
2.4975 -230.26342068003652
2.5025 -132.07241284384588
2.5075 164.38469496538647
2.5124999999999997 16.69587825186463
2.5175 465.81296174636094
2.5225 -170.16241709570662
2.5275 -315.8118879736468
2.5324999999999998 -33.292833655879576
2.5375 85.63445170214729
2.5425 24.428856099486012
2.5475 17.334595661644446
2.5524999999999998 40.789842624258476
2.5574999999999997 134.07701748033668
2.5625 83.22595032889673
2.5675 189.49540713245338
2.5725 -58.72504902599258
2.5774999999999997 -232.32419169371465
2.5825 10.19587203656842
2.5875 89.87657577845756
2.5925 84.9977412189438
2.5974999999999997 -133.0963256769359
2.6025 -129.8307842837061
2.6075 417.571708125563
2.6125 -235.86425062816465
2.6174999999999997 154.98679888385746
2.6225 -230.4447459435527
2.6275 81.42005589817656
2.6325 -65.6397606566675
2.6374999999999997 204.66679095555185
2.6425 -378.76623007536955
2.6475 100.0310908111616
2.6525 -146.21042238299256
2.6574999999999998 123.54896330440619
2.6625 298.4381314532048
2.6675 -170.6773437359518
2.6725 -96.828123926678
2.6774999999999998 -96.69308314415937
2.6824999999999997 333.337721618663
2.6875 -365.5594699954492
2.6925 174.40160157460573
2.6975 -3.5963934766101198
2.7024999999999997 -93.8819735752255
2.7075 21.079956987223305
2.7125 -120.96034461321841
2.7175 145.64699840545333
2.7224999999999997 171.54158435505522
2.7275 5.880048805646662
2.7325 -158.39444573195632
2.7375 77.718891959171
2.7424999999999997 -5.583863707707312
2.7475 -87.201786091932
2.7525 27.367981911856305
2.7575 16.299112341555418
2.7624999999999997 20.389016063578726
2.7675 -103.30340196301317
2.7725 57.82940560488957
2.7775 55.76701748367409
2.7824999999999998 -102.56932027621569
2.7875 73.86882043689116
2.7925 55.59789536536431
2.7975 20.312271254460576
2.8024999999999998 17.375639231263804
2.8074999999999997 147.12841569216548
2.8125 68.03186393841051
2.8175 -98.92059160340854
2.8225 -50.00307172267172
2.8274999999999997 110.75071370806879
2.8325 -38.55252720618409
2.8375 -9.935482787373104
2.8425 12.801348805729756
2.8474999999999997 -193.43254534566537
2.8525 299.36563033619035
2.8575 -131.15789387087406
2.8625 64.49704971792474
2.8674999999999997 -52.80209583227358
2.8725 -0.5136523431892965
2.8775 216.36343352761656
2.8825 2.6081583622921114
2.8874999999999997 -86.98636021549753
2.8925 24.84880430132184
2.8975 -42.55637816153004
2.9025 -185.88373459169847
2.9074999999999998 -87.01770597562258
2.9125 99.13489414308837
2.9175 16.68323929884147
2.9225 169.33464488654997
2.9274999999999998 77.9459828331614
2.9324999999999997 86.61946316104556
2.9375 -188.20635182379016
2.9425 9.593719323682748
2.9475 147.22762909500773
2.9524999999999997 -261.96530442913354
2.9575 25.431569224495842
2.9625 160.0726396644376
2.9675 30.83630525295906
2.9724999999999997 -7.879734814060913
2.9775 -178.4721855360965
2.9825 -29.199006347660827
2.9875 23.203499787687875
2.9924999999999997 13.474160808437626
2.9975 174.6576476146806
3.0025 -237.34452740634674
3.0075 58.591535314326926
3.0124999999999997 14.60132956649232
3.0175 -110.27761340065241
3.0225 83.59591695333562
3.0275 111.03077904858401
3.0324999999999998 6.955129318687921
3.0374999999999996 -5.62853085089465
3.0425 -229.42436562756657
3.0475 48.36026652475967
3.0524999999999998 -85.49819096696531
3.0574999999999997 164.28557710932895
3.0625 -149.05287702123294
3.0675 404.4137499023329
3.0725 -388.63630109641906
3.0774999999999997 332.90683775917955
3.0825 -157.99020062527055
3.0875 113.88859676766333
3.0925 -116.81409062468893
3.0974999999999997 82.41173263761492
3.1025 162.89624389578194
3.1075 218.6108154878104
3.1125 -234.82410526974627
3.1174999999999997 -62.689290682613624
3.1225 -80.77017170259991
3.1275 19.18694336336122
3.1325 10.641804226800991
3.1374999999999997 77.41257880336515
3.1425 -224.86840728941522
3.1475 397.9668455931359
3.1525 -121.77189192894684
3.1574999999999998 282.6997050792096
3.1624999999999996 -405.7103528313052
3.1675 -125.41322387595389
3.1725 -163.5336288810593
3.1774999999999998 64.61998089227426
3.1824999999999997 -122.95196159779883
3.1875 141.65767602213782
3.1925 39.11870465487943
3.1975 -82.28011841379298
3.2024999999999997 86.11370450536285
3.2075 -60.31880564630376
3.2125 165.42253233192517
3.2175 -269.7407120066911
3.2224999999999997 -106.06974602935661
3.2275 20.91444081016042
3.2325 52.99372049310476
3.2375 -105.9236204052796
3.2424999999999997 351.15602533683307
3.2475 -161.94260059926745
3.2525 18.06894157008926
3.2575 0.5207619187454321
3.2624999999999997 72.2675719880928
3.2675 72.7746962275684
3.2725 157.5880160000468
3.2775 -238.67292042335635
3.2824999999999998 14.308331379005065
3.2874999999999996 -122.82542962736142
3.2925 46.770061435510556
3.2975 97.01378276075107
3.3024999999999998 -33.38705420054728
3.3074999999999997 35.7048712305996
3.3125 -123.98880523830132
3.3175 102.92572448771058
3.3225 -68.32435338737982
3.3274999999999997 153.27035453385943
3.3325 -9.14697052013175
3.3375 -233.25465533039224
3.3425 296.5852774102749
3.3474999999999997 -172.97972428980628
3.3525 14.775831648085582
3.3575 292.33807575594136
3.3625 -184.3554618460091
3.3674999999999997 -162.678977382665
3.3725 254.43049181368707
3.3775 -379.86013243324936
3.3825 196.54756000852402
3.3874999999999997 148.38083426142865
3.3924999999999996 -9.904379767728082
3.3975 136.53375930506903
3.4025 109.93437632230639
3.4074999999999998 -181.46798057576638
3.4124999999999996 -59.11045478710318
3.4175 -174.32682395354922
3.4225 -92.0159263495306
3.4274999999999998 202.14695121188524
3.4324999999999997 145.63080772399138
3.4375 6.926619960841086
3.4425 -98.68113583398261
3.4475 80.00597401138486
3.4524999999999997 -283.22166073240953
3.4575 -150.14562327782116
3.4625 248.85581559794227
3.4675 109.82727444599281
3.4724999999999997 -69.72049478221837
3.4775 89.99866275917483
3.4825 47.70338466623201
3.4875 -162.3505027677728
3.4924999999999997 369.34334241563516
3.4975 -233.33534445026237
3.5025 -43.06939672804383
3.5075 286.29353292151694
3.5124999999999997 -58.28239098672615
3.5174999999999996 -28.947661031754087
3.5225 -8.379708884166524
3.5275 -254.96718848206967
3.5324999999999998 271.9991339052375
3.5374999999999996 -83.61276213602956
3.5425 -76.6122356434275
3.5475 96.67752413402117
3.5524999999999998 -98.57238915159743
3.5574999999999997 67.77773274866806
3.5625 -95.77382951878214
3.5675 21.935922488292082
3.5725 -8.154403216893993
3.5774999999999997 -161.02046257617081
3.5825 -167.13071659741613
3.5875 386.58502114011196
3.5925 -268.22669209774233
3.5974999999999997 223.48412823596504
3.6025 7.223994319362446
3.6075 89.46707143725396
3.6125 -124.96590346939686
3.6174999999999997 -198.0969096939684
3.6225 268.5943116497093
3.6275 140.22331065004008
3.6325 -173.80630099222984
3.6374999999999997 86.63439747383777
3.6424999999999996 -16.98971930377522
3.6475 -159.70025648269421
3.6525 14.514366695719435
3.6574999999999998 -66.38982775312918
3.6624999999999996 183.13874089767137
3.6675 28.626191448544134
3.6725 -101.63586677685338
3.6774999999999998 42.60474664471644
3.6824999999999997 10.184302339076286
3.6875 247.55129384882656
3.6925 -153.2635142459533
3.6975 -26.609183395259656
3.7024999999999997 -35.48155262064605
3.7075 -97.51524623565064
3.7125 74.88928838814476
3.7175 187.59718197344958
3.7224999999999997 -245.28290337281032
3.7275 98.4773225186865
3.7325 -205.13558252898306
3.7375 128.46257353814613
3.7424999999999997 -476.6412754022469
3.7474999999999996 405.94199047561546
3.7525 -136.26508523348326
3.7575 45.836711098385045
3.7624999999999997 123.70521106504783
3.7674999999999996 -87.41950940059118
3.7725 43.347411653310196
3.7775 65.63129937948173
3.7824999999999998 99.99190600398765
3.7874999999999996 240.41461320447593
3.7925 -219.76922187643902
3.7975 -74.19953935677192
3.8024999999999998 86.81164309195846
3.8074999999999997 2.9826965936225447
3.8125 118.66510721774806
3.8175 -83.87869596070001
3.8225 -2.6048248996190386
3.8274999999999997 91.90785337971235
3.8325 -135.35000527061663
3.8375 -127.36311147257533
3.8425 -14.08970092690128
3.8474999999999997 210.71101943463984
3.8525 -69.31678739553354
3.8575 13.396570634790914
3.8625 -2.703832158916322
3.8674999999999997 -145.7718336597395
3.8724999999999996 102.14656827215798
3.8775 -283.30246887044694
3.8825 253.8225378039946
3.8874999999999997 -270.49100542846827
3.8924999999999996 212.31653451038792
3.8975 -17.59383104648441
3.9025 -8.521161285232898
3.9074999999999998 -20.61776490208931
3.9124999999999996 -127.79020155395854
3.9175 140.28189680012775
3.9225 -43.92188576699967
3.9274999999999998 -37.65932059817228
3.9324999999999997 78.27810628584284
3.9375 -89.76624850322982
3.9425 159.2705002364612
3.9475 -15.213097947257063
3.9524999999999997 -67.36850762974319
3.9575 -86.98769129125903
3.9625 -57.26915491880815
3.9675 100.16706548167161
3.9724999999999997 109.05935949305594
3.9775 104.65259085531626
3.9825 -24.83271441357597
3.9875 -4.549923347297934
3.9924999999999997 17.850448689565305
3.9974999999999996 -13.846582470418998
4.0024999999999995 24.734323035464143
4.007499999999999 126.58701834647374
4.0125 89.35880161704506
4.0175 -56.79140902112314
4.0225 -83.88688946345732
4.0275 95.55055854241243
4.0325 -50.97936018284211
4.0375 -116.68592365122409
4.0424999999999995 -48.17420093014511
4.047499999999999 82.33516809924221
4.0525 130.061701782574
4.0575 -350.1372948435771
4.0625 -51.889574019842044
4.0675 -59.21123100243435
4.0725 213.1112373013449
4.0775 66.57911190426466
4.0825 287.4586234072671
4.0874999999999995 -75.02563320581311
4.0925 0.07341197147138463
4.0975 111.03413471613905
4.1025 -375.4642326082386
4.1075 238.09417619572827
4.1125 -184.6206161641861
4.1175 -76.87169761675187
4.1225 69.17482155180384
4.1274999999999995 -16.53187477004968
4.132499999999999 63.28415124646921
4.1375 -2.1358762143118706
4.1425 -168.596409603876
4.1475 284.0777180794493
4.1525 -130.07136125163876
4.1575 97.59901423511006
4.1625 -143.87381429887134
4.1674999999999995 61.63245435851858
4.172499999999999 111.88996626420135
4.1775 124.92299324226298
4.1825 -119.50568128152123
4.1875 -202.39544667100006
4.1925 -37.42251142040393
4.1975 118.1467732959333
4.2025 -23.024742790164108
4.2075 -62.01694448898524
4.2124999999999995 55.8238025053211
4.2175 -171.278478807321
4.2225 309.18614593984404
4.2275 -231.5936645644224
4.2325 49.78205978875298
4.2375 282.8261319794351
4.2425 -92.30189838602567
4.2475 -73.93609563690939
4.2524999999999995 -82.57214728416612
4.257499999999999 -52.02623661404343
4.2625 -28.078006533466038
4.2675 253.075586364986
4.2725 -136.95748477115214
4.2775 46.600455612631244
4.2825 -213.2709249436124
4.2875 238.97028530779474
4.2924999999999995 -90.87894981024768
4.297499999999999 51.32591569033371
4.3025 37.91694025711199
4.3075 53.729921742798346
4.3125 113.29204606688083
4.3175 -128.3512714850481
4.3225 262.1756180673688
4.3275 -260.6878636060317
4.3325 4.865421100207604
4.3374999999999995 -63.34407166324217
4.342499999999999 17.443793941984648
4.3475 149.0611226314466
4.3525 97.21826320938985
4.3575 -16.29279102286104
4.3625 -241.3917361734548
4.3675 42.2488590339125
4.3725 173.72343803086332
4.3774999999999995 65.85994860853663
4.382499999999999 46.30915703615389
4.3875 -73.24033424721463
4.3925 -119.32381625844457
4.3975 -195.38757302705287
4.4025 -92.42975060940063
4.4075 108.75589777305582
4.4125 230.38617689944817
4.4174999999999995 -211.28689985752058
4.422499999999999 339.3354649175166
4.4275 -151.16609307125756
4.4325 -49.741715985428726
4.4375 -118.61933634389443
4.4425 -23.184576096457366
4.4475 231.06670054252663
4.4525 -11.807764091248348
4.4575 -130.81342169531285
4.4624999999999995 80.1764232908177
4.467499999999999 113.15797068683781
4.4725 -18.299812866354635
4.4775 -236.83799003367747
4.4825 -59.9966897200999
4.4875 89.72468359587799
4.4925 165.99194603525476
4.4975 96.21219481157844
4.5024999999999995 -215.65821595043948
4.507499999999999 -25.95781413717708
4.5125 107.70732232297479
4.5175 -103.76413740789015
4.5225 -68.31675583075835
4.5275 -204.9942619755714
4.5325 209.14555788684052
4.5375 18.70072237211943
4.5424999999999995 265.3185711429907
4.547499999999999 -138.96518953812668
4.5525 139.94508393954396
4.5575 -8.239642067734867
4.5625 -215.11703054049522
4.5675 98.66395432134317
4.5725 1.468971565506284
4.5775 2.4402600783879698
4.5825 -19.580376238646938
4.5874999999999995 -9.285808995389136
4.592499999999999 -59.640857374779976
4.5975 -296.4268204818144
4.6025 264.9212333665065
4.6075 42.67748602208902
4.6125 142.6098582045228
4.6175 -118.303956227515
4.6225 -113.611291609113
4.6274999999999995 73.34459363546752
4.632499999999999 81.12766569680561
4.6375 16.31231572623011
4.6425 19.41987648982959
4.6475 -3.9612960392196515
4.6525 -79.52133377746625
4.6575 -120.77075607427132
4.6625 -11.81358392501956
4.6674999999999995 -101.05279119915662
4.672499999999999 -9.423317019911321
4.6775 309.47503777028516
4.6825 16.611767672196635
4.6875 2.9065097191719422
4.6925 67.42764523396248
4.6975 -197.79903176162014
4.7025 57.61598675371979
4.7075 212.99857806941296
4.7124999999999995 -156.0530370345942
4.717499999999999 33.56671538086473
4.7225 62.44811665007695
4.7275 -87.40118290554915
4.7325 10.904442649610859
4.7375 -148.54467589432616
4.7425 -5.181492561475051
4.7475 200.23963830195902
4.7524999999999995 -161.37758076508527
4.757499999999999 74.21397364851835
4.7625 225.43601144289707
4.7675 -287.59802387986304
4.7725 79.26518467384291
4.7775 -30.304567090976157
4.7825 -24.499846192705323
4.7875 -45.742662139886725
4.7924999999999995 124.51813172805383
4.797499999999999 13.05221515410844
4.8025 99.9136935015157
4.8075 -14.561894222457532
4.8125 -150.57346358814976
4.8175 63.084823580499325
4.8225 297.63618454155505
4.8275 -28.2991297878597
4.8325 -248.1907928704516
4.8374999999999995 292.03760653031566
4.842499999999999 -165.3927002868278
4.8475 -69.34812345130278
4.8525 202.93298179572574
4.8575 -30.49698124227365
4.8625 22.955971211374173
4.8675 -24.02942455066492
4.8725 62.10982366140543
4.8774999999999995 -254.59102593895133
4.882499999999999 90.64317462336815
4.8875 17.8912069840196
4.8925 -242.98951263401273
4.8975 56.479496945449554
4.9025 302.65356598510584
4.9075 -74.1386846901503
4.9125 15.200267407222682
4.9174999999999995 38.279285639722
4.922499999999999 -108.86986020128629
4.9275 243.28423372296385
4.9325 -136.42394020912513
4.9375 -105.6954055366121
4.9425 -42.53273321895161
4.9475 90.05764129419894
4.9525 -148.55069542400253
4.9575 -20.380230233258903
4.9624999999999995 -152.77423759978396
4.967499999999999 50.041546499960695
4.9725 60.82918373983856
4.9775 -6.729512750171736
4.9825 -106.4746439924683
4.9875 173.7326068542769
4.9925 -105.18162981651938
4.9975 85.59236173980129
5.0024999999999995 -26.898157794965588
5.007499999999999 199.90349338067287
5.0125 -150.01776824182778
5.0175 -118.44234277585616
5.0225 343.1665498511818
5.0275 -153.42944004552027
5.0325 -220.6962443814381
5.0375 116.92775728389161
5.0424999999999995 123.84236884456513
5.047499999999999 67.15325014855432
5.0525 -69.66057107583327
5.0575 42.26909074072339
5.0625 -183.15210922349888
5.0675 243.81521478893606
5.0725 67.68119299454327
5.0775 -220.79367553204537
5.0825 6.268442762019821
5.0874999999999995 180.14070698087295
5.092499999999999 -69.00960627556371
5.0975 -66.00176002964827
5.1025 -86.65330229091859
5.1075 -74.00930283002486
5.1125 73.43998712424101
5.1175 -149.89125025635403
5.1225 208.76732211912508
5.1274999999999995 -96.07239674412283
5.132499999999999 162.22250470355547
5.1375 -264.6411346364281
5.1425 119.30753394483636
5.1475 76.31963538387313
5.1525 177.80088728131247
5.1575 -73.12948300256473
5.1625 -59.105496552096454
5.1674999999999995 88.21025518289329
5.172499999999999 -71.75101600295305
5.177499999999999 16.08012022949261
5.1825 180.9480098416375
5.1875 13.807033322252117
5.1925 -141.33829088521435
5.1975 -59.140774508976754
5.2025 75.31035109412666
5.2075 96.58055907416642
5.2124999999999995 -227.8060598489872
5.217499999999999 73.7539274431776
5.2225 151.5780040351369
5.2275 -183.3090914311717
5.2325 0.29330971375721715
5.2375 -40.61776485523027
5.2425 -13.305781616134269
5.2475 60.243090485786425
5.2524999999999995 -101.1699892734431
5.257499999999999 -114.97962186628212
5.2625 402.8096295892373
5.2675 -223.1836638131731
5.2725 185.11716776293804
5.2775 -47.47233544306983
5.2825 114.12227837958265
5.2875 101.79299674567959
5.2924999999999995 -141.4751234701232
5.297499999999999 -52.30251133448603
5.302499999999999 205.19668036373432
5.3075 63.01896666386051
5.3125 -362.25731285054485
5.3175 60.834093650442895
5.3225 187.06610317310063
5.3275 -72.59595212532423
5.3325 -36.660997394775315
5.3374999999999995 210.6450013927983
5.342499999999999 -175.19207339800852
5.3475 -65.6315826808795
5.3525 -18.8024795497917
5.3575 -61.89144618047546
5.3625 118.84210874664775
5.3675 -15.379311785263278
5.3725 55.358627136726675
5.3774999999999995 -49.027254071791276
5.382499999999999 -117.40683557318299
5.3875 27.402142297027222
5.3925 102.52400205299297
5.3975 -89.7152360929717
5.4025 74.96339163871193
5.4075 -32.50856715944697
5.4125 -63.65675357394949
5.4174999999999995 332.9481649591579
5.422499999999999 -237.5219986260682
5.427499999999999 13.686753786030804
5.4325 64.67547222460178
5.4375 231.1015241135056
5.4425 4.694194024879634
5.4475 19.644574689099727
5.4525 127.38151439353148
5.4575 213.36398807114367
5.4624999999999995 -343.6240338434164
5.467499999999999 -93.25517614083883
5.4725 -26.92567145300892
5.4775 175.90294055508042
5.4825 227.44523574751278
5.4875 -72.84987228644769
5.4925 -302.3306416038217
5.4975 7.760896391127295
5.5024999999999995 274.1482946260595
5.507499999999999 -312.13055013227483
5.5125 -62.67696832186313
5.5175 -150.0318782271611
5.5225 39.00503381786933
5.5275 162.7558056163471
5.5325 4.62149188591651
5.5375 -54.393600729520784
5.5424999999999995 -41.36188380659908
5.547499999999999 149.03887169490997
5.552499999999999 -51.23708708313769
5.5575 -95.72744572439402
5.5625 -37.97212850102469
5.5675 5.814559470268727
5.5725 246.84885902035361
5.5775 48.070446168395
5.5825 6.503321354829647
5.5874999999999995 154.92423519793522
5.592499999999999 11.223687928674067
5.5975 -362.634966903809
5.6025 143.81390440885727
5.6075 45.650558000087464
5.6125 -99.66717970475594
5.6175 -15.455700526763048
5.6225 94.78937808345513
5.6274999999999995 -83.80511865332232
5.632499999999999 -194.6323325549503
5.6375 21.58447059050205
5.6425 -86.77686004900107
5.6475 -14.503646770836133
5.6525 -36.093435479913374
5.6575 198.96205189707186
5.6625 -46.47630459767083
5.6674999999999995 -7.948570079741943
5.672499999999999 19.25839189692881
5.677499999999999 -54.977382142847034
5.6825 75.56716955158082
5.6875 209.78404344475646
5.6925 -199.6094033544672
5.6975 172.91078119475122
5.7025 -102.11811944317456
5.7075 263.55943946997763
5.7124999999999995 16.706381851853397
5.717499999999999 -141.68161202959868
5.7225 126.28918890300848
5.7275 -140.16127961811608
5.7325 -75.3977518945161
5.7375 49.595285348513805
5.7425 -59.95282997931699
5.7475 134.78602995408218
5.7524999999999995 18.784051668903416
5.757499999999999 47.17520427735019
5.7625 -219.77102826825907
5.7675 65.06632757363687
5.7725 -211.46111640077976
5.7775 -76.93231885249583
5.7825 9.525158543238948
5.7875 35.55659920039139
5.7924999999999995 136.57078138963556
5.797499999999999 -5.07911430503014
5.802499999999999 -30.046601496423467
5.8075 -30.20879700740452
5.8125 -38.54825538164717
5.8175 139.18904211792332
5.8225 85.03128684139739
5.8275 36.49377785654468
5.8325 -228.02409695374868
5.8374999999999995 158.7865272345736
5.842499999999999 10.337218512123785
5.8475 -44.10541217579315
5.8525 -60.86394280152341
5.8575 -126.66223881511696
5.8625 80.28273750239973
5.8675 73.4905368834473
5.8725 -11.821980479086418
5.8774999999999995 -74.44670765476369
5.882499999999999 96.68234038936778
5.8875 -74.615456073134
5.8925 7.9618480070278
5.8975 293.60646177358643
5.9025 -82.44466191833736
5.9075 -86.9053165083345
5.9125 121.18872948904145
5.9174999999999995 -43.64046550103492
5.922499999999999 -133.13563680521617
5.927499999999999 231.7076689681038
5.9325 -107.49609484693418
5.9375 37.0732969523131
5.9425 -102.15651224332893
5.9475 -9.816213425248728
5.9525 233.40803165438635
5.9575 -307.46504830188496
5.9624999999999995 101.7105354459557
5.967499999999999 69.08065627262015
5.9725 -88.0158435133102
5.9775 207.0735667298566
5.9825 -35.3487657158873
5.9875 78.30546849014307
5.9925 -400.7553695403937
5.9975 -13.111213689974377
6.0024999999999995 -113.20354628931462
6.007499999999999 213.12461115372082
6.012499999999999 137.37753666156274
6.0175 -146.8448817188142
6.0225 78.99409484268371
6.0275 87.21474505842446
6.0325 115.37766042884117
6.0375 14.307536148165566
6.0424999999999995 -31.581410833025895
6.047499999999999 172.42756585633242
6.052499999999999 -81.06521359452725
6.0575 -163.69306769706432
6.0625 28.96718395873261
6.0675 -37.7042138035061
6.0725 220.6533375097086
6.0775 -139.85877504366513
6.0825 115.09160128341654
6.0874999999999995 -10.944627762045325
6.092499999999999 -306.930127037176
6.0975 -5.4429427763787945
6.1025 -17.33791395920554
6.1075 -49.68654603175953
6.1125 186.63718130409163
6.1175 -118.42731194584368
6.1225 28.54473038828851
6.1274999999999995 50.34908707584941
6.132499999999999 -66.60988227832976
6.137499999999999 -371.7499845001024
6.1425 81.90924464590947
6.1475 390.031818188665
6.1525 108.664149174537
6.1575 -311.8601771733939
6.1625 -34.22216540281095
6.1674999999999995 218.91359744235723
6.172499999999999 -259.45297189289084
6.177499999999999 31.94615592190213
6.1825 46.49703178586274
6.1875 4.238741960273604
6.1925 9.17151188201921
6.1975 -300.21341163485215
6.2025 -79.95822147517619
6.2075 129.58408732134217
6.2124999999999995 66.88117974980746
6.217499999999999 -182.48562867149084
6.2225 191.06634456862633
6.2275 -9.661996934313265
6.2325 106.14475471277005
6.2375 79.99313662895723
6.2425 -73.48259286487493
6.2475 -40.99587919102545
6.2524999999999995 105.77489309275076
6.257499999999999 28.601524094511586
6.262499999999999 -70.39526186721518
6.2675 -37.641791439321516
6.2725 30.592822907805527
6.2775 -74.7811262040452
6.2825 -154.19435513535151
6.2875 -169.0968346140142
6.2924999999999995 107.60684993622117
6.297499999999999 54.95284413636397
6.302499999999999 277.7941615007827
6.3075 188.13754576986497
6.3125 -7.500190681243801
6.3175 -229.40904340371048
6.3225 166.1157999324464
6.3275 132.05317229717375
6.3325 -105.8412943086148
6.3374999999999995 105.48487746500926
6.342499999999999 -341.7715844926844
6.3475 244.61373724724075
6.3525 24.117442334259888
6.3575 157.63033659710013
6.3625 -323.30912300417214
6.3675 234.6534715088644
6.3725 -261.1683404081336
6.3774999999999995 151.50820852344725
6.382499999999999 26.208540216493976
6.387499999999999 -16.556099210703263
6.3925 83.46521566267567
6.3975 -92.96610660554971
6.4025 73.66993285523377
6.4075 -192.36807172643418
6.4125 98.22787320363464
6.4174999999999995 -77.8564007732001
6.422499999999999 163.22324897513752
6.427499999999999 -83.36947097490977
6.4325 18.208081242234478
6.4375 -28.052692046932684
6.4425 27.78832065644577
6.4475 53.49123380174277
6.4525 167.9377676712672
6.4575 -216.11049998696714
6.4624999999999995 61.984679709915724
6.467499999999999 -296.69378908688054
6.4725 85.86005646095587
6.4775 239.57020555829556
6.4825 -159.07798897581324
6.4875 -115.11625389998667
6.4925 89.55240266040383
6.4975 89.4908050677758
6.5024999999999995 -289.89300994896564
6.507499999999999 179.03412866183336
6.512499999999999 -136.52731903399953
6.5175 56.204741170517956
6.5225 -79.58027714653655
6.5275 163.19363536028646
6.5325 7.091254785018562
6.5375 -40.839433658901754
6.5424999999999995 -159.02331483248628
6.547499999999999 67.22424866318072
6.552499999999999 233.73828219929013
6.5575 -57.14427597847269
6.5625 60.39428961287965
6.5675 88.41880257902469
6.5725 -79.29542305183223
6.5775 103.97363333078692
6.5825 -185.65984885261147
6.5874999999999995 -279.3829233713924
6.592499999999999 22.80449115140391
6.5975 -80.89877474705045
6.6025 66.83781660887368
6.6075 63.30322599668934
6.6125 183.21314692414015
6.6175 -174.6319649547562
6.6225 228.15228998094167
6.6274999999999995 -139.23779995960297
6.632499999999999 77.57638253993076
6.637499999999999 -225.3533677012837
6.6425 346.2503893860972
6.6475 -229.14676578556046
6.6525 228.94077448385653
6.6575 138.12433651524375
6.6625 185.37540793319232
6.6674999999999995 -236.13095264306276
6.672499999999999 -75.64038342260895
6.677499999999999 83.97312204033443
6.6825 15.379068880302624
6.6875 86.28810210887445
6.6925 -177.25249314690203
6.6975 -67.97313913117101
6.7025 -55.34619871888068
6.7075 7.7192330585801585
6.7124999999999995 42.837657237341624
6.717499999999999 43.162610914564695
6.722499999999999 -204.5802141536601
6.7275 111.14721368613236
6.7325 -72.21752461845301
6.7375 -83.60500628327178
6.7425 234.07932207989347
6.7475 53.83853276157874
6.7524999999999995 -149.50393528248378
6.757499999999999 191.44359564440293
6.762499999999999 17.70663763659225
6.7675 -54.50337324455671
6.7725 -3.3993196555040237
6.7775 73.4642289340467
6.7825 14.211357363181252
6.7875 25.727287329095343
6.7924999999999995 103.74777777194853
6.797499999999999 107.51705352513261
6.802499999999999 -177.6188219866485
6.8075 55.41864045214655
6.8125 47.24492984366165
6.8175 -109.47234292806218
6.8225 23.356978879165315
6.8275 29.980638983234854
6.8325 22.783261047307555
6.8374999999999995 219.58170398385548
6.842499999999999 -145.37759364521835
6.847499999999999 112.04473448888547
6.8525 -104.9291269025475
6.8575 -23.130167819583814
6.8625 -108.95722322048029
6.8675 -168.31778840309164
6.8725 109.87466933556928
6.8774999999999995 3.89240698838008
6.882499999999999 202.57118064654867
6.887499999999999 118.52613610532907
6.8925 -145.3326001725064
6.8975 -47.43717004026902
6.9025 74.58173702232823
6.9075 25.803364215363935
6.9125 20.53969240551016
6.9174999999999995 169.2195918861018
6.922499999999999 -194.13230545629693
6.927499999999999 167.81592175332779
6.9325 -313.7452746745945
6.9375 50.202289055050336
6.9425 11.158395970024724
6.9475 -168.67643218253363
6.9525 -209.94778454710686
6.9575 241.36356998794676
6.9624999999999995 79.55851412527299
6.967499999999999 -54.87914827136463
6.972499999999999 115.24360794449868
6.9775 18.371685365135242
6.9825 100.98124264493183
6.9875 -315.40180176584727
6.9925 64.58793901732356
6.9975 -77.4407063030344
7.0024999999999995 -9.731727500835188
7.007499999999999 164.08621845521265
7.012499999999999 -146.54320981098897
7.0175 93.28879834546312
7.0225 85.34409342840495
7.0275 111.61440756073785
7.0325 -204.32229303466357
7.0375 243.92195661720055
7.0424999999999995 -22.450544148595498
7.047499999999999 32.5191581973265
7.052499999999999 -253.8314858121931
7.0575 144.13139066651524
7.0625 82.44810995820137
7.0675 -412.6052883006588
7.0725 212.69794319536783
7.0775 -99.38102713434644
7.0825 -280.1764038740613
7.0874999999999995 112.1772783570991
7.092499999999999 38.80969585929897
7.097499999999999 40.54279012061413
7.1025 174.60450616744342
7.1075 -45.64795052191827
7.1125 -62.57964396234607
7.1175 -27.183655732558577
7.1225 -39.64968016140709
7.1274999999999995 159.9609292964563
7.132499999999999 -23.974042219635763
7.137499999999999 54.12898406555249
7.1425 -98.48208614023883
7.1475 145.27409507846193
7.1525 -51.386065985203224
7.1575 161.4327062431983
7.1625 53.14259070638509
7.1674999999999995 -289.00760162970823
7.172499999999999 -88.57625789049187
7.177499999999999 15.572194114160988
7.1825 -131.28255144087237
7.1875 250.50471236803662
7.1925 -157.79018082490575
7.1975 316.80545479263816
7.2025 19.52276565593646
7.2075 96.98793298852978
7.2124999999999995 -122.66541111590449
7.217499999999999 -13.486319478087875
7.222499999999999 -146.34657942959979
7.2275 291.3385600023502
7.2325 -267.27544771798716
7.2375 -67.74040959879818
7.2425 162.29960799404492
7.2475 60.89281875374749
7.2524999999999995 -13.912056739373316
7.257499999999999 135.31080217319914
7.262499999999999 -106.1151058332768
7.2675 87.5457471481185
7.2725 87.37889354634267
7.2775 -256.24620692091503
7.2825 70.52194193599128
7.2875 159.13487586030027
7.2924999999999995 -45.919178270066595
7.297499999999999 -215.36122239741982
7.302499999999999 -87.7721218077531
7.3075 158.9833198596337
7.3125 58.41617609139362
7.3175 -46.06481543608452
7.3225 119.33049311841938
7.3275 -60.35699146406206
7.3325 323.3487533564148
7.3374999999999995 -157.19869487677113
7.342499999999999 161.60031040288072
7.347499999999999 -155.05787161213382
7.3525 74.6195754570442
7.3575 -291.04487948351226
7.3625 -78.5984010827642
7.3675 115.32377730565015
7.3725 99.01442176980322
7.3774999999999995 -216.39404850040407
7.382499999999999 22.904823005926776
7.387499999999999 -18.606518670265896
7.3925 24.11801985856774
7.3975 68.76133730624493
7.4025 -130.54520356397015
7.4075 79.38880119262228
7.4125 119.53558648759265
7.4174999999999995 -310.87099580214283
7.422499999999999 117.14296341423493
7.427499999999999 -101.16524907392922
7.4325 57.87791975210166
7.4375 -102.46795153594529
7.4425 119.15695765645829
7.4475 256.97262696944654
7.4525 -18.980265980148737
7.4575 -55.2767710598449
7.4624999999999995 53.38764444169122
7.467499999999999 58.47722234502646
7.472499999999999 -7.768692771906688
7.4775 -64.4830617083257
7.4825 -43.73056771446831
7.4875 -74.30483852563101
7.4925 76.231570147623
7.4975 350.1701885800403
7.5024999999999995 -412.30011361382356
7.507499999999999 -75.13447528695045
7.512499999999999 84.89831440251376
7.5175 -21.024242273783198
7.5225 -55.9640081433852
7.5275 -227.97512962956776
7.5325 195.9904636657345
7.5375 224.30475198635008
7.5424999999999995 -235.69801705248554
7.547499999999999 -24.550491482248265
7.552499999999999 316.4591412690158
7.557499999999999 -200.07218625394214
7.5625 -170.74261230545883
7.5675 -10.584278910837268
7.5725 160.24017052333738
7.5775 -127.7771667948023
7.5825 70.64159355104671
7.5874999999999995 -49.47800462272223
7.592499999999999 -250.992458423468
7.597499999999999 290.0037977698934
7.6025 198.38789825739738
7.6075 -85.9535061837062
7.6125 24.85580538546949
7.6175 101.53721104550971
7.6225 -59.086705103274106
7.6274999999999995 21.38859050385048
7.632499999999999 -47.183038291292505
7.637499999999999 160.25446454602204
7.6425 30.04387875024478
7.6475 -96.98517392503302
7.6525 -17.649057055144524
7.6575 7.795193097825425
7.6625 -252.4126882006019
7.6674999999999995 -57.46823224529395
7.672499999999999 -387.68208007822
7.677499999999999 194.90937132070925
7.682499999999999 146.50609719629625
7.6875 206.48528986415994
7.6925 -68.74765015120846
7.6975 -94.13738327272739
7.7025 141.89648896845483
7.7075 -31.549066840095968
7.7124999999999995 -3.731783385665541
7.717499999999999 -108.56666612413015
7.722499999999999 132.91058970145806
7.7275 9.520091751031499
7.7325 12.0935058548934
7.7375 -69.52771008900906
7.7425 13.261232635815112
7.7475 166.2580348664494
7.7524999999999995 34.75113293008639
7.757499999999999 -152.4888000594699
7.762499999999999 -119.713536082712
7.7675 -62.412992474340314
7.7725 -59.69388592252843
7.7775 174.94653569496393
7.7825 52.65359867745835
7.7875 178.46041767236883
7.7924999999999995 -80.84629964364898
7.797499999999999 -29.141383264424206
7.802499999999999 -135.7570591139425
7.807499999999999 -70.98828235362235
7.8125 83.67628507285278
7.8175 93.42355020134724
7.8225 -38.16297192831605
7.8275 -50.53624376901963
7.8325 -172.03101403398148
7.8374999999999995 179.7132471141887
7.842499999999999 117.63233822243063
7.847499999999999 -151.56492492378496
7.8525 40.04387537141088
7.8575 122.52814053558681
7.8625 -91.52024768636896
7.8675 78.63699536755033
7.8725 23.487098730878962
7.8774999999999995 -12.782014406423169
7.882499999999999 -126.78605738187417
7.887499999999999 135.28644601647537
7.8925 68.49304693501958
7.8975 -155.40270178384856
7.9025 18.14307337448982
7.9075 132.34642891659098
7.9125 37.00204892060564
7.9174999999999995 -106.63678594856366
7.922499999999999 -110.10632665176016
7.927499999999999 55.80254865022507
7.932499999999999 -20.637029923475794
7.9375 172.53895699212725
7.9425 -171.26995068521651
7.9475 266.15744987224974
7.9525 -172.5482106710861
7.9575 62.654686594556836
7.9624999999999995 152.9922546708075
7.967499999999999 -390.69696276338954
7.972499999999999 73.21841332456822
7.9775 136.16472982533747
7.9825 -71.16391053524447
7.9875 5.544731797496613
7.9925 -174.52589654299354
7.9975 179.78218751587383
8.0025 -56.66039771741481
8.0075 207.7371436070181
8.0125 -30.804198120327477
8.0175 -51.76220971174015
8.022499999999999 -112.83743587981446
8.0275 109.73702880546996
8.032499999999999 1.2073714100810538
8.0375 -105.97277411888456
8.0425 31.54727834376595
8.0475 225.627416604358
8.0525 -52.683965350321245
8.0575 -32.46603096121376
8.0625 -50.739058752822544
8.067499999999999 -139.45031522010925
8.0725 39.44461100377918
8.077499999999999 98.20353204754221
8.0825 -152.695047687752
8.0875 27.69557727921485
8.0925 -88.60558524329421
8.0975 82.5373815445686
8.1025 -70.92086910246051
8.1075 -37.0190601161464
8.112499999999999 -46.992899696298956
8.1175 151.97872286675783
8.1225 346.8653623754274
8.1275 -235.28984947807248
8.1325 67.76340675095338
8.1375 -194.1112024628138
8.1425 -84.53560110968166
8.147499999999999 88.00966680596562
8.1525 14.04471903362408
8.157499999999999 93.31577671781851
8.1625 149.34979412366638
8.1675 -82.99576774582965
8.1725 9.346185029611938
8.1775 -114.49339065051456
8.1825 55.390995472786464
8.1875 181.9403242723898
8.192499999999999 -298.51676607870695
8.1975 39.20506855307329
8.202499999999999 -41.72464644361334
8.2075 180.0097386723953
8.2125 119.7355751682266
8.2175 -41.024766130554084
8.2225 -32.384238373846344
8.2275 -5.023918560801748
8.2325 -30.257321549790973
8.237499999999999 -167.51177145171386
8.2425 53.40722237098477
8.2475 4.95710943303196
8.2525 77.93949229681837
8.2575 88.51593403568567
8.2625 -223.2931175647923
8.2675 140.24475655269305
8.272499999999999 97.08624502119672
8.2775 -128.01513523188993
8.282499999999999 155.78525801712846
8.2875 46.80805013970924
8.2925 -181.34492671224797
8.2975 103.60569337059721
8.3025 2.1942044588075076
8.3075 -142.5932069773608
8.3125 60.99719235733398
8.317499999999999 -127.81138955101945
8.3225 30.929016005461552
8.327499999999999 24.19964829428921
8.3325 -8.688053836016499
8.3375 -50.86054255025723
8.3425 302.73906247836976
8.3475 -148.2184395315362
8.3525 200.2130774471769
8.3575 -174.4849348189243
8.362499999999999 116.9629418898033
8.3675 176.84422964739886
8.3725 -138.43580173000382
8.3775 -146.7777409981404
8.3825 69.60458069289558
8.3875 149.88128873099026
8.3925 16.348390073538187
8.397499999999999 -69.91970566695717
8.4025 156.69793590520814
8.407499999999999 71.43803812584122
8.4125 -7.11297017269828
8.4175 -302.5482412888565
8.4225 287.1809689576994
8.4275 30.5072139098063
8.4325 -300.0247346145338
8.4375 141.6972123572654
8.442499999999999 149.23028922531256
8.4475 -262.03301074927117
8.452499999999999 63.93983937054236
8.4575 126.73576559405215
8.4625 -2.8905582418569997
8.4675 -129.40633220809272
8.4725 -197.39406247971718
8.4775 212.93578557451812
8.4825 14.15894278864321
8.487499999999999 64.07691592953584
8.4925 70.18365980303984
8.4975 78.07535406783961
8.5025 97.59201551948314
8.5075 -162.63284070394104
8.5125 59.114788653725135
8.5175 -113.40480684913956
8.522499999999999 4.839785276136071
8.5275 -161.9132929265697
8.532499999999999 68.94650628417375
8.5375 70.05449634026459
8.5425 -117.69662632303837
8.5475 -190.48931038007868
8.5525 151.51379892321953
8.5575 -66.5976531451874
8.5625 75.31634281013234
8.567499999999999 -215.86873231102305
8.5725 88.12047054861621
8.577499999999999 338.32338712203426
8.5825 -150.2719115208949
8.5875 116.55418784333735
8.5925 -271.05400198670173
8.5975 175.10390422646276
8.6025 115.74099993224084
8.6075 -282.07682905987434
8.612499999999999 84.28006778855541
8.6175 9.703442626121005
8.6225 -36.86366421444729
8.6275 99.40225039604952
8.6325 -137.9677496613824
8.6375 131.60026639236656
8.6425 -58.55430137873836
8.647499999999999 0.9025569357754091
8.6525 278.6073944137733
8.657499999999999 -11.447781571248557
8.6625 -163.77317343711695
8.6675 -296.31353123981285
8.6725 86.55660025200275
8.6775 -42.52251002550193
8.6825 41.866200559487176
8.6875 -106.9795822188825
8.692499999999999 -63.743971389663486
8.6975 -61.539191485737994
8.702499999999999 295.9282450232076
8.7075 64.5152943807807
8.7125 -5.235569574405782
8.7175 10.118270086110238
8.7225 -5.162234119312848
8.7275 -96.91303746777405
8.7325 -58.9386091331078
8.737499999999999 7.851069660182976
8.7425 130.46742476396315
8.747499999999999 -78.77623093600153
8.7525 51.67876514694667
8.7575 218.36725839444495
8.7625 15.890411981559634
8.7675 -24.40834444668174
8.772499999999999 78.41652184856308
8.7775 -91.23783123127087
8.782499999999999 -47.857944066337275
8.7875 112.3822340889003
8.7925 23.228667689104128
8.7975 -76.77659940356436
8.8025 -43.482564907668035
8.8075 242.8790042985326
8.8125 76.4683880099674
8.817499999999999 -67.3462977475661
8.8225 -113.9512114425738
8.827499999999999 1.5928894127579807
8.8325 20.283583994389037
8.8375 -80.24782208544968
8.8425 107.7919079884285
8.8475 -111.3968052440133
8.8525 19.53416797796275
8.8575 -66.13271745773372
8.862499999999999 120.89126538990084
8.8675 74.75891579553016
8.872499999999999 100.48271218821912
8.8775 -276.0421574961925
8.8825 134.05820195155343
8.8875 -35.94322126269582
8.8925 -162.78260095468286
8.897499999999999 169.68555965646925
8.9025 -284.172031259595
8.907499999999999 307.04863992009194
8.9125 -25.41211801106204
8.9175 82.80097165217151
8.9225 3.064113178321988
8.9275 -8.369416740446322
8.9325 46.00712774486541
8.9375 115.30894385236624
8.942499999999999 17.070839297043833
8.9475 -174.36862281811668
8.952499999999999 -0.7614975775679048
8.9575 -28.231065344096066
8.9625 13.278832587119195
8.9675 -183.52180807350936
8.9725 63.519065081305136
8.9775 223.34759433139072
8.9825 -149.09006806027915
8.987499999999999 -316.99284794312916
8.9925 12.953584160648099
8.997499999999999 23.066137690360357
9.0025 181.27780625558492
9.0075 114.87397870268117
9.0125 13.166253638171668
9.0175 94.10703410060113
9.022499999999999 -147.36104291760063
9.0275 -81.5371505635053
9.032499999999999 91.85844656334906
9.0375 140.31722381334913
9.0425 72.70264951092868
9.0475 -133.31675811277947
9.0525 -62.67282288422475
9.0575 -98.99688333424622
9.0625 -0.13097393371438348
9.067499999999999 -255.77355360599674
9.0725 86.0882600133576
9.077499999999999 -181.35970601851596
9.0825 161.4437324967644
9.0875 230.44366774027662
9.0925 -353.06510147886803
9.0975 291.77176034091275
9.1025 -18.095033194595327
9.1075 79.94350465509082
9.112499999999999 -69.90777962222963
9.1175 118.818222346538
9.122499999999999 159.3719716126305
9.1275 -183.0845388794792
9.1325 154.39176673383247
9.1375 -149.28622710604046
9.1425 66.90788113682038
9.147499999999999 11.872072850620329
9.1525 -18.19142540961549
9.157499999999999 156.63860077622772
9.1625 244.54878247383613
9.1675 -26.84715499037492
9.1725 -269.51579122403933
9.1775 52.63116628591591
9.1825 -13.517405523334242
9.1875 -205.53908267010286
9.192499999999999 36.15808872746899
9.1975 -77.13439946328387
9.202499999999999 -300.359877207448
9.2075 160.4868811704878
9.2125 -49.06301518223107
9.2175 162.1904044503253
9.2225 23.504271131292793
9.2275 8.546200365437624
9.2325 225.36711472726122
9.237499999999999 215.74424641354648
9.2425 -250.79720888967205
9.247499999999999 -84.50572476995677
9.2525 81.54383852592112
9.2575 -43.183834176267794
9.2625 -174.19318701301268
9.2675 39.39995201882995
9.272499999999999 -169.63211451223899
9.2775 212.81348016355452
9.282499999999999 -150.61933900587726
9.2875 214.17163311736334
9.2925 -374.21949765185053
9.2975 286.0308108109742
9.3025 48.16546700990491
9.3075 -58.70565248591261
9.3125 78.61752425607507
9.317499999999999 7.363519139297388
9.3225 -70.8035258930563
9.327499999999999 164.44721970230097
9.3325 -68.66123677724798
9.3375 90.10074047665434
9.3425 143.53912126435262
9.3475 -386.3161239012384
9.3525 47.70157787965847
9.3575 -96.1203789733874
9.362499999999999 119.91930948050752
9.3675 -84.28144607025116
9.372499999999999 -121.48067546118858
9.3775 112.58290069280473
9.3825 246.55837179381524
9.3875 -151.5227404508821
9.3925 -100.7870531557529
9.397499999999999 -59.57758181678994
9.4025 184.84278854168446
9.407499999999999 64.41487502257483
9.4125 157.43510712993825
9.4175 -141.51285943342097
9.4225 -145.83535807688818
9.4275 163.150711974704
9.4325 15.929344146520997
9.4375 -164.56863218094438
9.442499999999999 105.96483845592704
9.4475 66.3234436432483
9.452499999999999 71.69394152833357
9.4575 -67.06709573286176
9.4625 2.509689184853092
9.4675 -124.48574207530734
9.4725 31.7419904865222
9.4775 290.69954639589304
9.4825 -382.330658621057
9.487499999999999 150.41107964818514
9.4925 0.7955033838642125
9.497499999999999 80.0167406487606
9.5025 -33.208776696889515
9.5075 -132.60895253193706
9.5125 222.5064000441441
9.5175 -308.0653418575718
9.522499999999999 -218.285316392894
9.5275 154.68583647957925
9.532499999999999 -103.34898861858676
9.5375 197.554973857702
9.5425 41.26785767800903
9.5475 62.18286548571846
9.5525 -57.42464093686192
9.5575 -23.890868389921664
9.5625 -63.74113436235893
9.567499999999999 2.6589273083555156
9.5725 -68.08837536301557
9.577499999999999 304.19569109015356
9.5825 83.79121727874308
9.5875 -291.3374761409413
9.5925 -197.35193241699918
9.5975 19.929203289115666
9.6025 115.23953514149643
9.6075 -9.135729125931508
9.612499999999999 160.93241084377854
9.6175 -96.45258598221729
9.622499999999999 -79.51458240777639
9.6275 -226.25172446027472
9.6325 186.86731559565237
9.6375 138.1733871324042
9.6425 153.18225089138753
9.647499999999999 -99.33104641224867
9.6525 -285.87349340004806
9.657499999999999 64.37853257187707
9.6625 140.99448481910395
9.6675 -206.96245929021293
9.6725 -39.656524002094294
9.6775 2.182061052957598
9.6825 364.76892948494486
9.6875 -307.80961997587747
9.692499999999999 158.47362873580275
9.6975 142.66050500728733
9.702499999999999 156.17336408926292
9.7075 -214.70024122161598
9.7125 -24.400290620856012
9.7175 28.1249189685256
9.7225 105.94577850896155
9.7275 111.99126401464171
9.7325 65.96432517277404
9.737499999999999 -121.02277789891531
9.7425 -209.32671360374684
9.747499999999999 96.50702465510703
9.7525 -217.01992497497508
9.7575 99.08985632640473
9.7625 -219.4015641649712
9.7675 194.31186327700084
9.772499999999999 -129.5229825126132
9.7775 -73.25017110861423
9.782499999999999 294.91777637440117
9.7875 -167.27003160588856
9.7925 96.00909547370189
9.7975 170.31827155032042
9.8025 177.5802992468145
9.8075 35.76534232844532
9.8125 -126.98241176480454
9.817499999999999 -113.7071081420081
9.8225 -215.61444746349744
9.827499999999999 76.79894231765653
9.8325 280.1173121763795
9.8375 -449.45292894594104
9.8425 75.6420705330927
9.8475 122.55998753391414
9.8525 157.646059956261
9.8575 84.75272439308591
9.862499999999999 -10.292228986946412
9.8675 -50.86164634671576
9.872499999999999 52.00475288085083
9.8775 13.931778358925284
9.8825 -66.93609804814768
9.8875 34.40021230465749
9.8925 3.4470406114361416
9.897499999999999 7.773481986641493
9.9025 -204.59212926042727
9.907499999999999 103.34028275873816
9.9125 -6.281929306227763
9.9175 177.15330270555253
9.9225 295.64952574263714
9.9275 -299.1108644065328
9.9325 -186.59035982680777
9.9375 79.56755483474168
9.942499999999999 138.88887408918546
9.9475 -11.359631314972585
9.952499999999999 -5.591300533879452
9.9575 -59.9934281477882
9.9625 -79.87041464207189
9.9675 -69.54855646293292
9.9725 -143.5064061671928
9.9775 -43.65732153944893
9.9825 52.00371981105337
9.987499999999999 -44.52162798369129
9.9925 -6.373299632246234
9.997499999999999 218.87390892977191
10.0025 -102.05259451419325
