0.0075 262.9959712800512
0.012499999999999999 166.11435197676545
0.017499999999999998 -341.96648934092
0.0225 183.9093278051754
0.0275 -130.61052841874096
0.0325 -200.1176123764431
0.0375 238.09113383083374
0.042499999999999996 242.7502412473474
0.0475 -285.04692834696345
0.0525 -131.23537340252838
0.057499999999999996 -153.79540189613604
0.0625 228.6622122329218
0.06749999999999999 -216.2644019909817
0.0725 43.94678602557196
0.0775 120.02900988724527
0.08249999999999999 -92.070255215167
0.0875 114.4800643597622
0.0925 18.501859923098827
0.09749999999999999 48.84809100454455
0.1025 82.82396077767308
0.1075 -140.91706827118617
0.11249999999999999 -5.920999739788066
0.1175 -220.39783886109433
0.1225 198.1506735358231
0.1275 101.12951099077443
0.1325 -104.08281161028529
0.13749999999999998 75.38602166395137
0.1425 86.21809679394633
0.1475 -197.08310991811354
0.1525 18.03364718982034
0.1575 82.84973712575133
0.1625 115.52269416485561
0.16749999999999998 74.8569309735973
0.1725 -66.12261861162305
0.1775 177.81907831012643
0.1825 -117.76500538530738
0.1875 180.02154416928587
0.1925 -293.9404029343537
0.19749999999999998 42.68297914803023
0.20249999999999999 -92.81212459816783
0.2075 24.35916211345112
0.2125 -4.527917536210152
0.2175 -50.611714330426054
0.2225 19.55987590210843
0.22749999999999998 42.24508229600313
0.23249999999999998 82.43586365328363
0.2375 -3.7916751170206
0.2425 99.7220630674152
0.2475 -45.38304884595388
0.2525 -215.65517108543972
0.2575 222.85874007142056
0.2625 79.37474665370168
0.2675 -326.659136637029
0.27249999999999996 126.96888803769936
0.27749999999999997 299.74708207294117
0.2825 -158.03865470416488
0.2875 313.00425164300594
0.2925 8.82538487940538
0.2975 98.96465882002933
0.3025 -106.25443418112651
0.3075 -30.511388180895118
0.3125 -367.5343569337608
0.3175 -20.695118157869466
0.3225 -49.532325330120536
0.32749999999999996 144.3278268292035
0.33249999999999996 -24.41493551357186
0.33749999999999997 -99.7855852147315
0.34249999999999997 343.5977816858378
0.3475 -5.218063311255536
0.3525 -88.86288916526043
0.3575 -63.35638823427528
0.3625 25.292705090263738
0.3675 93.19925431341818
0.3725 -107.70326320475904
0.3775 -51.390628019323415
0.3825 -58.151007562092175
0.38749999999999996 -13.630076844590752
0.39249999999999996 -32.29151387898912
0.39749999999999996 72.42532362782184
0.40249999999999997 40.52403169949769
0.4075 -286.2751526742125
0.4125 276.386450671621
0.4175 186.2197763014037
0.4225 -206.64410214063614
0.4275 -84.51390657814294
0.4325 102.61812463301106
0.4375 -42.24520508077638
0.4425 -204.78863001464995
0.44749999999999995 -74.3110979996171
0.45249999999999996 -90.48142084150571
0.45749999999999996 255.78781157453227
0.46249999999999997 -17.736090192032787
0.46749999999999997 -151.32794633099124
0.4725 337.3434087039228
0.4775 -156.87488361605313
0.4825 -124.12922509590818
0.4875 313.2283171265005
0.4925 -25.80105227594969
0.4975 -138.35288639801192
0.5025 127.18969785784802
0.5075 85.03384273844817
0.5125 -98.73975566969865
0.5175 9.262872503681859
0.5225 42.52842001109393
0.5275 -265.0590517988306
0.5325 190.94138220372693
0.5375 -180.30135620966607
0.5425 20.090398494836204
0.5475 287.3266448260042
0.5525 -155.89045402375075
0.5575 102.29814675732355
0.5625 84.75188929214724
0.5675 -175.13720872034622
0.5725 -71.40693747471693
0.5775 243.9243165849521
0.5825 0.5132980519614735
0.5875 73.92044497817687
0.5925 23.877569474910327
0.5974999999999999 -137.56140676903294
0.6024999999999999 -248.21616078028615
0.6074999999999999 211.7581012692234
0.6124999999999999 -124.87941009206907
0.6174999999999999 94.46134585560398
0.6224999999999999 -28.16657078743024
0.6275 51.385289899906404
0.6325 -165.1982313122012
0.6375 18.02871250843656
0.6425 -78.53517006612256
0.6475 11.49737872457043
0.6525 103.1695971206728
0.6575 167.60788115484317
0.6625 26.833658896011727
0.6675 -91.73386763564108
0.6725 89.44107455357764
0.6775 -174.09961781154934
0.6825 317.2105147362517
0.6875 -74.97551675431832
0.6925 21.471061080280606
0.6975 -180.62823470474638
0.7025 -221.251122407175
0.7075 131.91572809112716
0.7125 168.27288230247822
0.7174999999999999 -63.84559145630162
0.7224999999999999 64.61925875661659
0.7274999999999999 41.65609408457662
0.7324999999999999 -216.8032370388419
0.7374999999999999 -61.071587857043944
0.7424999999999999 -20.212606533280354
0.7474999999999999 -98.4473673105105
0.7525 244.21082061752293
0.7575 131.90140248816593
0.7625 86.2545846455008
0.7675 -238.4561678792406
0.7725 -27.116429218800064
0.7775 -32.46322268511935
0.7825 -215.11280023086357
0.7875 352.8599527126262
0.7925 -258.78023831453646
0.7975 221.19846571718327
0.8025 -192.01271650645947
0.8075 -63.83035134116458
0.8125 -37.93503427526386
0.8175 249.0360947319008
0.8225 -125.10516248867064
0.8275 47.47311602691126
0.8325 -225.65463274987908
0.8374999999999999 155.96539796759723
0.8424999999999999 -20.108950492790658
0.8474999999999999 9.441719537889984
0.8524999999999999 -100.21624899916262
0.8574999999999999 54.862169662002145
0.8624999999999999 262.71899830653507
0.8674999999999999 -228.46062927465877
0.8724999999999999 -9.089442572478314
0.8775 213.97837893070897
0.8825 27.866480788292417
0.8875 97.4616821390453
0.8925 -84.0783993661689
0.8975 186.83368036416402
0.9025 -358.52354069696196
0.9075 31.541986805256883
0.9125 -3.4666682796652966
0.9175 -123.12676263934367
0.9225 -15.367626556592674
0.9275 148.99941345517468
0.9325 259.2784856014359
0.9375 147.6305124174026
0.9425 -158.72942746283672
0.9475 195.52348690553043
0.9524999999999999 -166.90687980775775
0.9574999999999999 -38.019486810114145
0.9624999999999999 -100.64014934102728
0.9674999999999999 14.561108926246707
0.9724999999999999 -32.7183147376727
0.9774999999999999 -227.16761669417176
0.9824999999999999 230.184217609556
0.9874999999999999 -101.54791333807192
0.9924999999999999 68.1016808572512
0.9974999999999999 150.39445401420562
1.0025 -63.79512564799722
1.0075 63.71047129544195
1.0125 -242.44665557476176
1.0174999999999998 247.39170213164905
1.0225 335.8133358824687
1.0274999999999999 -195.68151039880698
1.0325 -277.54772533886955
1.0374999999999999 7.657432562675127
1.0425 -25.25623263409409
1.0474999999999999 64.4858859061429
1.0525 306.9860751321496
1.0574999999999999 -5.364279416114544
1.0625 -135.93267584771436
1.0675 255.00458650351197
1.0725 -335.95249489753326
1.0775 83.11191658187498
1.0825 -35.27364702784378
1.0875 -102.40829349863687
1.0925 111.93769458886469
1.0975 117.67298809126869
1.1025 -220.95069634126062
1.1075 -0.7724169845315707
1.1125 -163.73930437999744
1.1175 26.5950701696584
1.1225 142.85803365016835
1.1275 40.299151444867526
1.1324999999999998 -283.9477107653671
1.1375 -69.96981211803106
1.1424999999999998 146.34742005708685
1.1475 -143.75959689280364
1.1524999999999999 118.40846296170494
1.1575 -89.84752099058133
1.1624999999999999 332.2135086963674
1.1675 157.64413652004092
1.1724999999999999 -138.3039711483912
1.1775 -236.50616781078
1.1824999999999999 200.29274935318
1.1875 96.30997787461274
1.1925 63.24184571583948
1.1975 -94.48784966851157
1.2025 68.3176506052613
1.2075 -129.16802875690448
1.2125 8.063712557640427
1.2175 -63.23250091462428
1.2225 79.64534541156014
1.2275 236.20318515699628
1.2325 -133.3269327515539
1.2375 -8.72932425728925
1.2425 -21.139913721314315
1.2475 102.26732230203481
1.2525 54.518012544931906
1.2574999999999998 38.33355923987441
1.2625 -77.4316422373195
1.2674999999999998 31.658112482432728
1.2725 -141.64866985359663
1.2774999999999999 -83.73183925322029
1.2825 27.849903774780383
1.2874999999999999 17.321647485079822
1.2925 151.05840538081353
1.2974999999999999 98.28617921035217
1.3025 -267.8281183481837
1.3074999999999999 -85.3806971894433
1.3125 -125.03146997496367
1.3175 75.169917481829
1.3225 -18.530372397853167
1.3275 76.85724959909876
1.3325 15.372348042325466
1.3375 -258.35560146552103
1.3425 9.030041585462778
1.3475 75.0230843978765
1.3525 76.76236128783809
1.3575 80.82320955995073
1.3625 -45.95928084407639
1.3675 61.53555052451382
1.3724999999999998 -161.18787106972297
1.3775 -32.366812443024635
1.3824999999999998 99.6630458465523
1.3875 -216.05589400440377
1.3924999999999998 37.60904075164233
1.3975 366.9061172676183
1.4024999999999999 -142.68163454794046
1.4075 355.9367651425619
1.4124999999999999 -223.22156498079266
1.4175 13.944296624302941
1.4224999999999999 -305.65846950847856
1.4275 301.48815992686275
1.4324999999999999 93.66844749914789
1.4375 -162.56902928458092
1.4425 83.54933071621618
1.4475 -78.69349837486031
1.4525 -92.2168902356844
1.4575 -93.07360636045202
1.4625 80.033624961391
1.4675 7.35208350994815
1.4725 65.25057444038582
1.4775 161.64163635280644
1.4825 -288.5709919371206
1.4874999999999998 186.6746968304796
1.4925 74.34014027463114
1.4974999999999998 -465.42913085416785
1.5025 -104.49627559183341
1.5074999999999998 200.6951790545085
1.5125 197.09543306837097
1.5174999999999998 115.77585534666538
1.5225 209.6461305347717
1.5274999999999999 -173.31866244132334
1.5325 198.08449930319694
1.5374999999999999 -350.0068177564327
1.5425 78.81471571371142
1.5474999999999999 92.2820596562814
1.5525 262.7181948516652
1.5574999999999999 -287.33942667977885
1.5625 44.85474450448651
1.5675 -130.6368587375041
1.5725 324.74263755098514
1.5775 -324.87652581788944
1.5825 50.51031517769139
1.5875 144.51759468490852
1.5925 -320.2761887203992
1.5975 283.24540839312715
1.6025 -187.98562990207796
1.6075 121.31648565574184
1.6124999999999998 -207.22260037106815
1.6175 82.04372109546496
1.6224999999999998 92.90392293562225
1.6275 202.4242173556355
1.6324999999999998 51.94105381819347
1.6375 18.10275957242831
1.6424999999999998 -20.152004772040303
1.6475 171.59686562919933
1.6524999999999999 -147.2335372877611
1.6575 -219.66437246335212
1.6624999999999999 -2.450905789621321
1.6675 -84.07698588562322
1.6724999999999999 54.24363652282612
1.6775 68.31247683486697
1.6824999999999999 -134.75054661849174
1.6875 196.2349989581668
1.6925 -3.547537736073082
1.6975 4.9551443503220955
1.7025 150.9876310861508
1.7075 -73.67362274738255
1.7125 177.6865853651088
1.7175 -73.5357189167273
1.7225 -305.61221196118044
1.7274999999999998 250.9993408184095
1.7325 54.683490036155995
1.7374999999999998 -226.80835630982963
1.7425 45.6265877806603
1.7474999999999998 -156.0244199255016
1.7525 247.41824009073073
1.7574999999999998 -184.08070396572572
1.7625 261.99739951356065
1.7674999999999998 -16.460453079717176
1.7725 -127.77318873262979
1.7774999999999999 93.96142270869434
1.7825 -219.12885308136333
1.7874999999999999 193.5608611411836
1.7925 115.54670333329052
1.7974999999999999 -212.96084899785265
1.8025 -72.1048411914238
1.8074999999999999 113.24343928419077
1.8125 -14.414549599704738
1.8175 126.5477045207115
1.8225 152.46483457708425
1.8275 -155.48499572455464
1.8325 -102.71232483142765
1.8375 84.49929635793907
1.8425 -80.5369947829756
1.8475 -203.78153701779235
1.8524999999999998 179.80150518750267
1.8575 -77.07191655378779
1.8624999999999998 21.18562248729068
1.8675 162.43210030510545
1.8724999999999998 -201.39954819888692
1.8775 277.35220590884524
1.8824999999999998 20.512117486664692
1.8875 199.81628392879773
1.8924999999999998 -236.57075108828536
1.8975 167.50790234149554
1.9024999999999999 -216.12563430817764
1.9075 191.40634198758954
1.9124999999999999 -101.21453208573948
1.9175 -19.151115736963884
1.9224999999999999 -370.87797536323444
1.9275 43.416780954626546
1.9324999999999999 19.297511175028877
1.9375 36.63237915076654
1.9425 97.9821804940658
1.9475 -144.6365275855029
1.9525 -28.62971778117716
1.9575 -216.90322447097338
1.9625 228.84594450564322
1.9674999999999998 -184.52482417179755
1.9725 32.73849631079453
1.9774999999999998 -30.789436841134002
1.9825 2.14213706993506
1.9874999999999998 -5.399763590556069
1.9925 58.31240239792563
1.9974999999999998 86.69180472562167
2.0025 14.790494189570571
2.0075 -272.3388259166094
2.0124999999999997 95.41180462663519
2.0175 254.81649490257064
2.0225 -62.240195990851056
2.0275 -207.01894364131005
2.0324999999999998 226.7349305877795
2.0375 63.147313381732836
2.0425 120.4476922463284
2.0475 -327.00192264375795
2.0524999999999998 9.316405283179618
2.0575 100.0669728477438
2.0625 -7.551756535848895
2.0675 163.97568932938378
2.0725 125.16210067465904
2.0775 186.94851618441854
2.0825 -194.84434420873356
2.0875 294.4042185417687
2.0925 -498.29442059377294
2.0974999999999997 192.43540377095024
2.1025 77.65412765430942
2.1075 43.88560029238425
2.1125 4.85337059300462
2.1174999999999997 63.770611195137086
2.1225 -304.5053862962038
2.1275 -95.63617030368587
2.1325 53.62948962089735
2.1374999999999997 75.25295606325186
2.1425 190.8186216420272
2.1475 84.58700366793998
2.1525 -289.4760814137005
2.1574999999999998 266.35197667825787
2.1625 -30.388597469900105
2.1675 -244.48136489940435
2.1725 96.84502881583235
2.1774999999999998 50.86150995939631
2.1825 126.160880344637
2.1875 -122.92020762970292
2.1925 -3.358512674790006
2.1975 -146.76075370420185
2.2024999999999997 198.09663336654833
2.2075 -238.1959945601864
2.2125 81.01256322059078
2.2175 36.33645834026677
2.2224999999999997 -213.1382393589077
2.2275 222.3280945787831
2.2325 -42.69581442510609
2.2375 -220.53771132724057
2.2424999999999997 -114.3573598530534
2.2475 236.29583892519244
2.2525 -134.1431909234559
2.2575 135.32423260690396
2.2624999999999997 67.84826492787704
2.2675 -85.30020237051444
2.2725 -64.95660558704347
2.2775 149.07297760410378
2.2824999999999998 -70.64271984845229
2.2875 -97.47094739743886
2.2925 272.52343656511715
2.2975 338.86273817845523
2.3024999999999998 -135.04908418386694
2.3075 -26.51645291330833
2.3125 88.8267097477405
2.3175 -345.2155558301987
2.3225 181.64529145979196
2.3274999999999997 7.094668612916293
2.3325 -160.07406826897508
2.3375 116.96622281737045
2.3425 185.50800509312265
2.3474999999999997 19.47997201265692
2.3525 -227.318995170919
2.3575 42.53728169986978
2.3625 109.72734260830653
2.3674999999999997 62.29402325642788
2.3725 -131.8197108918913
2.3775 -60.435649248433734
2.3825 -142.04509680227062
2.3874999999999997 22.56616454134615
2.3925 81.90346650797217
2.3975 -155.50946114574577
2.4025 222.5401387668305
2.4074999999999998 -67.83330903522918
2.4125 227.8349013589721
2.4175 -66.33488859864796
2.4225 -1.8227643512974225
2.4274999999999998 -179.94176791678552
2.4325 51.124820252590304
2.4375 143.41631425332943
2.4425 -469.06651289808224
2.4475 100.80438493787504
2.4524999999999997 -142.8478274311173
2.4575 19.394196297114274
2.4625 -105.42738083446345
2.4675 79.62699016530799
2.4724999999999997 50.29652002778854
2.4775 -89.33881041377796
2.4825 133.6783885968785
2.4875 141.69307895960748
2.4924999999999997 153.00800085987666
2.4975 81.36664878186268
2.5025 -138.74801618682562
2.5075 -17.807859002238644
2.5124999999999997 47.48721188336041
2.5175 -150.37733618845724
2.5225 121.31815730504853
2.5275 225.02468149853848
2.5324999999999998 -309.4123312494037
2.5375 106.48006540486479
2.5425 33.784473559412625
2.5475 92.3891512690051
2.5524999999999998 66.1457093203476
2.5574999999999997 -68.07066270959946
2.5625 -63.64184156472762
2.5675 385.956663771647
2.5725 -240.56749674457095
2.5774999999999997 142.27757763996541
2.5825 -9.480163228344201
2.5875 -358.517169902501
2.5925 277.0311554386704
2.5974999999999997 -310.03848681466894
2.6025 280.6563467063201
2.6075 -30.27812518856908
2.6125 -73.42982064370469
2.6174999999999997 -52.12842302030814
2.6225 169.5965540681399
2.6275 -47.773119443457475
2.6325 -137.24160962463657
2.6374999999999997 86.02004687912508
2.6425 -133.56160104973947
2.6475 161.12941439876926
2.6525 11.399783103636038
2.6574999999999998 -79.4667819748149
2.6625 62.933869661095244
2.6675 -364.87193658364714
2.6725 163.46890286728308
2.6774999999999998 42.04925681691314
2.6824999999999997 -6.287684252399449
2.6875 20.527391229861863
2.6925 168.00326529646776
2.6975 46.608648325881646
2.7024999999999997 -0.43403616321582905
2.7075 33.97759537207436
2.7125 -14.854316004105057
2.7175 0.7285343480481429
2.7224999999999997 -94.1492079809529
2.7275 14.962113436010197
2.7325 -38.62275904380439
2.7375 21.52263535629279
2.7424999999999997 156.94627135758833
2.7475 62.50613244721123
2.7525 -47.471606489690984
2.7575 37.34423970491339
2.7624999999999997 -135.0028893448003
2.7675 106.11150173421272
2.7725 117.55223807471867
2.7775 -177.88299422401624
2.7824999999999998 -22.534352412907534
2.7875 38.77200743089671
2.7925 -53.41068646415606
2.7975 -71.73652647861874
2.8024999999999998 -21.45111287224422
2.8074999999999997 -179.47373203305585
2.8125 13.175631664469513
2.8175 143.99576087894235
2.8225 76.89510386507321
2.8274999999999997 -248.63731666453197
2.8325 -92.72538384200683
2.8375 0.5185123503774234
2.8425 118.57496000242057
2.8474999999999997 93.71593053388176
2.8525 156.5412335201683
2.8575 -142.60384268817324
2.8625 91.39733162881524
2.8674999999999997 -37.96088329087437
2.8725 -133.63118082044073
2.8775 141.31636244580415
2.8825 14.993021842200827
2.8874999999999997 118.16455614967253
2.8925 -142.28444266575482
2.8975 272.1830187501701
2.9025 -292.53335081712754
2.9074999999999998 12.725535877939533
2.9125 -88.52772380823018
2.9175 -62.7086540634032
2.9225 117.25694400112441
2.9274999999999998 30.284611580000814
2.9324999999999997 133.70582981766245
2.9375 -218.51895912159773
2.9425 140.85793545335255
2.9475 113.2813568011827
2.9524999999999997 46.60777072315408
2.9575 -122.79632702086066
2.9625 -152.8481945941952
2.9675 166.9188224485786
2.9724999999999997 -138.99152855791397
2.9775 29.13249978196791
2.9825 15.884185403694977
2.9875 94.00995633041029
2.9924999999999997 54.226718705496054
2.9975 115.9345420586461
3.0025 -67.63617221805053
3.0075 -115.62233349023008
3.0124999999999997 191.28818785332592
3.0175 -77.65530770397743
3.0225 83.36818473656177
3.0275 -411.8926790965805
3.0324999999999998 154.8482959490387
3.0374999999999996 -88.248739105304
3.0425 281.0801732292883
3.0475 -71.77812296624714
3.0524999999999998 -75.46423285057848
3.0574999999999997 186.4782696155364
3.0625 -142.24406465046428
3.0675 -43.62597673331138
3.0725 49.07686458093844
3.0774999999999997 110.6468073609911
3.0825 -79.45890124838014
3.0875 140.47180874084464
3.0925 -186.41916133820936
3.0974999999999997 -73.42847953462613
3.1025 228.82428852835878
3.1075 -210.44329935057564
3.1125 16.097443590207693
3.1174999999999997 -39.35299267390123
3.1225 -28.83515629645651
3.1275 107.72150949905703
3.1325 107.21257992043724
3.1374999999999997 -83.44229364526181
3.1425 -363.9504704494387
3.1475 63.610754485309435
3.1525 53.10977774634803
3.1574999999999998 223.21602274094218
3.1624999999999996 -10.041810288988176
3.1675 9.25912655654215
3.1725 27.129089751678883
3.1774999999999998 14.39236813977657
3.1824999999999997 6.10675545293874
3.1875 -145.727776542228
3.1925 17.714730608802476
3.1975 -222.72834076715534
3.2024999999999997 226.35309096360882
3.2075 40.06916058039615
3.2125 -82.14401952752844
3.2175 158.1560255653292
3.2224999999999997 84.92000347329635
3.2275 -168.05602606978775
3.2325 296.18963234072714
3.2375 -216.4819500948981
3.2424999999999997 79.95581690028398
3.2475 51.0221146139449
3.2525 -371.9069968981906
3.2575 -195.86240801274457
3.2624999999999997 221.33164632272326
3.2675 -53.747274973191686
3.2725 -4.026815803509912
3.2775 179.19425342776248
3.2824999999999998 -78.84908716039743
3.2874999999999996 -14.079690505565026
3.2925 26.16268164158061
3.2975 150.92001514810678
3.3024999999999998 254.36667307493994
3.3074999999999997 -307.010515420704
3.3125 101.82875147427183
3.3175 -19.371695350054758
3.3225 93.85002433575274
3.3274999999999997 -32.10422731193149
3.3325 27.607870692928632
3.3375 -75.2656450183796
3.3425 193.6648626238444
3.3474999999999997 -188.62506997385339
3.3525 -88.1949523677488
3.3575 23.941024250969935
3.3625 235.620750379297
3.3674999999999997 -126.39287116170696
3.3725 101.9598867305657
3.3775 82.78229639245004
3.3825 -96.40347602045382
3.3874999999999997 -64.65199329230015
3.3924999999999996 -9.74300192274135
3.3975 81.28081266904108
3.4025 -390.5809413011265
3.4074999999999998 96.44368087056114
3.4124999999999996 134.73529492391998
3.4175 137.37714888208328
3.4225 57.738980483128216
3.4274999999999998 72.27598102623774
3.4324999999999997 4.870233539604141
3.4375 5.921333701212843
3.4425 58.99888351214736
3.4475 -74.88461661256348
3.4524999999999997 -78.35769095133196
3.4575 72.60316374464905
3.4625 -96.67760913759894
3.4675 113.26253298257686
3.4724999999999997 95.8765260123058
3.4775 -68.42595404530631
3.4825 73.22907377326396
3.4875 -142.43205493135162
3.4924999999999997 217.60572028885542
3.4975 -76.34252777832964
3.5025 -199.21431739973536
3.5075 -20.02526290790009
3.5124999999999997 136.7091502234153
3.5174999999999996 152.18966945926562
3.5225 -59.035261753825225
3.5275 -44.95054629991922
3.5324999999999998 164.50335588084883
3.5374999999999996 -316.01580718155776
3.5425 71.8620864673562
3.5475 195.651471766067
3.5524999999999998 18.533516387090824
3.5574999999999997 -26.44968378722221
3.5625 -216.96017811813883
3.5675 -120.56700226805887
3.5725 76.73860569915522
3.5774999999999997 152.46521090871343
3.5825 -233.6567006076456
3.5875 201.6829311550755
3.5925 -311.7458439400826
3.5974999999999997 -33.389401667772674
3.6025 -112.11187534114377
3.6075 264.17964188993955
3.6125 -39.384517684991984
3.6174999999999997 -167.22376393480909
3.6225 -10.308981007824464
3.6275 -56.87110211222851
3.6325 107.21265387091822
3.6374999999999997 147.04387272587735
3.6424999999999996 -293.72839243193465
3.6475 350.64596439480493
3.6525 114.26449673394045
3.6574999999999998 -162.6967631312629
3.6624999999999996 -7.159936886358206
3.6675 76.8918853085523
3.6725 176.0527523869406
3.6774999999999998 -6.356495438119591
3.6824999999999997 13.277644905551016
3.6875 77.72317319199864
3.6925 -173.25377115743305
3.6975 28.258684138143494
3.7024999999999997 45.143046375885895
3.7075 200.52149990228892
3.7125 141.08977185602848
3.7175 -275.970413160701
3.7224999999999997 16.042188632960723
3.7275 -5.518758862196675
3.7325 -121.36672908626538
3.7375 93.5650099711448
3.7424999999999997 -282.11626368019444
3.7474999999999996 130.8554342530851
3.7525 -70.39676719373192
3.7575 -82.12882138784235
3.7624999999999997 70.77984529108222
3.7674999999999996 -296.77718522858333
3.7725 587.1606842431698
3.7775 -155.88002990079136
3.7824999999999998 -64.31252031975286
3.7874999999999996 46.926966986996355
3.7925 -13.154485774444026
3.7975 206.5081166144061
3.8024999999999998 -87.85888111732655
3.8074999999999997 138.4767621382282
3.8125 -437.93045475721374
3.8175 78.32629673522001
3.8225 -82.69801573983425
3.8274999999999997 244.93348787652144
3.8325 138.58874685163818
3.8375 -330.0191459537596
3.8425 37.27865141800219
3.8474999999999997 252.42071038035877
3.8525 -77.7428332300113
3.8575 -24.53203702129386
3.8625 28.273755561969825
3.8674999999999997 -93.35101675369482
3.8724999999999996 -271.4159827815979
3.8775 192.1459555355112
3.8825 2.187096149752047
3.8874999999999997 -71.26855515352739
3.8924999999999996 -109.85914493215084
3.8975 -1.1489920450127116
3.9025 204.15028658442662
3.9074999999999998 218.75027135747482
3.9124999999999996 -44.205789032210134
3.9175 -55.61683168870544
3.9225 13.25965414832432
3.9274999999999998 3.139282657977
3.9324999999999997 -122.84665005999805
3.9375 157.30460854517858
3.9425 -83.80682240924352
3.9475 -119.10471177323095
3.9524999999999997 73.22151713941757
3.9575 108.30416533869236
3.9625 -189.67776164981697
3.9675 158.26716590109424
3.9724999999999997 -50.7940168554697
3.9775 -246.55748491438146
3.9825 533.8663784669229
3.9875 20.83010252353987
3.9924999999999997 -47.72239572956104
3.9974999999999996 -69.98162108546244
4.0024999999999995 -201.51781494550502
4.007499999999999 305.7336069390873
4.0125 -305.0814076460687
4.0175 11.258635978576553
4.0225 104.52157270921465
4.0275 2.0961963863026005
4.0325 68.56445138778446
4.0375 -6.797412154094146
4.0424999999999995 -35.55753345024006
4.047499999999999 225.0637334053819
4.0525 -277.47697946645565
4.0575 105.52479440826183
4.0625 221.8383065953022
4.0675 162.6027620695174
4.0725 -147.60984181053956
4.0775 -227.00496695354596
4.0825 125.64989015297073
4.0874999999999995 93.59963695490211
4.0925 -228.1235903519285
4.0975 -7.113165707244073
4.1025 -65.79535299498575
4.1075 94.60465978238993
4.1125 -238.23077339244026
4.1175 -136.67267620467987
4.1225 46.090216768378454
4.1274999999999995 393.68531827940535
4.132499999999999 -108.20141680350461
4.1375 275.2674835745617
4.1425 -160.42941454120472
4.1475 -142.0096600475881
4.1525 -38.52110002815847
4.1575 220.7668636037844
4.1625 -117.61943794261883
4.1674999999999995 -118.04935182706575
4.172499999999999 204.35753662332104
4.1775 -169.65697134793098
4.1825 -64.62623641872577
4.1875 185.66797866847764
4.1925 5.621570031599631
4.1975 117.72950020669232
4.2025 -424.63138789738616
4.2075 -163.187093242825
4.2124999999999995 -78.81014815304282
4.2175 207.67151110771968
4.2225 139.66568902198352
4.2275 14.738956938143064
4.2325 -46.42167071919649
4.2375 -243.7933830476748
4.2425 -111.95663091220581
4.2475 223.1808144169269
4.2524999999999995 -52.261927586852046
4.257499999999999 -60.02293003507484
4.2625 22.00196447851008
4.2675 -93.21318226806353
4.2725 -74.90426638698624
4.2775 219.38816689055676
4.2825 284.86735605196606
4.2875 -123.51603033931815
4.2924999999999995 -142.74167796331145
4.297499999999999 74.24128321902431
4.3025 -51.7002757891666
4.3075 -78.04926244333355
4.3125 146.3492032242452
4.3175 74.96262358006872
4.3225 -70.2524542775303
4.3275 -103.84375575900764
4.3325 105.04669507464816
4.3374999999999995 -231.2936366731618
4.342499999999999 285.5235909095774
4.3475 -20.196646519421897
4.3525 -18.578123132999213
4.3575 -149.36124197392473
4.3625 153.3964229321536
4.3675 -77.84694491467894
4.3725 55.29398402117645
4.3774999999999995 63.95832495122763
4.382499999999999 44.59933610638141
4.3875 -134.09525704737783
4.3925 166.78650309639374
4.3975 -61.093316271587746
4.4025 20.346080966977027
4.4075 50.23586783679433
4.4125 221.7047197884547
4.4174999999999995 -214.4045522629801
4.422499999999999 -44.514161222048656
4.4275 -22.55692375766692
4.4325 91.48506065025629
4.4375 -170.34468759637608
4.4425 -127.93737932758344
4.4475 371.36938321752694
4.4525 243.82424724147822
4.4575 -505.464154603016
4.4624999999999995 244.74735188420698
4.467499999999999 100.113015048807
4.4725 -280.7649399611949
4.4775 257.60480752514434
4.4825 -349.5224521064397
4.4875 232.3570843281578
4.4925 206.357372638049
4.4975 -364.154364275936
4.5024999999999995 63.25297684224068
4.507499999999999 -112.05933691270857
4.5125 97.39074995327972
4.5175 193.45034603527046
4.5225 119.3837801803381
4.5275 -78.1372315406688
4.5325 78.58197328605898
4.5375 -189.84151512110907
4.5424999999999995 -94.31974910635674
4.547499999999999 2.5995725732867134
4.5525 -81.78061738991356
4.5575 -36.80008259094344
4.5625 221.8609672859274
4.5675 -241.92446543800827
4.5725 -60.524158500082905
4.5775 169.38696208856857
4.5825 11.044686973513762
4.5874999999999995 -214.3555734909489
4.592499999999999 -1.8161564415931255
4.5975 213.21632080323187
4.6025 -56.936913829596485
4.6075 -74.87187765533116
4.6125 -49.15710032646296
4.6175 109.65134967293986
4.6225 374.7105648997017
4.6274999999999995 -167.34005119773337
4.632499999999999 147.7539941936686
4.6375 -254.45545312746071
4.6425 -120.28109181310312
4.6475 -15.120657477512287
4.6525 -94.54673208106887
4.6575 136.6595109137138
4.6625 -94.1486766427995
4.6674999999999995 96.76914456925088
4.672499999999999 -165.43272960323117
4.6775 107.65986795721075
4.6825 -51.624281274786064
4.6875 207.2415572215891
4.6925 -256.4259550127853
4.6975 -29.649637156709776
4.7025 289.2891919028286
4.7075 17.288451877358266
4.7124999999999995 38.335725120509494
4.717499999999999 52.82821773765942
4.7225 79.61638498209625
4.7275 24.508698933736145
4.7325 -33.416365171081175
4.7375 100.12924428452325
4.7425 -40.45318411227642
4.7475 -150.77389656379975
4.7524999999999995 -63.1272633273045
4.757499999999999 175.05159801174867
4.7625 -48.39495390579594
4.7675 -87.04619770114834
4.7725 -74.10071111816747
4.7775 -99.73730055086251
4.7825 362.58506940889845
4.7875 -25.272941100507367
4.7924999999999995 -81.50042625462997
4.797499999999999 -224.41265639644206
4.8025 -47.815953220005156
4.8075 195.5670997938181
4.8125 -152.84304918025757
4.8175 99.3611126119384
4.8225 237.16018385789693
4.8275 292.9441681083297
4.8325 -5.227075401098572
4.8374999999999995 -228.46734133348352
4.842499999999999 -27.91638505980398
4.8475 41.102143071541676
4.8525 -97.07184790206749
4.8575 22.623359185497232
4.8625 -47.23392345935293
4.8675 -27.40868750672407
4.8725 -169.94578511587596
4.8774999999999995 178.50018615542535
4.882499999999999 49.636874598995476
4.8875 109.07080155359692
4.8925 240.92495310561375
4.8975 10.778421555939284
4.9025 -279.4713997269201
4.9075 -19.7517997696121
4.9125 -9.030873133620336
4.9174999999999995 43.82569132346157
4.922499999999999 -19.282877795955535
4.9275 99.35311819650796
4.9325 280.00605617785146
4.9375 -142.694928100884
4.9425 -85.99700854102586
4.9475 -103.65668446416863
4.9525 -98.39751310689576
4.9575 31.450850337765672
4.9624999999999995 -14.848432861748151
4.967499999999999 -6.62957351085816
4.9725 -237.64451871712023
4.9775 -47.74689070791728
4.9825 106.5750972994715
4.9875 -127.72689599470576
4.9925 -50.417987870604335
4.9975 368.0711759757151
5.0024999999999995 -173.6614980554034
5.007499999999999 9.616454491126861
5.0125 164.74320716034273
5.0175 -126.91539525988526
5.0225 -79.81840190599321
5.0275 1.0368625886684297
5.0325 315.3106074011824
5.0375 -134.66623754362703
5.0424999999999995 28.280254256550965
5.047499999999999 -44.83592660718253
5.0525 -34.09783569611893
5.0575 -113.02893894013278
5.0625 -8.770145712296697
5.0675 -95.5338902092673
5.0725 -127.20681963113097
5.0775 357.96801678877694
5.0825 -17.036637068006453
5.0874999999999995 -27.052939441267252
5.092499999999999 -37.30978667584622
5.0975 -42.154409005901684
5.1025 150.9631937417993
5.1075 -221.8539472536138
5.1125 110.27207764133784
5.1175 7.652021545453013
5.1225 -3.7986890964478537
5.1274999999999995 -127.94892981374066
5.132499999999999 92.92930821460892
5.1375 12.400654572183617
5.1425 -22.86764249363943
5.1475 98.39136284803281
5.1525 130.412448239488
5.1575 34.667129131228556
5.1625 66.80479100830769
5.1674999999999995 -157.4141855256687
5.172499999999999 57.345364442238356
5.177499999999999 37.37768374414401
5.1825 -231.67347555522696
5.1875 60.094027238065536
5.1925 62.302027803863695
5.1975 -74.61236436405733
5.2025 141.61587952609113
5.2075 -54.19420049470702
5.2124999999999995 7.205924874613284
5.217499999999999 289.5525711462931
5.2225 -412.0177796251898
5.2275 -82.76533436273277
5.2325 -178.71855011604944
5.2375 -47.510245221249185
5.2425 264.83657743493745
5.2475 -290.8400761265455
5.2524999999999995 177.79832427869943
5.257499999999999 -98.24115178884293
5.2625 254.5826832193872
5.2675 -18.80076605661855
5.2725 -194.1791390064573
5.2775 176.23362631567076
5.2825 68.33850556198887
5.2875 -139.89146089308898
5.2924999999999995 179.2964515450464
5.297499999999999 -214.9072738171477
5.302499999999999 44.12041254399718
5.3075 -88.84901647609907
5.3125 59.26205458895546
5.3175 111.84558755420673
5.3225 -328.0548464347543
5.3275 181.17655883621038
5.3325 171.49257827924322
5.3374999999999995 -1.84090557538355
5.342499999999999 20.37187323677806
5.3475 -234.98133188737725
5.3525 -124.07332037447068
5.3575 49.35764771482331
5.3625 148.01279271801596
5.3675 -19.79738622780898
5.3725 136.8084668542866
5.3774999999999995 307.62521982965075
5.382499999999999 -284.1161225001586
5.3875 -262.5229176604551
5.3925 127.10372861442298
5.3975 -9.688279323427514
5.4025 -31.288123389942882
5.4075 -151.08875850047437
5.4125 -18.75823846894512
5.4174999999999995 108.98523580577333
5.422499999999999 261.50804881822194
5.427499999999999 -95.57433717482836
5.4325 164.38008773199542
5.4375 -119.06104947496885
5.4425 157.0540402356601
5.4475 21.85024177674813
5.4525 70.99668803636291
5.4575 126.6568694443846
5.4624999999999995 -85.0349591012251
5.467499999999999 -10.640028362581603
5.4725 -157.91940968517036
5.4775 102.93017835938352
5.4825 -160.70055016376497
5.4875 164.73309462944556
5.4925 -31.41664179267298
5.4975 -12.60277307930356
5.5024999999999995 -99.30150089236896
5.507499999999999 -16.307372820815978
5.5125 143.6466619749261
5.5175 30.48451861246136
5.5225 -6.534592407862943
5.5275 -223.39190830181838
5.5325 48.13142926147468
5.5375 381.02231766513916
5.5424999999999995 68.42295556383779
5.547499999999999 -49.610330323858506
5.552499999999999 36.943733900350814
5.5575 -186.68900822231637
5.5625 161.65367922810927
5.5675 -54.44317465818093
5.5725 -131.80018270153337
5.5775 41.63905810437837
5.5825 -130.33252480974036
5.5874999999999995 -132.2875853872492
5.592499999999999 124.57064143817504
5.5975 -64.2922880208118
5.6025 -162.8793776595703
5.6075 183.1236281563165
5.6125 47.534564402732485
5.6175 -142.1113066942924
5.6225 -316.04628336560893
5.6274999999999995 572.6162383866888
5.632499999999999 -131.05591532286465
5.6375 147.018300333752
5.6425 -41.638142276357705
5.6475 -178.02662467728265
5.6525 -34.76309264399423
5.6575 70.45127527743789
5.6625 -5.396918997143598
5.6674999999999995 -58.17162816685063
5.672499999999999 56.22978775103837
5.677499999999999 133.25852513545152
5.6825 29.473895022923017
5.6875 -94.47114153105952
5.6925 -58.747011331959776
5.6975 -75.9251680407048
5.7025 128.13991311534033
5.7075 83.85273328898995
5.7124999999999995 -280.06987307441585
5.717499999999999 1.0614686243306246
5.7225 266.16052210682255
5.7275 -20.171309531941482
5.7325 153.43099471621917
5.7375 -159.5640481181376
5.7425 217.16630495186303
5.7475 -200.38705055913752
5.7524999999999995 -79.14272609853795
5.757499999999999 -32.08328011447945
5.7625 -56.108814896161746
5.7675 -48.07602798227959
5.7725 -2.171949081294482
5.7775 78.91627515279777
5.7825 -58.103141073718845
5.7875 14.01550806729934
5.7924999999999995 103.77556236244799
5.797499999999999 -125.51790407139212
5.802499999999999 240.8311717899594
5.8075 -129.8845931274549
5.8125 -76.87501801966475
5.8175 -141.4444233621735
5.8225 351.2365263566808
5.8275 11.103988153696873
5.8325 -16.6306894554521
5.8374999999999995 -63.14374296829709
5.842499999999999 -190.0532719286396
5.8475 -11.90825200497129
5.8525 303.07182122094827
5.8575 -244.00109659292016
5.8625 240.86019044555826
5.8675 -280.2596960640204
5.8725 96.3484675209486
5.8774999999999995 -187.90264588298453
5.882499999999999 214.4310078501737
5.8875 13.738983007372635
5.8925 -183.864622179694
5.8975 17.26624877795022
5.9025 -226.0802560589999
5.9075 287.9379762146918
5.9125 -369.3171105220673
5.9174999999999995 81.45017137625621
5.922499999999999 267.12279287172834
5.927499999999999 20.77741030573694
5.9325 -306.5466135267624
5.9375 106.56706222443498
5.9425 -0.9658022293337359
5.9475 178.30876207869463
5.9525 9.26057556489899
5.9575 81.01408407407683
5.9624999999999995 23.26096589063302
5.967499999999999 168.8299094318283
5.9725 31.351922489705526
5.9775 83.05990623487709
5.9825 -60.38923992665536
5.9875 -9.337813289500676
5.9925 -72.80629887350572
5.9975 4.358072114430387
6.0024999999999995 19.013409217244973
6.007499999999999 -302.50924122630045
6.012499999999999 73.89418176750142
6.0175 97.60795197971865
6.0225 85.58667311221042
6.0275 -367.4935211360443
6.0325 207.0049585789979
6.0375 4.242245923544058
6.0424999999999995 -202.91281871022414
6.047499999999999 -66.7795828420388
6.052499999999999 0.7807049649496447
6.0575 48.11225029634187
6.0625 139.0297983101261
6.0675 -137.54748381459802
6.0725 178.9930987770005
6.0775 -185.97408944734445
6.0825 -131.77374422032293
6.0874999999999995 172.29272597042734
6.092499999999999 13.744709564191528
6.0975 166.25806592038802
6.1025 66.56211895219325
6.1075 -59.62138997645443
6.1125 -62.62976975633934
6.1175 -169.04799150558782
6.1225 -50.20554971860667
6.1274999999999995 31.237305297074066
6.132499999999999 306.97170878734204
6.137499999999999 99.89450243061019
6.1425 -166.03059476723388
6.1475 121.55650286327224
6.1525 -100.68610364365401
6.1575 291.611783344361
6.1625 93.66151929635728
6.1674999999999995 -96.75077432236735
6.172499999999999 -134.3802244527724
6.177499999999999 234.707872482799
6.1825 -40.84974830356902
6.1875 -40.123063243883294
6.1925 40.94355435710668
6.1975 -358.7961161169651
6.2025 139.58306159684642
6.2075 260.1839347642076
6.2124999999999995 -67.96954950640036
6.217499999999999 -67.82188855454386
6.2225 164.78058610203456
6.2275 -326.2506239165098
6.2325 -116.57189385173693
6.2375 -120.48104680810872
6.2425 235.8274238149749
6.2475 -28.726818052315032
6.2524999999999995 129.35676696400867
6.257499999999999 73.60556751453292
6.262499999999999 307.91235916856675
6.2675 -516.0639839052077
6.2725 115.86387378818276
6.2775 306.56977213308164
6.2825 -173.77433306776015
6.2875 -148.79130364325056
6.2924999999999995 168.27834095328416
6.297499999999999 -57.20471799614707
6.302499999999999 -220.63332693062597
6.3075 299.82485113569624
6.3125 -167.10334360318802
6.3175 65.39512246516732
6.3225 -211.72283846923105
6.3275 50.082170578239555
6.3325 60.55746345451209
6.3374999999999995 87.5901675703951
6.342499999999999 -69.07866513618211
6.3475 -149.5904538582406
6.3525 -143.40351266188193
6.3575 -75.20185891258492
6.3625 241.99208828423778
6.3675 -180.18575476508136
6.3725 249.05288941904834
6.3774999999999995 5.143212529224957
6.382499999999999 44.86457070754275
6.387499999999999 -69.74361259734697
6.3925 77.7032513008594
6.3975 -85.99760777677388
6.4025 11.683437805752952
6.4075 237.53907559483375
6.4125 9.932354103055944
6.4174999999999995 -323.7936257651993
6.422499999999999 61.11698476778913
6.427499999999999 -60.79938771599415
6.4325 174.49172721007756
6.4375 -215.39193342688188
6.4425 -66.21772656206252
6.4475 63.06324931718054
6.4525 -84.86302607513119
6.4575 204.7868462718095
6.4624999999999995 144.45816099914828
6.467499999999999 240.15042208473446
6.4725 -185.67387207442445
6.4775 -98.33386253312138
6.4825 -75.80697569759612
6.4875 -50.294857161746265
6.4925 164.17641119877223
6.4975 21.754324844890423
6.5024999999999995 57.31643638255793
6.507499999999999 231.4459807168654
6.512499999999999 -282.6885203979227
6.5175 -12.184062297971517
6.5225 25.267770882894133
6.5275 103.69065510451115
6.5325 -238.13356745896033
6.5375 -55.368120431034015
6.5424999999999995 273.0987346608562
6.547499999999999 -286.4086223050754
6.552499999999999 41.98807654448159
6.5575 -84.03759238545489
6.5625 -33.130332868891635
6.5675 118.1347680537934
6.5725 42.70759413143745
6.5775 -87.25085289398413
6.5825 66.35664214582854
6.5874999999999995 76.1750164515019
6.592499999999999 146.69514225842116
6.5975 -63.66227242465766
6.6025 144.14403961995933
6.6075 -168.46701731568007
6.6125 -340.8558434493615
6.6175 -43.67936259873083
6.6225 167.45485734568638
6.6274999999999995 -167.69715622819928
6.632499999999999 169.82575003073302
6.637499999999999 337.8781572639943
6.6425 -104.72408728563663
6.6475 -70.96786419159518
6.6525 20.08724500684349
6.6575 -196.1630751414368
6.6625 69.96438899503626
6.6674999999999995 14.169018739053358
6.672499999999999 -93.6533815854219
6.677499999999999 9.095256172434512
6.6825 144.7420403817746
6.6875 108.8745714522133
6.6925 33.589618779073845
6.6975 -251.96101550559496
6.7025 -22.87412513491331
6.7075 147.79180262712185
6.7124999999999995 39.099628588814454
6.717499999999999 21.343795197374043
6.722499999999999 38.88837232866761
6.7275 -9.26840563130673
6.7325 -57.11577425252603
6.7375 192.33953763070406
6.7425 56.41334284524974
6.7475 -157.16576796456943
6.7524999999999995 107.27388723768976
6.757499999999999 -74.56966125090398
6.762499999999999 -216.69388427831544
6.7675 47.40007847909403
6.7725 -184.79492034271283
6.7775 -12.665352555364102
6.7825 113.06526336375599
6.7875 16.8381060803054
6.7924999999999995 39.39808088744291
6.797499999999999 139.9858382864637
6.802499999999999 205.25744792142638
6.8075 -90.68264338986235
6.8125 -242.41504029671378
6.8175 115.87461239806305
6.8225 139.72527784585242
6.8275 -308.07385228156295
6.8325 59.41457732439063
6.8374999999999995 154.02810695379452
6.842499999999999 102.02059586474611
6.847499999999999 83.66302267253624
6.8525 -205.11345028165255
6.8575 195.81370464704202
6.8625 -198.81361485991854
6.8675 150.5246463360748
6.8725 -130.5895904322029
6.8774999999999995 58.63516583493569
6.882499999999999 125.28930497602629
6.887499999999999 -75.25653674027748
6.8925 -211.91060137212702
6.8975 246.7336086431768
6.9025 -30.885913138640554
6.9075 66.55356490794502
6.9125 82.7101983578609
6.9174999999999995 -260.9903305473198
6.922499999999999 -59.025814119334434
6.927499999999999 113.6697501222495
6.9325 10.303046547518125
6.9375 -54.305609394407455
6.9425 165.21631496807478
6.9475 -40.38297470981094
6.9525 96.31473833813742
6.9575 -76.25218969970558
6.9624999999999995 -62.54936610901104
6.967499999999999 -74.26026586010443
6.972499999999999 -56.846902146289274
6.9775 407.4559476187645
6.9825 -160.67247635056592
6.9875 90.56825331205323
6.9925 -49.87989680142644
6.9975 64.86588834772378
7.0024999999999995 -225.40062021644664
7.007499999999999 152.634703832104
7.012499999999999 113.89673204428574
7.0175 -387.4054015907829
7.0225 94.76706503904123
7.0275 -177.97918083827747
7.0325 183.7948845672341
7.0375 45.6765396857557
7.0424999999999995 -83.67095767757135
7.047499999999999 -227.01795947408226
7.052499999999999 175.34718282126414
7.0575 55.03118440737157
7.0625 -119.62575541436031
7.0675 541.0880426882121
7.0725 -460.2302583506488
7.0775 82.22642510122262
7.0825 -91.24534996878539
7.0874999999999995 53.918234668844654
7.092499999999999 -75.52767946839997
7.097499999999999 165.38361569393314
7.1025 -133.8088561934918
7.1075 115.5875845276545
7.1125 48.82386235318743
7.1175 -174.78246865784234
7.1225 12.964674627443209
7.1274999999999995 -25.493846714161634
7.132499999999999 48.018477928432546
7.137499999999999 -0.7109662401896045
7.1425 -165.60760670060878
7.1475 -5.338476010976406
7.1525 -8.384885286250585
7.1575 140.970665000744
7.1625 -72.96334785208097
7.1674999999999995 -17.295119526419082
7.172499999999999 25.529116619716216
7.177499999999999 -3.2903817808610776
7.1825 -161.56614067521133
7.1875 294.6486666923754
7.1925 -52.579455425207534
7.1975 -181.29281346618222
7.2025 296.90831759001856
7.2075 43.56112295099952
7.2124999999999995 -106.21733263597865
7.217499999999999 238.62286239537323
7.222499999999999 -196.96345251334074
7.2275 -184.54100202377214
7.2325 -34.791352254487144
7.2375 -7.632776261739383
7.2425 -83.10867065578104
7.2475 -44.57270552826985
7.2524999999999995 14.120491433392699
7.257499999999999 35.42330648486951
7.262499999999999 136.2384331906525
7.2675 -3.858556616257539
7.2725 -29.25911466707939
7.2775 155.23941662174119
7.2825 -143.11055191018087
7.2875 -114.90141169943477
7.2924999999999995 249.85776540135038
7.297499999999999 252.1840235761622
7.302499999999999 -116.54375371995705
7.3075 -86.5301442700557
7.3125 70.87896683150537
7.3175 -95.50254652159788
7.3225 -93.72421404042731
7.3275 -38.70074969483342
7.3325 -15.473491538740408
7.3374999999999995 148.5839759695096
7.342499999999999 -163.1601936895766
7.347499999999999 -79.15513793673874
7.3525 -94.21177877243737
7.3575 145.37965504777176
7.3625 30.656870603557827
7.3675 14.43463755046497
7.3725 301.13355463976836
7.3774999999999995 -52.64394629750776
7.382499999999999 -206.20385354488786
7.387499999999999 -148.3605739349921
7.3925 108.68914733196667
7.3975 76.5067196233359
7.4025 -53.97297513075243
7.4075 -77.30203125570829
7.4125 139.25418959680732
7.4174999999999995 -255.0610865131629
7.422499999999999 100.22094195984612
7.427499999999999 -28.163388548227385
7.4325 181.1640709421768
7.4375 104.64261385643935
7.4425 -99.58184769209917
7.4475 -125.48279522524805
7.4525 16.35940382657812
7.4575 -240.4463953316518
7.4624999999999995 36.62760769993731
7.467499999999999 -121.44108089992608
7.472499999999999 408.1089674726361
7.4775 50.616402800788975
7.4825 186.25671739571925
7.4875 -311.2195257348428
7.4925 -181.87708095259876
7.4975 54.79981809027089
7.5024999999999995 -128.7029494449846
7.507499999999999 97.84760127702695
7.512499999999999 109.5787842502574
7.5175 52.74957916462267
7.5225 -64.52249494700872
7.5275 151.33088737583174
7.5325 -4.221486891906612
7.5375 110.84925430298743
7.5424999999999995 106.83788257056743
7.547499999999999 59.52818815887523
7.552499999999999 -145.88175854960988
7.557499999999999 -136.4116304804853
7.5625 390.366998085781
7.5675 -221.13949165603162
7.5725 -101.58021627664229
7.5775 -64.91675417286481
7.5825 21.5357569612096
7.5874999999999995 56.21960784888449
7.592499999999999 10.54476066857647
7.597499999999999 -239.0972738106054
7.6025 170.96891972542122
7.6075 178.52528592897414
7.6125 -230.0677169165958
7.6175 293.33606591900497
7.6225 -163.8528965294851
7.6274999999999995 -150.18091660541418
7.632499999999999 166.83645868585475
7.637499999999999 104.37061582915965
7.6425 -280.4139720311434
7.6475 143.72825659343474
7.6525 -6.768627653087653
7.6575 -80.25344113774372
7.6625 -50.020607723915745
7.6674999999999995 62.56414804696877
7.672499999999999 56.51512081327075
7.677499999999999 130.41251771609646
7.682499999999999 -153.5694260690777
7.6875 128.5547671553957
7.6925 -115.20599109805666
7.6975 146.2604987012192
7.7025 -66.9775803862347
7.7075 119.0184739329744
7.7124999999999995 -300.2609655442796
7.717499999999999 322.4530922371984
7.722499999999999 -123.00941585814026
7.7275 -186.19522691286258
7.7325 53.244958172902166
7.7375 166.21384774346598
7.7425 -72.67009235113187
7.7475 132.83812770418137
7.7524999999999995 -109.31826249548494
7.757499999999999 210.57304691688304
7.762499999999999 -170.4690581600509
7.7675 95.89207923272663
7.7725 -308.18964583949685
7.7775 222.56052199317668
7.7825 20.436419111393324
7.7875 -15.461506560611317
7.7924999999999995 85.43994641020261
7.797499999999999 149.35465340713986
7.802499999999999 -98.53203245299359
7.807499999999999 226.89453520023656
7.8125 -293.59437442272747
7.8175 127.22076284957666
7.8225 -95.95697538524288
7.8275 48.06326428716396
7.8325 -14.860778644537108
7.8374999999999995 -222.1192339457834
7.842499999999999 92.84959880702732
7.847499999999999 119.58435959307268
7.8525 -179.240969999315
7.8575 327.6296466960931
7.8625 -244.1767783952202
7.8675 95.70465502829691
7.8725 -75.23802359264245
7.8774999999999995 -311.62570335707824
7.882499999999999 253.75547024429483
7.887499999999999 -66.94714489468579
7.8925 -160.37247780264565
7.8975 70.71507098579974
7.9025 70.72363174085673
7.9075 -121.28367585373246
7.9125 88.29965914325315
7.9174999999999995 -21.216029556590684
7.922499999999999 125.23049013210243
7.927499999999999 -97.14766260624828
7.932499999999999 1.0009410767405273
7.9375 168.9502542339545
7.9425 -58.5718271163925
7.9475 -4.256911014478462
7.9525 -137.05248982252377
7.9575 45.074579283595924
7.9624999999999995 -80.60238437731337
7.967499999999999 73.3495430543137
7.972499999999999 139.83628936040597
7.9775 45.1771367581104
7.9825 -120.37745692171922
7.9875 -101.11451009623244
7.9925 -227.52556544436013
7.9975 196.93013637423027
8.0025 45.91285640858621
8.0075 -206.56903944179135
8.0125 214.45611114360747
8.0175 -65.64704214735424
8.022499999999999 -134.36048993794086
8.0275 -70.35056788079275
8.032499999999999 94.0642116403192
8.0375 110.82946768069952
8.0425 -240.70453198603593
8.0475 300.3793531587651
8.0525 -2.97668186677991
8.0575 -45.49607518215289
8.0625 94.46921908172303
8.067499999999999 100.80115348607453
8.0725 14.722771256891582
8.077499999999999 -63.61056472197696
8.0825 200.81916953639626
8.0875 -6.908227870932918
8.0925 -65.67114460918957
8.0975 127.28266457198735
8.1025 -274.70049483041157
8.1075 251.3535917320358
8.112499999999999 23.977093663859797
8.1175 -67.7041375458003
8.1225 20.373302244293072
8.1275 -30.751702752915197
8.1325 152.46676360564504
8.1375 -179.85731804652107
8.1425 -57.07220794514629
8.147499999999999 335.2443179852722
8.1525 -334.45539372700597
8.157499999999999 -145.75831966988625
8.1625 76.81462468825009
8.1675 120.70812478681951
8.1725 -50.147775444795954
8.1775 -75.17793685307956
8.1825 53.88972096870979
8.1875 28.26502216806756
8.192499999999999 -56.97028154982537
8.1975 -56.68838047414975
8.202499999999999 31.626795901167366
8.2075 -4.240649540563203
8.2125 -12.67907576454966
8.2175 -3.179505929912328
8.2225 -34.95532784039113
8.2275 -311.90903107174813
8.2325 52.79134065919616
8.237499999999999 307.9094145709451
8.2425 -147.3649424238352
8.2475 10.09697853205905
8.2525 87.25362248423974
8.2575 35.967269380138525
8.2625 -2.861385961371066
8.2675 -155.52869195516595
8.272499999999999 179.95083106140905
8.2775 128.93682560456608
8.282499999999999 -128.17704138858684
8.2875 -20.95291900864602
8.2925 -60.773642816607975
8.2975 9.917342681755105
8.3025 -156.49320822576877
8.3075 56.311466600065934
8.3125 47.317289599792915
8.317499999999999 -23.06793223957672
8.3225 1.242843363613466
8.327499999999999 95.3178826965098
8.3325 33.16269238879088
8.3375 96.12734505606184
8.3425 144.13833562987975
8.3475 -258.4384837327989
8.3525 25.3404449943618
8.3575 25.273542573191634
8.362499999999999 119.92862131980907
8.3675 4.47270549195359
8.3725 -203.77098864618233
8.3775 255.80947248623494
8.3825 115.60845580085828
8.3875 -190.41176004363498
8.3925 -0.1806489192595649
8.397499999999999 136.09160411591478
8.4025 -38.589733969576336
8.407499999999999 -305.32611978804994
8.4125 26.34433040555498
8.4175 166.8690779535288
8.4225 -73.8241469776485
8.4275 229.72248554378405
8.4325 -34.71722650297293
8.4375 41.33188728089454
8.442499999999999 171.9168948886285
8.4475 67.44456477833893
8.452499999999999 30.066342327310352
8.4575 -240.56315498287987
8.4625 33.99332050762579
8.4675 80.15021455611934
8.4725 -124.21998654761506
8.4775 67.96200787318531
8.4825 -190.24320702822598
8.487499999999999 103.20082659300863
8.4925 29.38219932136746
8.4975 -53.192782292621246
8.5025 18.556906055766948
8.5075 65.57946917164482
8.5125 -202.18834400672966
8.5175 -42.95784282224013
8.522499999999999 227.05887527516597
8.5275 17.4517363815432
8.532499999999999 74.84358435920988
8.5375 -127.41977833135417
8.5425 351.95542424650114
8.5475 -132.96324902313955
8.5525 -10.551762542231039
8.5575 4.247696679280862
8.5625 -166.3680379175043
8.567499999999999 82.04509352165111
8.5725 -78.47981319669141
8.577499999999999 -171.6636768623209
8.5825 151.31485959596313
8.5875 -35.30399988433567
8.5925 19.707749494493854
8.5975 -106.12557614239068
8.6025 13.704100618128528
8.6075 113.48154167428486
8.612499999999999 -100.59209495000832
8.6175 -119.97388835666683
8.6225 14.743750824127112
8.6275 98.44414612229987
8.6325 -244.6064270053439
8.6375 72.91222227916512
8.6425 -208.30938163974938
8.647499999999999 160.17596032074522
8.6525 27.16663541091413
8.657499999999999 91.10307819112639
8.6625 55.85067995237593
8.6675 97.73001185403187
8.6725 -155.02285908583332
8.6775 76.83096932356032
8.6825 178.93172540433613
8.6875 -291.1461024281724
8.692499999999999 -97.80608900346942
8.6975 199.6421976295073
8.702499999999999 55.172411404213896
8.7075 -100.67075155011962
8.7125 90.4770101295441
8.7175 104.6227990750715
8.7225 -168.3931636808823
8.7275 265.65454159969687
8.7325 15.797995986529202
8.737499999999999 -18.95591469205091
8.7425 -95.07719256591938
8.747499999999999 76.08016719616137
8.7525 10.118561414161642
8.7575 -31.59220391888326
8.7625 159.18438319076256
8.7675 -50.098514687211846
8.772499999999999 -83.77072404776679
8.7775 34.41780758471232
8.782499999999999 -176.12725473325295
8.7875 91.67191213321185
8.7925 30.4282604550952
8.7975 98.02122147939687
8.8025 24.935027667284935
8.8075 31.585395211253743
8.8125 -12.994914058108398
8.817499999999999 155.43319819901436
8.8225 -82.26317217421398
8.827499999999999 -174.72604601986902
8.8325 110.73190910079785
8.8375 -317.83754428567124
8.8425 273.9629312978453
8.8475 -204.73702470114722
8.8525 -53.99306123932986
8.8575 31.982485082566818
8.862499999999999 -19.877981264771776
8.8675 69.11956014691708
8.872499999999999 -83.56487498889197
8.8775 -154.3703818534848
8.8825 118.48675823081841
8.8875 -83.29561615585168
8.8925 246.8372303730119
8.897499999999999 -58.34033921522699
8.9025 74.1764889129
8.907499999999999 159.04243800579715
8.9125 83.7934592152109
8.9175 -211.9369619553219
8.9225 87.18776944934326
8.9275 144.87823394307657
8.9325 -145.86531154156975
8.9375 -291.1262113278029
8.942499999999999 98.38098188478475
8.9475 91.40865921085364
8.952499999999999 -5.780976214652213
8.9575 -104.88230420810721
8.9625 60.22369980121608
8.9675 152.7272822023898
8.9725 -77.07216947561741
8.9775 -183.33931644511165
8.9825 145.60629063944154
8.987499999999999 86.4218458960134
8.9925 -137.93539698387642
8.997499999999999 -24.04924972720715
9.0025 17.925707515086124
9.0075 -206.87454045815127
9.0125 44.524469024322656
9.0175 269.0410712431881
9.022499999999999 -52.13933584804752
9.0275 -166.7938124171992
9.032499999999999 22.46593137518758
9.0375 51.11811997057702
9.0425 226.58588030113043
9.0475 -195.5286786372071
9.0525 56.27731896214207
9.0575 -142.3837992160695
9.0625 82.99714438271934
9.067499999999999 -148.82192730061408
9.0725 221.40055501254733
9.077499999999999 -8.49160162002098
9.0825 -24.29750846583216
9.0875 -127.633256790296
9.0925 355.7769243030569
9.0975 -249.5067851023572
9.1025 135.44572035187323
9.1075 -68.19303075477825
9.112499999999999 35.29346759892901
9.1175 -97.27920445860306
9.122499999999999 -2.5993157203705723
9.1275 23.686740653496894
9.1325 -72.87925558732859
9.1375 51.73794785997246
9.1425 -90.1519084197746
9.147499999999999 -55.5815909949067
9.1525 37.666803018368725
9.157499999999999 61.438223814980084
9.1625 230.05274154944402
9.1675 -73.46606480079159
9.1725 -50.10900170755541
9.1775 -8.0836249746967
9.1825 -144.3011438640186
9.1875 7.832147547966294
9.192499999999999 137.08371666316987
9.1975 -12.556503763417993
9.202499999999999 -43.209689738206464
9.2075 -66.22350838436542
9.2125 30.707525367183738
9.2175 144.72125523061672
9.2225 -62.67787757065951
9.2275 87.84791118192038
9.2325 53.45521596997131
9.237499999999999 26.233619956304793
9.2425 53.52093268334059
9.247499999999999 -272.6623857687193
9.2525 -132.24954372029504
9.2575 -19.88101652410407
9.2625 77.6436440551625
9.2675 55.4570223307886
9.272499999999999 94.63457630472713
9.2775 -258.97138109653287
9.282499999999999 309.72602761070374
9.2875 -116.26007730639998
9.2925 -4.758605551734969
9.2975 165.1622082170503
9.3025 -144.42897740239658
9.3075 65.18979658620775
9.3125 10.39935310103808
9.317499999999999 156.58332726556827
9.3225 -411.6070157572889
9.327499999999999 370.0516031143176
9.3325 53.725006949175985
9.3375 -38.10337549927506
9.3425 -43.44952137049183
9.3475 -67.42120879529115
9.3525 143.57505010183556
9.3575 -104.64229722099054
9.362499999999999 31.690185444218173
9.3675 -9.868707575504512
9.372499999999999 -21.792977170770794
9.3775 -152.70405008146324
9.3825 -5.875071441545325
9.3875 375.33522139693736
9.3925 -133.29703891931646
9.397499999999999 -300.8924214477665
9.4025 151.02961811653284
9.407499999999999 -8.910035169289653
9.4125 -156.14986658298875
9.4175 -50.33385839622659
9.4225 37.235238867094026
9.4275 239.9988754923586
9.4325 23.421111545599274
9.4375 52.1912372924354
9.442499999999999 -2.598947152226047
9.4475 -185.82594669889352
9.452499999999999 -21.914339540397254
9.4575 -20.45552438921414
9.4625 67.34081093768022
9.4675 -97.85430405914546
9.4725 134.47784245951743
9.4775 -174.54169229006962
9.4825 149.4990185294862
9.487499999999999 66.09466759964529
9.4925 2.101695795403002
9.497499999999999 -36.22285179872601
9.5025 -52.4471375615722
9.5075 -118.20485561724912
9.5125 -64.86573776572794
9.5175 40.09841380178888
9.522499999999999 65.54213756747173
9.5275 12.543510979712709
9.532499999999999 -136.30344984166157
9.5375 208.24169636901738
9.5425 81.20093658092419
9.5475 5.035397744615762
9.5525 -149.21298454959444
9.5575 247.41746861089092
9.5625 -19.083194786081933
9.567499999999999 210.72107169984255
9.5725 -121.45414355499327
9.577499999999999 -184.5561766098353
9.5825 173.51032563996077
9.5875 -256.11062437217254
9.5925 173.10269506183394
9.5975 -92.54823691225045
9.6025 52.833704810714295
9.6075 99.57998445578124
9.612499999999999 -65.80653767627264
9.6175 48.73334722763782
9.622499999999999 102.41629804607271
9.6275 90.22111291152257
9.6325 -129.06373147231972
9.6375 -139.81325391716544
9.6425 87.18023123732488
9.647499999999999 -74.58395658943348
9.6525 -80.87084699263053
9.657499999999999 18.34213438449938
9.6625 -199.31448620463235
9.6675 -27.66888089241238
9.6725 52.00481413342893
9.6775 -17.460342796416736
9.6825 322.14362236958
9.6875 -242.42124476838484
9.692499999999999 -71.02811903033862
9.6975 167.61294242050224
9.702499999999999 -225.33224970716918
9.7075 394.1086626768178
9.7125 -57.8311193612317
9.7175 -166.91502725594506
9.7225 165.95338967558465
9.7275 -256.3336400746399
9.7325 229.60574299853914
9.737499999999999 -58.07001731112649
9.7425 155.4988553046116
9.747499999999999 -77.72411661986519
9.7525 -233.93663923230105
9.7575 29.666162424622797
9.7625 -10.67293632661736
9.7675 179.38762933006618
9.772499999999999 47.25351231015879
9.7775 -205.8363233387867
9.782499999999999 197.81745444492125
9.7875 -213.53255723854832
9.7925 -57.070832591205345
9.7975 177.3631017497603
9.8025 -34.07654795801782
9.8075 -150.10977387419143
9.8125 284.27373975100755
9.817499999999999 98.94393900056863
9.8225 -87.63275896832006
9.827499999999999 -85.95358802925631
9.8325 -151.89414871494662
9.8375 -98.01788502317675
9.8425 87.17115559217523
9.8475 28.949057932654583
9.8525 -45.728872348951384
9.8575 304.2913722884051
9.862499999999999 -452.7707162223982
9.8675 145.3906049823361
9.872499999999999 142.53701145420987
9.8775 29.31469226948537
9.8825 -74.65439613316451
9.8875 106.60375297926647
9.8925 -29.52167177067708
9.897499999999999 13.489608563893139
9.9025 -212.42935820647892
9.907499999999999 219.06708390256588
9.9125 -144.48540135621477
9.9175 -23.371458962312786
9.9225 149.66733130452036
9.9275 118.95737004533683
9.9325 -268.3492971265799
9.9375 -20.579229859105872
9.942499999999999 105.40401590367064
9.9475 175.59148955144482
9.952499999999999 -1.3499741885139067
9.9575 70.9822299936168
9.9625 -137.43758603113167
9.9675 82.54544273912553
9.9725 -46.78606000362333
9.9775 21.067698313363895
9.9825 -233.2330217224704
9.987499999999999 -5.130958066069093
9.9925 217.06895111742116
9.997499999999999 29.08518997820951
10.0025 -220.7033180344296
