0.0075 55.94111770624792
0.012499999999999999 271.8005637053597
0.017499999999999998 -243.70829920335814
0.0225 -92.99577680172965
0.0275 165.8918012938706
0.0325 -51.32734825062984
0.0375 21.88493902662082
0.042499999999999996 -2.173266472269471
0.0475 215.80562373374542
0.0525 -407.02683639968063
0.057499999999999996 -65.92379471685678
0.0625 153.73952691279234
0.06749999999999999 -31.688194801221954
0.0725 93.27535356904936
0.0775 -59.29367723573463
0.08249999999999999 -46.23200089393336
0.0875 -157.08658857929632
0.0925 94.93617742009906
0.09749999999999999 -189.86874508300116
0.1025 -22.74104568494667
0.1075 -80.24150349713338
0.11249999999999999 84.67335894735
0.1175 149.76578373783357
0.1225 252.06131745754342
0.1275 -22.062564048046035
0.1325 -13.26805716647904
0.13749999999999998 95.24654612077947
0.1425 -105.3644410636329
0.1475 211.64854762853142
0.1525 -381.3751336006044
0.1575 93.31075004243115
0.1625 123.47036588441735
0.16749999999999998 74.45073402489055
0.1725 -84.22728635647115
0.1775 -373.3380591707354
0.1825 315.39655332125733
0.1875 187.82407448382773
0.1925 -65.73594746830545
0.19749999999999998 128.74862742019133
0.20249999999999999 -276.04153562791294
0.2075 -98.78516258086474
0.2125 6.25083914896622
0.2175 673.4124829819388
0.2225 -361.30861897287656
0.22749999999999998 162.15872713019232
0.23249999999999998 -342.536717749593
0.2375 -87.64587438876606
0.2425 230.10751214419903
0.2475 -57.64159256830453
0.2525 -9.185605040986395
0.2575 70.73004174749448
0.2625 51.071264347119175
0.2675 -15.789498293336997
0.27249999999999996 -274.3836148595796
0.27749999999999997 11.629730742603845
0.2825 -138.6685069192468
0.2875 343.31313878423305
0.2925 68.98431287544419
0.2975 59.49241428474032
0.3025 -12.106811678090228
0.3075 91.67025811622625
0.3125 141.0938396588203
0.3175 -51.796796167475854
0.3225 -77.1999045888001
0.32749999999999996 -370.00929623494693
0.33249999999999996 -35.808772445882326
0.33749999999999997 240.51037512980943
0.34249999999999997 -31.34624593499121
0.3475 261.7746043466914
0.3525 -290.8847069524148
0.3575 51.70193322734882
0.3625 147.95349259050872
0.3675 -184.57102802440147
0.3725 18.607454762297362
0.3775 -59.27560358028191
0.3825 149.08899880474812
0.38749999999999996 -241.03916186000149
0.39249999999999996 100.65809693854266
0.39749999999999996 162.40273957167062
0.40249999999999997 58.55239462085179
0.4075 -84.39083939169535
0.4125 136.35907958442002
0.4175 0.9344130134322542
0.4225 -57.47472778184743
0.4275 -207.56561770332303
0.4325 -73.76733458642845
0.4375 -127.38982522852993
0.4425 40.74346277740489
0.44749999999999995 -60.982991233296254
0.45249999999999996 160.04210376570202
0.45749999999999996 141.17160161601313
0.46249999999999997 -189.58901133538998
0.46749999999999997 151.13223164603824
0.4725 13.931455055843848
0.4775 63.50348179382932
0.4825 -168.60622080630088
0.4875 185.56894765818072
0.4925 -207.48609146134555
0.4975 156.1800967410597
0.5025 122.16500610660812
0.5075 -100.8804523500607
0.5125 -61.28823329138827
0.5175 -74.92963850752433
0.5225 -31.040540173171483
0.5275 -65.6794652225601
0.5325 69.9515618761985
0.5375 377.213397085419
0.5425 -135.38546886853422
0.5475 36.08691757399731
0.5525 90.97820372466344
0.5575 -89.72686605615829
0.5625 -46.31507123244943
0.5675 205.13561700411833
0.5725 0.5599135666289894
0.5775 -136.11380662936065
0.5825 -77.7242569218231
0.5875 150.8367821053741
0.5925 226.01983338424495
0.5974999999999999 -56.55324794434842
0.6024999999999999 16.86213261789245
0.6074999999999999 -87.26634959886836
0.6124999999999999 -8.81745717730923
0.6174999999999999 10.156785917758757
0.6224999999999999 60.370891785965426
0.6275 -144.95048645785198
0.6325 -91.52813555537406
0.6375 96.99474617003182
0.6425 93.55884865918507
0.6475 -61.72201970725019
0.6525 -149.3148072563406
0.6575 147.02953712249524
0.6625 -119.48694391392252
0.6675 123.69962280352345
0.6725 -22.69311014761445
0.6775 -53.79274386065057
0.6825 -90.61162119002852
0.6875 64.47316655499894
0.6925 -61.867192133312585
0.6975 -168.15996833943004
0.7025 139.40345245819307
0.7075 103.04606271061253
0.7125 -4.865936648222688
0.7174999999999999 147.44439668909897
0.7224999999999999 -54.12323010626444
0.7274999999999999 -237.1398801414762
0.7324999999999999 115.85868330655876
0.7374999999999999 186.09739700575136
0.7424999999999999 -148.58702030817142
0.7474999999999999 134.75335015754467
0.7525 0.0684252484235016
0.7575 -142.02563782535216
0.7625 59.77110206727445
0.7675 47.781065830550595
0.7725 -132.26932915832256
0.7775 -60.38078693929218
0.7825 178.59741699126917
0.7875 100.85655292308684
0.7925 -59.45611065146587
0.7975 -278.5847141170597
0.8025 65.81240871285686
0.8075 -14.1753920336196
0.8125 -151.86957294371615
0.8175 280.97474852882976
0.8225 79.73028424977358
0.8275 205.52229459507572
0.8325 31.57338786376208
0.8374999999999999 -146.83193248957372
0.8424999999999999 140.12230718830207
0.8474999999999999 25.71866117654894
0.8524999999999999 -65.41599597530734
0.8574999999999999 -207.08252763333468
0.8624999999999999 57.874217227842244
0.8674999999999999 57.77866399550308
0.8724999999999999 -50.89414080650512
0.8775 -176.16473762668852
0.8825 118.06805287734643
0.8875 -1.731038648479121
0.8925 287.6658356814141
0.8975 -153.67256547598032
0.9025 -46.12505001081715
0.9075 -131.29856343060268
0.9125 13.502843331467677
0.9175 -79.87524008777245
0.9225 -98.91073418193308
0.9275 -53.39340073660388
0.9325 12.734959432469442
0.9375 165.16791293084455
0.9425 4.6637307690042205
0.9475 167.44828127942762
0.9524999999999999 40.35032201967749
0.9574999999999999 -205.56161835546663
0.9624999999999999 -13.04920818544058
0.9674999999999999 258.20571886999164
0.9724999999999999 -98.81877004802664
0.9774999999999999 169.7421480908946
0.9824999999999999 -99.86894398644029
0.9874999999999999 68.90669552960118
0.9924999999999999 6.7410534661808885
0.9974999999999999 -181.9720473181316
1.0025 -84.51408928320136
1.0075 47.76367325639602
1.0125 219.2869886846217
1.0174999999999998 -299.3333641333356
1.0225 67.64572271871306
1.0274999999999999 253.8782969929909
1.0325 -29.17708647769028
1.0374999999999999 -145.2577328108306
1.0425 11.935279721508826
1.0474999999999999 86.0810997119822
1.0525 -4.591312720945783
1.0574999999999999 -209.3737901246601
1.0625 170.14091698024555
1.0675 -20.18106178451674
1.0725 -126.70665884264011
1.0775 56.87428645678314
1.0825 98.75277569139247
1.0875 -41.8549798240512
1.0925 218.20970649996522
1.0975 -36.42886301903143
1.1025 83.9404019789443
1.1075 -530.6621943930503
1.1125 369.97853441387326
1.1175 -6.2698041577252495
1.1225 -47.170792775881665
1.1275 -2.574221506266326
1.1324999999999998 -306.6080669027941
1.1375 -6.407834967409234
1.1424999999999998 -75.21502341404408
1.1475 171.366233553529
1.1524999999999999 67.64721172875356
1.1575 79.05115092837131
1.1624999999999999 56.25801709709958
1.1675 -121.53887317387438
1.1724999999999999 -1.9464506098542373
1.1775 9.566839771276143
1.1824999999999999 21.501963170415927
1.1875 -36.710715408447335
1.1925 -69.96992080681626
1.1975 29.753613901487313
1.2025 154.3228009363416
1.2075 148.475399031111
1.2125 -42.39573863709274
1.2175 -50.767665220019836
1.2225 -124.68391370577785
1.2275 76.48865070492468
1.2325 -73.50405824203177
1.2375 -13.988272184105384
1.2425 -118.78903269689995
1.2475 10.88225013658589
1.2525 -19.35723553091809
1.2574999999999998 -109.8110253410192
1.2625 -158.6078394504893
1.2674999999999998 66.0533125366521
1.2725 -9.647152098971356
1.2774999999999999 111.32365058600375
1.2825 53.928994595411616
1.2874999999999999 161.53645771533627
1.2925 -109.66661347328431
1.2974999999999999 -133.7560679190143
1.3025 211.90827022137785
1.3074999999999999 -45.26913641982798
1.3125 -44.33799301769711
1.3175 143.18933206812426
1.3225 -132.99265236598245
1.3275 244.62555886323082
1.3325 -294.00852790698076
1.3375 97.11485096205608
1.3425 48.98916167901783
1.3475 -226.57910745027328
1.3525 -171.4412656589809
1.3575 52.41738202462924
1.3625 -63.26258639144117
1.3675 -21.250479953968142
1.3724999999999998 -87.52083346792868
1.3775 -3.4675993714863096
1.3824999999999998 242.377301603038
1.3875 94.12102232094094
1.3924999999999998 165.90758011589224
1.3975 -298.7920542444678
1.4024999999999999 101.06225000188064
1.4075 -40.48972920308219
1.4124999999999999 261.57268505848276
1.4175 27.145804665731962
1.4224999999999999 -13.934198855540252
1.4275 -197.5272075574461
1.4324999999999999 180.70913258340312
1.4375 -225.21018799067323
1.4425 340.28014704738405
1.4475 -76.76002660075588
1.4525 -120.79101853895577
1.4575 -50.56528749146301
1.4625 79.45275941092429
1.4675 -132.27064487159538
1.4725 -95.72432138236488
1.4775 249.53684136741828
1.4825 -44.23274200875977
1.4874999999999998 8.247887151610593
1.4925 -41.62832370520164
1.4974999999999998 -44.3205499151
1.5025 -42.54319958053092
1.5074999999999998 126.58578743940198
1.5125 -239.72893776561224
1.5174999999999998 -7.145724709223678
1.5225 12.6370171522074
1.5274999999999999 240.15390249438198
1.5325 -326.3480795973436
1.5374999999999999 6.837274358200636
1.5425 -2.8522037327879834
1.5474999999999999 -74.17296534354116
1.5525 234.03476257281548
1.5574999999999999 -63.48391570713948
1.5625 171.97769481610405
1.5675 -228.65671410677015
1.5725 97.95140696197305
1.5775 162.66205114392784
1.5825 -294.7807517254873
1.5875 147.4214804614025
1.5925 156.41988025454344
1.5975 -243.19278188035648
1.6025 247.4335920197845
1.6075 -59.3646394988352
1.6124999999999998 256.98952741762446
1.6175 7.586658004843435
1.6224999999999998 -9.12768865593109
1.6275 -134.73999827977784
1.6324999999999998 -93.79796898686077
1.6375 7.284845038449492
1.6424999999999998 -142.62118815508194
1.6475 111.92685176407171
1.6524999999999999 -220.96936633760265
1.6575 322.50715661801854
1.6624999999999999 16.83190371398612
1.6675 -213.39741316220832
1.6724999999999999 -32.75084847543105
1.6775 209.19912040443202
1.6824999999999999 -80.99956056804906
1.6875 -87.22197904711186
1.6925 12.382539599202392
1.6975 259.2211845054358
1.7025 57.70989083769931
1.7075 151.75205405000543
1.7125 -89.48005172043312
1.7175 -74.79659948689094
1.7225 -141.7218471441377
1.7274999999999998 85.50958644659835
1.7325 5.967342216647696
1.7374999999999998 -76.26458180023351
1.7425 200.43858430712808
1.7474999999999998 66.75991833015364
1.7525 68.43656600511909
1.7574999999999998 -76.28067695135881
1.7625 98.21302402600467
1.7674999999999998 -156.92261641458896
1.7725 -34.850145518555344
1.7774999999999999 142.6614369544075
1.7825 40.89090266732535
1.7874999999999999 -69.02677110986961
1.7925 -194.07859714309518
1.7974999999999999 -55.79680715856705
1.8025 32.288834029352785
1.8074999999999999 -281.8239563770495
1.8125 -129.3752485313671
1.8175 163.36027290033672
1.8225 77.1224429074037
1.8275 67.1492802446199
1.8325 253.74371606535377
1.8375 -52.97568131278732
1.8425 -379.50918134601204
1.8475 167.60761456467512
1.8524999999999998 140.46262124888213
1.8575 -85.21823339414391
1.8624999999999998 307.7750447048231
1.8675 -64.5558950370211
1.8724999999999998 -40.32662668024102
1.8775 -271.61095717223424
1.8824999999999998 -325.41922839695417
1.8875 224.5140400057594
1.8924999999999998 102.60385172963636
1.8975 193.67125052428855
1.9024999999999999 48.52564532761945
1.9075 189.1506949920224
1.9124999999999999 -200.18199324411333
1.9175 -27.006501170902013
1.9224999999999999 -288.83895821575754
1.9275 258.2492417544911
1.9324999999999999 -58.09228956434981
1.9375 55.33559827271041
1.9425 -244.28935787050568
1.9475 22.062345704152044
1.9525 40.210839043609006
1.9575 -3.2434886229286755
1.9625 109.6794105908593
1.9674999999999998 66.46222369499402
1.9725 -61.13500368409577
1.9774999999999998 140.85687836938646
1.9825 46.69709889085017
1.9874999999999998 12.099153724189822
1.9925 -81.61222872352724
1.9974999999999998 -29.384397834955003
2.0025 263.47970848254033
2.0075 -197.78543237343567
2.0124999999999997 -121.4982954133345
2.0175 189.28311740775564
2.0225 -42.831064328268695
2.0275 11.742697931576515
2.0324999999999998 8.743499590767774
2.0375 -17.751426627013377
2.0425 -88.72745293846603
2.0475 82.93435042394705
2.0524999999999998 120.97463679372026
2.0575 -319.0834775161786
2.0625 -67.88549544226898
2.0675 145.5425974322938
2.0725 146.37675175217726
2.0775 61.30748883869179
2.0825 -156.963699985892
2.0875 -133.8902338291835
2.0925 226.24052240983568
2.0974999999999997 -24.502827633982953
2.1025 -55.05011073029179
2.1075 -284.12222968977454
2.1125 -88.2780316540099
2.1174999999999997 76.2670224292748
2.1225 127.30698279434313
2.1275 -21.206323095416458
2.1325 40.14074129057966
2.1374999999999997 91.27565288896493
2.1425 -6.62488869196472
2.1475 51.64238461384834
2.1525 -199.84330737192354
2.1574999999999998 -21.96988075969292
2.1625 33.08347935078557
2.1675 78.06164865545576
2.1725 -22.11533472721059
2.1774999999999998 -30.720166047253272
2.1825 -20.4545295200377
2.1875 -82.580815831589
2.1925 114.39804153244089
2.1975 75.44981326339833
2.2024999999999997 48.87681474641476
2.2075 59.76319416864341
2.2125 -84.18265224098974
2.2175 -220.23016351420515
2.2224999999999997 206.20084262868548
2.2275 56.96789289665595
2.2325 -240.33810182623543
2.2375 -114.51326509927868
2.2424999999999997 -19.717959134741502
2.2475 102.94596326718758
2.2525 235.52881697036796
2.2575 -76.79043863737022
2.2624999999999997 -69.2961213941275
2.2675 57.9193129416996
2.2725 19.86373790211413
2.2775 62.28808669076977
2.2824999999999998 -222.29411288534382
2.2875 145.63202514365335
2.2925 187.47021505049457
2.2975 -70.29432314504415
2.3024999999999998 14.341401520919481
2.3075 48.27443317521228
2.3125 -35.92579473974393
2.3175 34.66429374873009
2.3225 49.652534600226474
2.3274999999999997 -159.28849704657424
2.3325 -242.71643114007753
2.3375 134.7356673080146
2.3425 -28.669418794288635
2.3474999999999997 -159.38964735659835
2.3525 1.83762892431219
2.3575 16.534838052668277
2.3625 34.4855646471173
2.3674999999999997 58.06788958999226
2.3725 58.95782731041737
2.3775 24.042755638083012
2.3825 73.74282092307523
2.3874999999999997 -15.907347694379762
2.3925 252.4504895284929
2.3975 -82.7257753292814
2.4025 -107.96663823752
2.4074999999999998 -117.29340685162661
2.4125 194.1099521470304
2.4175 -98.59811470806422
2.4225 123.16164726552402
2.4274999999999998 64.09151891259299
2.4325 -128.73106273352943
2.4375 98.92727908883057
2.4425 -22.3744904211964
2.4475 -238.12675032992374
2.4524999999999997 157.73161125446327
2.4575 -24.301515476591558
2.4625 -6.219074654111442
2.4675 -253.0845730590233
2.4724999999999997 232.30698853542728
2.4775 154.78410351035205
2.4825 -252.23075659577546
2.4875 314.5306548363221
2.4924999999999997 -288.4624281571705
2.4975 -134.59767176297277
2.5025 132.68701265957455
2.5075 130.0580870087185
2.5124999999999997 -30.796519639247297
2.5175 -84.84049038976744
2.5225 252.37560137646838
2.5275 -105.84174774875262
2.5324999999999998 -71.44235251795926
2.5375 -69.47342359357705
2.5425 -72.02063659464076
2.5475 -6.9621714571951205
2.5524999999999998 59.0536916084808
2.5574999999999997 -15.939421281191516
2.5625 91.91699100115476
2.5675 184.02590718565807
2.5725 -141.32024681982287
2.5774999999999997 77.45492479622423
2.5825 -95.10655617024756
2.5875 -32.34736175592879
2.5925 229.77280529330932
2.5974999999999997 -114.164170142797
2.6025 -205.65544256766333
2.6075 91.62852214904301
2.6125 -19.683906122510937
2.6174999999999997 -112.97469007786368
2.6225 325.4232359340515
2.6275 -304.7899298515218
2.6325 161.87386244293685
2.6374999999999997 30.65235751886632
2.6425 112.14358299150072
2.6475 -111.9700743727747
2.6525 66.75760086419099
2.6574999999999998 139.06498294893393
2.6625 34.36372372938833
2.6675 -79.06135530523954
2.6725 159.20272264687642
2.6774999999999998 -248.52058175118722
2.6824999999999997 322.7122678826819
2.6875 -107.47992117276704
2.6925 1.27231934109246
2.6975 -138.88903922771505
2.7024999999999997 -160.6843781673
2.7075 47.20266859121137
2.7125 -86.77321226388771
2.7175 -160.54376277514737
2.7224999999999997 51.44926259250184
2.7275 231.22934251966774
2.7325 -89.48175060772836
2.7375 -153.18638178894022
2.7424999999999997 115.07063382195368
2.7475 -121.71710541246905
2.7525 -30.980954244161257
2.7575 154.00629129873667
2.7624999999999997 27.286967449345244
2.7675 -154.5148279660821
2.7725 100.09362081145552
2.7775 -245.84824979968607
2.7824999999999998 221.84710170232825
2.7875 -176.1919437717887
2.7925 140.94104270131686
2.7975 -67.28825056753199
2.8024999999999998 -58.85320185412519
2.8074999999999997 231.1818664424636
2.8125 -232.90624191575444
2.8175 160.09765057733833
2.8225 -79.49124445180315
2.8274999999999997 63.0900130752397
2.8325 108.0441820276355
2.8375 -138.21379501737297
2.8425 17.664452176805746
2.8474999999999997 18.952217957508864
2.8525 -24.768616452550123
2.8575 35.40828506314775
2.8625 -135.43171081484672
2.8674999999999997 64.36907664756369
2.8725 120.31258471757934
2.8775 69.08385851266483
2.8825 -66.39447479082716
2.8874999999999997 68.94529557532056
2.8925 -262.0077288956903
2.8975 76.47781393301806
2.9025 -104.78205340962755
2.9074999999999998 21.10855634885838
2.9125 172.75766632913025
2.9175 153.4209242923574
2.9225 88.21457898330206
2.9274999999999998 99.20387494121061
2.9324999999999997 47.05792223571376
2.9375 -149.36609309916008
2.9425 47.33057423788755
2.9475 -13.3199061580013
2.9524999999999997 -138.69516185693627
2.9575 45.821009911210005
2.9625 -77.32159865824298
2.9675 -55.33215997009834
2.9724999999999997 -210.8410058267889
2.9775 -253.00242433824525
2.9825 336.62314233545095
2.9875 159.54072055733872
2.9924999999999997 123.79016661449094
2.9975 60.084343146253886
3.0025 -55.65088970114646
3.0075 131.76141159598254
3.0124999999999997 -128.10332183838008
3.0175 20.08767232746089
3.0225 -20.994272854482727
3.0275 -86.5300965048874
3.0324999999999998 -53.11408661191769
3.0374999999999996 -157.0279247943621
3.0425 61.170972040100594
3.0475 371.87289519970034
3.0524999999999998 -52.26327080128236
3.0574999999999997 -254.3694521392785
3.0625 138.21947420377703
3.0675 -77.98879779312763
3.0725 84.71813866106488
3.0774999999999997 -140.97475069902586
3.0825 -111.37983084535438
3.0875 238.17732877454796
3.0925 -185.68999012125028
3.0974999999999997 -163.3485379327305
3.1025 177.52831396666113
3.1075 38.44120298110022
3.1125 -35.51605617815574
3.1174999999999997 -35.66125597379117
3.1225 42.79402697990182
3.1275 -323.71194443251454
3.1325 137.13001019060079
3.1374999999999997 73.14320831710207
3.1425 -43.71783612596718
3.1475 -18.800227876071922
3.1525 -12.509713109799973
3.1574999999999998 -83.20206248135763
3.1624999999999996 113.0034052338462
3.1675 129.06553286392932
3.1725 -41.54228113632194
3.1774999999999998 81.6272343551107
3.1824999999999997 11.291439201361673
3.1875 190.50939954799537
3.1925 -280.12860423060675
3.1975 -18.906898418441287
3.2024999999999997 22.218309900226952
3.2075 164.3847073343281
3.2125 -63.32561114940142
3.2175 99.31831133675868
3.2224999999999997 -508.3352828165414
3.2275 252.3554150005128
3.2325 85.00255115823511
3.2375 140.72422489129625
3.2424999999999997 -69.86575589622414
3.2475 -35.82032214253263
3.2525 183.77168227486564
3.2575 -96.46873087227819
3.2624999999999997 101.84933944607782
3.2675 -0.6705258538528255
3.2725 -46.5044660461374
3.2775 34.816948068650994
3.2824999999999998 -113.59838343423203
3.2874999999999996 -72.86872992226637
3.2925 -221.72463470561618
3.2975 76.10480191724146
3.3024999999999998 -43.50877706356303
3.3074999999999997 196.3055653493421
3.3125 -149.55371520665634
3.3175 47.66901558806673
3.3225 136.7873039240702
3.3274999999999997 -36.08082442280119
3.3325 112.96609024221443
3.3375 -37.57962434903924
3.3425 49.16353507098405
3.3474999999999997 -85.0916722777429
3.3525 61.93671690169884
3.3575 162.17712178599794
3.3625 247.32417007871467
3.3674999999999997 -55.868970459061124
3.3725 -456.3019080073162
3.3775 84.04868311541897
3.3825 -171.98270160578602
3.3874999999999997 -20.37366883867031
3.3924999999999996 74.72225688414424
3.3975 -18.19014798742804
3.4025 179.97383584546438
3.4074999999999998 -156.74548343278806
3.4124999999999996 61.104127910857606
3.4175 -386.57819677392865
3.4225 202.46739312026162
3.4274999999999998 -149.1009000951443
3.4324999999999997 98.96903005664522
3.4375 -73.54418045708206
3.4425 0.3310710399645707
3.4475 160.8757941186888
3.4524999999999997 142.64821323992976
3.4575 70.30082894518752
3.4625 -138.1374202238287
3.4675 -14.892374711250156
3.4724999999999997 148.39843921294317
3.4775 38.99297094172469
3.4825 -124.95741942809508
3.4875 -98.80685928354748
3.4924999999999997 174.04172748022216
3.4975 71.69323202478652
3.5025 -188.87819562785205
3.5075 17.720955607653302
3.5124999999999997 132.36634679440343
3.5174999999999996 -98.46457671906093
3.5225 -73.96878253900913
3.5275 -13.834511501828484
3.5324999999999998 -233.27565430633945
3.5374999999999996 171.00613497601282
3.5425 -146.50559691208153
3.5475 131.29574831211502
3.5524999999999998 24.032728900270524
3.5574999999999997 -6.569076490868752
3.5625 203.52601951970053
3.5675 11.223722930147273
3.5725 -12.039485423291527
3.5774999999999997 -45.214517541985025
3.5825 -13.570416965099547
3.5875 137.31027488316204
3.5925 -116.6713164574634
3.5974999999999997 165.42156729130684
3.6025 -122.77851508695008
3.6075 167.45019109665347
3.6125 -70.64733589800389
3.6174999999999997 140.77640735080143
3.6225 -213.40405765239964
3.6275 70.71265759474699
3.6325 -50.25869695556125
3.6374999999999997 -30.019251661064867
3.6424999999999996 -130.15943969568164
3.6475 206.0346540549005
3.6525 -394.9794340642207
3.6574999999999998 -0.19639195030105366
3.6624999999999996 70.56944604069092
3.6675 152.15737426773183
3.6725 43.60037276090942
3.6774999999999998 22.661638822993872
3.6824999999999997 11.480569267064359
3.6875 4.821028442257495
3.6925 -55.21672353245873
3.6975 23.441513226669606
3.7024999999999997 286.74538483459344
3.7075 -125.78753778863228
3.7125 138.91644722341636
3.7175 -170.43844134508066
3.7224999999999997 -61.8194238069656
3.7275 55.165149256446554
3.7325 -112.95848755379804
3.7375 210.518355141235
3.7424999999999997 24.718631980294514
3.7474999999999996 -39.04115007483612
3.7525 -212.24213401046748
3.7575 -86.49128487131497
3.7624999999999997 -10.73751957122657
3.7674999999999996 157.45664757604422
3.7725 -153.14679354373303
3.7775 16.870461652670073
3.7824999999999998 98.83953644839528
3.7874999999999996 232.62490928505716
3.7925 -245.79692211300014
3.7975 236.9473448995557
3.8024999999999998 34.44479214153854
3.8074999999999997 -180.24883847289124
3.8125 18.458212428091397
3.8175 -88.80011678634382
3.8225 6.845635762761746
3.8274999999999997 78.63509446928538
3.8325 -18.531734996323035
3.8375 58.699146422600265
3.8425 -122.10398538036553
3.8474999999999997 30.367642377378925
3.8525 178.97431377581793
3.8575 -373.31658201676703
3.8625 -27.660802394495583
3.8674999999999997 7.212241193097207
3.8724999999999996 -61.48530158594596
3.8775 199.9328361782042
3.8825 -272.5258015988714
3.8874999999999997 415.37079101580053
3.8924999999999996 49.28170846592679
3.8975 39.40300030502633
3.9025 -81.87897810884022
3.9074999999999998 -18.923963084057426
3.9124999999999996 -61.72291342907725
3.9175 -44.68265384017871
3.9225 -154.80331826646503
3.9274999999999998 45.050748280554664
3.9324999999999997 37.92892852485323
3.9375 126.21945675747271
3.9425 -136.58246977633382
3.9475 85.50183612038896
3.9524999999999997 -132.86804264750475
3.9575 -3.1681857166051346
3.9625 -94.75050881587795
3.9675 154.26200837759725
3.9724999999999997 50.510404128803735
3.9775 -87.87723583724078
3.9825 131.30272571105525
3.9875 -142.96332360811346
3.9924999999999997 78.07293159745736
3.9974999999999996 -140.73233128512402
4.0024999999999995 56.77970668646939
4.007499999999999 -155.19711720979004
4.0125 -7.218699359656744
4.0175 76.31071795261951
4.0225 12.933224093171379
4.0275 167.45749956215974
4.0325 -134.12915941182027
4.0375 -145.6523204715631
4.0424999999999995 -41.1782781839452
4.047499999999999 247.17768812385034
4.0525 109.62037836936504
4.0575 -232.19976507504884
4.0625 64.68132479001382
4.0675 -2.1040467167211427
4.0725 -49.86784208351992
4.0775 8.252885519885464
4.0825 -117.87851068903443
4.0874999999999995 -68.08541254094268
4.0925 137.03123892807866
4.0975 -23.766771127223674
4.1025 -36.77926776748404
4.1075 -45.85599927864102
4.1125 -1.3078324147766625
4.1175 277.72748395749863
4.1225 -129.20246704850925
4.1274999999999995 -42.506232235110446
4.132499999999999 23.14444703901382
4.1375 -29.07387239659203
4.1425 47.2786004713767
4.1475 -40.69684844699775
4.1525 -23.951499428709788
4.1575 177.01072876057017
4.1625 -227.16178223807455
4.1674999999999995 -22.29913461790959
4.172499999999999 279.6596497555822
4.1775 -58.6155836949386
4.1825 150.55316122047
4.1875 -141.4449610163822
4.1925 76.35062147425452
4.1975 138.94705219578287
4.2025 -96.478634710181
4.2075 -89.06637799321474
4.2124999999999995 -85.81099860664877
4.2175 -81.48089503782886
4.2225 83.30486365033967
4.2275 48.304726818685594
4.2325 -87.54645138828613
4.2375 121.42262380728195
4.2425 33.82571411100711
4.2475 -75.74750630309605
4.2524999999999995 -177.6020460667382
4.257499999999999 105.911758820502
4.2625 -94.1314457859779
4.2675 106.4360867446029
4.2725 127.03902717404948
4.2775 161.63479507801674
4.2825 -27.337910481683267
4.2875 -159.12778084127785
4.2924999999999995 160.39351428017125
4.297499999999999 -88.85299440668713
4.3025 169.15272604541866
4.3075 -58.16433792579559
4.3125 -28.900056955741427
4.3175 -5.113324823890119
4.3225 2.3949515595210706
4.3275 16.435441763838938
4.3325 -361.92399378833
4.3374999999999995 359.9712552822408
4.342499999999999 -150.623937752069
4.3475 91.35064111099088
4.3525 -26.09885454721864
4.3575 -172.42878511817716
4.3625 85.67167300562521
4.3675 154.84763434224445
4.3725 -23.226409699329032
4.3774999999999995 -83.47960232083828
4.382499999999999 180.77342397362295
4.3875 -79.91420383301039
4.3925 171.2233525397011
4.3975 85.9141095255102
4.4025 -295.64733951575096
4.4075 48.06903505637005
4.4125 -11.351159609716312
4.4174999999999995 -20.92320670543066
4.422499999999999 64.12406633513785
4.4275 214.58051927465297
4.4325 -130.74402377437085
4.4375 -136.5502860533075
4.4425 147.25846360006153
4.4475 23.132496009682043
4.4525 -34.44044616914391
4.4575 -125.62094998751762
4.4624999999999995 66.86552066966786
4.467499999999999 190.6363967353821
4.4725 -102.23729761725035
4.4775 126.9545737510039
4.4825 -99.41434169444308
4.4875 194.3897447129067
4.4925 -250.6191138196797
4.4975 -160.01532567315792
4.5024999999999995 97.73749065565495
4.507499999999999 -322.0340493037283
4.5125 185.3675985091008
4.5175 -18.104752304328237
4.5225 226.15832941087817
4.5275 196.82424652261474
4.5325 -216.13585171190996
4.5375 -288.96136251246213
4.5424999999999995 163.87175026300133
4.547499999999999 -4.569194729971904
4.5525 62.612920889279806
4.5575 -233.60900202107604
4.5625 17.150298496725828
4.5675 286.4357334461769
4.5725 187.71665344934402
4.5775 -124.71400878826223
4.5825 -73.00062863174645
4.5874999999999995 124.66332586555636
4.592499999999999 13.621617212211046
4.5975 115.39845031704051
4.6025 38.06058564521751
4.6075 -298.265256808531
4.6125 -155.45156055082876
4.6175 35.88631702550473
4.6225 -39.24960253276107
4.6274999999999995 8.983382845291699
4.632499999999999 207.93500246116605
4.6375 53.40358879699588
4.6425 -87.22996333053685
4.6475 115.46563518430929
4.6525 -137.51247023562163
4.6575 48.61576254168423
4.6625 -101.48313113772028
4.6674999999999995 4.05292795519575
4.672499999999999 6.867217723772935
4.6775 202.18030972120008
4.6825 -464.325758887188
4.6875 10.22986662528732
4.6925 -97.8755519271474
4.6975 200.6043969440373
4.7025 311.48009091249554
4.7075 -11.926902921562885
4.7124999999999995 -297.0412616066532
4.717499999999999 147.58808194730366
4.7225 27.04288178110062
4.7275 -46.65649244489241
4.7325 35.20805874093258
4.7375 76.31480101921167
4.7425 71.67733082919318
4.7475 -165.91970878427972
4.7524999999999995 188.4995344269342
4.757499999999999 88.6476369803471
4.7625 -115.29393627991163
4.7675 68.61241103797369
4.7725 -40.938224132758805
4.7775 -201.73235139305626
4.7825 169.2753634440397
4.7875 118.34576719785512
4.7924999999999995 -31.17990972341327
4.797499999999999 1.5861041271669223
4.8025 -282.0461941520373
4.8075 -130.82875444592784
4.8125 -2.4061673276427173
4.8175 -19.688818697701116
4.8225 -80.90769689889748
4.8275 101.41108126305292
4.8325 -62.19570786835656
4.8374999999999995 138.09550188054823
4.842499999999999 -64.41063918639475
4.8475 -115.13776473958333
4.8525 477.1583847330453
4.8575 -28.206748531133503
4.8625 76.84315773130436
4.8675 -24.653096853515542
4.8725 -58.36153063348454
4.8774999999999995 183.97763278537897
4.882499999999999 -240.4229756617129
4.8875 160.21560580520375
4.8925 -213.3424805869514
4.8975 -39.46395523902608
4.9025 -119.23114367366696
4.9075 -58.992964578810344
4.9125 -72.23014278112743
4.9174999999999995 190.98793337358092
4.922499999999999 -110.30284762064947
4.9275 138.65658970712784
4.9325 -116.99350107076883
4.9375 -68.53004941349775
4.9425 133.9928724255334
4.9475 -78.53940764579708
4.9525 164.58781979775713
4.9575 51.866834444317654
4.9624999999999995 -243.7553198666572
4.967499999999999 71.72169085419084
4.9725 53.85011127523142
4.9775 144.8060127454088
4.9825 -223.694397086131
4.9875 -22.424520948022014
4.9925 3.4935944129798506
4.9975 68.28109498769668
5.0024999999999995 -44.26513442478044
5.007499999999999 69.78960348046074
5.0125 -111.58892911993527
5.0175 -12.63324778302923
5.0225 156.8920882875621
5.0275 -4.675859766352943
5.0325 67.51630470575016
5.0375 206.66506111489966
5.0424999999999995 -22.599128560372826
5.047499999999999 -281.24943377447704
5.0525 150.601482727995
5.0575 44.058573099084384
5.0625 -82.13625077949106
5.0675 -79.83740244256339
5.0725 52.3664785663253
5.0775 228.65143125283714
5.0825 3.0704034430777365
5.0874999999999995 6.825797296186454
5.092499999999999 -105.7474240418481
5.0975 11.785266828554434
5.1025 -164.67145124541648
5.1075 54.74280621697047
5.1125 46.901308801786286
5.1175 236.9115762888002
5.1225 -238.31109756273915
5.1274999999999995 80.98158678522104
5.132499999999999 -130.62067581952684
5.1375 -88.59711218929698
5.1425 100.24566523728508
5.1475 109.49759688573211
5.1525 -9.936873898556223
5.1575 -30.794094800344293
5.1625 39.14514708362445
5.1674999999999995 -50.15986805903437
5.172499999999999 -14.773277330048625
5.177499999999999 246.1482597954566
5.1825 -166.91796132680784
5.1875 129.0185429913999
5.1925 -167.30485090037178
5.1975 -57.28406830966713
5.2025 -124.37417119510499
5.2075 70.71276849374037
5.2124999999999995 128.33321042264188
5.217499999999999 1.9774490856253493
5.2225 -47.21400979224404
5.2275 59.07497388582574
5.2325 -100.33168694179977
5.2375 -202.87759858472532
5.2425 235.722909777846
5.2475 12.790817934856324
5.2524999999999995 154.4473727913835
5.257499999999999 244.09226875270312
5.2625 -292.02151306306064
5.2675 17.352517456007575
5.2725 71.00133502702971
5.2775 -278.21948617891314
5.2825 162.96762591339203
5.2875 78.78811452828437
5.2924999999999995 -79.42429854196044
5.297499999999999 160.56667123935918
5.302499999999999 -59.91582072423782
5.3075 -229.9274756191361
5.3125 136.28559333350643
5.3175 40.242791506901646
5.3225 22.186910223358854
5.3275 -140.60801243415204
5.3325 -160.11922076153803
5.3374999999999995 158.61461032757921
5.342499999999999 -100.07725374099047
5.3475 93.40531316730744
5.3525 -90.95172596548402
5.3575 -101.08007817002716
5.3625 95.92164093749805
5.3675 70.29806034181554
5.3725 193.11105301478744
5.3774999999999995 219.92495769119088
5.382499999999999 -119.59741112925083
5.3875 -141.6338242287478
5.3925 -66.37969467860418
5.3975 -147.9646551080338
5.4025 198.77457991924982
5.4075 167.4107100023378
5.4125 104.58446269998943
5.4174999999999995 -132.15095346868108
5.422499999999999 -100.23129101385636
5.427499999999999 53.3839681685367
5.4325 70.19486619576688
5.4375 -94.18677008824885
5.4425 138.2307712582147
5.4475 -82.549992930642
5.4525 -149.02910167842916
5.4575 82.2719777751028
5.4624999999999995 -144.26447498510788
5.467499999999999 283.6074051940424
5.4725 0.2807176685472102
5.4775 -216.66395716342714
5.4825 195.6091888021766
5.4875 -50.873356642230895
5.4925 -299.02575822574966
5.4975 105.03547802357778
5.5024999999999995 58.12545339441807
5.507499999999999 48.07751686073561
5.5125 -58.86626052876171
5.5175 156.5615868603882
5.5225 -23.066307779756222
5.5275 84.79865591514856
5.5325 -181.64283221154597
5.5375 149.73979067627533
5.5424999999999995 -107.71454534697371
5.547499999999999 52.54354776254675
5.552499999999999 -143.4196593118853
5.5575 201.5311185646617
5.5625 -72.09928418121478
5.5675 -99.07114553887214
5.5725 8.20908199857408
5.5775 128.7867295173206
5.5825 110.52477248773019
5.5874999999999995 -276.2066753417622
5.592499999999999 84.64572271835821
5.5975 51.82251343412002
5.6025 -172.36679553536615
5.6075 157.93862680980408
5.6125 -199.6405257170316
5.6175 155.0182131008112
5.6225 -164.88147034822853
5.6274999999999995 97.9747603133311
5.632499999999999 64.3769990862804
5.6375 -73.36901782137043
5.6425 -31.97288783651575
5.6475 53.005929428028566
5.6525 42.893335633463664
5.6575 75.6283121250572
5.6625 235.94892129719614
5.6674999999999995 -220.88907085272163
5.672499999999999 148.35056338207136
5.677499999999999 54.79572778653203
5.6825 -141.93173005700703
5.6875 11.366077869201257
5.6925 37.19866476190916
5.6975 92.87514119788995
5.7025 -68.65473413513226
5.7075 -69.663417906182
5.7124999999999995 3.832459991541015
5.717499999999999 30.44941424018983
5.7225 69.15318537798454
5.7275 -90.04601843657457
5.7325 163.60092908212982
5.7375 -15.399010196601573
5.7425 -184.3225170876615
5.7475 -84.18224057892614
5.7524999999999995 -61.11854799147958
5.757499999999999 101.73531806799774
5.7625 60.43692588111427
5.7675 -134.95337305014493
5.7725 -45.94789025157339
5.7775 169.1144203541938
5.7825 -2.9831734557988234
5.7875 76.43541004298524
5.7924999999999995 -141.29142850160355
5.797499999999999 -138.01779729419115
5.802499999999999 90.3397281671684
5.8075 149.6748053033097
5.8125 62.97923578107077
5.8175 -83.11377692333421
5.8225 101.61939871529552
5.8275 -161.13792330953888
5.8325 65.53698080437215
5.8374999999999995 239.06948948327494
5.842499999999999 -50.39505243157295
5.8475 -217.69044622337094
5.8525 196.39380090526095
5.8575 -223.99349599092233
5.8625 -21.358293439180546
5.8675 -86.1209232302499
5.8725 217.63812612649366
5.8774999999999995 -87.72431729567253
5.882499999999999 -15.400598997026437
5.8875 151.2428915668459
5.8925 -289.56538721203407
5.8975 259.56888815335765
5.9025 126.22619671220845
5.9075 -459.48543726446417
5.9125 183.21510095375325
5.9174999999999995 -12.017162115287745
5.922499999999999 217.87421895832168
5.927499999999999 -87.29133670320122
5.9325 -104.39782039524601
5.9375 313.1389294168246
5.9425 -125.12239268756984
5.9475 -261.05518985618005
5.9525 321.3143887831248
5.9575 -306.01143047471913
5.9624999999999995 148.6336756929381
5.967499999999999 59.13235255088013
5.9725 9.889163600967448
5.9775 -350.6899651941566
5.9825 247.46259748403867
5.9875 -129.46268010607818
5.9925 -76.58051036074946
5.9975 221.18114209329917
6.0024999999999995 91.43146885511666
6.007499999999999 -80.81850294737683
6.012499999999999 64.36551097116941
6.0175 -3.621005038820716
6.0225 136.00222324863216
6.0275 103.02265593595327
6.0325 -104.56653196996031
6.0375 -242.4439094065446
6.0424999999999995 89.42907167995848
6.047499999999999 55.61400235909332
6.052499999999999 -73.56259333733897
6.0575 119.28720313845967
6.0625 -80.37528692409866
6.0675 65.21291637510365
6.0725 -65.9851712475488
6.0775 -56.459006346163
6.0825 307.8599164349488
6.0874999999999995 -162.47618489980917
6.092499999999999 -65.04123125418086
6.0975 159.2833960424005
6.1025 -97.1301805546434
6.1075 87.28166103279665
6.1125 -233.94931371313535
6.1175 -57.06034744594071
6.1225 213.89661706831896
6.1274999999999995 -63.13980174978056
6.132499999999999 -179.96460282526982
6.137499999999999 199.44573067604935
6.1425 -59.239208101036425
6.1475 -46.10330021379441
6.1525 84.21499195742386
6.1575 -18.41988134106084
6.1625 66.61548883009768
6.1674999999999995 3.725905769857035
6.172499999999999 104.01470795434491
6.177499999999999 54.0020179321044
6.1825 -216.78848826017457
6.1875 28.389611227780954
6.1925 75.15838734603491
6.1975 -4.696130290587123
6.2025 17.94641114965508
6.2075 -144.7307511566138
6.2124999999999995 -78.07922791509945
6.217499999999999 -187.30658105791557
6.2225 202.2966459335531
6.2275 -192.9112116923295
6.2325 71.08940160970782
6.2375 52.828579594995176
6.2425 -15.177349600512379
6.2475 108.99962750526655
6.2524999999999995 -226.91032112782037
6.257499999999999 130.31808874160336
6.262499999999999 -25.367281123888116
6.2675 250.07334947523282
6.2725 -291.0405979875156
6.2775 5.741277438476998
6.2825 162.78749852924162
6.2875 145.03920940270595
6.2924999999999995 4.907660246464288
6.297499999999999 -175.73583194257122
6.302499999999999 143.03326102544693
6.3075 20.259865890836537
6.3125 -9.37713047066728
6.3175 -68.84212228541288
6.3225 85.8455903257639
6.3275 -165.39313083126513
6.3325 86.16116755570295
6.3374999999999995 162.98784959354927
6.342499999999999 -99.53655710161844
6.3475 11.000005619201966
6.3525 -98.19555434334148
6.3575 20.03736810490496
6.3625 218.20708007363012
6.3675 -52.80811425992987
6.3725 -107.2847792750804
6.3774999999999995 -96.78305094404058
6.382499999999999 -209.94720031199026
6.387499999999999 -12.603571533962958
6.3925 104.11951447088946
6.3975 -39.35156656124491
6.4025 9.677888655823626
6.4075 100.96999348724692
6.4125 72.11583060133388
6.4174999999999995 -0.7155216950855136
6.422499999999999 -204.63022125844725
6.427499999999999 47.27095936029046
6.4325 55.21203412455636
6.4375 7.327889481758831
6.4425 -177.46250119661727
6.4475 -30.96804843780104
6.4525 266.30178331563116
6.4575 -156.35545701666888
6.4624999999999995 10.89155684409247
6.467499999999999 50.250767148113326
6.4725 -122.86450975907698
6.4775 40.92706234717242
6.4825 -131.85251332516953
6.4875 82.95754429490843
6.4925 68.23409353573254
6.4975 48.48045579402378
6.5024999999999995 -34.292741794407135
6.507499999999999 -58.90488218723288
6.512499999999999 -70.22143139283708
6.5175 81.00263385529774
6.5225 -18.309439587330505
6.5275 56.48884707583644
6.5325 -188.1563768256175
6.5375 159.48437213301537
6.5424999999999995 -78.72622619973512
6.547499999999999 67.65230115349254
6.552499999999999 -157.38311053351913
6.5575 134.98523675970193
6.5625 213.53661270529454
6.5675 -37.21108883746712
6.5725 135.99718408916672
6.5775 -39.14732743855296
6.5825 -8.995518619241436
6.5874999999999995 -16.511551019891023
6.592499999999999 -80.83266828043445
6.5975 13.72307602206193
6.6025 232.33164352051816
6.6075 -158.89062319489517
6.6125 -33.48303481929609
6.6175 -73.05735022967134
6.6225 17.206338421222405
6.6274999999999995 -75.80003987935339
6.632499999999999 -12.484222300055741
6.637499999999999 122.67396121261814
6.6425 -116.0407336005913
6.6475 -123.72444016386973
6.6525 -50.7701595355313
6.6575 299.1274125701464
6.6625 -167.00091429196263
6.6674999999999995 -30.8458809273785
6.672499999999999 231.32377478377302
6.677499999999999 -52.2219211661492
6.6825 -211.43414973944363
6.6875 103.76945210526871
6.6925 -315.21866247861084
6.6975 271.10945540624925
6.7025 113.16660157642569
6.7075 -199.4178016057846
6.7124999999999995 93.38663377912275
6.717499999999999 -94.73784038792998
6.722499999999999 62.56149372472265
6.7275 -35.830085974542634
6.7325 106.2309222869112
6.7375 -52.944905806927274
6.7425 81.87976998427533
6.7475 70.29803014317608
6.7524999999999995 -2.6768518785858912
6.757499999999999 -57.192395635396565
6.762499999999999 2.6261505340520306
6.7675 99.04036463804817
6.7725 -106.81701879767935
6.7775 13.279143389674488
6.7825 -43.220079649199555
6.7875 -75.86835617582271
6.7924999999999995 -56.38624749428653
6.797499999999999 -148.4589804453198
6.802499999999999 18.77779087907247
6.8075 167.86757945390394
6.8125 156.24306333867727
6.8175 -204.59137278121884
6.8225 187.15938670464544
6.8275 -165.44544303307325
6.8325 137.43915188651187
6.8374999999999995 86.70569679059854
6.842499999999999 76.87051651440798
6.847499999999999 0.9950368808659046
6.8525 26.26870011703095
6.8575 -138.15609206235354
6.8625 -159.42435881759548
6.8675 189.50425882080836
6.8725 -35.22653136054601
6.8774999999999995 -68.62735850921446
6.882499999999999 120.23264240545801
6.887499999999999 -41.92411010214922
6.8925 12.400356138569984
6.8975 -142.97067444382418
6.9025 49.038422699770905
6.9075 -77.21725005570877
6.9125 156.02930249942906
6.9174999999999995 -90.59994622494779
6.922499999999999 66.76459221108671
6.927499999999999 61.21036054005846
6.9325 -48.59652462670179
6.9375 -95.72861656314802
6.9425 200.67594377121574
6.9475 -361.35747260806176
6.9525 -49.76293266790754
6.9575 280.9544789914793
6.9624999999999995 222.4588129754262
6.967499999999999 -79.444842235587
6.972499999999999 -34.50150137052178
6.9775 39.85054730006775
6.9825 -64.83755478674989
6.9875 -103.37539078247916
6.9925 86.03564227237361
6.9975 20.736655169310303
7.0024999999999995 27.579633978136222
7.007499999999999 -63.63504969991228
7.012499999999999 -17.489718769686576
7.0175 68.40198165473515
7.0225 4.157099971350108
7.0275 10.546484162170538
7.0325 -70.45768633675154
7.0375 157.88737649479575
7.0424999999999995 -65.5174149808513
7.047499999999999 142.11418944720572
7.052499999999999 -1.4870499580004763
7.0575 -143.2167782233264
7.0625 -168.62232095763662
7.0675 217.3084414606707
7.0725 -37.77625736211815
7.0775 150.48784110274073
7.0825 -171.45768266575828
7.0874999999999995 27.410223952971677
7.092499999999999 -98.77138463253311
7.097499999999999 159.7767789140315
7.1025 129.59336929096543
7.1075 -278.6667050680394
7.1125 206.26484611205055
7.1175 -77.60834441151414
7.1225 135.93461040282355
7.1274999999999995 -202.0257792696817
7.132499999999999 -5.002587136651384
7.137499999999999 -148.30269307774793
7.1425 166.3494360819259
7.1475 77.6398573168322
7.1525 25.659086826973464
7.1575 -92.04327039517182
7.1625 -182.54181024668625
7.1674999999999995 1.4868181061366232
7.172499999999999 32.68218716444015
7.177499999999999 -63.254150246892166
7.1825 -271.7155051252643
7.1875 -8.96695846978311
7.1925 18.192830731923067
7.1975 -20.054130389372894
7.2025 32.82473869071581
7.2075 278.5687609455946
7.2124999999999995 -8.452125484795618
7.217499999999999 -0.2978622737944401
7.222499999999999 -2.0277882438622434
7.2275 92.69240166432114
7.2325 -97.75057298260278
7.2375 1.3282793280139615
7.2425 299.45921548302056
7.2475 53.88203209245524
7.2524999999999995 77.01979806079069
7.257499999999999 165.89561750712568
7.262499999999999 -173.45926270126012
7.2675 -105.27048291487782
7.2725 -32.65480259077732
7.2775 6.22659891817435
7.2825 -72.94694584593496
7.2875 -22.44011792028434
7.2924999999999995 83.83877559625084
7.297499999999999 7.656135402814817
7.302499999999999 -119.58825344117433
7.3075 149.36292928178523
7.3125 129.71325433689853
7.3175 -123.66762303560819
7.3225 -70.45643075758872
7.3275 -185.23338485021134
7.3325 27.089438082749556
7.3374999999999995 -179.62959951453377
7.342499999999999 80.89299950397184
7.347499999999999 111.4731679317849
7.3525 -66.28834690287694
7.3575 -41.05730124994953
7.3625 -71.4255960232087
7.3675 214.4357723928174
7.3725 144.48395892708223
7.3774999999999995 -91.2571070425852
7.382499999999999 63.63555919504101
7.387499999999999 -168.61133575843007
7.3925 151.29510771197945
7.3975 -114.28642134095247
7.4025 -47.798067335613595
7.4075 45.00739592954872
7.4125 -96.99725548617467
7.4174999999999995 101.25492205877016
7.422499999999999 182.46462989292039
7.427499999999999 15.880734468972271
7.4325 -59.93052930384475
7.4375 -230.5956059774262
7.4425 -54.77365672598738
7.4475 235.75279277903547
7.4525 24.797436086614308
7.4575 -0.4380365947509367
7.4624999999999995 -103.25221980876844
7.467499999999999 97.61247532800004
7.472499999999999 -163.89036179059954
7.4775 85.07868804702919
7.4825 -120.22289383724835
7.4875 75.6834378663392
7.4925 -79.3634788110198
7.4975 191.8969953199928
7.5024999999999995 -13.359722570706754
7.507499999999999 -174.0117072693102
7.512499999999999 145.9888122660017
7.5175 -117.74814704416487
7.5225 229.43448473768802
7.5275 -81.04598567996575
7.5325 159.05950503993404
7.5375 -64.04393875206058
7.5424999999999995 -5.06949521595444
7.547499999999999 -85.54395684060847
7.552499999999999 44.612015603874234
7.557499999999999 -28.36618445227986
7.5625 10.64521752836078
7.5675 73.101018646612
7.5725 -33.24158334087126
7.5775 145.66831903967585
7.5825 44.29342272069126
7.5874999999999995 -63.638294046992385
7.592499999999999 204.36322738915982
7.597499999999999 -326.67822954590815
7.6025 -204.56536563395258
7.6075 -16.33410644602791
7.6125 -20.727799270251825
7.6175 27.537450886870463
7.6225 -24.093220920049472
7.6274999999999995 42.78951705323798
7.632499999999999 68.82280068269752
7.637499999999999 103.61389161039601
7.6425 -168.87181751151888
7.6475 166.43343040670072
7.6525 -232.96235190898963
7.6575 23.274093285267206
7.6625 54.11036670300475
7.6674999999999995 -119.83487382136757
7.672499999999999 148.4916115555976
7.677499999999999 -9.540310759939516
7.682499999999999 8.430794060645253
7.6875 58.915524214100635
7.6925 126.45879262053602
7.6975 -224.9165990546373
7.7025 -121.89612821065401
7.7075 -104.18867080271566
7.7124999999999995 147.4008332765779
7.717499999999999 -11.328022583252785
7.722499999999999 69.71936552416184
7.7275 161.61123665223766
7.7325 76.10676778945825
7.7375 -1.8209657229620042
7.7425 -57.69973435758391
7.7475 146.42890013130065
7.7524999999999995 -327.69495187898326
7.757499999999999 155.75116901654107
7.762499999999999 -2.4051401791471236
7.7675 -80.1721944615115
7.7725 283.5223653955763
7.7775 -192.92514425243183
7.7825 -62.852834868781144
7.7875 -41.872515496334
7.7924999999999995 81.88755846998559
7.797499999999999 -19.150373797841105
7.802499999999999 -21.50436590312532
7.807499999999999 -42.7623753845358
7.8125 242.61098143856674
7.8175 -237.17639427703168
7.8225 53.17450099685006
7.8275 -3.0585918933008336
7.8325 31.69086491360635
7.8374999999999995 156.88008225591528
7.842499999999999 -50.260145963918085
7.847499999999999 12.04368744225877
7.8525 18.311598362403362
7.8575 -68.16967292954767
7.8625 -80.05037798560075
7.8675 62.245552268927106
7.8725 157.17372803644906
7.8774999999999995 -26.3505951429205
7.882499999999999 -4.352905054844814
7.887499999999999 -163.88350123868264
7.8925 208.65210264374235
7.8975 3.736402790621514
7.9025 -58.36202907551648
7.9075 -143.1877109472601
7.9125 -114.02201126462677
7.9174999999999995 237.40800586761378
7.922499999999999 -200.8473801974605
7.927499999999999 85.65818585900705
7.932499999999999 64.43902406531808
7.9375 -142.9668232290959
7.9425 -244.44995963019562
7.9475 134.66526329209472
7.9525 111.90172360117013
7.9575 330.3438172506763
7.9624999999999995 -264.87704913838184
7.967499999999999 7.122916643974472
7.972499999999999 92.42946454472867
7.9775 -232.1359152823631
7.9825 8.973140045753647
7.9875 13.927462782546856
7.9925 -241.734271116985
7.9975 127.0342242087359
8.0025 225.1421759175349
8.0075 -83.6276040765128
8.0125 86.11135835398231
8.0175 71.24892727147343
8.022499999999999 -336.2554092260728
8.0275 24.120334429671704
8.032499999999999 176.14678950283522
8.0375 -75.14561917704677
8.0425 -106.22890614942088
8.0475 -84.80020895748942
8.0525 233.62060066715503
8.0575 -105.23746547254991
8.0625 -142.94527337469918
8.067499999999999 125.86574186969715
8.0725 108.18403422977094
8.077499999999999 -75.47874793519915
8.0825 4.4868559559643115
8.0875 56.04600448932876
8.0925 226.57816793704518
8.0975 -101.02414445065862
8.1025 69.22426415914724
8.1075 -192.34905250486707
8.112499999999999 257.2758668380037
8.1175 -163.09376299878775
8.1225 -106.47292326214843
8.1275 -470.5584520092345
8.1325 594.9361149302526
8.1375 -90.64816772826362
8.1425 -306.37059243386597
8.147499999999999 1.3918870052459837
8.1525 238.55673421731706
8.157499999999999 -52.944247094991724
8.1625 -87.06482164292035
8.1675 -128.62476457525466
8.1725 322.04960130699266
8.1775 -125.36789986301378
8.1825 33.60547865713866
8.1875 86.93652597982847
8.192499999999999 -166.02171241969376
8.1975 144.20442176669272
8.202499999999999 76.7675266532734
8.2075 -69.1264139880252
8.2125 -230.16848326309056
8.2175 102.73279978860847
8.2225 -152.10817298633526
8.2275 173.22910959311784
8.2325 -10.789500180130679
8.237499999999999 53.44159960738816
8.2425 -144.02856100949205
8.2475 107.59682786965791
8.2525 -45.15352313263956
8.2575 83.58063157313549
8.2625 9.779556356045603
8.2675 -63.4760961674906
8.272499999999999 43.931598017891275
8.2775 98.86836555654241
8.282499999999999 -49.394649535379045
8.2875 -131.02023645272843
8.2925 384.8827998887608
8.2975 152.87446760791488
8.3025 -247.1735208431873
8.3075 294.7007325680263
8.3125 -152.8711461523261
8.317499999999999 -88.72531626958678
8.3225 1.7759744871863166
8.327499999999999 46.848051823370604
8.3325 -42.09626287433429
8.3375 78.39610441025059
8.3425 -119.1816039569731
8.3475 -71.59809538892917
8.3525 -49.787907140129775
8.3575 -6.3968410836266445
8.362499999999999 75.97599465366908
8.3675 -144.4753419854498
8.3725 11.090496533206194
8.3775 -77.0160197438675
8.3825 130.85640376757596
8.3875 -58.890698432347264
8.3925 -48.77022404293211
8.397499999999999 79.19233266015056
8.4025 9.140175234119775
8.407499999999999 69.97891618542963
8.4125 -231.49585676350475
8.4175 226.39531524081866
8.4225 -63.27762702449784
8.4275 -150.25010635969977
8.4325 302.05174907582773
8.4375 239.56936394392483
8.442499999999999 -270.2199379666716
8.4475 137.39898572224334
8.452499999999999 2.4450434376131605
8.4575 114.30747538500692
8.4625 -196.61615552727204
8.4675 -103.4572352799262
8.4725 -162.00568588609113
8.4775 -82.3437555659498
8.4825 36.55725894950143
8.487499999999999 95.24743367869577
8.4925 91.95541590792365
8.4975 300.88400571526086
8.5025 -77.54422934450515
8.5075 -277.8273386866762
8.5125 173.80504041285658
8.5175 162.1766354497387
8.522499999999999 -97.59762970315123
8.5275 -273.410959118099
8.532499999999999 -59.985862948614184
8.5375 78.64009178488436
8.5425 184.05995335549534
8.5475 -165.24896976356
8.5525 -135.05661055328164
8.5575 75.21070744291221
8.5625 -202.2568584694345
8.567499999999999 157.16577664914544
8.5725 -132.43215666958858
8.577499999999999 64.66620283774496
8.5825 -7.768946466795173
8.5875 32.114150887507165
8.5925 -158.19356411900222
8.5975 240.92225693950118
8.6025 -189.30385222784776
8.6075 -11.072476037885723
8.612499999999999 79.54519830165525
8.6175 233.35938940967742
8.6225 112.28200829147293
8.6275 209.7553793435544
8.6325 -198.50752487140048
8.6375 13.370558816275443
8.6425 -89.7886123392552
8.647499999999999 -49.17696774162512
8.6525 90.75365743145807
8.657499999999999 -35.467534135874516
8.6625 -274.20672919081966
8.6675 334.44256976619585
8.6725 -124.5271231591326
8.6775 206.22121480193488
8.6825 172.50513017362772
8.6875 -325.23286081594483
8.692499999999999 118.05293855697772
8.6975 241.68984293122372
8.702499999999999 -89.71452685259361
8.7075 85.66133257039876
8.7125 -271.12840278268726
8.7175 168.66398218483198
8.7225 -176.55596988303492
8.7275 183.02824966817437
8.7325 -372.59948209735967
8.737499999999999 401.99254161267226
8.7425 -180.03765721590125
8.747499999999999 -100.82767407600407
8.7525 157.1372538696811
8.7575 -29.442303693251453
8.7625 170.6171330766995
8.7675 -312.6372806709691
8.772499999999999 314.4541668801201
8.7775 -229.80915287580203
8.782499999999999 374.11015331273114
8.7875 -252.62435289899244
8.7925 210.13808676740842
8.7975 120.06577011868521
8.8025 -157.6038282445278
8.8075 -150.1941884798137
8.8125 -80.54290318955377
8.817499999999999 54.34051191607787
8.8225 -355.58385538735837
8.827499999999999 -64.77726935461354
8.8325 -82.8702571999627
8.8375 179.29224452586874
8.8425 -137.938600276597
8.8475 159.67358509694404
8.8525 -3.864650556960581
8.8575 240.58223973352094
8.862499999999999 21.427015805372818
8.8675 -24.8481721694524
8.872499999999999 -180.31153295379232
8.8775 -90.91511370079829
8.8825 225.70793999356832
8.8875 -11.905810323254117
8.8925 -156.69171722241262
8.897499999999999 -19.528362996790367
8.9025 165.31170503565164
8.907499999999999 -3.962888112808598
8.9125 151.88371156512315
8.9175 -117.3130582050632
8.9225 -62.28762561873179
8.9275 -20.102003062217058
8.9325 18.29965996518222
8.9375 -72.58598539003724
8.942499999999999 -118.15565366970613
8.9475 80.38677267068891
8.952499999999999 254.92278332359345
8.9575 135.23386985618885
8.9625 -164.23044689417443
8.9675 -128.3942793478704
8.9725 73.58271313154475
8.9775 -139.06927181366177
8.9825 240.73688808473855
8.987499999999999 -127.49485543870018
8.9925 87.1472285324594
8.997499999999999 -219.56518434117922
9.0025 198.7448843354881
9.0075 103.2203066234448
9.0125 -143.65555511239404
9.0175 177.56718086571755
9.022499999999999 -232.10112513384348
9.0275 -97.10306257114866
9.032499999999999 -9.78189224383625
9.0375 -40.49109426053713
9.0425 7.920800753042843
9.0475 22.176572617198836
9.0525 -247.16366832323394
9.0575 67.01582936454618
9.0625 158.99515417352663
9.067499999999999 178.42156603711277
9.0725 -101.73370431586478
9.077499999999999 -116.68117792516182
9.0825 109.5955883785918
9.0875 16.31980558095
9.0925 -40.48330024827849
9.0975 -7.2395602376861445
9.1025 161.50609406891658
9.1075 -6.919110171071607
9.112499999999999 -32.97796461364271
9.1175 -258.00410617363485
9.122499999999999 174.6965237246511
9.1275 -182.3561458531687
9.1325 358.8283761589932
9.1375 -29.788615901028944
9.1425 213.37573724987433
9.147499999999999 -213.35022012323296
9.1525 216.43617711569271
9.157499999999999 -153.37779642448413
9.1625 114.25559741200168
9.1675 -117.04905630381222
9.1725 35.93766971324295
9.1775 48.93167215403422
9.1825 28.401184346469723
9.1875 -77.26400439200873
9.192499999999999 -82.3166462670311
9.1975 -189.272990928903
9.202499999999999 231.00285443420648
9.2075 -123.58531904513701
9.2125 298.9347531453675
9.2175 -115.2266782845649
9.2225 -95.36263984348537
9.2275 -53.30868427617135
9.2325 -76.92926872411664
9.237499999999999 -37.217779119059486
9.2425 216.65338204727038
9.247499999999999 -242.20037915641427
9.2525 92.0537924169886
9.2575 -93.59043498864618
9.2625 199.44446693864845
9.2675 -294.1840618741111
9.272499999999999 216.21837031667738
9.2775 -212.92643623363816
9.282499999999999 -52.1440289403155
9.2875 -64.75016558224324
9.2925 -31.92710143569281
9.2975 350.666773691716
9.3025 -126.68821517161354
9.3075 -112.82791890029971
9.3125 -7.152866062433117
9.317499999999999 186.43241847514645
9.3225 -21.808065001537685
9.327499999999999 -137.43785104228596
9.3325 -8.809485789163817
9.3375 -86.63280372254663
9.3425 186.08252611668127
9.3475 4.341126138020372
9.3525 -52.08687653478433
9.3575 43.14304193301617
9.362499999999999 13.217503953179987
9.3675 -18.342295180740944
9.372499999999999 -137.8811491742832
9.3775 82.43260351606523
9.3825 103.27561710934475
9.3875 105.76998025439163
9.3925 92.06114351586828
9.397499999999999 -200.7911509886812
9.4025 -76.55144729538668
9.407499999999999 199.3927642361782
9.4125 3.8255620696301733
9.4175 -148.75201620017774
9.4225 220.92226277607756
9.4275 -103.44624060663666
9.4325 23.534892156966595
9.4375 -359.4895260918999
9.442499999999999 418.4662324864071
9.4475 -100.17685095932951
9.452499999999999 -106.00681502534242
9.4575 1.362276153669118
9.4625 140.71037250855085
9.4675 -16.259501177260614
9.4725 -30.070505249237268
9.4775 80.89844593386867
9.4825 5.918587302722846
9.487499999999999 4.292312767687738
9.4925 106.73832377489822
9.497499999999999 -168.4748640933175
9.5025 -18.187065489265375
9.5075 -133.96233502180027
9.5125 82.87821990353206
9.5175 -0.2864346875468921
9.522499999999999 23.939563400009387
9.5275 -85.81971686833518
9.532499999999999 57.20365242498164
9.5375 100.24440057879275
9.5425 -22.47170714460413
9.5475 -236.73588915732853
9.5525 76.53779645766826
9.5575 -122.92876851634439
9.5625 9.072593968587736
9.567499999999999 -78.20377578886882
9.5725 56.59317146682526
9.577499999999999 363.26820250391336
9.5825 -134.11831290266173
9.5875 48.75121771664456
9.5925 45.45022483126987
9.5975 -308.8530935006934
9.6025 238.11938712527137
9.6075 156.1867449156166
9.612499999999999 60.00726384937302
9.6175 -207.36386789593212
9.622499999999999 46.91434250826662
9.6275 0.9030082705614566
9.6325 10.582031316236543
9.6375 -87.03589910978833
9.6425 224.3876482385915
9.647499999999999 -118.79249863225401
9.6525 -161.30924604678796
9.657499999999999 -381.168177225386
9.6625 144.89639233893809
9.6675 44.70039300786869
9.6725 44.08184776291997
9.6775 247.202045596419
9.6825 -84.69453477284598
9.6875 310.13425512185006
9.692499999999999 72.1188481533008
9.6975 -156.54884766363097
9.702499999999999 243.66448888899762
9.7075 -18.33745843111067
9.7125 56.60911552606482
9.7175 68.61695649244868
9.7225 -242.8286792856279
9.7275 -69.10736529153326
9.7325 108.30471483550475
9.737499999999999 157.29400546731858
9.7425 -191.68234812764874
9.747499999999999 -100.02082958979555
9.7525 -8.4365145645778
9.7575 226.52975010967663
9.7625 -103.08722365359317
9.7675 -204.50271799712846
9.772499999999999 159.657570475524
9.7775 100.14566142288514
9.782499999999999 6.080794623411489
9.7875 18.460053558215705
9.7925 98.51217161705571
9.7975 6.967423257189504
9.8025 -248.61336302475002
9.8075 -159.52283585720753
9.8125 87.60935640436435
9.817499999999999 52.11206575288727
9.8225 -157.01407421139433
9.827499999999999 322.1950869041311
9.8325 -157.10773631150462
9.8375 -68.7493278534015
9.8425 57.17933771737085
9.8475 5.464147616253888
9.8525 -66.1321442757139
9.8575 108.56779196099004
9.862499999999999 -74.79154558996309
9.8675 138.81052987064328
9.872499999999999 -189.1808167861573
9.8775 -2.7891044980088147
9.8825 -20.13499774042891
9.8875 6.019361248221638
9.8925 52.02469944408114
9.897499999999999 91.42405854321842
9.9025 -102.51627751734279
9.907499999999999 137.05138003897113
9.9125 44.71657079405102
9.9175 100.06015045532779
9.9225 -81.33682713193967
9.9275 -203.87162748731038
9.9325 -137.9568884147614
9.9375 27.396683909390244
9.942499999999999 221.62168721468606
9.9475 -60.44780949709781
9.952499999999999 -74.2844950377995
9.9575 -23.72886874244762
9.9625 118.9825737377332
9.9675 -263.57852790498424
9.9725 150.34791521329328
9.9775 -56.649382253776565
9.9825 44.54351508912489
9.987499999999999 -51.57461049994443
9.9925 99.06263610176457
9.997499999999999 -86.01485639750106
10.0025 281.48717035970077
