0.0075 -427.29729352577334
0.012499999999999999 31.14350819128143
0.017499999999999998 187.3213777333357
0.0225 123.3537914054568
0.0275 -48.27924916738993
0.0325 130.17629829999314
0.0375 -222.4069105277066
0.042499999999999996 183.79713939898153
0.0475 -146.33878594367908
0.0525 295.171566595845
0.057499999999999996 -114.20976521977772
0.0625 -249.56620786660514
0.06749999999999999 -26.998530835432483
0.0725 -66.9012684900746
0.0775 -65.65394177986342
0.08249999999999999 318.856535332657
0.0875 -113.8723133849312
0.0925 -0.8264982081658453
0.09749999999999999 83.52585610975451
0.1025 182.60445472548278
0.1075 5.050209930557149
0.11249999999999999 -126.96927884362198
0.1175 -197.4363521544164
0.1225 32.98081841796918
0.1275 -5.45365612203781
0.1325 -59.37279740798914
0.13749999999999998 226.62700315040243
0.1425 -198.8799160715734
0.1475 92.97840633376866
0.1525 -155.8324155282927
0.1575 266.80935283700643
0.1625 -89.27479808135621
0.16749999999999998 -20.62473230060861
0.1725 139.69594397961802
0.1775 -53.55427040230673
0.1825 -5.0547645959461445
0.1875 7.120788922840248
0.1925 264.0724379040651
0.19749999999999998 -236.8468372481599
0.20249999999999999 143.27513015302947
0.2075 -110.54696289540338
0.2125 135.0187513282169
0.2175 -240.1936931165282
0.2225 153.3378729020073
0.22749999999999998 -39.51670114329918
0.23249999999999998 -147.88269908451107
0.2375 -106.5078678908543
0.2425 -159.48018616735538
0.2475 279.95791546740986
0.2525 -34.18652311316177
0.2575 219.56446483721123
0.2625 -40.06667823907289
0.2675 96.13806695471243
0.27249999999999996 -159.84218166681785
0.27749999999999997 85.73271452221657
0.2825 35.34445369228999
0.2875 44.10835677341476
0.2925 -50.751369007800356
0.2975 -250.59108758249624
0.3025 -5.591626929196302
0.3075 64.19392085424532
0.3125 118.70195008424504
0.3175 98.46507437158597
0.3225 157.14504235539133
0.32749999999999996 -119.06364899227665
0.33249999999999996 -73.83715015652815
0.33749999999999997 98.89722519229026
0.34249999999999997 -29.300876687990826
0.3475 139.39588477124988
0.3525 -153.64694617398578
0.3575 -168.51979190537105
0.3625 223.16615458937193
0.3675 -114.02622591570463
0.3725 139.0742733399643
0.3775 158.12171241057035
0.3825 -67.99214914182416
0.38749999999999996 -119.48351482222442
0.39249999999999996 -281.70384026875945
0.39749999999999996 364.57294584130307
0.40249999999999997 5.233626071551577
0.4075 -83.88720816108177
0.4125 135.62970888538058
0.4175 -49.1307044786259
0.4225 88.31119226025825
0.4275 118.9374931560917
0.4325 -136.29319128488135
0.4375 -8.777517864694104
0.4425 -2.110337244645863
0.44749999999999995 -120.35331406344679
0.45249999999999996 29.83608079355184
0.45749999999999996 -90.51702036619703
0.46249999999999997 141.84359272890677
0.46749999999999997 -71.97581451072148
0.4725 -65.34394767965381
0.4775 -158.77627252869559
0.4825 139.83924325323792
0.4875 -72.66232888292197
0.4925 75.02290295931874
0.4975 2.64985205795933
0.5025 14.51542305597086
0.5075 45.229244477627724
0.5125 -8.580759846353754
0.5175 219.7274982781974
0.5225 -284.32664197764973
0.5275 23.908073390391834
0.5325 246.5439238172823
0.5375 -110.39152503727139
0.5425 -83.11796499434595
0.5475 -50.84033775247368
0.5525 156.0916835460851
0.5575 -28.484187840067044
0.5625 -133.0017266952872
0.5675 131.69219789332055
0.5725 -61.654503707623064
0.5775 20.223630155156716
0.5825 -14.094926409998516
0.5875 -90.47712941088042
0.5925 -171.42719205675792
0.5974999999999999 160.74185856360992
0.6024999999999999 115.22725321007916
0.6074999999999999 31.40179889820223
0.6124999999999999 -48.04857130031858
0.6174999999999999 4.710782749410897
0.6224999999999999 72.13889736168203
0.6275 12.54153365964567
0.6325 98.32035670150623
0.6375 -41.528017378069
0.6425 -129.84984587547763
0.6475 39.11565557917614
0.6525 -46.58281487013657
0.6575 -246.7755796202516
0.6625 38.08162837300618
0.6675 -32.11279346195239
0.6725 193.01816040430165
0.6775 -101.32708641194012
0.6825 24.866337934045116
0.6875 148.515063068982
0.6925 -87.89261911629828
0.6975 -29.083411482300406
0.7025 -138.07950094391472
0.7075 268.0019614546724
0.7125 -166.33433807803343
0.7174999999999999 -230.98461866666733
0.7224999999999999 2.497132208964539
0.7274999999999999 104.7450463256924
0.7324999999999999 61.49453263237326
0.7374999999999999 -213.19996932552834
0.7424999999999999 318.8432281936154
0.7474999999999999 -156.51196755152853
0.7525 118.26037130093054
0.7575 146.78652413097825
0.7625 -365.2383710199434
0.7675 78.02899652455638
0.7725 -68.25025059735837
0.7775 83.74799690697633
0.7825 35.86217916744276
0.7875 19.284915908054977
0.7925 -53.61164334343598
0.7975 -288.0502502823859
0.8025 288.09445556402835
0.8075 -20.295019212536758
0.8125 12.32419240654081
0.8175 44.527573891847894
0.8225 132.60181933696572
0.8275 -300.0280304769401
0.8325 147.7912231290467
0.8374999999999999 0.8102064698188701
0.8424999999999999 65.36257872698805
0.8474999999999999 -89.95248792095002
0.8524999999999999 6.624660672499014
0.8574999999999999 10.784178706151105
0.8624999999999999 7.7311673766822455
0.8674999999999999 -51.951548141475996
0.8724999999999999 -59.99759081065817
0.8775 -112.41976698444043
0.8825 21.83999081897197
0.8875 185.42361864658028
0.8925 1.6659803838764313
0.8975 -134.51588621537536
0.9025 181.71017076949406
0.9075 -56.706365441659095
0.9125 -123.99858643946344
0.9175 158.89925645300383
0.9225 267.10193304637477
0.9275 138.08839158127742
0.9325 -216.18780113529095
0.9375 214.33916911628214
0.9425 42.955179815417964
0.9475 -25.4075878203874
0.9524999999999999 243.2957249961025
0.9574999999999999 -171.10061211042768
0.9624999999999999 -360.7247051855577
0.9674999999999999 19.160646467057415
0.9724999999999999 239.4496675901443
0.9774999999999999 -105.54189039098559
0.9824999999999999 13.16592678230912
0.9874999999999999 246.11935305246286
0.9924999999999999 -143.58950285858617
0.9974999999999999 -162.81330277323087
1.0025 -159.5841721230469
1.0075 176.9850413636042
1.0125 21.567261445120582
1.0174999999999998 232.58502629060186
1.0225 -217.40404285293167
1.0274999999999999 155.74573582733308
1.0325 -137.5625197106132
1.0374999999999999 -156.5077460580574
1.0425 159.08276496630725
1.0474999999999999 83.3796162703439
1.0525 54.80022705485253
1.0574999999999999 -267.76304771463936
1.0625 226.58439530441677
1.0675 -153.19932417578747
1.0725 4.5267602671062335
1.0775 -83.43455437214924
1.0825 14.928945197861669
1.0875 28.703467595815653
1.0925 -208.5042356305812
1.0975 146.03133458207165
1.1025 120.91352158981688
1.1075 -177.5648589258824
1.1125 287.21381323484405
1.1175 -103.09462238605668
1.1225 -165.8508919404267
1.1275 39.20599648686664
1.1324999999999998 -63.995853043934034
1.1375 91.08611352971941
1.1424999999999998 -137.74099038029604
1.1475 282.6515392361312
1.1524999999999999 -158.99033781949166
1.1575 -38.84077371341109
1.1624999999999999 -205.88620241186928
1.1675 -4.149420634970769
1.1724999999999999 142.97799060702292
1.1775 -82.71787328615997
1.1824999999999999 198.88297643064635
1.1875 73.77366370150361
1.1925 11.807434603696086
1.1975 -32.585425262807334
1.2025 -105.26852048030572
1.2075 239.35017713616736
1.2125 -343.6113006430054
1.2175 21.461767531222595
1.2225 20.417198039225074
1.2275 165.06191294301445
1.2325 -99.56384351325492
1.2375 86.50858533632952
1.2425 -304.52664745423874
1.2475 299.6937971986145
1.2525 92.46149036637209
1.2574999999999998 24.967505086883385
1.2625 -321.0593090995131
1.2674999999999998 -3.327623479934291
1.2725 186.9963506319696
1.2774999999999999 11.761462668748266
1.2825 123.45854555137602
1.2874999999999999 257.9508241941669
1.2925 -229.20999686799433
1.2974999999999999 136.81671568832016
1.3025 -110.35296867760127
1.3074999999999999 -201.08336276148952
1.3125 -89.23612869061286
1.3175 155.04394563125572
1.3225 -69.68128681617492
1.3275 62.296012550683116
1.3325 -45.82355212347427
1.3375 97.1286989133341
1.3425 -337.4119360619073
1.3475 288.8551131062394
1.3525 -55.54964649247545
1.3575 44.610861607934396
1.3625 183.80949228733272
1.3675 -22.559038188768085
1.3724999999999998 -189.0770105748733
1.3775 -72.55606202530677
1.3824999999999998 157.27474834100124
1.3875 29.656216380996185
1.3924999999999998 -134.88146318137035
1.3975 78.02115073380259
1.4024999999999999 -82.4927542056882
1.4075 -128.2923400572699
1.4124999999999999 101.7574801850065
1.4175 -168.19798118938186
1.4224999999999999 582.4162175102186
1.4275 -140.885224562471
1.4324999999999999 -272.4284732918197
1.4375 -11.418593237455367
1.4425 228.67527725650976
1.4475 75.0600363643602
1.4525 -27.924131833232252
1.4575 -89.46492378107015
1.4625 -82.77325627511155
1.4675 6.951024145902173
1.4725 76.7119787889612
1.4775 -192.36941467769552
1.4825 186.1482099339291
1.4874999999999998 -2.4646613685903715
1.4925 10.55035169337506
1.4974999999999998 -115.62493570501984
1.5025 -64.78553799211221
1.5074999999999998 54.52543812063052
1.5125 93.4124996046513
1.5174999999999998 -128.4859110993659
1.5225 117.03242007728161
1.5274999999999999 95.99325691232374
1.5325 176.22635311480664
1.5374999999999999 -233.4960704257068
1.5425 258.4508968210523
1.5474999999999999 -93.15127124119049
1.5525 -98.21677760504457
1.5574999999999999 13.86283164118484
1.5625 -7.961592469956516
1.5675 159.25495010827578
1.5725 141.40351242971576
1.5775 -101.2013505934336
1.5825 -178.71748796608065
1.5875 -168.44664172123404
1.5925 -147.3798242344176
1.5975 325.12079636233653
1.6025 4.954527745421973
1.6075 -39.51358364366331
1.6124999999999998 -14.121518581888292
1.6175 59.98806698875014
1.6224999999999998 400.66051054780115
1.6275 -370.9559695012524
1.6324999999999998 438.51510660191315
1.6375 -67.39063027140624
1.6424999999999998 -163.53994809440192
1.6475 -66.11355401957022
1.6524999999999999 -475.2699484728959
1.6575 257.8457379290057
1.6624999999999999 225.35944243065182
1.6675 -63.26860453948043
1.6724999999999999 77.0664166019014
1.6775 -199.74782575958073
1.6824999999999999 -65.39793784682395
1.6875 145.3300691449234
1.6925 -367.28401376529735
1.6975 168.93439751391736
1.7025 133.62033246909937
1.7075 -47.75534948499783
1.7125 134.94622959158372
1.7175 -33.54498216348719
1.7225 -93.13982839114261
1.7274999999999998 -227.37787778085303
1.7325 39.195056157969745
1.7374999999999998 -118.00748769659342
1.7425 172.84569095511847
1.7474999999999998 15.452086295693551
1.7525 -149.31729012400183
1.7574999999999998 111.07708139217549
1.7625 112.36088661144267
1.7674999999999998 21.913191005213573
1.7725 35.88405903572964
1.7774999999999999 -51.87165379189969
1.7825 -10.098820188521302
1.7874999999999999 68.76423584929655
1.7925 115.1277334621061
1.7974999999999999 -127.76501549388325
1.8025 -100.054035461107
1.8074999999999999 -47.4760522031258
1.8125 126.02555583307098
1.8175 128.08790743959167
1.8225 -200.6832530920212
1.8275 50.89299549514134
1.8325 -1.1886834524567258
1.8375 -60.29425224443585
1.8425 63.73606908337307
1.8475 -9.930636004425793
1.8524999999999998 43.14835959104566
1.8575 -64.28966149578828
1.8624999999999998 -70.55040539552469
1.8675 193.23441238458562
1.8724999999999998 -17.69197095841999
1.8775 -0.5603974027830119
1.8824999999999998 -152.59934038642814
1.8875 131.36169511740567
1.8924999999999998 12.435672822409238
1.8975 -126.38377696314481
1.9024999999999999 -15.794378202678592
1.9075 178.095567579073
1.9124999999999999 -9.037382486544823
1.9175 -229.28107170162247
1.9224999999999999 32.53981643524788
1.9275 10.143847215277106
1.9324999999999999 -32.112439236516806
1.9375 195.11181405200205
1.9425 -277.8192526884438
1.9475 47.34915909906731
1.9525 121.45857768899334
1.9575 -125.05221973400688
1.9625 -119.63100997762889
1.9674999999999998 187.8165575227038
1.9725 70.8850764307622
1.9774999999999998 27.0197475179113
1.9825 82.7836632920878
1.9874999999999998 -25.420033607385513
1.9925 -66.27285256651348
1.9974999999999998 106.43363713492047
2.0025 -7.331294361911533
2.0075 -295.83818465364067
2.0124999999999997 185.22646903281043
2.0175 -157.29129693226437
2.0225 131.3802734487053
2.0275 72.19718560449401
2.0324999999999998 69.71823758195019
2.0375 39.043841767076174
2.0425 -89.57264088064674
2.0475 -74.4084968359531
2.0524999999999998 165.68697898873793
2.0575 178.57828079109424
2.0625 -244.43859625717707
2.0675 142.00285397164834
2.0725 -264.8934924620563
2.0775 100.71117259353699
2.0825 -203.7787862112221
2.0875 318.3036086390512
2.0925 -219.76829315313876
2.0974999999999997 126.73095249673317
2.1025 141.2975563911039
2.1075 -143.62488434778464
2.1125 -90.92457594116699
2.1174999999999997 1.2629734214091317
2.1225 5.243870713272429
2.1275 81.96402221464221
2.1325 -307.55738133289714
2.1374999999999997 79.73507655674379
2.1425 287.946489599334
2.1475 -220.4971567255702
2.1525 203.31783654680234
2.1574999999999998 -78.18679954802708
2.1625 -18.204069889187053
2.1675 -69.06655331060878
2.1725 57.402525006007636
2.1774999999999998 -137.0678878390437
2.1825 229.99697920242014
2.1875 -157.51287652165456
2.1925 12.679522362294225
2.1975 163.47576512979825
2.2024999999999997 160.1773205095742
2.2075 -55.778397699506776
2.2125 -108.14632843221656
2.2175 -0.8594977550036682
2.2224999999999997 154.29362549782803
2.2275 -190.50502936405536
2.2325 225.24502182524205
2.2375 -294.4017997886482
2.2424999999999997 60.12985381178699
2.2475 -121.82361331641407
2.2525 85.74272086443376
2.2575 -118.73055418292161
2.2624999999999997 -24.28705105199789
2.2675 105.60462250504956
2.2725 260.9744598793271
2.2775 -180.66833244508234
2.2824999999999998 -11.814893865023045
2.2875 109.23927759208176
2.2925 153.52545606049574
2.2975 -306.6738394079853
2.3024999999999998 56.040433465372004
2.3075 29.71144502134601
2.3125 -200.1970420354081
2.3175 169.2663130631113
2.3225 21.287572304650055
2.3274999999999997 151.82163592605846
2.3325 -0.001622699877999696
2.3375 60.54234242333464
2.3425 24.659458173893583
2.3474999999999997 244.03530375637575
2.3525 -169.1530048729439
2.3575 -33.90625657996786
2.3625 -158.37591284664842
2.3674999999999997 185.1894266842331
2.3725 114.54597516024792
2.3775 -3.170734446413461
2.3825 -33.5435837452531
2.3874999999999997 -87.92102373289447
2.3925 244.6131917637552
2.3975 -385.5934732218852
2.4025 3.904059320929252
2.4074999999999998 324.6452263457075
2.4125 -217.41439934146536
2.4175 -207.90809869721406
2.4225 -166.7568942843764
2.4274999999999998 232.34773682946067
2.4325 14.065796499716987
2.4375 99.50230118611088
2.4425 17.140370644654364
2.4475 115.21495489639342
2.4524999999999997 -239.16704668153946
2.4575 -19.63143575615095
2.4625 -16.94861000770524
2.4675 -40.39382582442651
2.4724999999999997 139.3671452721375
2.4775 120.08785841679747
2.4825 -230.06321514817006
2.4875 26.831245899712442
2.4924999999999997 104.57802245359203
2.4975 -174.70486776006007
2.5025 419.174812441948
2.5075 -306.72803168892557
2.5124999999999997 40.61247489573502
2.5175 -277.91370758508054
2.5225 292.5805922791937
2.5275 -131.36531071366417
2.5324999999999998 61.45502189042815
2.5375 47.10008558930667
2.5425 97.16750580986508
2.5475 -116.93950485071232
2.5524999999999998 202.97780486652863
2.5574999999999997 -467.7999282720468
2.5625 171.25591864724294
2.5675 231.9069159069917
2.5725 -247.63740115727322
2.5774999999999997 176.2931777695457
2.5825 13.066423383708397
2.5875 186.00468784048672
2.5925 -153.0509658261566
2.5974999999999997 63.97786518156603
2.6025 80.0261680192406
2.6075 159.18770412001336
2.6125 72.53540957710277
2.6174999999999997 -270.1631842621322
2.6225 -19.703266411065098
2.6275 96.98805483576358
2.6325 -255.00378989103538
2.6374999999999997 231.92129730177487
2.6425 -218.16826054498853
2.6475 381.2398197144856
2.6525 -133.98215190851994
2.6574999999999998 171.1759418599863
2.6625 106.79322858582869
2.6675 -292.8902903143104
2.6725 151.1629405701485
2.6774999999999998 -288.4345604052761
2.6824999999999997 45.373257644370845
2.6875 -153.02598688006188
2.6925 14.442714732536908
2.6975 60.5579207106
2.7024999999999997 -238.50146478577668
2.7075 -71.08093467438914
2.7125 407.09655854479536
2.7175 -198.23346333621558
2.7224999999999997 -3.371148996123453
2.7275 195.17006334580626
2.7325 -153.69218149898248
2.7375 92.72575648927044
2.7424999999999997 98.36788054387873
2.7475 -294.3101887617092
2.7525 356.55874405176957
2.7575 -95.1732421349387
2.7624999999999997 -84.72439313484051
2.7675 2.6483951545333477
2.7725 -4.9702110371069415
2.7775 39.331714409883105
2.7824999999999998 -54.91171753693412
2.7875 -50.942579424222394
2.7925 -109.2583486579363
2.7975 171.9358943725228
2.8024999999999998 221.03228661748122
2.8074999999999997 -335.38894749374646
2.8125 134.68041182442965
2.8175 94.84573466601663
2.8225 -161.68395760778225
2.8274999999999997 147.97719306174014
2.8325 14.90180879253892
2.8375 -10.330106107501205
2.8425 -85.05630868403449
2.8474999999999997 -150.02428619708806
2.8525 163.17265052967153
2.8575 -321.78642509838954
2.8625 95.88150115591893
2.8674999999999997 84.96586461410719
2.8725 -142.7838657916187
2.8775 -190.84619951329958
2.8825 186.3123807912099
2.8874999999999997 -96.7938287660976
2.8925 -179.3573954259494
2.8975 144.3563217127569
2.9025 -27.304295283932845
2.9074999999999998 110.78603585266418
2.9125 -69.46421504809683
2.9175 196.4116163919527
2.9225 -174.78885340025883
2.9274999999999998 143.76650662442208
2.9324999999999997 17.977401138226863
2.9375 139.00951350897523
2.9425 -103.3203660980822
2.9475 -34.849882875921836
2.9524999999999997 -50.874409449701204
2.9575 169.3254089714967
2.9625 -117.33478385633282
2.9675 111.55258548497714
2.9724999999999997 -169.18206978048948
2.9775 246.54601469476052
2.9825 -46.17847153563223
2.9875 -110.52422799112826
2.9924999999999997 208.29854565734962
2.9975 -323.97052057908104
3.0025 27.107971231226426
3.0075 119.40139610270913
3.0124999999999997 16.090830153954997
3.0175 243.8632394089651
3.0225 -168.61167972027576
3.0275 -118.5835719438425
3.0324999999999998 -181.73652451029568
3.0374999999999996 77.54387301371779
3.0425 235.01332928677175
3.0475 -137.2085203371795
3.0524999999999998 58.28139199731049
3.0574999999999997 14.337133972878343
3.0625 -15.149969763891033
3.0675 -26.111964309531736
3.0725 320.5936939755674
3.0774999999999997 -277.0205694667936
3.0825 38.48379214208894
3.0875 96.37607039327324
3.0925 -18.555484680152112
3.0974999999999997 -168.16817684281872
3.1025 22.952909503560246
3.1075 94.98442339812924
3.1125 161.89908192547153
3.1174999999999997 -265.4150533617991
3.1225 -249.91094606076436
3.1275 262.9379327845931
3.1325 -192.36308046372156
3.1374999999999997 87.66174124080862
3.1425 -51.591595688531186
3.1475 263.24483754424676
3.1525 -254.63488804825496
3.1574999999999998 90.25196078884976
3.1624999999999996 -72.29853460709157
3.1675 -199.84931845243668
3.1725 -15.192875517152414
3.1774999999999998 -61.32521405842628
3.1824999999999997 491.4633924195253
3.1875 30.280266331320853
3.1925 -118.66930292066002
3.1975 195.21133166172723
3.2024999999999997 -211.33411842388617
3.2075 219.75135612447374
3.2125 162.09933377507693
3.2175 79.21447385522609
3.2224999999999997 -22.6575652304847
3.2275 -218.25967439257565
3.2325 234.697666000579
3.2375 -64.9824919397518
3.2424999999999997 96.5201017186754
3.2475 -231.90732776643202
3.2525 2.0595535282239363
3.2575 -75.52307506407537
3.2624999999999997 -14.734656493980493
3.2675 18.95292403985928
3.2725 161.38773882421452
3.2775 -117.57853648424405
3.2824999999999998 248.80900257496168
3.2874999999999996 -280.57580384260586
3.2925 71.29237462647808
3.2975 -24.44231956089675
3.3024999999999998 178.73302309363467
3.3074999999999997 184.86186105496833
3.3125 -245.66727981428136
3.3175 42.01468128268976
3.3225 -200.50318649990325
3.3274999999999997 164.5397764927311
3.3325 2.791515125787355
3.3375 -28.603534442284545
3.3425 14.525657170932854
3.3474999999999997 -151.7410741141783
3.3525 -159.51234067862586
3.3575 76.15991028937133
3.3625 68.26398295166568
3.3674999999999997 -26.70277707143735
3.3725 15.931416602171216
3.3775 -101.0096027201796
3.3825 137.69262867371066
3.3874999999999997 -1.7297516206242136
3.3924999999999996 -127.67462089972258
3.3975 76.19101791447336
3.4025 -70.4575981751461
3.4074999999999998 202.7042896701285
3.4124999999999996 82.99907683247673
3.4175 -142.10486642322292
3.4225 -9.652942342681337
3.4274999999999998 -89.45872055945172
3.4324999999999997 -76.30671646840854
3.4375 50.22374969516568
3.4425 -132.25975283420473
3.4475 49.95516444310781
3.4524999999999997 -41.416306097220364
3.4575 -22.532344696824296
3.4625 138.30180845867991
3.4675 -208.37989434445444
3.4724999999999997 321.3504593802751
3.4775 -91.78183294396321
3.4825 -43.07330649786828
3.4875 67.75554319629403
3.4924999999999997 -48.91032908465687
3.4975 143.15196885077847
3.5025 -94.54282487714188
3.5075 66.71167860238654
3.5124999999999997 47.42968362319381
3.5174999999999996 -60.18359128740036
3.5225 152.0058589431194
3.5275 -93.01575553736673
3.5324999999999998 125.38666328434067
3.5374999999999996 -86.42232960058296
3.5425 -198.70255676445706
3.5475 16.615993047410093
3.5524999999999998 255.7357946483101
3.5574999999999997 -80.95766854166575
3.5625 -75.44163400466158
3.5675 -120.83814815420901
3.5725 -227.92845240177644
3.5774999999999997 12.871452545853208
3.5825 183.16926718251545
3.5875 40.64698898000358
3.5925 -196.64960272453033
3.5974999999999997 169.50993805407143
3.6025 -142.20796155194606
3.6075 -54.95679137487072
3.6125 98.10311581446786
3.6174999999999997 -138.90796897183188
3.6225 108.06053034731137
3.6275 145.59360984255193
3.6325 60.08434472526772
3.6374999999999997 -79.47239892175716
3.6424999999999996 -78.991657898008
3.6475 45.12173574208427
3.6525 114.58278986766494
3.6574999999999998 -47.4238539534823
3.6624999999999996 3.9759955066009516
3.6675 -64.15180592374317
3.6725 69.29736013047615
3.6774999999999998 -152.3420733574621
3.6824999999999997 153.17405653333103
3.6875 -249.28922462949913
3.6925 19.458762172571365
3.6975 -127.51400440257028
3.7024999999999997 28.072313135937552
3.7075 -26.250995424476226
3.7125 -12.623781331956975
3.7175 158.7082347287343
3.7224999999999997 263.3518267842406
3.7275 -15.322370441247214
3.7325 147.32913604833232
3.7375 -124.35593463805894
3.7424999999999997 84.82579003419086
3.7474999999999996 -140.15318454055407
3.7525 89.81043720522703
3.7575 169.52383469160915
3.7624999999999997 -221.57839512937454
3.7674999999999996 -8.89801504165481
3.7725 -168.04705753440948
3.7775 131.36878533359433
3.7824999999999998 3.3105161809447727
3.7874999999999996 -38.34406231352523
3.7925 -206.8072092031421
3.7975 268.04035754443896
3.8024999999999998 -24.666438730861465
3.8074999999999997 222.42290935898836
3.8125 -74.02803819096017
3.8175 -231.23738851621658
3.8225 143.3097108190478
3.8274999999999997 -182.8064579645932
3.8325 -101.15841325989565
3.8375 192.19798983088552
3.8425 28.7881737926583
3.8474999999999997 -134.36710179517974
3.8525 33.6454224436263
3.8575 -52.09830359469393
3.8625 173.9965553157786
3.8674999999999997 -296.3902586797789
3.8724999999999996 126.18574244370843
3.8775 193.2368535564129
3.8825 -42.492276647723095
3.8874999999999997 -159.28492900165926
3.8924999999999996 189.10090684381947
3.8975 33.0689552197315
3.9025 -63.09658292413151
3.9074999999999998 147.98119549993865
3.9124999999999996 -127.28082774611494
3.9175 82.0908141302312
3.9225 -11.875946434711198
3.9274999999999998 21.739634489734758
3.9324999999999997 -42.559302363556384
3.9375 126.23197807396565
3.9425 145.30796887262292
3.9475 -41.14241930623251
3.9524999999999997 126.27613545885528
3.9575 38.6426969882509
3.9625 -102.14104646079888
3.9675 -210.74838771798835
3.9724999999999997 92.11440944202897
3.9775 -126.17932585784637
3.9825 66.39674436003699
3.9875 246.1607466368142
3.9924999999999997 102.22477524808154
3.9974999999999996 -135.16668702847957
4.0024999999999995 21.709569803266618
4.007499999999999 75.96303542400766
4.0125 -136.0888718956531
4.0175 18.06750308849128
4.0225 -213.65904759539208
4.0275 123.81455790427243
4.0325 -43.12743180230527
4.0375 15.609058560513622
4.0424999999999995 -65.15849040011676
4.047499999999999 242.25319506363377
4.0525 -183.04740521126874
4.0575 201.50044794808485
4.0625 -32.70047234195366
4.0675 48.79620727471805
4.0725 -170.16784702819857
4.0775 59.659769091822284
4.0825 -106.87737739078977
4.0874999999999995 -62.958556752800654
4.0925 81.9527454242153
4.0975 -243.18622038707954
4.1025 -245.43311995854862
4.1075 99.75077348635624
4.1125 294.6718763534751
4.1175 -49.61027624263487
4.1225 10.52761099938255
4.1274999999999995 8.438492279398293
4.132499999999999 -138.6327908107011
4.1375 52.19495266263024
4.1425 168.42566110132262
4.1475 -171.629553057637
4.1525 -187.24428685702006
4.1575 104.98371637125791
4.1625 31.71930926871724
4.1674999999999995 -202.30229564503233
4.172499999999999 -58.45791442709762
4.1775 279.126780221967
4.1825 -5.661694615170662
4.1875 68.9611349262056
4.1925 -137.15549047358616
4.1975 152.24324077656962
4.2025 -179.3819346166928
4.2075 -149.7010987784169
4.2124999999999995 169.58284191205115
4.2175 -9.490310497545616
4.2225 82.37132804225826
4.2275 -225.11215281176425
4.2325 202.49810414972367
4.2375 367.5775609890513
4.2425 11.512384290361654
4.2475 136.00748583855437
4.2524999999999995 -222.1015087260489
4.257499999999999 113.66414409681954
4.2625 72.0662598307014
4.2675 -159.16727220740745
4.2725 77.18219884356948
4.2775 172.58366716344145
4.2825 -321.30696847080566
4.2875 72.37681500715814
4.2924999999999995 -194.84536678466833
4.297499999999999 -1.8457205806775574
4.3025 120.38946926942135
4.3075 -197.4063551023739
4.3125 -9.244661737195026
4.3175 -70.14072246950188
4.3225 -46.545793048739014
4.3275 33.58181345054942
4.3325 -116.5640645748361
4.3374999999999995 107.84047055873134
4.342499999999999 54.71926180493913
4.3475 -75.46676900995641
4.3525 151.19512797754038
4.3575 -182.2746597918608
4.3625 109.4365695802652
4.3675 85.41582460544788
4.3725 2.0350767085267263
4.3774999999999995 244.724256175272
4.382499999999999 81.70393232015194
4.3875 -91.37197450890851
4.3925 47.88345777178203
4.3975 -111.25671066325515
4.4025 -188.58523513931993
4.4075 -26.305878523966523
4.4125 76.36024214234405
4.4174999999999995 -42.79750396835271
4.422499999999999 54.40123210335508
4.4275 -232.81603338205656
4.4325 164.318177692006
4.4375 157.39645530572372
4.4425 93.31527630201927
4.4475 -184.37196254051943
4.4525 16.133926375759472
4.4575 174.7707248740756
4.4624999999999995 -178.78533799292478
4.467499999999999 -16.80492685485232
4.4725 -85.54557282967771
4.4775 143.0728465731722
4.4825 -196.8304045449623
4.4875 148.33397413120215
4.4925 30.765321615603575
4.4975 -60.6409272306405
4.5024999999999995 -130.17082780658347
4.507499999999999 -133.86055389575162
4.5125 197.89855785854465
4.5175 207.20866721883564
4.5225 -149.70485018631277
4.5275 261.68594373998747
4.5325 -80.56927906944514
4.5375 -31.085410351220304
4.5424999999999995 -6.984141789815938
4.547499999999999 -85.83879451341396
4.5525 -221.25015957059682
4.5575 239.91147176421433
4.5625 -151.77046051551864
4.5675 -223.78254951355098
4.5725 281.43431890822205
4.5775 -131.20176246482566
4.5825 250.69486339776407
4.5874999999999995 40.37664674610002
4.592499999999999 -4.620338547899102
4.5975 -77.16341778992151
4.6025 -97.44948590202435
4.6075 98.4647350809895
4.6125 9.691336853434015
4.6175 -237.22630723311931
4.6225 -99.12818248107308
4.6274999999999995 223.23188239079013
4.632499999999999 70.49475746943513
4.6375 -181.78312564935814
4.6425 137.91147446382533
4.6475 -190.3466810873719
4.6525 319.0836770640512
4.6575 268.060136074281
4.6625 -87.83448311673631
4.6674999999999995 -160.03272916060078
4.672499999999999 42.404606641923905
4.6775 132.90531342674936
4.6825 -135.62903754133438
4.6875 55.2627807341533
4.6925 26.99862215506558
4.6975 63.93423597680211
4.7025 14.399597654591446
4.7075 -8.669626481466155
4.7124999999999995 106.67938379412844
4.717499999999999 -70.27685635723961
4.7225 -208.85755879134277
4.7275 130.69391100724164
4.7325 -45.50462685788036
4.7375 -193.81952465984853
4.7425 -117.93143449553226
4.7475 144.40708990220952
4.7524999999999995 70.72657449629556
4.757499999999999 78.32744546778044
4.7625 -5.064143148581932
4.7675 -137.5625297110341
4.7725 -215.31989249995954
4.7775 159.36112984051337
4.7825 187.11669385508202
4.7875 -391.3322034478874
4.7924999999999995 195.0720131662659
4.797499999999999 -87.59021323021165
4.8025 9.50000274759538
4.8075 -61.68028663492562
4.8125 -226.0376507131194
4.8175 228.32374535535243
4.8225 -292.4526840008278
4.8275 -65.23972618773281
4.8325 218.6272680223989
4.8374999999999995 65.57380814389981
4.842499999999999 129.26100951254764
4.8475 -11.434988927546065
4.8525 -195.88245464597628
4.8575 142.9046700867691
4.8625 -8.232485713894055
4.8675 -141.52603969212228
4.8725 231.5305411180978
4.8774999999999995 -147.43727717891417
4.882499999999999 -103.37259092779182
4.8875 93.88831147356508
4.8925 54.86034748004378
4.8975 114.55821146474474
4.9025 68.79093592046463
4.9075 -25.55259339732189
4.9125 10.762515886473434
4.9174999999999995 -60.06836563165882
4.922499999999999 88.35264558396615
4.9275 299.6120850751601
4.9325 -274.20207741608016
4.9375 165.99553644953235
4.9425 -2.867118571076299
4.9475 -483.62313110900004
4.9525 51.181882127995294
4.9575 -2.2017692508920197
4.9624999999999995 216.23194246687328
4.967499999999999 59.57530277349712
4.9725 -41.778009215955535
4.9775 85.97838486242281
4.9825 89.50696048459555
4.9875 -6.506258057382127
4.9925 15.503537934965035
4.9975 -39.00358441475904
5.0024999999999995 182.1051347618557
5.007499999999999 -144.75299367174333
5.0125 8.148908511938956
5.0175 -55.61460185801029
5.0225 -149.6210167235717
5.0275 29.13783166756992
5.0325 -86.90745765108626
5.0375 228.0740356346033
5.0424999999999995 -41.60489719286951
5.047499999999999 -223.24680061532297
5.0525 94.2789313357149
5.0575 65.56870648180364
5.0625 152.4316194948588
5.0675 -151.64494085742606
5.0725 169.03722802623972
5.0775 64.37323208562297
5.0825 -72.33051805853059
5.0874999999999995 27.452354673612117
5.092499999999999 -14.553345178419775
5.0975 -79.36774376026735
5.1025 -108.44279237412923
5.1075 266.8562687590549
5.1125 -135.55812852060635
5.1175 87.19617217143289
5.1225 -64.71627251095508
5.1274999999999995 -162.27367677102694
5.132499999999999 -151.46593148085867
5.1375 88.8185621679687
5.1425 92.43496490781659
5.1475 -82.21575162566279
5.1525 -277.55781905318526
5.1575 247.70844756865242
5.1625 152.89889653085928
5.1674999999999995 -84.43275428088307
5.172499999999999 -73.64301330114351
5.177499999999999 -7.452562360789636
5.1825 102.75584299533367
5.1875 68.62379033271498
5.1925 -52.26396319884626
5.1975 -18.069414484730967
5.2025 106.28846944589957
5.2075 60.30749464391056
5.2124999999999995 97.73868221896547
5.217499999999999 -26.76029212381119
5.2225 111.35103437015967
5.2275 -193.68700618744072
5.2325 -122.90801869562092
5.2375 -44.09075511151237
5.2425 169.43656220254135
5.2475 -289.95370421409916
5.2524999999999995 146.82911631018612
5.257499999999999 80.13382334812519
5.2625 -307.366799660044
5.2675 218.79302515532726
5.2725 -88.85110540448211
5.2775 101.30925108888718
5.2825 -119.2976996328862
5.2875 8.59796951807317
5.2924999999999995 40.82502278919378
5.297499999999999 53.54331625703884
5.302499999999999 31.981366351269156
5.3075 382.49468200502537
5.3125 -518.2168597823998
5.3175 243.70215177356164
5.3225 98.37454839031629
5.3275 -156.85916249382853
5.3325 -96.35769192235938
5.3374999999999995 50.36969768018695
5.342499999999999 87.78268948938639
5.3475 33.83460330094048
5.3525 21.425643609459524
5.3575 -67.53308320800596
5.3625 49.553726518720424
5.3675 163.89664334610714
5.3725 38.938314496511055
5.3774999999999995 78.06296884260107
5.382499999999999 -318.7523448617786
5.3875 56.51076312985689
5.3925 213.30647367669224
5.3975 -82.30454102068207
5.4025 70.0849651226884
5.4075 -87.01119438576185
5.4125 13.478230716581196
5.4174999999999995 100.73583705271085
5.422499999999999 -91.34202061657736
5.427499999999999 -91.40670991828208
5.4325 -6.053740853145779
5.4375 157.5233569627738
5.4425 -10.001815710889042
5.4475 -126.85614171328598
5.4525 158.56335968360966
5.4575 -215.48321516364533
5.4624999999999995 248.57835391964613
5.467499999999999 -122.15216003960444
5.4725 -156.12150743294436
5.4775 -53.770304231961404
5.4825 -39.05411140984931
5.4875 244.77095629876385
5.4925 -51.89136514786177
5.4975 -155.858172928205
5.5024999999999995 239.11347343981234
5.507499999999999 152.04591905029238
5.5125 -242.53412504580467
5.5175 -53.89871621573866
5.5225 23.839307074981324
5.5275 108.19065056088232
5.5325 -71.21487083804625
5.5375 144.58112012183696
5.5424999999999995 42.093383542617595
5.547499999999999 -256.7290964561472
5.552499999999999 150.96461695959695
5.5575 -71.52174006988878
5.5625 -172.23169050672232
5.5675 -72.43279604759738
5.5725 223.6330905583854
5.5775 -156.11800860146886
5.5825 6.9929867015698575
5.5874999999999995 -37.53845524782051
5.592499999999999 24.990176830605378
5.5975 -5.920560247605733
5.6025 35.07553368930043
5.6075 -124.26471658818659
5.6125 94.01210142069664
5.6175 229.167781933283
5.6225 -84.64657643850161
5.6274999999999995 -87.3381820959653
5.632499999999999 -88.40709603366739
5.6375 -189.2902977099729
5.6425 296.4037439842143
5.6475 77.18740195730415
5.6525 -28.678081790491035
5.6575 228.57293400153804
5.6625 -181.84546409553695
5.6674999999999995 72.55922110564012
5.672499999999999 -204.01777442807412
5.677499999999999 19.87110268578034
5.6825 -42.94796530123446
5.6875 -6.103628216050925
5.6925 310.96619770390515
5.6975 -303.57307231848785
5.7025 275.1701576360308
5.7075 -201.3814687297515
5.7124999999999995 126.97636651036123
5.717499999999999 183.1775283196984
5.7225 -60.604088443262576
5.7275 8.589967602327068
5.7325 74.50749652914244
5.7375 -299.25986156594576
5.7425 54.572885117663354
5.7475 -92.44098081891958
5.7524999999999995 27.123441882382455
5.757499999999999 -37.19446366403331
5.7625 -60.867462160178704
5.7675 -141.1095934797896
5.7725 180.6455614866581
5.7775 -21.685968809906413
5.7825 -138.01757057412226
5.7875 16.903147238924944
5.7924999999999995 202.4887652040181
5.797499999999999 -156.18754929157788
5.802499999999999 84.70007487444862
5.8075 313.1927597088446
5.8125 -152.22193672199228
5.8175 -12.455368750090363
5.8225 -8.494085293637161
5.8275 205.16047977756023
5.8325 42.45406861685878
5.8374999999999995 -237.32860778070136
5.842499999999999 81.24135837684034
5.8475 150.54177534650444
5.8525 -103.25061401749686
5.8575 -155.49245483784907
5.8625 168.38695894604228
5.8675 331.88573017574083
5.8725 -156.25981832020622
5.8774999999999995 25.482255502606087
5.882499999999999 -263.3659294172907
5.8875 1.4933219983049522
5.8925 -327.05228601354014
5.8975 91.3735667798742
5.9025 80.84877879404846
5.9075 -160.8847114677021
5.9125 -68.85569877789685
5.9174999999999995 118.83898881269889
5.922499999999999 172.64036836577105
5.927499999999999 53.52767901992387
5.9325 55.727541496481265
5.9375 -106.86880770443581
5.9425 237.706856604065
5.9475 -156.35935653523947
5.9525 70.83052306143307
5.9575 -223.33748069024944
5.9624999999999995 212.67697044585347
5.967499999999999 -259.55840014613045
5.9725 284.779132897885
5.9775 -419.77270882437
5.9825 536.5713344231397
5.9875 -316.05704789763286
5.9925 -196.71326178550405
5.9975 61.804883458123676
6.0024999999999995 223.8977759752475
6.007499999999999 -61.463482094377966
6.012499999999999 21.6211634260132
6.0175 -172.33908413462487
6.0225 82.97227577021586
6.0275 306.48102479575357
6.0325 -279.3899688159597
6.0375 -85.72850990445573
6.0424999999999995 285.34631112883466
6.047499999999999 -278.58697037978845
6.052499999999999 15.071862808624687
6.0575 111.17828845417708
6.0625 -58.05916276503425
6.0675 -33.83031930483863
6.0725 -114.2764074161793
6.0775 62.22405516346116
6.0825 -22.527900101857615
6.0874999999999995 100.15709598311042
6.092499999999999 64.70466096959649
6.0975 69.15430996479182
6.1025 -104.54655573442847
6.1075 103.48502108758211
6.1125 264.80721656098734
6.1175 -135.13521254583137
6.1225 -88.67242973439454
