0.0075 -196.2196112052368
0.012499999999999999 -101.54545718206131
0.017499999999999998 181.32897840940873
0.0225 -30.55026190589675
0.0275 -284.4185997955008
0.0325 7.238772178201119
0.0375 77.96976758425592
0.042499999999999996 -43.24073563373662
0.0475 49.11589666786867
0.0525 77.32957241490914
0.057499999999999996 -18.03941585367466
0.0625 119.16850840578448
0.06749999999999999 -19.809567201029562
0.0725 189.91602799418033
0.0775 -56.7499835933262
0.08249999999999999 273.38972954034057
0.0875 -462.0328210621903
0.0925 -147.90028377201483
0.09749999999999999 218.01750867356228
0.1025 46.20488948966289
0.1075 -157.0714674165344
0.11249999999999999 87.73418692160907
0.1175 164.1203185746891
0.1225 -293.72601180541886
0.1275 -152.70118794619404
0.1325 494.52667240488364
0.13749999999999998 106.08207365348653
0.1425 -115.69928554491322
0.1475 -42.83039851077093
0.1525 52.034432485321496
0.1575 67.04052514082764
0.1625 -104.66765964745287
0.16749999999999998 -142.71301807281293
0.1725 84.73402485602685
0.1775 22.665675571847043
0.1825 201.64388214309076
0.1875 -140.10160710651422
0.1925 75.5274284052012
0.19749999999999998 -284.33328620467205
0.20249999999999999 90.93538823835928
0.2075 -132.590338064248
0.2125 101.19579088574261
0.2175 -3.4981872378697068
0.2225 73.70797682491647
0.22749999999999998 -169.61303107744283
0.23249999999999998 153.53116209013487
0.2375 -7.76167616078972
0.2425 74.5625727946578
0.2475 -1.7614704556624443
0.2525 -42.31623686982961
0.2575 -229.60441346889533
0.2625 130.24159604835987
0.2675 -235.8662738712172
0.27249999999999996 131.88353410451094
0.27749999999999997 77.68995968878703
0.2825 -55.79385808707291
0.2875 -125.02036628803977
0.2925 92.60578643975954
0.2975 -162.08691377863803
0.3025 -36.9545480397259
0.3075 -77.74604889167351
0.3125 -89.20835265310498
0.3175 1.1569639594960663
0.3225 -3.5856003907527536
0.32749999999999996 50.468024187147336
0.33249999999999996 188.06827548587415
0.33749999999999997 71.25798107359844
0.34249999999999997 376.07861116465443
0.3475 -300.1348973433622
0.3525 -27.0748979970766
0.3575 -80.2781515199031
0.3625 99.36797605871398
0.3675 74.32714420131371
0.3725 45.74640519216775
0.3775 -97.9664754909407
0.3825 -221.83951901475368
0.38749999999999996 254.09554218942117
0.39249999999999996 -364.21339623426127
0.39749999999999996 201.98781819822497
0.40249999999999997 -143.2677845806982
0.4075 234.50376599726872
0.4125 -181.58664504400986
0.4175 42.64079131972297
0.4225 318.7607802497168
0.4275 191.67860875973332
0.4325 -165.71303758553805
0.4375 -44.218093365886084
0.4425 -56.417765202438325
0.44749999999999995 18.435782997199876
0.45249999999999996 89.01208833975507
0.45749999999999996 12.071477690891102
0.46249999999999997 -194.7279119726021
0.46749999999999997 207.02925920706875
0.4725 -59.15203538590492
0.4775 -22.54765395960858
0.4825 -73.88573552384314
0.4875 150.7060942363317
0.4925 -112.70006684140533
0.4975 -55.2559190966644
0.5025 33.66922002420818
0.5075 68.63584031358002
0.5125 -80.14730206511223
0.5175 -86.2063315619084
0.5225 -35.6505560497497
0.5275 422.7413328191013
0.5325 -49.14209890558303
0.5375 -11.978697075250718
0.5425 -48.978469386876526
0.5475 -167.59149493883544
0.5525 90.92038523846554
0.5575 -201.35937279973908
0.5625 149.8030759653493
0.5675 -45.954138672462676
0.5725 47.949493182775726
0.5775 74.29206061939092
0.5825 115.62280758913215
0.5875 -227.7813675267985
0.5925 95.67663253304727
0.5974999999999999 -5.215539849780484
0.6024999999999999 -250.50850167226437
0.6074999999999999 15.85885591653025
0.6124999999999999 38.0348890373376
0.6174999999999999 -68.85224902743452
0.6224999999999999 342.2549141122291
0.6275 -44.430970878481595
0.6325 -183.27338393318576
0.6375 -3.7426606855937736
0.6425 110.94595574154906
0.6475 -70.74643899603895
0.6525 79.37734121603117
0.6575 -0.9444708545275541
0.6625 -198.25430705891762
0.6675 333.71926800680717
0.6725 -151.5414096577172
0.6775 -17.32767510720206
0.6825 4.476699739017869
0.6875 -4.342774891626545
0.6925 140.42871482176866
0.6975 -93.4451720324576
0.7025 110.66289172218859
0.7075 -11.583396226605602
0.7125 91.9607987660658
0.7174999999999999 -183.53991015121093
0.7224999999999999 179.90871336763269
0.7274999999999999 -353.48700686834457
0.7324999999999999 129.27898605864988
0.7374999999999999 139.86544453490876
0.7424999999999999 146.57950475968738
0.7474999999999999 -114.39362480048904
0.7525 147.73048109874486
0.7575 -79.50727960040297
0.7625 98.33343883107732
0.7675 21.561033551411068
0.7725 224.43363872695184
0.7775 72.29862750573848
0.7825 -213.56746453015631
0.7875 -112.01571103045289
0.7925 -22.222795878514397
0.7975 171.11582801401934
0.8025 -134.29801306488307
0.8075 66.61963508191505
0.8125 -134.96154904394163
0.8175 56.44784054724981
0.8225 14.643201197280364
0.8275 140.74734533811457
0.8325 -258.12277327356804
0.8374999999999999 116.47633035580787
0.8424999999999999 -70.23916424447175
0.8474999999999999 58.16193986433544
0.8524999999999999 -71.28024464224572
0.8574999999999999 68.2189336871318
0.8624999999999999 -130.77129334319315
0.8674999999999999 -25.10368818721878
0.8724999999999999 71.69734351362759
0.8775 39.045775532678434
0.8825 -126.7870164353984
0.8875 -142.58932970890436
0.8925 334.13311160959665
0.8975 -232.1774521951156
0.9025 17.36040355710316
0.9075 -3.7941892359971647
0.9125 8.256683969234977
0.9175 141.58986422058678
0.9225 -132.37818217742029
0.9275 23.18866348888948
0.9325 50.790538189316635
0.9375 37.999579393268334
0.9425 311.05736483058155
0.9475 -57.23066435138089
0.9524999999999999 -68.41006120532784
0.9574999999999999 -3.9576078905652987
0.9624999999999999 23.377894496340783
0.9674999999999999 -310.4371572788246
0.9724999999999999 -14.886092867901493
0.9774999999999999 308.04693141162784
0.9824999999999999 -274.21933156335575
0.9874999999999999 4.921587937940671
0.9924999999999999 74.22643733100652
0.9974999999999999 -426.5200560751916
1.0025 259.58428663042326
1.0075 156.51743567641745
1.0125 80.93892235790649
1.0174999999999998 -346.58191360303067
1.0225 34.69421592920018
1.0274999999999999 -26.810772406409026
1.0325 134.62786573531017
1.0374999999999999 163.9364472130543
1.0425 38.918155777969595
1.0474999999999999 0.32478910615157436
1.0525 -143.3067189825958
1.0574999999999999 44.1233416146495
1.0625 -33.93821743177147
1.0675 198.68279932102882
1.0725 -252.05892219225356
1.0775 172.01306604171265
1.0825 -75.54003998865133
1.0875 -60.41948856823454
1.0925 -29.361830042976738
1.0975 54.80376430899787
1.1025 97.5121479473497
1.1075 234.39253263127222
1.1125 117.51586963608499
1.1175 170.99041720919257
1.1225 -128.54481831559875
1.1275 2.1122162711020613
1.1324999999999998 -372.7025106443331
1.1375 76.36657319829038
1.1424999999999998 -40.912133560928616
1.1475 15.684230145520404
1.1524999999999999 173.30513042439554
1.1575 37.06652091053216
1.1624999999999999 -87.0700397572864
1.1675 34.2368181248037
1.1724999999999999 -74.93987156981044
1.1775 -79.07030436611392
1.1824999999999999 31.84467112411532
1.1875 143.46188801362345
1.1925 -199.35745696062966
1.1975 94.25933893212792
1.2025 0.7092753795479978
1.2075 -47.957281668485976
1.2125 27.293423247384045
1.2175 -104.54935703654513
1.2225 257.8679596537865
1.2275 -3.3723427305779787
1.2325 -41.29457386827661
1.2375 72.1264986819298
1.2425 -17.33661311497963
1.2475 -229.59138607847035
1.2525 -37.48882763269018
1.2574999999999998 162.87096651607357
1.2625 -132.57782648500702
1.2674999999999998 31.75994571593775
1.2725 -223.49522291346372
1.2774999999999999 8.777838667670308
1.2825 -13.349715307398156
1.2874999999999999 86.75347801222512
1.2925 -146.035886089433
1.2974999999999999 18.52052314283984
1.3025 18.08976277539621
1.3074999999999999 -98.18271498714655
1.3125 332.179252530027
1.3175 -146.28702218600745
1.3225 -21.879470309601718
1.3275 -146.3761713330107
1.3325 248.53630320237303
1.3375 166.65543639561693
1.3425 -138.15454831316697
1.3475 82.6020069620055
1.3525 -138.15020313027924
1.3575 -209.20375717854012
1.3625 196.7963107415412
1.3675 104.98368847534692
1.3724999999999998 -119.32328057800316
1.3775 77.48971270780758
1.3824999999999998 86.3808146953357
1.3875 17.17051217646217
1.3924999999999998 -152.6093240796657
1.3975 172.82016790717523
1.4024999999999999 72.54849933857403
1.4075 92.7236471899642
1.4124999999999999 -111.22758014233936
1.4175 60.26216001991529
1.4224999999999999 69.94050588453865
1.4275 72.60630650850618
1.4324999999999999 -218.99409372516348
1.4375 -87.46969657874706
1.4425 171.2320610641355
1.4475 39.947934556968995
1.4525 22.7079260343695
1.4575 75.14315354695319
1.4625 -202.99760754212383
1.4675 -27.661467422486453
1.4725 -106.13916868818193
1.4775 285.7135140349756
1.4825 44.21225956771132
1.4874999999999998 -280.4031005209325
1.4925 -99.14773810474028
1.4974999999999998 -39.773793806373554
1.5025 41.50158258122415
1.5074999999999998 269.9679752563579
1.5125 -276.0075405128561
1.5174999999999998 16.243221107527713
1.5225 170.5018702647888
1.5274999999999999 164.00661563106448
1.5325 -23.524006435631275
1.5374999999999999 70.81168992088881
1.5425 -235.56783315202347
1.5474999999999999 -64.49907172428873
1.5525 -51.4730935955431
1.5574999999999999 138.51009709392014
1.5625 -6.569720070588449
1.5675 156.96429040547946
1.5725 -64.91630152223391
1.5775 89.38311750891624
1.5825 -53.699316540158954
1.5875 -150.78860629477094
1.5925 -111.83262398225727
1.5975 -70.31144910692855
1.6025 -81.3058310467914
1.6075 219.10302686276495
1.6124999999999998 -6.718228558117509
1.6175 -11.277993339375902
1.6224999999999998 315.21613391823695
1.6275 -157.45963678080648
1.6324999999999998 -266.69197528148146
1.6375 180.1060379394244
1.6424999999999998 -156.1130725713441
1.6475 64.33080826054058
1.6524999999999999 51.11989014376741
1.6575 43.369522254992795
1.6624999999999999 -49.020050873873544
1.6675 146.01002131658035
1.6724999999999999 -72.67846322977596
1.6775 -36.880736511963605
1.6824999999999999 10.586595060955055
1.6875 70.65120974526371
1.6925 -145.8849644740202
1.6975 -29.176050381449663
1.7025 277.1170601070091
1.7075 13.913752994978838
1.7125 -155.61820624911712
1.7175 176.83139963370243
1.7225 -137.48525987981793
1.7274999999999998 -158.02468543199106
1.7325 154.9660016269269
1.7374999999999998 -157.83666692623152
1.7425 98.0645093540048
1.7474999999999998 189.4688418037987
1.7525 105.1895931944592
1.7574999999999998 -28.923847661033925
1.7625 -228.42473276378314
1.7674999999999998 159.32895269671135
1.7725 -3.0434020434373465
1.7774999999999999 -0.5324266202362622
1.7825 -12.743747697102254
1.7874999999999999 -50.360134909271146
1.7925 212.8249259084611
1.7974999999999999 10.041402903420362
1.8025 -141.39787166598157
1.8074999999999999 298.20310971909055
1.8125 -80.55421656046772
1.8175 -152.94825939800432
1.8225 -61.56770794914705
1.8275 99.47658747224783
1.8325 -141.79503127707207
1.8375 -15.698348371332122
1.8425 4.973859874896183
1.8475 105.06294654814249
1.8524999999999998 -75.67034678902307
1.8575 91.94506941981084
1.8624999999999998 -95.37620594079497
1.8675 36.976707130291494
1.8724999999999998 153.7030885370045
1.8775 1.9496623239818902
1.8824999999999998 68.18489225433598
1.8875 -106.10006309486837
1.8924999999999998 160.47650836547788
1.8975 -138.74936861216992
1.9024999999999999 80.66582652126235
1.9075 -82.1118573843578
1.9124999999999999 -37.97483440438921
1.9175 -16.456751871302615
1.9224999999999999 2.1306102031930294
1.9275 -87.97908038701158
1.9324999999999999 161.30708885072892
1.9375 -199.70048060893984
1.9425 251.44230472581302
1.9475 -186.97802933451476
1.9525 159.22426855373857
1.9575 -156.52197665701993
1.9625 58.70410492077597
1.9674999999999998 -4.5940070448755534
1.9725 135.23359722958247
1.9774999999999998 -205.98987521293282
1.9825 105.74346861220711
1.9874999999999998 217.80397494913646
1.9925 -74.99933301989716
1.9974999999999998 -55.747246125186514
2.0025 -204.435352266984
2.0075 260.5177367085889
2.0124999999999997 -72.8585923903169
2.0175 -199.41443120076715
2.0225 216.10173303902098
2.0275 -123.28573196190362
2.0324999999999998 124.30229974900024
2.0375 -8.286077443241421
2.0425 -222.45245218138612
2.0475 154.5822131707304
2.0524999999999998 1.0889082003084896
2.0575 84.69345183252845
2.0625 -140.3354848451095
2.0675 -60.910951095880826
2.0725 62.821487562538366
2.0775 -52.449436005352624
2.0825 -20.50196739662087
2.0875 -19.046618246584075
2.0925 224.56406947990914
2.0974999999999997 -51.64246625071369
2.1025 344.6852629839831
2.1075 -60.61516627794706
2.1125 -208.93996765464914
2.1174999999999997 215.0324565860607
2.1225 -312.69732596141904
2.1275 -168.11061218309376
2.1325 -160.1041600618473
2.1374999999999997 90.00821026629029
2.1425 83.1823275717726
2.1475 29.665031225695113
2.1525 -74.37981326024715
2.1574999999999998 18.893452786728364
2.1625 3.314071610197208
2.1675 -50.87437255670102
2.1725 115.64894428132457
2.1774999999999998 141.2599850071017
2.1825 74.49718148972173
2.1875 -76.2971483025288
2.1925 169.72881516129368
2.1975 -19.412314164954186
2.2024999999999997 -227.60081729590317
2.2075 177.53918118392812
2.2125 -115.9189410237128
2.2175 74.80725283002447
2.2224999999999997 177.02295401197017
2.2275 -129.03745510319567
2.2325 115.50058441847214
2.2375 -0.6463665475196778
2.2424999999999997 -228.00162758696575
2.2475 283.60725761998566
2.2525 -274.1006368306805
2.2575 -76.30702972172486
2.2624999999999997 158.9898115308929
2.2675 199.06985669770822
2.2725 156.73056859449974
2.2775 -228.8482719062345
2.2824999999999998 -47.64161311891383
2.2875 -27.35335723380708
2.2925 147.5865488729085
2.2975 131.28296487932653
2.3024999999999998 36.144475259744524
2.3075 -106.61771014566764
2.3125 70.9588963799316
2.3175 -100.6597743775667
2.3225 -222.65844190407617
2.3274999999999997 19.348005668751174
2.3325 -71.75493804303079
2.3375 -58.954819289073626
2.3425 268.3645882964974
2.3474999999999997 -37.15844188472729
2.3525 -17.857176341151614
2.3575 -95.52306975383691
2.3625 67.18442488174406
2.3674999999999997 145.97552328561903
2.3725 -34.74228255757632
2.3775 -65.69750992942595
2.3825 401.9673387097828
2.3874999999999997 -129.79818133250825
2.3925 -167.55731060528814
2.3975 95.26934749577997
2.4025 36.17856643147595
2.4074999999999998 -67.67361389264593
2.4125 -116.10280752905769
2.4175 86.274082834596
2.4225 9.609693680250148
2.4274999999999998 -17.22238988629844
2.4325 -140.27617840154699
2.4375 -130.95530687775278
2.4425 201.84197390177846
2.4475 -236.12501370888393
2.4524999999999997 284.3033904726836
2.4575 -147.4099768193222
2.4625 187.8131160620641
2.4675 -225.52396909238206
2.4724999999999997 97.32427767151336
2.4775 116.96915767774013
2.4825 -110.18912414984507
2.4875 -103.13408404698862
2.4924999999999997 72.10851476709637
2.4975 66.80140428681402
2.5025 -73.74871353951512
2.5075 229.24804320619776
2.5124999999999997 -80.7539686521963
2.5175 -117.98037997668854
2.5225 -21.826876845955333
2.5275 73.33278524371828
2.5324999999999998 238.93645519968302
2.5375 -231.89579823510417
2.5425 -307.1182011044846
2.5475 292.67689212190487
2.5524999999999998 -125.2237285317188
2.5574999999999997 116.12915521697298
2.5625 -379.7993960610804
2.5675 121.99284609727634
2.5725 0.6071863458027175
2.5774999999999997 -18.98063639047606
2.5825 40.79039488434507
2.5875 102.84005223046984
2.5925 -59.36180079382847
2.5974999999999997 71.14805052559517
2.6025 -156.9239191009977
2.6075 31.827279602636626
2.6125 22.764049449222277
2.6174999999999997 105.65425169919371
2.6225 184.99712437974844
2.6275 -237.38112236767262
2.6325 -74.14684871798282
2.6374999999999997 -36.28220710947694
2.6425 244.99774637061986
2.6475 3.20601783526581
2.6525 82.28832770668858
2.6574999999999998 213.6793534500607
2.6625 -445.96526583523985
2.6675 10.981881698475712
2.6725 87.94118958167024
2.6774999999999998 171.4421243135425
2.6824999999999997 231.4992974675337
2.6875 -148.6682211930026
2.6925 -293.6594777550165
2.6975 -134.26272773104753
2.7024999999999997 -33.9318532329828
2.7075 267.4665298888798
2.7125 -55.28356305624473
2.7175 187.7845424909882
2.7224999999999997 25.537515394271274
2.7275 -149.63043606739808
2.7325 264.1825846453784
2.7375 -356.7291285916355
2.7424999999999997 -61.32340240322679
2.7475 114.38303172304998
2.7525 92.15834787033435
2.7575 -5.969839427017844
2.7624999999999997 72.19647583777798
2.7675 -488.7146493571618
2.7725 463.5000149212944
2.7775 12.528904707043427
2.7824999999999998 -140.11417816194276
2.7875 -61.77171679898897
2.7925 -61.86715844768424
2.7975 428.4004839061628
2.8024999999999998 -295.21334677541546
2.8074999999999997 48.09276858820351
2.8125 125.32925603255677
2.8175 355.9774076755649
2.8225 -434.824684036062
2.8274999999999997 179.7403665451128
2.8325 -335.04634044191806
2.8375 156.34808433793353
2.8425 -93.12389324675195
2.8474999999999997 -241.96639930825802
2.8525 40.75967003851203
2.8575 327.19433942674516
2.8625 46.908331202620616
2.8674999999999997 59.09846349291878
2.8725 -227.0867219735427
2.8775 -133.48258035535616
2.8825 25.349312736023993
2.8874999999999997 163.09012245082113
2.8925 -43.15107424477847
2.8975 162.05108579038335
2.9025 9.523272312532155
2.9074999999999998 95.13868436462089
2.9125 46.421473342467905
2.9175 -101.14426634866605
2.9225 88.75352324628541
2.9274999999999998 -190.8001431011119
2.9324999999999997 -106.31803858519444
2.9375 295.2963802702755
2.9425 58.67749472181164
2.9475 -74.80794970146088
2.9524999999999997 71.98546721963328
2.9575 -98.06256427213677
2.9625 21.66574190592925
2.9675 -128.63767432914946
2.9724999999999997 -201.13701738822107
2.9775 148.91973010132125
2.9825 -16.173512055069203
2.9875 -89.80136129690841
2.9924999999999997 -13.314294342853964
2.9975 -102.31852761514902
3.0025 170.04862677998346
3.0075 31.0273085636246
3.0124999999999997 -129.85044905876023
3.0175 110.59447042129966
3.0225 41.26227074877757
3.0275 -79.67303376445635
3.0324999999999998 -41.14753794272734
3.0374999999999996 45.97432846961487
3.0425 250.51709894201616
3.0475 -264.81803665456044
3.0524999999999998 32.83745159421995
3.0574999999999997 194.0173006157705
3.0625 204.32112535393722
3.0675 -71.07987910364463
3.0725 -40.97097172820258
3.0774999999999997 146.4602151664483
3.0825 -243.00620517870323
3.0875 233.53797087349722
3.0925 -146.37136942037301
3.0974999999999997 28.10870861518305
3.1025 -238.47103034690366
3.1075 20.441908289799965
3.1125 28.15938443232668
3.1174999999999997 188.94888781379566
3.1225 -61.93803537824583
3.1275 -162.24836031072633
3.1325 132.78370567672908
3.1374999999999997 -138.64713009844883
3.1425 -204.40458439302415
3.1475 120.08617255636634
3.1525 -223.6774300562033
3.1574999999999998 -104.50861795342576
3.1624999999999996 111.30657197243212
3.1675 -23.040996105841252
3.1725 -33.3309944725856
3.1774999999999998 -83.26454747975741
3.1824999999999997 413.7827068052924
3.1875 -1.7370604808839842
3.1925 157.2315204689188
3.1975 -283.2358489611676
3.2024999999999997 -378.3486680265979
3.2075 186.36952609117887
3.2125 56.26144303076999
3.2175 -36.31541087543661
3.2224999999999997 71.84077336634549
3.2275 190.42828593657435
3.2325 73.97198695019782
3.2375 64.49103493865391
3.2424999999999997 169.6743147094879
3.2475 23.272534009111325
3.2525 -335.02278188455455
3.2575 49.15640835654864
3.2624999999999997 1.2715772703851964
3.2675 -153.4116974895298
3.2725 265.76726423890284
3.2775 -9.972884756349934
3.2824999999999998 387.0194919268842
3.2874999999999996 -229.12948584772568
3.2925 -35.299038886054745
3.2975 -218.42583664946343
3.3024999999999998 294.48257864913757
3.3074999999999997 -82.7352330957776
3.3125 -59.736426660426396
3.3175 87.5565831305182
3.3225 148.12867654290702
3.3274999999999997 -222.95876901845728
3.3325 295.7214410557198
3.3375 -207.12404648611647
3.3425 166.9796602394899
3.3474999999999997 -41.01423864798116
3.3525 -372.1241194578801
3.3575 103.70797399135371
3.3625 174.47210848959347
3.3674999999999997 24.253138440413593
3.3725 -87.35738632531938
3.3775 115.3150820054565
3.3825 123.87151688060958
3.3874999999999997 -212.51676320112387
3.3924999999999996 -61.81962828925643
3.3975 133.35187406448574
3.4025 45.66432068461875
3.4074999999999998 -126.55779836661172
3.4124999999999996 43.631791714904686
3.4175 217.89335713226393
3.4225 -210.77875478560472
3.4274999999999998 17.54954957742474
3.4324999999999997 168.49724029828454
3.4375 -362.70046176573527
3.4425 124.6326362843655
3.4475 12.182901459638424
3.4524999999999997 -103.47065479211868
3.4575 -135.05787139582387
3.4625 131.6795697302252
3.4675 -242.9064344004275
3.4724999999999997 397.61720350836254
3.4775 193.43002668702405
3.4825 -626.0520624878293
3.4875 235.58254219217613
3.4924999999999997 46.35239385598137
3.4975 215.59503144891357
3.5025 -137.78335742667284
3.5075 -117.85966489581948
3.5124999999999997 -110.68328258043495
3.5174999999999996 361.7219039995241
3.5225 35.90786740623935
3.5275 -260.81182540250165
3.5324999999999998 -79.26351170869137
3.5374999999999996 -59.257230701708664
3.5425 -41.644072262791525
3.5475 -32.61131023387856
3.5524999999999998 178.50573247439496
3.5574999999999997 87.51348500073871
3.5625 -7.588714670355366
3.5675 34.21590750783869
3.5725 -63.2653004530438
3.5774999999999997 266.23945516593835
3.5825 -388.8381708430688
3.5875 52.44464132986165
3.5925 210.4172619388777
3.5974999999999997 -48.823349700031024
3.6025 9.803309987409252
3.6075 89.65220870332173
3.6125 93.69800135819438
3.6174999999999997 -11.928497593945423
3.6225 30.964624609482392
3.6275 93.7462560208006
3.6325 -8.71244459946004
3.6374999999999997 -118.17093174696728
3.6424999999999996 105.9522382545349
3.6475 -167.82560373978768
3.6525 -98.28501521399143
3.6574999999999998 124.53901365960094
3.6624999999999996 107.99314014245257
3.6675 -63.14553278047196
3.6725 83.0745492196179
3.6774999999999998 -81.98945749573348
3.6824999999999997 313.262951478989
3.6875 -256.64911677403194
3.6925 -156.20816608038626
3.6975 185.78023470909724
3.7024999999999997 -100.59347869246024
3.7075 -87.07802325120448
3.7125 -66.3000039724676
3.7175 -33.376609287239155
3.7224999999999997 102.04441107764909
3.7275 -152.96106993719687
3.7325 189.80438855846083
3.7375 161.73659456010117
3.7424999999999997 7.035456910183478
3.7474999999999996 -332.9934871957074
3.7525 69.7458887457811
3.7575 -52.708196370199104
3.7624999999999997 234.11872926484833
3.7674999999999996 6.210112961126439
3.7725 180.3173274082058
3.7775 -368.5568947089748
3.7824999999999998 -80.54612003547638
3.7874999999999996 86.2962261350233
3.7925 167.51664705166357
3.7975 100.24843048525265
3.8024999999999998 175.29655582196472
3.8074999999999997 -306.11264341895844
3.8125 -12.842305792757506
3.8175 61.446817597743
3.8225 -71.61128383876473
3.8274999999999997 -92.08527374203008
3.8325 260.9118452702089
3.8375 -281.08232503038334
3.8425 254.4583253536152
3.8474999999999997 -277.8645173567808
3.8525 -143.4306314348836
3.8575 673.8436354711498
3.8625 -174.07773320622096
3.8674999999999997 2.778775379048126
3.8724999999999996 -60.491555343284304
3.8775 -176.86554943454627
3.8825 103.7617834190087
3.8874999999999997 155.4500454294919
3.8924999999999996 -329.8729257204374
3.8975 172.00818123084898
3.9025 -97.380379374926
3.9074999999999998 203.0509765647291
3.9124999999999996 -239.78036091684254
3.9175 72.62399075612143
3.9225 -58.65755712277441
3.9274999999999998 111.82742152644504
3.9324999999999997 -53.82931645261385
3.9375 283.14047205203934
3.9425 -141.09518182057474
3.9475 105.24031690835564
3.9524999999999997 118.14679013874746
3.9575 9.31945751691057
3.9625 -27.30806070557644
3.9675 -77.70196756261664
3.9724999999999997 30.914453813594985
3.9775 -92.2279344834289
3.9825 28.617964523327437
3.9875 82.2471203143845
3.9924999999999997 -5.842726116322482
3.9974999999999996 16.146699413373586
4.0024999999999995 -48.70212038699173
4.007499999999999 262.10469639808207
4.0125 -272.00461755709574
4.0175 95.38854224950096
4.0225 109.51239750868679
4.0275 -91.95331002981406
4.0325 103.63535093466652
4.0375 33.85505021417778
4.0424999999999995 -94.55668565790728
4.047499999999999 -36.9460445239202
4.0525 -63.81533834084991
4.0575 17.42973729771225
4.0625 -161.59328352817388
4.0675 -42.50232075468769
4.0725 -106.96579808608006
4.0775 55.05599972815831
4.0825 78.57137395835686
4.0874999999999995 27.889277010937906
4.0925 98.23615447324394
4.0975 -87.84899385906893
4.1025 51.90923313676328
4.1075 -263.9322387136408
4.1125 104.17276550333118
4.1175 251.94720126461735
4.1225 44.51558549252218
4.1274999999999995 -114.32980500906604
4.132499999999999 47.92190853490236
4.1375 164.27725241683933
4.1425 59.34846776553921
4.1475 15.590753283469912
4.1525 47.428920647001384
4.1575 -109.40152336833637
4.1625 -16.825641739894802
4.1674999999999995 -16.334357180265464
4.172499999999999 -38.45996173117786
4.1775 -217.14458180069866
4.1825 173.15729143872989
4.1875 14.018751888041512
4.1925 -78.91687211871339
4.1975 -96.63341793549648
4.2025 -54.34425843889971
4.2075 330.00879326472796
4.2124999999999995 -105.13117685415038
4.2175 -209.8223688078619
4.2225 244.87636247459395
4.2275 -5.279478013784458
4.2325 -51.33689912959774
4.2375 45.465520211890926
4.2425 153.08674555580114
4.2475 -59.51426984279346
4.2524999999999995 99.49194795429318
4.257499999999999 -94.96567389186171
4.2625 -60.343950816500104
4.2675 55.001149458997205
4.2725 -173.32261905522466
4.2775 58.77215916674195
4.2825 -128.67212186456436
4.2875 236.13839351545784
4.2924999999999995 -12.625592592403022
4.297499999999999 105.2770304930954
4.3025 -283.6538086582551
4.3075 142.7120834282108
4.3125 26.6070646876627
4.3175 -150.03759287558404
4.3225 -7.568072617325731
4.3275 39.56477224554782
4.3325 -3.6815864044654765
4.3374999999999995 62.473551733791474
4.342499999999999 184.11144295689098
4.3475 0.28094532409957307
4.3525 -142.5125704378288
4.3575 73.97066511824643
4.3625 -200.87428922479188
4.3675 431.0543144210481
4.3725 -164.58450258576806
4.3774999999999995 -216.5899012174826
4.382499999999999 -10.00216454136071
4.3875 -68.00514067547682
4.3925 92.6485997549197
4.3975 102.41928014527275
4.4025 -87.30287840609401
4.4075 -259.1196977338817
4.4125 208.6270914594486
4.4174999999999995 -61.790548282391114
4.422499999999999 -11.612760554648457
4.4275 19.022435386627983
4.4325 -64.00748221761373
4.4375 215.4454355142983
4.4425 37.137742493758
4.4475 -92.44315591046869
4.4525 388.6018072103691
4.4575 -58.55569012140074
4.4624999999999995 5.092372231474167
4.467499999999999 -143.5601049107072
4.4725 -71.95079957626989
4.4775 -228.3341426350767
4.4825 253.53153371359633
4.4875 -357.66710175491363
4.4925 560.0448638657853
4.4975 -3.3517045592906736
4.5024999999999995 -124.55403883148054
4.507499999999999 -221.9819126396465
4.5125 60.46232484488746
4.5175 33.254146238061665
4.5225 53.02826194694635
4.5275 -127.54670525262549
4.5325 126.04012348569371
4.5375 156.39261667281522
4.5424999999999995 -76.28172199534445
4.547499999999999 -60.79267190701155
4.5525 351.57201416149337
4.5575 -141.79562972331317
4.5625 134.77155355530033
4.5675 -267.78137585448746
4.5725 205.28492934127067
4.5775 -134.63942694149097
4.5825 -4.322428508936342
4.5874999999999995 158.6874262213302
4.592499999999999 -190.0409637790136
4.5975 281.10755096055783
4.6025 -187.1436326205072
4.6075 3.4497599364181997
4.6125 17.561907071232934
4.6175 252.83991144548463
4.6225 85.30380646957853
4.6274999999999995 22.53580076334195
4.632499999999999 -41.24986817083496
4.6375 -350.3962770434185
4.6425 -48.72903994108199
4.6475 -52.741444085377026
4.6525 182.18273065942753
4.6575 -261.2563642446149
4.6625 316.8791496049616
4.6674999999999995 -174.3011533993975
4.672499999999999 184.2890132597302
4.6775 -36.11693173202294
4.6825 -0.5378392164722043
4.6875 100.31330611058915
4.6925 122.10910428002931
4.6975 -110.68016639664394
4.7025 84.43232742081136
4.7075 173.57330302750614
4.7124999999999995 -286.6649022365737
4.717499999999999 30.891831019301687
4.7225 -205.5577739831316
4.7275 277.07927562193225
4.7325 -258.2538943187375
4.7375 213.69782027995677
4.7425 18.975063392752016
4.7475 -192.87741263815636
4.7524999999999995 286.33551837288513
4.757499999999999 -25.769948335213265
4.7625 -139.70057101647419
4.7675 -100.25585737679613
4.7725 126.57572464744041
4.7775 -1.7413456612462075
4.7825 -112.64089839707222
4.7875 -81.1454361816032
4.7924999999999995 -22.41526055825441
4.797499999999999 129.272558946029
4.8025 -26.668150350849018
4.8075 166.35402995949164
4.8125 101.00088636646824
4.8175 -271.2950679554795
4.8225 149.18740584141375
4.8275 3.032000774086944
4.8325 -223.53362255601135
4.8374999999999995 306.7410336835448
4.842499999999999 -181.26365460731387
4.8475 80.48011423099196
4.8525 -175.04106033137813
4.8575 -52.76322684431342
4.8625 -113.66879350303824
4.8675 139.51071565708617
4.8725 -17.37809670311926
4.8774999999999995 -233.94889448496383
4.882499999999999 311.91015822445286
4.8875 74.30806760891078
4.8925 121.12767560350846
4.8975 -104.32239722070251
4.9025 -4.218235439264269
4.9075 33.30975436806833
4.9125 105.96585218280508
4.9174999999999995 1.4291975230052323
4.922499999999999 -205.00664762845952
4.9275 10.255132688729928
4.9325 301.1707567319114
4.9375 79.37156696394824
4.9425 -255.84004948045015
4.9475 56.72892652282859
4.9525 -245.88047306385036
4.9575 230.65284430762654
4.9624999999999995 214.33630294301403
4.967499999999999 28.989425223809537
4.9725 15.796994480560265
4.9775 -84.70462588836813
4.9825 71.48660114024169
4.9875 -124.91568887232377
4.9925 58.6763931196272
4.9975 -220.5716432884263
5.0024999999999995 296.7323727503315
5.007499999999999 3.5285868726462697
5.0125 -127.17299981950524
5.0175 102.20737889087299
5.0225 -198.09697548621125
5.0275 63.101389606706796
5.0325 187.27801880310548
5.0375 -235.69029541169405
5.0424999999999995 -40.36831435591802
5.047499999999999 204.60548153294758
5.0525 -135.26228684172668
5.0575 -153.36540590297002
5.0625 304.34778861032305
5.0675 -128.9721026156829
5.0725 73.19311804936977
5.0775 -52.27521683040368
5.0825 100.92332968107314
5.0874999999999995 -113.56046815417639
5.092499999999999 31.97913388888429
5.0975 -107.37382775995208
5.1025 -46.934870214378165
5.1075 98.67747791686386
5.1125 -79.58346872823789
5.1175 -8.342750091737626
5.1225 227.97325455064612
5.1274999999999995 -218.36996350830253
5.132499999999999 152.87248147168728
5.1375 -158.75182603716632
5.1425 -187.52652320996535
5.1475 136.37088192328292
5.1525 -81.46923428387261
5.1575 273.7262197557654
5.1625 -124.55041019190985
5.1674999999999995 3.3147855711687084
5.172499999999999 248.20212755805215
5.177499999999999 45.400539845303776
5.1825 -86.83034940561853
5.1875 76.26595922663012
5.1925 66.5149006489966
5.1975 1.6854530455813992
5.2025 -366.82505852692776
5.2075 -10.976674110868535
5.2124999999999995 -35.26174021089921
5.217499999999999 -55.85338927693708
5.2225 314.7292308259173
5.2275 -153.64070591133458
5.2325 34.003724629743346
5.2375 151.5674089099143
5.2425 53.80899033393445
5.2475 -246.44052683374886
5.2524999999999995 -53.097405646661926
5.257499999999999 -140.76950021797663
5.2625 245.28878783101212
5.2675 125.83621878497225
5.2725 7.453654643605665
5.2775 -311.07610825106656
5.2825 -176.10400007025922
5.2875 148.25650902860914
5.2924999999999995 -14.427379350232204
5.297499999999999 320.1459846052706
5.302499999999999 -240.95030759383073
5.3075 232.31759871884947
5.3125 125.5373322575409
5.3175 62.389707546914835
5.3225 78.92673648127048
5.3275 -113.28098191698285
5.3325 35.265107721057966
5.3374999999999995 81.97474161318758
5.342499999999999 28.686688994871485
5.3475 -82.76408431011835
5.3525 -58.83641193691525
5.3575 -0.9396431677787342
5.3625 275.51137982693916
5.3675 -42.71359096279002
5.3725 3.648416455718635
5.3774999999999995 -169.76955292856823
5.382499999999999 147.30403893936938
5.3875 -240.56085725459008
5.3925 155.55375143096597
5.3975 -135.42640480204423
5.4025 -129.64390799707493
5.4075 -230.6040569910221
5.4125 437.744953396874
5.4174999999999995 -195.98517449574615
5.422499999999999 247.20348131474276
5.427499999999999 -184.52906204753717
5.4325 86.98932636007868
5.4375 -136.2673033531592
5.4425 -85.77004477764866
5.4475 68.841733848011
5.4525 172.20181530191363
5.4575 -276.83329316332583
5.4624999999999995 -43.13586610467147
5.467499999999999 160.12845845298187
5.4725 80.34392958453886
5.4775 84.85699236722648
5.4825 -41.3310017173056
5.4875 -68.95069185508027
5.4925 -171.05613023819626
5.4975 299.37378715052023
5.5024999999999995 -287.5002044995107
5.507499999999999 -156.3613906874683
5.5125 78.05956498222812
5.5175 -70.14381654709929
5.5225 2.502885345849546
5.5275 36.92835588467273
5.5325 72.80167894221181
5.5375 32.775859528140316
5.5424999999999995 73.85225368696901
5.547499999999999 -1.1249857714364657
5.552499999999999 132.9301889474383
5.5575 -340.13586123758654
5.5625 414.9518002226829
5.5675 -229.39246060048106
5.5725 129.4411605161132
5.5775 186.6666775455814
5.5825 -253.9058423628953
5.5874999999999995 135.36430982006016
5.592499999999999 12.689653578188377
5.5975 -281.76870168297154
5.6025 180.0133880365225
5.6075 37.5940962739486
5.6125 -40.55710072294398
5.6175 -50.76049149702692
5.6225 185.24071305339046
5.6274999999999995 -23.85440244718406
5.632499999999999 -161.77117548928845
5.6375 -76.03509793078565
5.6425 150.62517740950904
5.6475 21.60789157628578
5.6525 -109.15076860360158
5.6575 173.21488031000015
5.6625 79.72462243252166
5.6674999999999995 -279.7299246871216
5.672499999999999 206.18644110147596
5.677499999999999 -39.888796278379225
5.6825 -123.28936632539944
5.6875 171.00050289685467
5.6925 -47.17391790741771
5.6975 -93.33343180302211
5.7025 -133.6427797296887
5.7075 80.07509665758273
5.7124999999999995 -17.241349631678045
5.717499999999999 71.12552523540579
5.7225 80.5353639248595
5.7275 174.48468138720477
5.7325 14.75817090474909
5.7375 -82.5415438908134
5.7425 -55.73494692330549
5.7475 12.260741051677835
5.7524999999999995 53.59579583431283
5.757499999999999 -149.7568358612196
5.7625 -95.78062112042852
5.7675 230.0269101003624
5.7725 -9.30892486964658
5.7775 -20.06373053028265
5.7825 34.771970649246306
5.7875 9.618310885051512
5.7924999999999995 33.97234330891101
5.797499999999999 -56.302808192872476
5.802499999999999 -75.37752972758042
5.8075 184.8079085209611
5.8125 -129.7120808664548
5.8175 -111.34664208002604
5.8225 -32.66471353424237
5.8275 0.29297522599449616
5.8325 25.29191005680097
5.8374999999999995 -143.82788394462102
5.842499999999999 -77.545263335394
5.8475 246.2585354895659
5.8525 81.31908664840483
5.8575 -51.25165822274928
5.8625 -153.28951376131937
5.8675 -74.19505732601904
5.8725 191.38987555438973
5.8774999999999995 91.01317335442158
5.882499999999999 -158.74030897346847
5.8875 68.47792327215241
5.8925 263.16365912746653
5.8975 -123.87945537263356
5.9025 251.75627425650546
5.9075 17.870129781095667
5.9125 -45.49642414420904
5.9174999999999995 -122.47177191304488
5.922499999999999 -58.52539042504108
5.927499999999999 19.776487650824418
5.9325 -134.31369165242268
5.9375 84.51234342024473
5.9425 -39.5229732493959
5.9475 -317.581381661742
5.9525 255.15439968411312
5.9575 -8.667227202849508
5.9624999999999995 -29.420268818440388
5.967499999999999 0.20728004015711615
5.9725 107.3425067048142
5.9775 -84.68820371689966
5.9825 -218.8929157823974
5.9875 56.96299729586444
5.9925 313.2084410267623
5.9975 -229.75166124546666
6.0024999999999995 115.86582702828892
6.007499999999999 56.64846142554544
6.012499999999999 -106.11721329040024
6.0175 -29.216070750107995
6.0225 17.5055020655807
6.0275 -56.821424494993614
6.0325 190.1687333673315
6.0375 172.47806982413772
6.0424999999999995 -6.404510616961797
6.047499999999999 -166.7349996786271
6.052499999999999 45.08113534901285
6.0575 21.98691884524295
6.0625 -16.139848006578454
6.0675 -36.69519107082112
6.0725 74.73846309257549
6.0775 43.24710657623017
6.0825 -105.67203376342603
6.0874999999999995 59.15797915581362
6.092499999999999 61.17321397656843
6.0975 68.32612846209229
6.1025 -9.501291749217573
6.1075 -168.70430703999028
6.1125 -204.0620260274555
6.1175 -199.0141509320131
6.1225 12.292418042849599
6.1274999999999995 69.32660899313278
6.132499999999999 103.5032865603189
6.137499999999999 12.447160476974519
6.1425 -8.655514736190359
6.1475 4.088250659025226
6.1525 262.8292990016967
6.1575 37.600426540388014
6.1625 22.519262567253204
6.1674999999999995 -82.333639613856
6.172499999999999 9.02467734652534
6.177499999999999 117.79256457158276
6.1825 -180.3589588973074
6.1875 -342.96900679979956
6.1925 82.7867923711584
6.1975 104.4581026693547
6.2025 116.55411626137709
6.2075 -2.652663755250369
6.2124999999999995 186.6318404542965
6.217499999999999 -363.9611894676226
6.2225 173.4219113923103
6.2275 -122.89236882639534
6.2325 297.7927214591041
6.2375 76.9803461371107
6.2425 -0.9662925789198019
6.2475 -73.87645641618244
6.2524999999999995 208.59468417438106
6.257499999999999 -349.145899645594
6.262499999999999 149.83717756515122
6.2675 9.629221410062392
6.2725 33.968748552345396
6.2775 -21.291808140830135
6.2825 90.49314620344447
6.2875 -104.41515776970881
6.2924999999999995 90.38515264486335
6.297499999999999 -375.76886582491517
6.302499999999999 479.8845588191701
6.3075 86.50773776776084
6.3125 46.41528877295032
6.3175 -208.41822194449614
6.3225 -156.9777957765489
6.3275 60.61200798712062
6.3325 138.39940253349658
6.3374999999999995 19.113192956592542
6.342499999999999 -127.34321678652853
6.3475 -4.132157901807484
6.3525 228.34610929006615
6.3575 -128.96616736586964
6.3625 -44.28191736801265
6.3675 48.80016398730778
6.3725 -5.122160064184336
6.3774999999999995 -59.98891570868308
6.382499999999999 -59.077258653043685
6.387499999999999 -185.6582882606107
6.3925 31.918508705605788
6.3975 378.81808620535014
6.4025 -7.337772792481873
6.4075 -74.3873777891627
6.4125 -134.67159855874456
6.4174999999999995 35.85157214204821
6.422499999999999 -173.37287143349326
6.427499999999999 83.88415329566111
6.4325 -91.89914274992611
6.4375 -135.85021481115945
6.4425 85.59918028337113
6.4475 162.91232351993796
6.4525 166.16148659222915
6.4575 -151.25496470658044
6.4624999999999995 -76.3702020352378
6.467499999999999 41.93502503524038
6.4725 75.04082476627492
6.4775 9.935261593852596
6.4825 140.4668977446683
6.4875 23.477024458171
6.4925 -165.50293703192938
6.4975 -106.2126623078267
6.5024999999999995 -97.33380017757655
6.507499999999999 249.38358123252507
6.512499999999999 -250.1618352390513
6.5175 -48.30553086568563
6.5225 109.14159769128429
6.5275 -16.56488326463253
6.5325 242.66807515741726
6.5375 -35.90665498678785
6.5424999999999995 13.520796455531455
6.547499999999999 -39.076817891875535
6.552499999999999 108.68421475593466
6.5575 -66.40932146835186
6.5625 -141.1712652860676
6.5675 92.00480048650881
6.5725 44.085063029828746
6.5775 -120.25158238026863
6.5825 -26.165605284372884
6.5874999999999995 67.68339114627348
6.592499999999999 -9.271009161941345
6.5975 -34.48316507243556
6.6025 60.93571555926385
6.6075 153.57638583569684
6.6125 -116.07613772232132
6.6175 51.452838532485984
6.6225 -9.807202256497092
6.6274999999999995 -232.16651490910994
6.632499999999999 -61.342216961574444
6.637499999999999 71.91695749396995
6.6425 -172.5936262668283
6.6475 175.6239803926608
6.6525 -69.93775524244899
6.6575 86.86415003880546
6.6625 19.986438066534898
6.6674999999999995 39.84947409700216
6.672499999999999 -178.51704584530887
6.677499999999999 278.55799944001376
6.6825 -80.13798298866399
6.6875 27.2882992159253
6.6925 -43.87027135771935
6.6975 133.17414605764037
6.7025 -18.12255093175771
6.7075 296.4217886910801
6.7124999999999995 -45.95516239976165
6.717499999999999 -252.82481002039555
6.722499999999999 232.57389819064386
6.7275 -156.50644547700045
6.7325 -39.2589502946272
6.7375 66.0278675183089
6.7425 -75.95389924999458
6.7475 -159.3249184479634
6.7524999999999995 36.572911582001225
6.757499999999999 337.4780142378589
6.762499999999999 -134.2485666744857
6.7675 -232.40218017359965
6.7725 112.13949558262054
6.7775 63.028098758754524
6.7825 37.219901511022044
6.7875 -59.74937898190232
6.7924999999999995 249.9910283787785
6.797499999999999 -356.6373023253739
6.802499999999999 58.82387611323278
6.8075 252.42965523052962
6.8125 -86.56594906654477
6.8175 104.3799725387708
6.8225 -235.61912478456034
6.8275 118.24103331594674
6.8325 455.95172932101
6.8374999999999995 105.75735603883085
6.842499999999999 -353.63883049540703
6.847499999999999 -49.76002570344884
6.8525 -142.74411385531124
6.8575 168.6069930756476
6.8625 -10.552498231090743
6.8675 55.627610695022845
6.8725 -217.33016158539195
6.8774999999999995 222.18837159261264
6.882499999999999 -42.82530934920089
6.887499999999999 77.1815588166309
6.8925 -55.52569074734172
6.8975 38.93788178092974
6.9025 -148.09979901166912
6.9075 49.460719158339046
6.9125 -38.78533957099068
6.9174999999999995 -40.91039269818244
6.922499999999999 89.99418362328066
6.927499999999999 0.8505309302237226
6.9325 274.6378006239876
6.9375 -180.62882788760803
6.9425 53.0952502927857
6.9475 129.11045830746212
6.9525 -72.7908659870971
6.9575 118.17700535786727
6.9624999999999995 -35.05018893833536
6.967499999999999 86.25713685818599
6.972499999999999 193.2197587579495
6.9775 -146.02391571718184
6.9825 89.12636867610306
6.9875 58.58458449545281
6.9925 -277.4155853034426
6.9975 88.96768357603227
7.0024999999999995 -337.4986391849053
7.007499999999999 -27.115568919432373
7.012499999999999 77.14524439342861
7.0175 -118.04325025446256
7.0225 -3.6128560116195714
7.0275 449.3437119806039
7.0325 137.6791014596166
7.0375 -133.8711861853674
7.0424999999999995 314.72970216154516
7.047499999999999 -304.9344119853721
7.052499999999999 136.84641404358004
7.0575 -153.57206223266476
7.0625 99.259098318181
7.0675 -56.045054712510776
7.0725 -167.23219494756313
7.0775 32.27668786022868
7.0825 -176.44867931456884
7.0874999999999995 269.4761479765171
7.092499999999999 -111.28530423517284
7.097499999999999 -178.80229206178066
7.1025 357.28942270059724
7.1075 88.5658585054158
7.1125 -470.0510743380393
7.1175 515.8968266064387
7.1225 -124.53919366717741
7.1274999999999995 116.9235547056903
7.132499999999999 -294.2587673868694
7.137499999999999 -135.23297481851694
7.1425 235.55418468282582
7.1475 243.82419855521852
7.1525 -67.52409960620409
7.1575 106.58768338842752
7.1625 -129.55711947574565
7.1674999999999995 -142.29770888202145
7.172499999999999 158.89084371404522
7.177499999999999 9.040580334957292
7.1825 179.21959890244221
7.1875 -100.72349492139138
7.1925 -54.45550025919939
7.1975 -104.05025245204911
7.2025 69.3136205763876
7.2075 -10.700193394913518
7.2124999999999995 97.86685340313383
7.217499999999999 13.187983993586638
7.222499999999999 -28.935368770954707
7.2275 -68.82235250593914
7.2325 -7.141916193661005
7.2375 -46.09958946550463
7.2425 109.1758528172849
7.2475 -132.91010994442308
7.2524999999999995 54.21980354601757
7.257499999999999 -122.6773020111263
7.262499999999999 -33.98651916872747
7.2675 1.4758574597727272
7.2725 231.9736431439792
7.2775 336.9214398249319
7.2825 -160.2298403188047
7.2875 -145.17102955624804
7.2924999999999995 -58.035222483133616
7.297499999999999 81.87068281725915
7.302499999999999 86.87713209837518
7.3075 -46.309565552525875
7.3125 231.27741485140896
7.3175 -56.85515200010261
7.3225 -171.82260601871658
7.3275 -56.039436022074064
7.3325 -106.93085154939914
7.3374999999999995 -71.9324327834791
7.342499999999999 64.54716049175458
7.347499999999999 96.65017614084536
7.3525 -198.50584930745532
7.3575 1.627514850397582
7.3625 56.57526492366944
7.3675 -57.75537512054303
7.3725 -8.65944105276388
7.3774999999999995 154.31731281061084
7.382499999999999 -64.67211756037844
7.387499999999999 206.30878243500413
7.3925 -166.98938985953362
7.3975 25.008765507735223
7.4025 -229.8662760695774
7.4075 39.72247615300466
7.4125 262.9768243886367
7.4174999999999995 -100.09253550261722
7.422499999999999 39.20043335797903
7.427499999999999 -42.12690824313796
7.4325 149.71095103520133
7.4375 106.4359934183064
7.4425 231.45205728841628
7.4475 113.33058189937117
7.4525 12.912266895298425
7.4575 -46.49457720886596
7.4624999999999995 23.54475020346838
7.467499999999999 -280.15200468921074
7.472499999999999 372.2612773360858
7.4775 -273.7025608652314
7.4825 85.07390574047989
7.4875 31.77594007334698
7.4925 -263.3955112544885
7.4975 64.42406948851509
7.5024999999999995 -51.38535463947338
7.507499999999999 10.071932872630038
7.512499999999999 -66.93759133468399
7.5175 43.6465599680759
7.5225 149.37740278570843
7.5275 -102.10714792875456
7.5325 -246.57615859508903
7.5375 -143.4697030793998
7.5424999999999995 65.6995821219072
7.547499999999999 84.65757163812906
7.552499999999999 -56.61151697582548
7.557499999999999 213.82918712494552
7.5625 -155.24358863944568
7.5675 161.42782630096062
7.5725 -88.35167870116504
7.5775 -13.96302138446312
7.5825 426.2731293663157
7.5874999999999995 -295.2530063394139
7.592499999999999 -65.53845770863997
7.597499999999999 12.477008180625697
7.6025 -17.52113785526632
7.6075 124.0726498199314
7.6125 -39.61096905838175
7.6175 100.83177582759319
7.6225 -61.00938813380922
7.6274999999999995 -16.629499405363177
7.632499999999999 -51.36965371546732
7.637499999999999 0.9160109231031708
7.6425 160.82873529588886
7.6475 -138.68487800303865
7.6525 15.021984640185483
7.6575 164.3198117081498
7.6625 -128.18095484277688
7.6674999999999995 -21.18147573380744
7.672499999999999 51.16810181114293
7.677499999999999 69.90041182856831
7.682499999999999 -34.73565438386122
7.6875 43.36332488888398
7.6925 236.74252706829554
7.6975 -26.74690129703658
7.7025 -130.85969495873297
7.7075 -29.840250903281287
7.7124999999999995 -77.50391152911682
7.717499999999999 263.55361777757554
7.722499999999999 27.55485793531847
7.7275 -43.906568543354
7.7325 -258.326477373741
7.7375 -203.90234220113805
7.7425 -86.81973606416868
7.7475 175.1392176206899
7.7524999999999995 154.15142240727056
7.757499999999999 -315.0530057693172
7.762499999999999 5.632218111353725
7.7675 148.59395586324518
7.7725 -42.077535243987526
7.7775 115.84769810735222
7.7825 115.97625062336023
7.7875 -128.53370916380666
7.7924999999999995 229.0537313434471
7.797499999999999 19.118566801197435
7.802499999999999 -55.770833960098145
7.807499999999999 -76.81396676582145
7.8125 68.37645821203846
7.8175 -73.99126032719914
7.8225 -95.13192631701837
7.8275 395.39070644036684
7.8325 -18.549035790298817
7.8374999999999995 -75.67478740355907
7.842499999999999 14.249477553177307
7.847499999999999 -132.35554449763205
7.8525 -100.95406758666637
7.8575 109.68988833449664
7.8625 -100.92974972102793
7.8675 -154.83779550707754
7.8725 273.530604680268
7.8774999999999995 -118.62681481655632
7.882499999999999 -44.841949755432246
7.887499999999999 -4.881742313479383
7.8925 -163.75462212998107
7.8975 70.21679251337721
7.9025 82.3897156582939
7.9075 -126.45949922922438
7.9125 26.01430914661755
7.9174999999999995 85.56716650170813
7.922499999999999 67.12842384046301
7.927499999999999 98.57523637669964
7.932499999999999 151.88552361507612
7.9375 -298.15591141673576
7.9425 85.53910821547836
7.9475 -226.90158839184053
7.9525 39.281320973045844
7.9575 167.286505786125
7.9624999999999995 -285.9350430959233
7.967499999999999 97.80087694198974
7.972499999999999 9.714230711767915
7.9775 -250.57502295897166
7.9825 240.87066897870247
7.9875 94.98625479100158
7.9925 26.380837205275405
7.9975 -5.200661526186958
8.0025 -93.56282882670938
8.0075 -40.77406301272995
8.0125 30.357759592993823
8.0175 143.2582723382249
8.022499999999999 -39.52020260646441
8.0275 81.89419980214925
8.032499999999999 279.4637740112187
8.0375 32.84719213577598
8.0425 -68.07338756112993
8.0475 64.03041239326568
8.0525 -134.43526255878692
8.0575 97.43991438074023
8.0625 -262.6449222939564
8.067499999999999 -32.075897435323185
8.0725 97.17022697702993
8.077499999999999 276.2128500753395
8.0825 -216.06958129102475
8.0875 52.11741492540109
8.0925 215.04473749769824
8.0975 -131.65630322462772
8.1025 160.8820670142924
8.1075 -96.61700290248639
8.112499999999999 261.84771505548264
8.1175 -231.69598650270743
8.1225 -71.99367177548741
8.1275 55.190715332516625
8.1325 -29.929180238401145
8.1375 62.17066253788876
8.1425 25.51513129423508
8.147499999999999 6.637173041246904
8.1525 -133.21564464641136
8.157499999999999 -193.51549449487007
8.1625 42.21087986958903
8.1675 49.19462552431068
8.1725 -245.99880692607343
8.1775 23.94565286683991
8.1825 114.79169813424843
8.1875 0.8753600015892267
8.192499999999999 -208.35365560849334
8.1975 -55.95738707523234
8.202499999999999 132.28668370456077
8.2075 149.0463009549742
8.2125 -180.77609855987984
8.2175 70.72304092651581
8.2225 -173.35950244974327
8.2275 195.98887754634353
8.2325 26.486644027080445
8.237499999999999 -151.93921376961882
8.2425 162.16674766514313
8.2475 109.48442501554173
8.2525 319.51017600213225
8.2575 -213.70255995313266
8.2625 162.65552350075984
8.2675 -46.3136848583078
8.272499999999999 11.274173737820307
8.2775 161.9569193598354
8.282499999999999 -125.16819251001033
8.2875 22.369611531634565
8.2925 134.07985838938353
8.2975 -20.856594164882548
8.3025 -211.6690048875989
8.3075 -68.06048201793868
8.3125 5.297504812824199
8.317499999999999 68.1847269842219
8.3225 16.43071630178747
8.327499999999999 145.72223683537885
8.3325 165.08657424416066
8.3375 -12.18435546820572
8.3425 -46.7203788180652
8.3475 -129.32870815144096
8.3525 -133.74429294972444
8.3575 99.53680553312749
8.362499999999999 -22.260041393537694
8.3675 -37.407030768826985
8.3725 -20.628500090772953
8.3775 215.93839774322458
8.3825 -227.0150492200114
8.3875 27.113078814624448
8.3925 -115.99345213684153
8.397499999999999 120.48890003338595
8.4025 -162.95521611475075
8.407499999999999 377.54797616777313
8.4125 -101.9031109198327
8.4175 -101.9641132242473
8.4225 437.6340907043739
8.4275 -266.3264417219186
8.4325 189.71464925503912
8.4375 -335.3569782534319
8.442499999999999 -116.2559855881279
8.4475 -92.23515238591291
8.452499999999999 308.27518654514796
8.4575 -116.20431811740372
8.4625 -16.19695646289139
8.4675 -29.313930132144034
8.4725 -194.77415484000602
8.4775 161.74720763838204
8.4825 142.71572134448775
8.487499999999999 17.476475876770046
8.4925 -34.8786079336369
8.4975 72.82070645360156
8.5025 -3.070420812229853
8.5075 133.09362194471538
8.5125 -47.99543570859099
8.5175 102.20253483830376
8.522499999999999 -268.66296611830694
8.5275 -42.53636481917323
8.532499999999999 243.41925993250072
8.5375 -141.17467964030328
8.5425 -216.56186293209467
8.5475 350.6462965140469
8.5525 37.174328079689246
8.5575 -43.343479843084395
8.5625 57.47352618521988
8.567499999999999 -77.742283766095
8.5725 204.59443527853966
8.577499999999999 -176.2772563099416
8.5825 123.18705544021124
8.5875 83.03191268821432
8.5925 -66.24594485502692
8.5975 -70.61581220275798
8.6025 -52.53570332053395
8.6075 -136.78574622692813
8.612499999999999 57.87606177916318
8.6175 -33.900835299155865
8.6225 -9.408682851331065
8.6275 -220.45107031211975
8.6325 74.7615274844029
8.6375 38.184355065169306
8.6425 145.89972220043254
8.647499999999999 8.866620825542872
8.6525 -79.94959190143317
8.657499999999999 166.41092945964124
8.6625 -9.324939063417032
8.6675 -186.12557266534236
8.6725 69.73364559889102
8.6775 -94.27530276193646
8.6825 195.34718816936905
8.6875 251.27526269505367
8.692499999999999 -76.95811520141591
8.6975 -110.95566865036308
8.702499999999999 -159.3410717594314
8.7075 182.65540344884977
8.7125 73.17378881475425
8.7175 -8.705908534884953
8.7225 -386.014818456206
8.7275 266.6407218248935
8.7325 -269.21080763077344
8.737499999999999 271.27001387464344
8.7425 7.5891767950692435
8.747499999999999 89.5901260902793
8.7525 -65.6857115380976
8.7575 -361.3454976303536
8.7625 265.22444033894226
8.7675 -239.88438772951693
8.772499999999999 -9.347693968534005
8.7775 93.09937668854006
8.782499999999999 14.674972666112886
8.7875 291.0504820877456
8.7925 -96.42647409370039
8.7975 -237.8613486329136
8.8025 128.67473746807553
8.8075 -22.481578349554486
8.8125 35.60902778867717
8.817499999999999 119.17009837402166
8.8225 53.14818474117879
8.827499999999999 68.95518196183096
8.8325 -95.81590247383336
8.8375 -77.71514416984849
8.8425 233.24732969311054
8.8475 -113.30695590495867
8.8525 122.91971655640216
8.8575 -2.7698621749461143
8.862499999999999 -66.75833569775155
8.8675 172.71057776823653
8.872499999999999 -332.33246937362435
8.8775 86.25109686712209
8.8825 -56.170620260692765
8.8875 189.14083753765078
8.8925 -58.92480361782642
8.897499999999999 10.70564244005201
8.9025 357.7679946856836
8.907499999999999 -225.51345865000005
8.9125 225.60063784566745
8.9175 15.80721532193726
8.9225 -22.705194472030268
8.9275 31.21929440742105
8.9325 -46.54291976990866
8.9375 223.7086734764946
8.942499999999999 -380.5243748647397
8.9475 -27.640389430055603
8.952499999999999 147.53235433858396
8.9575 22.1420556380716
8.9625 -131.56894560039765
8.9675 72.89165457136993
8.9725 -94.32099021122615
8.9775 148.57771070580617
8.9825 80.71682814159264
8.987499999999999 -93.01214222738864
8.9925 -128.90857073111465
8.997499999999999 138.67798797619696
9.0025 -164.31812505821173
9.0075 91.01979521208139
9.0125 -125.52479594041661
9.0175 -90.61804356560792
9.022499999999999 24.549648815201664
9.0275 9.136275069962794
9.032499999999999 187.04412922190645
9.0375 0.6140592666612709
9.0425 155.94998021340447
9.0475 -255.21697649558783
9.0525 175.1827118197714
9.0575 -141.88567614492462
9.0625 64.3448614178241
9.067499999999999 61.09767553401544
9.0725 -13.274488456907367
9.077499999999999 -9.63290965740511
9.0825 -307.8724861745324
9.0875 -31.181170565955515
9.0925 452.3578220016733
9.0975 98.1170124191095
9.1025 -55.86615474844327
9.1075 -201.31821738330683
9.112499999999999 153.3821613450447
9.1175 -211.80134170762423
9.122499999999999 -84.48642568463654
9.1275 85.01838741688472
9.1325 251.93795789036852
9.1375 -177.18109882614257
9.1425 51.72496985484974
9.147499999999999 -63.24356105119543
9.1525 -249.54521227895845
9.157499999999999 126.58997231948996
9.1625 159.41041678341017
9.1675 -107.30544330271914
9.1725 145.95631852992702
9.1775 66.01540699384839
9.1825 241.80686338290255
9.1875 -269.5990386752732
9.192499999999999 -68.69077196774555
9.1975 -123.31511740925643
9.202499999999999 83.46735733176538
9.2075 -164.43447100781668
9.2125 87.13712784416593
9.2175 223.8159958884062
9.2225 -379.19484416826646
9.2275 204.292794950991
9.2325 210.00570698504853
9.237499999999999 -142.4787332118188
9.2425 105.88029805553639
9.247499999999999 146.1518786031093
9.2525 -155.95856241673263
9.2575 17.85607734752681
9.2625 46.19491933317927
9.2675 -63.1237929180779
9.272499999999999 113.3564950953146
9.2775 -152.2429828709776
9.282499999999999 166.3962701584242
9.2875 -10.493067703358163
9.2925 -223.14370996047234
9.2975 156.07451571823216
9.3025 -69.13186500693098
9.3075 -59.49274850933407
9.3125 388.684943077959
9.317499999999999 -341.9271771599639
9.3225 293.1939299365352
9.327499999999999 -666.5356430110625
9.3325 137.66604380475985
9.3375 -50.74526348766256
9.3425 239.47538683055572
9.3475 -74.93812544368484
9.3525 141.6671393151824
9.3575 -149.06167239142798
9.362499999999999 -109.2225626780287
9.3675 425.5165404164033
9.372499999999999 -188.28248292286688
9.3775 38.76560689834192
9.3825 44.97377004055884
9.3875 -52.37173273484042
9.3925 224.56019431680443
9.397499999999999 -28.27745413869467
9.4025 -15.510543624569689
9.407499999999999 -21.952051851383672
9.4125 66.11282635736414
9.4175 -7.612070390234171
9.4225 34.38347245534436
9.4275 -195.1633764854105
9.4325 320.70529051474443
9.4375 -88.33337740455202
9.442499999999999 -80.04369349372577
9.4475 38.50523067601069
9.452499999999999 -249.29115155270813
9.4575 165.98424439530507
9.4625 -58.58525103666526
9.4675 131.7899190458543
9.4725 8.24492097413331
9.4775 168.99246127359666
9.4825 173.14111246828713
9.487499999999999 -186.34918602454397
9.4925 -36.372101156253905
9.497499999999999 -139.15110492905077
9.5025 -8.628815224256352
9.5075 177.91026149011006
9.5125 -282.1852702688759
9.5175 -176.93230230172438
9.522499999999999 42.64457384734972
9.5275 -22.832078891512708
9.532499999999999 220.4702674359116
9.5375 -175.40583331616537
9.5425 322.32970599126907
9.5475 -239.46974659315947
9.5525 28.26476623624282
9.5575 23.683849479176477
9.5625 163.33825776319853
9.567499999999999 -95.65306548848439
9.5725 -47.59997873495355
9.577499999999999 238.36692307031626
9.5825 -180.1112428788938
9.5875 137.37590968518893
9.5925 12.13827214699073
9.5975 -119.23111039924014
9.6025 118.28411850110247
9.6075 -326.1580352168419
9.612499999999999 244.091763764343
9.6175 -33.21286469789987
9.622499999999999 -1.5116972125028254
9.6275 77.8493483382069
9.6325 -92.68683636428952
9.6375 235.14187009176052
9.6425 17.205003101861237
9.647499999999999 -101.66629075475977
9.6525 -369.90827586460244
9.657499999999999 224.57656474267387
9.6625 -229.62788787798027
9.6675 182.0813753407747
9.6725 -12.66913587249776
9.6775 -156.32893721624626
9.6825 -38.87470859566959
9.6875 105.9952163134712
9.692499999999999 -197.93388335854445
9.6975 309.05297691373875
9.702499999999999 -75.33277442278765
9.7075 -37.81791148375129
9.7125 289.1236317765475
9.7175 -254.6300117903829
9.7225 104.40858716420624
9.7275 -30.849078167212724
9.7325 236.6046599497118
9.737499999999999 -71.90410326872812
9.7425 -76.64228348708146
9.747499999999999 -140.42308721648303
9.7525 92.45975989880029
9.7575 -210.53040301674827
9.7625 102.44138568095266
9.7675 -32.666875993680826
9.772499999999999 104.09625691714902
9.7775 -185.84984468254999
9.782499999999999 -56.10700057637641
9.7875 -102.18360056274618
9.7925 -138.8298232073663
9.7975 68.6043860455984
9.8025 317.64306562313686
9.8075 -20.574841549402958
9.8125 81.88520541041953
9.817499999999999 -83.1494030938839
9.8225 -147.71180157075165
9.827499999999999 261.5743466169042
9.8325 -17.307901824291385
9.8375 5.635293026960404
9.8425 103.17114080406714
9.8475 -134.96444667412587
9.8525 219.49779341260577
9.8575 -101.03922916451802
9.862499999999999 -25.300174944141794
9.8675 -69.1505184236278
9.872499999999999 47.33432886960331
9.8775 110.22308584244256
9.8825 -89.9651976664265
9.8875 137.79617507142763
9.8925 145.34250532625407
9.897499999999999 27.577924695666617
9.9025 142.30707177610344
9.907499999999999 -178.72864185659787
9.9125 -147.96173004248428
9.9175 315.4648670518292
9.9225 -9.471462072640943
9.9275 -80.80138485845949
9.9325 81.56779685340037
9.9375 -61.61002657243313
9.942499999999999 -131.61688867094168
9.9475 -40.42863557903449
9.952499999999999 65.64954817388495
9.9575 -1.0928770515670225
9.9625 317.82869654485086
9.9675 -508.40194983306657
9.9725 115.66378023471371
9.9775 -58.22689562462375
9.9825 94.21060609150055
9.987499999999999 -245.99804242021133
9.9925 -12.651022478530361
9.997499999999999 -93.32888634854712
10.0025 168.38455937136058
