0.0075 29.644692211736114
0.012499999999999999 127.57863185956668
0.017499999999999998 -42.292442973613326
0.0225 31.715855439135844
0.0275 109.47425485063981
0.0325 -157.80529093457082
0.0375 223.5936125809772
0.042499999999999996 50.661084681438716
0.0475 182.99407691406182
0.0525 -119.95465991576738
0.057499999999999996 -33.309968587611095
0.0625 -443.85338457823855
0.06749999999999999 102.17822039386193
0.0725 -12.643255835844743
0.0775 43.957301204995474
0.08249999999999999 -3.168272562365715
0.0875 -29.910669722455822
0.0925 125.48562034415664
0.09749999999999999 -148.24158024236533
0.1025 32.417129955613625
0.1075 -225.34159457417667
0.11249999999999999 12.344020872695186
0.1175 -20.037366789060098
0.1225 246.70386949672638
0.1275 99.59261261887657
0.1325 -302.00236357615114
0.13749999999999998 138.10958852608334
0.1425 46.92399159860508
0.1475 -198.84691784058046
0.1525 326.59148878974713
0.1575 -168.9442597711227
0.1625 63.17702700079305
0.16749999999999998 -13.680509230435785
0.1725 -59.69778134964391
0.1775 -71.16422239047564
0.1825 25.264377845345148
0.1875 133.09610093063426
0.1925 331.6664652890391
0.19749999999999998 -179.6531236625543
0.20249999999999999 -71.73026437294294
0.2075 144.4360840173018
0.2125 -289.1815394770267
0.2175 323.0183597133828
0.2225 -250.99377716318395
0.22749999999999998 35.27575237961543
0.23249999999999998 21.00704970804693
0.2375 -94.3235121594796
0.2425 109.37067496467121
0.2475 60.655111906617506
0.2525 -181.08670242259632
0.2575 91.73057644448404
0.2625 -11.498710030604785
0.2675 -4.592478296320364
0.27249999999999996 66.4565729308389
0.27749999999999997 98.95221303303123
0.2825 -462.9652768879818
0.2875 -25.496636831597016
0.2925 28.253881830752356
0.2975 -74.16176250359524
0.3025 34.545157155351816
0.3075 -90.08952000438732
0.3125 106.34377098405447
0.3175 57.69837061597381
0.3225 -5.269416525331694
0.32749999999999996 290.0623049692897
0.33249999999999996 -385.1229223638798
0.33749999999999997 254.3878800201668
0.34249999999999997 -105.95337507869935
0.3475 123.31133803965734
0.3525 138.59922492423672
0.3575 -116.40465207572821
0.3625 -148.03437967923762
0.3675 153.52141667995286
0.3725 88.49957229439228
0.3775 -395.99045188087837
0.3825 166.61790817132604
0.38749999999999996 27.90917179567309
0.39249999999999996 89.73616250007498
0.39749999999999996 -192.71147118003563
0.40249999999999997 243.05744259843195
0.4075 -64.01461699159887
0.4125 299.39592860876473
0.4175 -328.2216471395669
0.4225 -48.19287658462002
0.4275 -10.480726657610688
0.4325 -118.31643227894484
0.4375 -0.5960524561273147
0.4425 76.21281830573085
0.44749999999999995 186.98442355101423
0.45249999999999996 165.25438604416155
0.45749999999999996 -353.9459140783768
0.46249999999999997 -96.13475392053077
0.46749999999999997 -90.97521965169611
0.4725 356.81128652332745
0.4775 -178.09989118210507
0.4825 67.80896906339713
0.4875 -77.32884238418232
0.4925 -1.8214600858748848
0.4975 -100.77679272389375
0.5025 68.45211165943198
0.5075 221.77054190099702
0.5125 4.776047864825151
0.5175 -94.97029859309323
0.5225 1.4169041108415932
0.5275 68.20819560358946
0.5325 -1.3570184323728778
0.5375 -18.54500739706049
0.5425 221.82802932062887
0.5475 -20.124487034877916
0.5525 -174.03311422295536
0.5575 153.14330444950946
0.5625 -197.59835502571033
0.5675 39.48002512593011
0.5725 -61.911622161256645
0.5775 -175.18522955732135
0.5825 -96.4907394301921
0.5875 162.48006848432092
0.5925 -15.996646452943294
0.5974999999999999 -4.052777948882021
0.6024999999999999 203.02883859347347
0.6074999999999999 -88.44228014613728
0.6124999999999999 205.901330548609
0.6174999999999999 -99.19701991584213
0.6224999999999999 27.781528002123512
0.6275 -151.9628076574168
0.6325 67.00631712207289
0.6375 72.83942763630854
0.6425 -37.69649505757329
0.6475 -55.88724543877699
0.6525 185.06703811187452
0.6575 -36.772804074376104
0.6625 -298.04262428008605
0.6675 98.78947118326543
0.6725 173.27800112463504
0.6775 -5.659360306393844
0.6825 -208.03762678059928
0.6875 67.29194782841198
0.6925 326.5316115326855
0.6975 -332.1695161991745
0.7025 -33.569143180418656
0.7075 -259.09653267992275
0.7125 178.72935767620027
0.7174999999999999 228.44268220348133
0.7224999999999999 -219.17128802533475
0.7274999999999999 275.1224306272124
0.7324999999999999 -53.50360800678065
0.7374999999999999 17.134106959964733
0.7424999999999999 -76.02675942192506
0.7474999999999999 -177.26451260016637
0.7525 324.51751781259094
0.7575 163.69734682454023
0.7625 -170.76438927467788
0.7675 17.51940449283582
0.7725 22.301797624731755
0.7775 175.2712281769828
0.7825 -94.3040979212863
0.7875 -68.08756184193257
0.7925 7.942535352057479
0.7975 10.998893467128589
0.8025 -151.74558219865938
0.8075 -105.61285285146289
0.8125 58.84732608049949
0.8175 268.10904175113035
0.8225 -281.4196256746558
0.8275 254.16880237818827
0.8325 -103.04075038175472
0.8374999999999999 56.483037357622564
0.8424999999999999 -59.23212122380407
0.8474999999999999 -87.6909998407172
0.8524999999999999 -75.10973635095768
0.8574999999999999 -128.41893406979233
0.8624999999999999 -152.5753527814008
0.8674999999999999 241.0935894140022
0.8724999999999999 -145.97497444672908
0.8775 233.0969536269755
0.8825 -227.79652158568183
0.8875 75.27089444985324
0.8925 71.67301301587851
0.8975 158.7481853576152
0.9025 -94.25254575146774
0.9075 185.67804001300993
0.9125 -72.83850404480322
0.9175 -303.7836626295525
0.9225 277.4915204732201
0.9275 -58.55232563768516
0.9325 154.6061562837535
0.9375 105.87929525017067
0.9425 -69.43870936930571
0.9475 -106.40937900863852
0.9524999999999999 57.65901349891579
0.9574999999999999 82.68953202749366
0.9624999999999999 31.61105155428102
0.9674999999999999 -232.20542031307647
0.9724999999999999 83.40131771006813
0.9774999999999999 -78.14519674434338
0.9824999999999999 -210.02302692456698
0.9874999999999999 232.66192952744086
0.9924999999999999 -90.5656703085984
0.9974999999999999 -67.09192309362895
1.0025 -70.10155845267667
1.0075 51.14017221454021
1.0125 40.22861005474454
1.0174999999999998 -85.68854529472321
1.0225 -160.12708786897852
1.0274999999999999 191.84125455282452
1.0325 -220.05814508978003
1.0374999999999999 -14.87044826205533
1.0425 144.1276802471867
1.0474999999999999 55.14440654128534
1.0525 91.14210825494513
1.0574999999999999 184.6732754858676
1.0625 -34.92527157533007
1.0675 24.93241571524323
1.0725 -162.77215288334705
1.0775 332.51011921928523
1.0825 -218.4556636943504
1.0875 -104.20589363288364
1.0925 60.47389927942108
1.0975 2.257833715895189
1.1025 259.81462290416965
1.1075 -56.125041500188296
1.1125 -130.51855560025845
1.1175 -159.23181308181228
1.1225 141.30111285658415
1.1275 -195.4355592573082
1.1324999999999998 291.1419346211715
1.1375 -143.27301401133
1.1424999999999998 -70.31276471071894
1.1475 -97.00391076629381
1.1524999999999999 98.39522669487172
1.1575 -34.11267947878495
1.1624999999999999 30.33550602476748
1.1675 -241.4790603752255
1.1724999999999999 53.625811834521244
1.1775 388.1503584721568
1.1824999999999999 49.99256470148633
1.1875 -82.26590544715154
1.1925 4.741341272453977
1.1975 85.9703138648217
1.2025 -130.53802089323221
1.2075 234.15581951017847
1.2125 -103.16017225029806
1.2175 101.31956083203235
1.2225 -139.82802585470222
1.2275 -79.37290657625326
1.2325 -220.56378242456688
1.2375 -113.95897163761964
1.2425 239.00053125189197
1.2475 144.45471365010283
1.2525 -82.05628132806953
1.2574999999999998 270.94192940775145
1.2625 -129.66822059933398
1.2674999999999998 94.24395038969098
1.2725 -209.10399350582665
1.2774999999999999 170.97200274992184
1.2825 69.72474522427636
1.2874999999999999 -71.03326766809617
1.2925 -24.597283978049088
1.2974999999999999 70.22211615850081
1.3025 -191.5145539599689
1.3074999999999999 85.0156672366035
1.3125 -8.29058579089144
1.3175 -77.72436855481118
1.3225 81.71861351373778
1.3275 24.43759857271779
1.3325 -186.42305308095925
1.3375 -17.441075669678476
1.3425 -124.11565399838813
1.3475 41.71270120399893
1.3525 378.5442167835144
1.3575 -58.57183080075809
1.3625 6.02607495185246
1.3675 54.86780753087765
1.3724999999999998 171.6231064705122
1.3775 92.24163479691394
1.3824999999999998 -216.03734006557818
1.3875 185.35554525507166
1.3924999999999998 -73.20921793753656
1.3975 -75.42197291397306
1.4024999999999999 113.52166731053178
1.4075 -174.7574086557044
1.4124999999999999 269.26807974529044
1.4175 -140.55632756137962
1.4224999999999999 -40.795341276748076
1.4275 -69.91730596069095
1.4324999999999999 152.02232858369106
1.4375 24.01227435513305
1.4425 -150.15099508286653
1.4475 11.574626679865885
1.4525 -134.49549775854584
1.4575 206.83622252956926
1.4625 -60.6510746314264
1.4675 149.9886156167744
1.4725 58.77989166325352
1.4775 -40.47423381404285
1.4825 -80.85759038203138
1.4874999999999998 20.41069460760244
1.4925 -130.27364739739352
1.4974999999999998 -222.73625228435972
1.5025 294.5910455829061
1.5074999999999998 -156.89492288055368
1.5125 -353.14960056173015
1.5174999999999998 226.39828826068916
1.5225 169.8803346966097
1.5274999999999999 -279.40818575046933
1.5325 88.42319829035493
1.5374999999999999 -21.10999877799093
1.5425 -49.09127650332231
1.5474999999999999 168.70014291735492
1.5525 169.35348936392006
1.5574999999999999 -55.05784210833524
1.5625 76.35438189568767
1.5675 -271.80957934798386
1.5725 220.97124931159343
1.5775 -119.59131041194676
1.5825 194.9128854159851
1.5875 -269.26731550259734
1.5925 124.997821391762
1.5975 81.72138529158546
1.6025 -73.80182169587742
1.6075 25.180020873727628
1.6124999999999998 18.84180831039305
1.6175 44.14381431844599
1.6224999999999998 99.29235077040039
1.6275 -166.80359203934748
1.6324999999999998 142.01713536222235
1.6375 -134.65802325052098
1.6424999999999998 -99.86710285631598
1.6475 95.99217528785105
1.6524999999999999 -72.52953261921668
1.6575 -146.264727958175
1.6624999999999999 -36.16992817315687
1.6675 -101.0449808539737
1.6724999999999999 21.591252323312
1.6775 68.25235535699983
1.6824999999999999 204.45289524220576
1.6875 -12.829742369229152
1.6925 115.46127592188161
1.6975 -128.3935669494647
1.7025 -6.775366226186278
1.7075 -50.94770332409665
1.7125 240.9117278121222
1.7175 -146.2769867636189
1.7225 54.3866249095944
1.7274999999999998 -73.20078942488773
1.7325 51.18334600539902
1.7374999999999998 -342.0171664739085
1.7425 217.37143213824913
1.7474999999999998 -147.10782132206384
1.7525 95.16580449047554
1.7574999999999998 106.40134363342493
1.7625 46.89798443489078
1.7674999999999998 41.521778957600624
1.7725 -181.13657985087275
1.7774999999999999 -60.44930071529046
1.7825 42.20160379248352
1.7874999999999999 -31.45393362543525
1.7925 110.09604417949966
1.7974999999999999 -59.66579579285312
1.8025 186.3908248823768
1.8074999999999999 55.458041057877104
1.8125 -93.97632175684436
1.8175 40.681338057327025
1.8225 -221.0212516793391
1.8275 37.71280890211386
1.8325 -129.29507384104397
1.8375 -288.56473614750007
1.8425 376.04481053146753
1.8475 74.06973257744593
1.8524999999999998 -103.099884186472
1.8575 114.83838088858816
1.8624999999999998 -72.92468359313256
1.8675 -92.29545600960444
1.8724999999999998 83.66928004117055
1.8775 46.44622491057131
1.8824999999999998 34.02229672722799
1.8875 -51.47355914145359
1.8924999999999998 -45.6899993970086
1.8975 -82.92360312949071
1.9024999999999999 217.7391293250627
1.9075 65.21443591274483
1.9124999999999999 -10.431582220711965
1.9175 -141.04406756392464
1.9224999999999999 5.437276748423339
1.9275 -3.8192989112784845
1.9324999999999999 55.91430157756344
1.9375 -155.5685473168792
1.9425 -16.284974641239817
1.9475 100.9895627319644
1.9525 102.84852097507519
1.9575 30.71438934029726
1.9625 24.217279299531924
1.9674999999999998 -415.5204883691581
1.9725 -46.7053237107151
1.9774999999999998 158.32042709021349
1.9825 80.04598490596024
1.9874999999999998 -76.9133325270501
1.9925 56.28751202274451
1.9974999999999998 -100.75718005629597
2.0025 253.29537772121512
2.0075 -59.75021960938939
2.0124999999999997 48.43239377110466
2.0175 -139.87360040450315
2.0225 288.9800720499422
2.0275 -146.5641356917543
2.0324999999999998 -226.4960793503771
2.0375 -13.067106701942782
2.0425 85.99338812548552
2.0475 25.55020303355415
2.0524999999999998 286.56879003333916
2.0575 -225.8223274396877
2.0625 162.09144804843174
2.0675 150.39505759224164
2.0725 26.858062686319354
2.0775 -169.72392219219188
2.0825 148.47266473839372
2.0875 -92.77843982512056
2.0925 -71.96558935995259
2.0974999999999997 -1.5469948988319513
2.1025 88.62712111683929
2.1075 -74.21055837319128
2.1125 -74.95013562024293
2.1174999999999997 246.20688739465726
2.1225 172.7366781431109
2.1275 -368.56564941956384
2.1325 -98.7647125095998
2.1374999999999997 93.51056557432993
2.1425 -208.8956910542154
2.1475 94.99567594411465
2.1525 95.99993591054644
2.1574999999999998 2.57679371979334
2.1625 29.33204510512526
2.1675 -24.761746163381286
2.1725 -99.15032584523661
2.1774999999999998 195.9589231276744
2.1825 114.96300034431778
2.1875 13.776368265119782
2.1925 191.49887066828393
2.1975 23.615286330211926
2.2024999999999997 -154.55774345659543
2.2075 -42.096606046673074
2.2125 -79.759820756116
2.2175 -172.79975415322835
2.2224999999999997 8.13088354274597
2.2275 188.45362038916005
2.2325 -83.78867217162012
2.2375 -123.4958050143548
2.2424999999999997 121.00472661282517
2.2475 7.8292658477288475
2.2525 -159.98816241637604
2.2575 -15.12570347937099
2.2624999999999997 23.243224617591263
2.2675 219.99566430208372
2.2725 -233.35351679407933
2.2775 154.1206158474719
2.2824999999999998 65.99346185965658
2.2875 139.42997725882614
2.2925 -223.15642444299024
2.2975 -74.78127752620377
2.3024999999999998 152.57892516860383
2.3075 -186.38523069955053
2.3125 -147.05994050742964
2.3175 395.17983697281574
2.3225 -84.3083816776487
2.3274999999999997 -64.79490562323568
2.3325 155.75009364233145
2.3375 -217.73918222202596
2.3425 227.0474221615282
2.3474999999999997 6.321290535300965
2.3525 -127.11134745483501
2.3575 125.50995189458162
2.3625 -244.41298228435417
2.3674999999999997 11.729908709070655
2.3725 40.341386117251695
2.3775 257.0226901292246
2.3825 -224.2374815233733
2.3874999999999997 76.82002359969952
2.3925 70.29303861729446
2.3975 -176.84270853074386
2.4025 -320.0620013335925
2.4074999999999998 32.634330676487735
2.4125 -24.358839731461085
2.4175 300.8247519054926
2.4225 -12.376535925456556
2.4274999999999998 -40.74305907620268
2.4325 94.89922218045129
2.4375 169.5941371243061
2.4425 -178.1456667930002
2.4475 86.2570684342534
2.4524999999999997 -249.640115714211
2.4575 -133.04724597960413
2.4625 73.32223348380774
2.4675 44.780091888691445
2.4724999999999997 60.615047588740936
2.4775 -72.38610013480907
2.4825 166.17613378767348
2.4875 151.08277035369787
2.4924999999999997 5.485572991727061
2.4975 -91.37128842739993
2.5025 47.520884484842725
2.5075 149.17510729745516
2.5124999999999997 -240.30487805943395
2.5175 -185.88176388375186
2.5225 139.86253891919102
2.5275 -189.34160184303585
2.5324999999999998 66.07484686407945
2.5375 97.6926076481188
2.5425 -115.21881295351498
2.5475 -4.539899635928619
2.5524999999999998 137.49100709540107
2.5574999999999997 194.5896718120013
2.5625 -2.061897047914755
2.5675 -38.50515172531925
2.5725 316.75493108715995
2.5774999999999997 -11.84160525245689
2.5825 -86.85275455917244
2.5875 -134.4044746839852
2.5925 -66.2524451286219
2.5974999999999997 110.95118280366013
2.6025 -78.57740914658703
2.6075 1.9451716086529596
2.6125 65.67993550551209
2.6174999999999997 32.19886655843278
2.6225 2.4528877151453585
2.6275 193.2549751086184
2.6325 -143.8503998923119
2.6374999999999997 -145.0130900138734
2.6425 -79.93029503660112
2.6475 98.30461182828195
2.6525 164.2633413708004
2.6574999999999998 37.55079221444892
2.6625 158.71703746766056
2.6675 -300.86064835057596
2.6725 93.53109051716726
2.6774999999999998 11.646717049658738
2.6824999999999997 -218.1297786621373
2.6875 32.52453289723055
2.6925 -73.66395747215238
2.6975 -66.5897051132882
2.7024999999999997 104.15647063162865
2.7075 91.4588314541704
2.7125 150.0600698084749
2.7175 -169.69608759958788
2.7224999999999997 266.87202231685524
2.7275 -315.1505340847871
2.7325 19.0685216684939
2.7375 226.2950990490587
2.7424999999999997 -152.25233089601267
2.7475 42.92129944203268
2.7525 178.44760186979684
2.7575 -363.3034481979226
2.7624999999999997 58.09191481173446
2.7675 -241.46238177849045
2.7725 244.68623773297952
2.7775 -94.57910765427536
2.7824999999999998 151.01381771465557
2.7875 -73.11224082947734
2.7925 73.05617202218613
2.7975 94.66229957685624
2.8024999999999998 180.61023381551428
2.8074999999999997 -149.98678514499343
2.8125 74.85299422895328
2.8175 -50.641949007601696
2.8225 -137.78633485462368
2.8274999999999997 276.0474466003886
2.8325 1.5255892116874545
2.8375 -143.34203007409442
2.8425 -44.77628896546941
2.8474999999999997 197.47870104213416
2.8525 -222.353814477117
2.8575 144.1696288548989
2.8625 -123.01407210675224
2.8674999999999997 -252.07103408361914
2.8725 216.36290153154079
2.8775 273.2387943717257
2.8825 -285.40343835238485
2.8874999999999997 129.23885515902353
2.8925 -216.85843251990133
2.8975 -148.22103543027063
2.9025 -83.32846543320679
2.9074999999999998 444.0367757181807
2.9125 -149.06089630613116
2.9175 215.33763587835304
2.9225 -244.02212214893348
2.9274999999999998 -52.01263998913313
2.9324999999999997 60.7770131887293
2.9375 -217.72827425468853
2.9425 239.05669199561854
2.9475 330.9470517196192
2.9524999999999997 -10.15097580479143
2.9575 30.130638322987213
2.9625 81.12441424416326
2.9675 -280.23583505971635
2.9724999999999997 -154.89942257463042
2.9775 64.13706543489845
2.9825 263.38697207928715
2.9875 -289.09696381199393
2.9924999999999997 -109.45479745273518
2.9975 300.59664309392053
3.0025 10.887737209640754
3.0075 -158.98381790691215
3.0124999999999997 99.79451032722946
3.0175 -229.44729106617706
3.0225 200.1857705083606
3.0275 -21.341810640160293
3.0324999999999998 75.00040253859716
3.0374999999999996 -314.5283171063487
3.0425 88.21521795756476
3.0475 19.601622099985455
3.0524999999999998 288.2506995416161
3.0574999999999997 -202.36703297507432
3.0625 20.557633555385735
3.0675 197.49361338031727
3.0725 -37.068464018632916
3.0774999999999997 -227.67246541846353
3.0825 271.1841097079706
3.0875 -298.6661949997137
3.0925 255.47395810135626
3.0974999999999997 -210.71126036583323
3.1025 52.80078395139893
3.1075 259.32710106870195
3.1125 -243.23227574659128
3.1174999999999997 -6.4485143111720955
3.1225 84.45321277355512
3.1275 -36.37909658226867
3.1325 229.65603949050654
3.1374999999999997 105.53451070537635
3.1425 -105.20535346306833
3.1475 -222.02241539702948
3.1525 225.25822790739872
3.1574999999999998 86.91372028310003
3.1624999999999996 -146.66736582615982
3.1675 -129.60677301301965
3.1725 -63.680250549773724
3.1774999999999998 177.10774797566478
3.1824999999999997 -108.95534169391885
3.1875 -83.77502725520357
3.1925 160.28870046068778
3.1975 -503.39849608099223
3.2024999999999997 169.29854534081286
3.2075 168.47179317458958
3.2125 -57.39849799440642
3.2175 -53.38955031138251
3.2224999999999997 -15.845646544761456
3.2275 103.27461377764106
3.2325 -179.22947241012108
3.2375 232.70825595099322
3.2424999999999997 15.24163441150796
3.2475 11.87514903272768
3.2525 25.14087606823733
3.2575 34.60602629626686
3.2624999999999997 -168.39322144647156
3.2675 115.93951697198641
3.2725 -22.193251871856276
3.2775 146.9293275099596
3.2824999999999998 -116.2429264529457
3.2874999999999996 -197.7596091812805
3.2925 -70.35850110943731
3.2975 158.72971642236735
3.3024999999999998 143.10006804786494
3.3074999999999997 -179.3989824394948
3.3125 127.45263774071469
3.3175 -8.309147493201712
3.3225 -133.71570464118616
3.3274999999999997 -4.908136319133653
3.3325 -134.36255581436677
3.3375 372.7591322380488
3.3425 32.33747291865734
3.3474999999999997 -97.07566062833372
3.3525 -65.7757971718858
3.3575 93.97966689764053
3.3625 -12.91334825660214
3.3674999999999997 -218.0295939190695
3.3725 233.8493845071388
3.3775 -52.746070201141755
3.3825 71.95049811621307
3.3874999999999997 12.645382635887566
3.3924999999999996 128.5877726235354
3.3975 -101.41698980121556
3.4025 -148.76479489592472
3.4074999999999998 218.42182740176784
3.4124999999999996 -115.54062505114129
3.4175 107.16314810302168
3.4225 -179.16837720705956
3.4274999999999998 70.29467368611411
3.4324999999999997 -51.15915419769789
3.4375 128.75900390956687
3.4425 -254.98480343400516
3.4475 328.3304872469369
3.4524999999999997 -31.35927622027493
3.4575 -27.919520783891127
3.4625 217.23703621839894
3.4675 -164.30373747895774
3.4724999999999997 -89.51695630005389
3.4775 -144.9658297352258
3.4825 60.840135681066315
3.4875 -20.859383032265313
3.4924999999999997 117.16294346571686
3.4975 -111.92655477788742
3.5025 151.82913939977263
3.5075 -12.640206496972478
3.5124999999999997 20.742362251625302
3.5174999999999996 302.32046591237133
3.5225 -195.26408375047114
3.5275 69.92207892474177
3.5324999999999998 10.640062574547894
3.5374999999999996 -251.06765632537193
3.5425 -21.821326875516284
3.5475 82.46880872414437
3.5524999999999998 146.76752951570995
3.5574999999999997 -0.2142134898791045
3.5625 82.1514779993485
3.5675 50.406220006876694
3.5725 -257.86890600940785
3.5774999999999997 -137.70322155377298
3.5825 87.51568890929016
3.5875 66.06150169712139
3.5925 31.724584885503536
3.5974999999999997 -101.31055045278764
3.6025 -307.92598605790874
3.6075 51.048921268546415
3.6125 151.21390403097791
3.6174999999999997 141.14621567910402
3.6225 -60.49648417738249
3.6275 159.03695685404412
3.6325 -163.93104179228482
3.6374999999999997 98.90075205126125
3.6424999999999996 52.35340295018624
3.6475 -34.042923450665036
3.6525 383.1162684306083
3.6574999999999998 -285.68927367259926
3.6624999999999996 -10.09461251142117
3.6675 122.22809994642337
3.6725 19.442457144191337
3.6774999999999998 0.31932830887370384
3.6824999999999997 -150.28031144681418
3.6875 89.22534073655042
3.6925 -91.57677339200274
3.6975 2.7764262012244214
3.7024999999999997 -115.8651127877004
3.7075 66.17359825734424
3.7125 -130.619420240364
3.7175 305.4151614305283
3.7224999999999997 -241.65309756883065
3.7275 53.35248954097717
3.7325 -118.00423953356321
3.7375 -20.950702994321873
3.7424999999999997 -71.14156064717457
3.7474999999999996 27.18541975417425
3.7525 79.03467312956153
3.7575 183.04829340654743
3.7624999999999997 56.97896415211615
3.7674999999999996 -213.54164673296506
3.7725 -183.33060357838917
3.7775 -57.68067263422786
3.7824999999999998 -191.37115660861903
3.7874999999999996 102.46768849855832
3.7925 123.03123664499306
3.7975 63.051538561119706
3.8024999999999998 176.87837647936774
3.8074999999999997 -131.76637562070664
3.8125 28.32964028256549
3.8175 -90.60760509993959
3.8225 -214.38168156351566
3.8274999999999997 156.3025143935896
3.8325 36.01514804007679
3.8375 -115.48432129975082
3.8425 -21.42759859306011
3.8474999999999997 159.87355509258103
3.8525 18.445622161327954
3.8575 41.056332524965605
3.8625 -56.6745162063955
3.8674999999999997 12.309951280819423
3.8724999999999996 127.38134566110064
3.8775 -114.79069388145336
3.8825 -17.32042717055918
3.8874999999999997 171.21259629749972
3.8924999999999996 -162.3318544828709
3.8975 -169.0687188253642
3.9025 -11.785851853177979
3.9074999999999998 -117.40242880875594
3.9124999999999996 245.94766345766755
3.9175 -2.3082053097078155
3.9225 -13.19446548349627
3.9274999999999998 242.64988899722925
3.9324999999999997 -149.27115541904516
3.9375 -12.500275475730092
3.9425 312.03785780982435
3.9475 -85.63869819667069
3.9524999999999997 108.57874044812506
3.9575 -212.48407024613778
3.9625 -382.3975733124804
3.9675 110.95629315033234
3.9724999999999997 325.96489149536325
3.9775 141.66576873117907
3.9825 -314.8169480705468
3.9875 244.50044307082112
3.9924999999999997 -271.312783437962
3.9974999999999996 210.90712597819137
4.0024999999999995 -27.810090520102587
4.007499999999999 102.71381293682481
4.0125 73.34724401017907
4.0175 -106.31668800203295
4.0225 -201.7884069103144
4.0275 251.28567668600766
4.0325 -90.44893131613458
4.0375 -180.25837190046673
4.0424999999999995 -28.501189608299008
4.047499999999999 46.30703378889218
4.0525 16.611329035313457
4.0575 -61.8490795288521
4.0625 -73.10970243316315
4.0675 83.00532446385911
4.0725 -60.19159002867074
4.0775 -273.8370632369306
4.0825 294.52539505653317
4.0874999999999995 -22.477273036765947
4.0925 172.94600517732025
4.0975 -30.6487472353314
4.1025 -11.407424872644702
4.1075 261.3545462718099
4.1125 167.64614269947302
4.1175 -33.950905103950475
4.1225 -69.8945988207423
4.1274999999999995 24.74116161277192
4.132499999999999 -269.02542874269375
4.1375 412.8749178071954
4.1425 -15.433253792511653
4.1475 89.89203261324259
4.1525 114.61380590996488
4.1575 67.65981818040873
4.1625 -171.83658335044018
4.1674999999999995 -98.75242936102602
4.172499999999999 49.323977876615196
4.1775 6.085228494242584
4.1825 18.07689729968087
4.1875 -84.01597739673778
4.1925 62.126877010755805
4.1975 -14.601750373677678
4.2025 -169.14232468657528
4.2075 -67.08087420753131
4.2124999999999995 161.1485536253874
4.2175 -217.4276479254109
4.2225 -157.39638503960836
4.2275 108.50739047133726
4.2325 116.08496954141893
4.2375 -30.006939958657714
4.2425 -233.27007143977895
4.2475 28.493002684765973
4.2524999999999995 -10.46001486480362
4.257499999999999 -57.673720499508896
4.2625 251.14124731753614
4.2675 -61.2128551187389
4.2725 21.353839041169675
4.2775 -64.42622800041897
4.2825 248.46589484416512
4.2875 5.623306025719843
4.2924999999999995 -124.63455083863285
4.297499999999999 69.45288365010835
4.3025 -73.35238856881757
4.3075 -60.15081383872638
4.3125 236.81931635296988
4.3175 106.52186242724942
4.3225 -63.09449273747184
4.3275 -236.7218455399202
4.3325 91.39200469407952
4.3374999999999995 120.17688269012378
4.342499999999999 126.36488893130996
4.3475 -198.72777387847097
4.3525 124.31212700473239
4.3575 -59.58908651154612
4.3625 -74.6840731717377
4.3675 108.16535502251492
4.3725 67.33875348266137
4.3774999999999995 -80.44637808242707
4.382499999999999 36.87734650908182
4.3875 15.02755040076281
4.3925 -159.68652064139803
4.3975 187.8848464496001
4.4025 -149.38848009405496
4.4075 -81.1796824914433
4.4125 -1.4394642709196865
4.4174999999999995 26.840636821289888
4.422499999999999 139.40273677017518
4.4275 -3.582980543641906
4.4325 26.316418046519896
4.4375 -268.17816610792653
4.4425 -46.882269710961786
4.4475 -47.94748125598895
4.4525 -24.194300832373706
4.4575 -91.87807225781096
4.4624999999999995 63.31136554980751
4.467499999999999 237.79862072955314
4.4725 -156.71433672709378
4.4775 -119.97004280007143
4.4825 472.6552364466038
4.4875 67.9811930556851
4.4925 -216.72332555038633
4.4975 -15.44542659104606
4.5024999999999995 28.420071901310838
4.507499999999999 -5.868157515671407
4.5125 202.85732308495278
4.5175 112.72614369555288
4.5225 -275.39145866106475
4.5275 47.40589227642694
4.5325 -180.45576744564042
4.5375 151.5465139515031
4.5424999999999995 208.23510798727318
4.547499999999999 -138.9907229812443
4.5525 -121.53168642401737
4.5575 -76.6523778593196
4.5625 -118.06312214349722
4.5675 261.5860441733963
4.5725 11.397954737206847
4.5775 -75.76392796467462
4.5825 -44.443488642193394
4.5874999999999995 -112.61824625943858
4.592499999999999 -211.16231685069351
4.5975 21.80370823921523
4.6025 399.4722480341143
4.6075 112.05876192140205
4.6125 96.71375908019407
4.6175 80.18510062972904
4.6225 -212.44242809869286
4.6274999999999995 76.82121022859181
4.632499999999999 -106.68533259714373
4.6375 145.59697024714842
4.6425 -335.5479582654194
4.6475 54.70804172742558
4.6525 -52.98999020451886
4.6575 15.668355003655243
4.6625 -59.40488073205283
4.6674999999999995 -25.961252439789153
4.672499999999999 -115.50501210483242
4.6775 168.4295102106991
4.6825 140.37298879206278
4.6875 -117.55323186654714
4.6925 118.19405791771074
4.6975 -226.08934854696372
4.7025 156.96140988950236
4.7075 77.27505867307028
4.7124999999999995 217.42858822814588
4.717499999999999 -399.388796758512
4.7225 31.60087981036526
4.7275 189.827381631497
4.7325 -16.293066823943125
4.7375 5.204199701423702
4.7425 66.96248988265795
4.7475 6.45723967842073
4.7524999999999995 -41.7433040710137
4.757499999999999 56.32865888618517
4.7625 -80.90947993447135
4.7675 69.03226213045905
4.7725 -88.05138369339845
4.7775 -23.998553646052716
4.7825 11.025913288596982
4.7875 2.6592974555138693
4.7924999999999995 -3.5025093934724194
4.797499999999999 119.74991971935378
4.8025 -118.36174510720365
4.8075 31.08630433621634
4.8125 -120.58706863896343
4.8175 -127.14384829647192
4.8225 -117.29357804304253
4.8275 72.90195237322301
4.8325 14.56175543372121
4.8374999999999995 -78.81660635249848
4.842499999999999 312.5280306121338
4.8475 -156.33796726737157
4.8525 115.08339324057354
4.8575 72.32524589583704
4.8625 -119.44777565349762
4.8675 139.8642173122026
4.8725 -81.45124760576498
4.8774999999999995 11.80926849667368
4.882499999999999 114.47741201128336
4.8875 106.66115664537313
4.8925 22.65722778207105
4.8975 101.28891723961925
4.9025 -320.4536911091958
4.9075 31.690725039298027
4.9125 -2.4010829031141814
4.9174999999999995 -44.069395791451036
4.922499999999999 95.30117475643445
4.9275 -169.23958614870816
4.9325 206.69196027339464
4.9375 -144.95870798810478
4.9425 -174.43626829687773
4.9475 134.26239409858397
4.9525 21.43279473281703
4.9575 -2.3944530188007676
4.9624999999999995 69.68046467630809
4.967499999999999 170.1785869868198
4.9725 -163.84045028194126
4.9775 -28.091609869185103
4.9825 125.22916147420585
4.9875 -40.5660296678401
4.9925 -133.47393749158007
4.9975 43.55659947113365
5.0024999999999995 175.14156508791524
5.007499999999999 -125.3117036819404
5.0125 -51.58015588137453
5.0175 -48.76865632892108
5.0225 342.21631674754366
5.0275 98.73319330467447
5.0325 -56.55250784740844
5.0375 -163.38344834947006
5.0424999999999995 158.37945825903185
5.047499999999999 -11.586010283999077
5.0525 -7.103751363628167
5.0575 -98.7878773003898
5.0625 173.39310689046198
5.0675 -177.7084649702267
5.0725 -48.99644316970457
5.0775 -132.42663893734854
5.0825 132.15286373000458
5.0874999999999995 135.91898280427216
5.092499999999999 -314.8393108867925
5.0975 -63.761973594740425
5.1025 132.94053359336831
5.1075 -29.868366494554586
5.1125 -71.94507249311305
5.1175 -48.39236919174278
5.1225 175.10883305233693
5.1274999999999995 -181.74649492994828
5.132499999999999 -211.97386719286513
5.1375 133.23802400940608
5.1425 62.047104311036556
5.1475 -155.36957644224236
5.1525 173.213167343165
5.1575 -49.66741048950701
5.1625 -3.59534895896241
5.1674999999999995 61.76513994322331
5.172499999999999 -44.112883279723825
5.177499999999999 141.1122720135811
5.1825 -178.58493501853752
5.1875 25.585010024887932
5.1925 -155.40993116707892
5.1975 143.26782931942333
5.2025 338.49397278878655
5.2075 -95.13124247244603
5.2124999999999995 177.25531616045885
5.217499999999999 323.09780713625327
5.2225 -76.2811794725098
5.2275 -189.7615167539968
5.2325 91.19767046196628
5.2375 84.28771567624266
5.2425 -111.54544834247125
5.2475 2.9080377933566433
5.2524999999999995 -203.8530243358871
5.257499999999999 90.18672133241024
5.2625 -75.30176324911365
5.2675 -56.594957331465565
5.2725 -146.7540568433852
5.2775 379.9542290253315
5.2825 86.94059568237128
5.2875 185.5738918547676
5.2924999999999995 -209.01450602221448
5.297499999999999 -120.75180320418112
5.302499999999999 90.18122649587072
5.3075 27.47613764831608
5.3125 -47.337228860084274
5.3175 253.70235498237034
5.3225 -182.46525531398103
5.3275 77.49955970121258
5.3325 -113.64543699365254
5.3374999999999995 6.545635109489736
5.342499999999999 -242.21017430553184
5.3475 -59.28361260159024
5.3525 -41.21734364399061
5.3575 208.34204143544505
5.3625 96.82408661859078
5.3675 52.31284117716139
5.3725 -12.551587635446705
5.3774999999999995 183.67260718376593
5.382499999999999 61.511881783647546
5.3875 83.66423930269129
5.3925 -309.1786290445123
5.3975 -140.4468511114366
5.4025 179.87651701249575
5.4075 43.41201404346208
5.4125 147.85742486283036
5.4174999999999995 -46.57073041413627
5.422499999999999 -166.49112309813034
5.427499999999999 -227.05583843681987
5.4325 22.68157610951795
5.4375 91.64059423610163
5.4425 33.55906986169823
5.4475 -7.164560238848749
5.4525 -144.39123528752413
5.4575 113.00118461406507
5.4624999999999995 -208.7267776289
5.467499999999999 73.76350758324553
5.4725 280.3993897068505
5.4775 16.342950765651644
5.4825 -264.62603475745664
5.4875 32.14240786631037
5.4925 244.14123032006285
5.4975 -249.48849749053068
5.5024999999999995 247.50120726700996
5.507499999999999 -31.201935650479307
5.5125 88.28123994694091
5.5175 -77.86315566277494
5.5225 -284.1606407801724
5.5275 65.59893762264623
5.5325 32.863552429640016
5.5375 11.94046204489474
5.5424999999999995 -40.39748189936246
5.547499999999999 -68.51016305016964
5.552499999999999 288.0291386043267
5.5575 246.07747128966938
5.5625 -346.01782775552823
5.5675 116.1538836262069
5.5725 -152.95329513627314
5.5775 -85.11474930168093
5.5825 -103.01679121542436
5.5874999999999995 230.40013432901833
5.592499999999999 138.07030081984155
5.5975 -153.70621682656818
5.6025 -85.9214153593268
5.6075 -289.3026798389536
5.6125 156.8803456880557
5.6175 185.4181060461352
5.6225 -38.148380656278135
5.6274999999999995 -66.49353896041453
5.632499999999999 89.60769169803261
5.6375 -261.79224324700317
5.6425 24.507751393854416
5.6475 161.22350849074618
5.6525 302.7188391271737
5.6575 23.786423270167177
5.6625 -50.327352740003754
5.6674999999999995 -25.624387076995543
5.672499999999999 -250.1162950985934
5.677499999999999 244.66710732252193
5.6825 111.69401170073087
5.6875 -205.46372028759177
5.6925 -7.856367119993905
5.6975 -258.21458095352097
5.7025 96.2520551735021
5.7075 234.35614688927868
5.7124999999999995 53.894819078024845
5.717499999999999 -5.785831419006611
5.7225 -35.05529507430404
5.7275 -160.1621310544642
5.7325 -335.05003730804464
5.7375 376.8443357622419
5.7425 309.52355224645845
5.7475 -34.18436118006125
5.7524999999999995 -259.916273629993
5.757499999999999 3.147286810659359
5.7625 -85.73597689637123
5.7675 237.51878842516214
5.7725 200.6541648282294
5.7775 -55.38129309073129
5.7825 64.63431939051509
5.7875 -210.26959151293823
5.7924999999999995 69.95972695670692
5.797499999999999 377.14384231577003
5.802499999999999 -183.79097124462854
5.8075 80.9434463641103
5.8125 3.1551979331103075
5.8175 -25.315446179009708
5.8225 31.33019460149966
5.8275 5.444995099602696
5.8325 -63.8247703167869
5.8374999999999995 -17.000134742158547
5.842499999999999 -31.762664062260196
5.8475 111.81910736893833
5.8525 -84.81844104888698
5.8575 -108.40124936737027
5.8625 14.873313826745212
5.8675 -44.031805623763496
5.8725 55.14325195321531
5.8774999999999995 -97.61504412033042
5.882499999999999 -47.065905269086166
5.8875 -305.8617658201062
5.8925 97.86132310457542
5.8975 23.977701617079983
5.9025 264.495147965568
5.9075 -38.829292802550704
5.9125 -80.32037928410178
5.9174999999999995 -175.10831868858222
5.922499999999999 173.53981898659185
5.927499999999999 -60.259196032086095
5.9325 43.681509596992214
5.9375 -111.37814287957144
5.9425 88.67524889910516
5.9475 -31.050997587005757
5.9525 -99.53841652198626
5.9575 19.33260659955538
5.9624999999999995 93.51206511112929
5.967499999999999 94.04946549334159
5.9725 -182.16026116106013
5.9775 40.468176190657864
5.9825 212.93320309740122
5.9875 -300.8971614005594
5.9925 171.19011956198557
5.9975 251.55467761345594
6.0024999999999995 -222.26162085986746
6.007499999999999 180.58854487631618
6.012499999999999 -47.15360336817306
6.0175 -151.39981396114587
6.0225 -105.09597925427072
6.0275 323.7940657837196
6.0325 197.5125140442628
6.0375 -142.8857066570239
6.0424999999999995 182.17262993823798
6.047499999999999 -39.98148948902495
6.052499999999999 29.431129538723418
6.0575 -200.2129809957488
6.0625 -35.955718630812335
6.0675 -2.3867794063465584
6.0725 17.08833595452662
6.0775 -12.199780459545204
6.0825 -20.077011352427196
6.0874999999999995 259.02149110038783
6.092499999999999 -148.11767318504147
6.0975 111.14913100367389
6.1025 -193.70568789480197
6.1075 19.273437003857993
6.1125 274.05613298384
6.1175 -204.86833088568804
6.1225 -64.84224958961619
6.1274999999999995 156.0040257776431
6.132499999999999 -25.880831949646673
6.137499999999999 -82.13204099703916
6.1425 -33.888480700206365
6.1475 -18.508842322249507
6.1525 440.57871885359936
6.1575 -160.0973422748883
6.1625 -51.548295971319526
6.1674999999999995 255.55394699438554
6.172499999999999 -243.02493412489486
6.177499999999999 144.6058401096638
6.1825 66.85415900724766
6.1875 83.54943420741421
6.1925 -223.92462888179574
6.1975 345.5451168066051
6.2025 -164.295298965888
6.2075 -295.86859922325635
6.2124999999999995 198.64607201860647
6.217499999999999 39.283002359604474
6.2225 36.163045646630856
6.2275 175.84235958418907
6.2325 -230.02021715418417
6.2375 66.4839846109058
6.2425 -96.48743442266407
6.2475 94.05923906260354
6.2524999999999995 167.09233119888907
6.257499999999999 -148.40898843985238
6.262499999999999 -80.21697980046314
6.2675 42.059450272269046
6.2725 -111.28906149857832
6.2775 113.15861479289546
6.2825 85.27517289597716
6.2875 25.63807225826473
6.2924999999999995 -33.124437620762045
6.297499999999999 -74.69315302759088
6.302499999999999 -75.11490946342958
6.3075 257.50665365702923
6.3125 -135.09031052433699
6.3175 20.560786846001726
6.3225 23.040533981127375
6.3275 -58.508781304914535
6.3325 -151.45126599517081
6.3374999999999995 -216.06834498898905
6.342499999999999 368.16354086662085
6.3475 -125.34075426322511
6.3525 154.2721394619069
6.3575 92.30084386795706
6.3625 -219.60426085432144
6.3675 39.636926993050324
6.3725 -148.18722729676804
6.3774999999999995 -176.65338779912133
6.382499999999999 167.2944873062758
6.387499999999999 -60.088206861508326
6.3925 -98.02878403454511
6.3975 40.688616324193866
6.4025 -90.97682458766853
6.4075 -42.314688844147256
6.4125 79.276902535466
6.4174999999999995 -64.37181689447897
6.422499999999999 275.1902528239378
6.427499999999999 -152.38825516966463
6.4325 -396.69529299484174
6.4375 286.7440162243574
6.4425 -49.28712527286628
6.4475 152.32399697163132
6.4525 50.87599527302708
6.4575 19.557549619985245
6.4624999999999995 225.54434139721596
6.467499999999999 -92.70161402575144
6.4725 -5.330233427205909
6.4775 41.15813759939068
6.4825 87.0001244461465
6.4875 -51.59933206678509
6.4925 -244.69979830374075
6.4975 74.96427364951975
6.5024999999999995 3.2041218344109526
6.507499999999999 221.88593557367878
6.512499999999999 -148.29734285255822
6.5175 104.44695075260475
6.5225 96.44342941260891
6.5275 -2.80054234784625
6.5325 10.095154014476066
6.5375 -299.51488088517465
6.5424999999999995 97.80874687849665
6.547499999999999 -69.08941414123676
6.552499999999999 49.052141698252925
6.5575 250.55658481449348
6.5625 43.68246463718963
6.5675 -222.60622115348562
6.5725 26.825124984189827
6.5775 -203.82734325497654
6.5825 352.81435941203614
6.5874999999999995 -40.978596210299436
6.592499999999999 -149.06536447116886
6.5975 -103.92094992914454
6.6025 -61.18223935644453
6.6075 2.2914210506307597
6.6125 172.38216947192515
6.6175 189.16948170380323
6.6225 -196.6017993309179
6.6274999999999995 43.928369197780476
6.632499999999999 -4.180030344378798
6.637499999999999 115.45254581759148
6.6425 -89.50894596290071
6.6475 13.401135300600822
6.6525 382.58654817428226
6.6575 -224.00758395230235
6.6625 4.837575980844725
6.6674999999999995 317.4642662060645
6.672499999999999 -150.44350002590903
6.677499999999999 15.991018979242156
6.6825 103.92236998891453
6.6875 -43.38975652770115
6.6925 -137.187910563469
6.6975 74.70423340350075
6.7025 -255.81672673893308
6.7075 69.0410785541718
6.7124999999999995 37.329399606612974
6.717499999999999 139.58643463355355
6.722499999999999 -282.9373286333601
6.7275 -73.45062467723625
6.7325 93.28971917369422
6.7375 155.18619253944695
6.7425 -324.77121441167316
6.7475 -16.393362887485875
6.7524999999999995 -85.10481190973425
6.757499999999999 240.49988389876233
6.762499999999999 -177.22801672195826
6.7675 68.47631991519383
6.7725 -76.22430615767287
6.7775 6.165242651493137
6.7825 185.5525032818303
6.7875 -168.61994967361932
6.7924999999999995 198.09548516032586
6.797499999999999 -84.40056529447733
6.802499999999999 314.2256984481486
6.8075 37.4032735054215
6.8125 25.58445447518919
6.8175 -104.09737630225709
6.8225 -306.6520804658408
6.8275 -5.232299963104409
6.8325 119.49375143729165
6.8374999999999995 -111.29543058244103
6.842499999999999 201.8668633704229
6.847499999999999 -118.27646296506697
6.8525 8.317371918313178
6.8575 309.47208284328144
6.8625 -145.8891416235196
6.8675 -170.0410083014288
6.8725 -25.09535757342733
6.8774999999999995 -47.583312901913665
6.882499999999999 -1.4989450639258166
6.887499999999999 264.74179344550186
6.8925 -335.33973752777376
6.8975 56.33579273907892
6.9025 136.33566596736748
6.9075 -26.586835875710495
6.9125 163.84977560865255
6.9174999999999995 14.773255487023993
6.922499999999999 -195.32696363391258
6.927499999999999 22.779162980084042
6.9325 -225.91248465543612
6.9375 207.7845362596583
6.9425 -24.079126511029674
6.9475 105.14008768973166
6.9525 -37.51160990738018
6.9575 -79.1350399855576
6.9624999999999995 123.42801637167327
6.967499999999999 97.8445666756171
6.972499999999999 -230.02936451287854
6.9775 149.01665365449477
6.9825 46.41912587524251
6.9875 147.1857736984556
6.9925 -286.4205419515074
6.9975 -60.43270122961549
7.0024999999999995 193.53894153438202
7.007499999999999 15.990945291930151
7.012499999999999 94.62604686677777
7.0175 -344.580498311305
7.0225 141.6764035209001
7.0275 59.78850661561723
7.0325 -3.4469574500411615
7.0375 -89.1040037874018
7.0424999999999995 43.514711260700395
7.047499999999999 -71.16761305950389
7.052499999999999 -5.099389368929078
7.0575 -291.2604525042979
7.0625 132.44464430045315
7.0675 632.321134772645
7.0725 -245.2062901481779
7.0775 -274.99996336733136
7.0825 337.62446263867935
7.0874999999999995 -79.13068848661457
7.092499999999999 101.78580993003034
7.097499999999999 10.574142694732654
7.1025 36.35303272208909
7.1075 -208.34161286477502
7.1125 105.23599198947873
7.1175 -208.68126716074363
7.1225 140.3064444122783
7.1274999999999995 87.35318614853495
7.132499999999999 83.40255302522016
7.137499999999999 -38.86301836678853
7.1425 -146.669235904871
7.1475 -167.8874152887895
7.1525 196.5633959382124
7.1575 229.36862117603272
7.1625 -131.37943815038992
7.1674999999999995 -373.8531440742208
7.172499999999999 147.91429804608282
7.177499999999999 69.97800377860558
7.1825 -52.44962496067412
7.1875 165.06370486054112
7.1925 -154.38618005132193
7.1975 -122.09223764906419
7.2025 357.2417109555791
7.2075 -76.50818179014131
7.2124999999999995 -71.41737988791984
7.217499999999999 0.24336366417143573
7.222499999999999 -96.62763177090555
7.2275 88.9748462459284
7.2325 -76.98057114658131
7.2375 95.43654374355664
7.2425 56.860055068313685
7.2475 121.86466057039901
7.2524999999999995 -130.33358018310813
7.257499999999999 159.53544928284046
7.262499999999999 9.295150441199949
7.2675 -109.97061784770358
7.2725 -93.34671841488402
7.2775 -56.06956521783633
7.2825 63.61738316685842
7.2875 -223.78371558236736
7.2924999999999995 530.1117488565073
7.297499999999999 -436.1846164068714
7.302499999999999 385.53582040055477
7.3075 -19.9991836029915
7.3125 -157.02371790676887
7.3175 108.62033009336018
7.3225 26.368778934587763
7.3275 -32.430033261868616
7.3325 211.73839938734426
7.3374999999999995 -179.00971131832367
7.342499999999999 138.99171565460463
7.347499999999999 -34.680235735513996
7.3525 27.094556719244384
7.3575 112.78410574042475
7.3625 -181.0220654915169
7.3675 61.90273599776644
7.3725 -312.6434756685572
7.3774999999999995 219.53111843366906
7.382499999999999 -131.26565836142564
7.387499999999999 -142.16385969570942
7.3925 276.0960442379569
7.3975 75.48028510516144
7.4025 -128.71796718234077
7.4075 -52.03960059758294
7.4125 36.04685957217607
7.4174999999999995 -97.7132527275916
7.422499999999999 10.384958942559791
7.427499999999999 -30.261078944780945
7.4325 190.5766934330106
7.4375 -161.11044873208783
7.4425 -119.38823844364323
7.4475 9.521666422572208
7.4525 31.53155768208704
7.4575 -66.02650259243845
7.4624999999999995 146.58129654562953
7.467499999999999 -87.5245313867311
7.472499999999999 -13.648640125914852
7.4775 -52.10016643625839
7.4825 109.16431706859008
7.4875 -0.5687744658979239
7.4925 -162.3123456354324
7.4975 5.426190360747285
7.5024999999999995 -20.17089464605798
7.507499999999999 91.98775700599488
7.512499999999999 18.925318141091456
7.5175 -192.47994275084852
7.5225 261.8692222765059
7.5275 -109.6585997149345
7.5325 132.0005835047766
7.5375 1.2950045064319955
7.5424999999999995 -111.08293071731957
7.547499999999999 242.15245398136025
7.552499999999999 59.55421267529358
7.557499999999999 -50.83096762124497
7.5625 62.777177539645294
7.5675 103.27570053390869
7.5725 -223.84596583404465
7.5775 -130.379482246694
7.5825 241.50735603986752
7.5874999999999995 -9.131716588623714
7.592499999999999 -382.2855650454476
7.597499999999999 155.5450375115676
7.6025 11.021478496674488
7.6075 -190.50046167180227
7.6125 41.49832612837135
7.6175 440.80008146017246
7.6225 -11.054427251900819
7.6274999999999995 -131.02860483126727
7.632499999999999 61.15127410575605
7.637499999999999 -207.8746017610202
7.6425 -169.23338272971301
7.6475 230.03768209980592
7.6525 -107.69841602705829
7.6575 -33.744898472653986
7.6625 49.51779392902363
7.6674999999999995 -180.42152705710217
7.672499999999999 117.94957289055195
7.677499999999999 -49.61676335778127
7.682499999999999 126.34428543253462
7.6875 -310.51556900020796
7.6925 35.44573874482747
7.6975 -135.2026416996979
7.7025 269.9132420315968
7.7075 79.60100065036285
7.7124999999999995 -26.502069018419927
7.717499999999999 182.6835822664685
7.722499999999999 32.292963545268385
7.7275 -32.72552543590612
7.7325 -39.46003981106874
7.7375 11.472568403994144
7.7425 -40.772891121300056
7.7475 -5.326899471091013
7.7524999999999995 95.0304549408491
7.757499999999999 -19.48296845456592
7.762499999999999 -5.21073458173842
7.7675 82.94747676590535
7.7725 175.31511778744397
7.7775 81.20431971262862
7.7825 -239.7166367215484
7.7875 -10.095871380196133
7.7924999999999995 283.9015734287207
7.797499999999999 -49.47230951459543
7.802499999999999 -230.0658972347427
7.807499999999999 201.1503340013457
7.8125 19.060550017179516
7.8175 -211.09972908481035
7.8225 -1.2144424313828708
7.8275 118.36293713105987
7.8325 -148.92883719516297
7.8374999999999995 4.452235551431289
7.842499999999999 37.336014490295014
7.847499999999999 -30.19319095581267
7.8525 75.07880557540446
7.8575 119.2831600735512
7.8625 -88.80988772391605
7.8675 -152.21890817346878
7.8725 149.69223787914797
7.8774999999999995 -16.160252549611346
7.882499999999999 -2.560954368908298
7.887499999999999 37.15355128414623
7.8925 -0.9875448550020003
7.8975 -126.50362746815043
7.9025 114.239508116386
7.9075 41.441444523711816
7.9125 -138.54707115014938
7.9174999999999995 -41.687369216728975
7.922499999999999 24.14473861473279
7.927499999999999 -54.21771214220142
7.932499999999999 -95.28075679178401
7.9375 159.9122364575126
7.9425 -159.24904446497183
7.9475 93.8842131431726
7.9525 92.1888586282091
7.9575 -3.4209779355169356
7.9624999999999995 8.515962908539722
7.967499999999999 -19.586812891143058
7.972499999999999 -208.7361755244552
7.9775 38.71613159225383
7.9825 213.08012322860301
7.9875 -231.29589518927486
7.9925 144.41294356964164
7.9975 -0.6492532479675823
8.0025 -150.3277862081735
8.0075 -17.620989689585247
8.0125 135.76050386419436
8.0175 -181.63014963826578
8.022499999999999 -88.96864006365904
8.0275 -150.17975958303117
8.032499999999999 103.23036349410451
8.0375 130.0037847231482
8.0425 185.04582629802167
8.0475 -30.349044489335075
8.0525 233.98169573398167
8.0575 -61.84800514152614
8.0625 -9.415347868702167
8.067499999999999 115.31358260024163
8.0725 82.28727766249247
8.077499999999999 41.70158784150331
8.0825 50.4813406686875
8.0875 -192.88228929078193
8.0925 0.08519226993292695
8.0975 -176.00219381157373
8.1025 -214.61098463588016
8.1075 220.27862831723507
8.112499999999999 -39.610166261434316
8.1175 79.58700609751966
8.1225 13.761680360725164
8.1275 -23.82428558746733
8.1325 -119.31338424041604
8.1375 137.86041817014123
8.1425 -141.3335229049259
8.147499999999999 144.87865725036716
8.1525 -238.91925789690526
8.157499999999999 0.631207356841365
8.1625 29.376157488120764
8.1675 27.51865785903428
8.1725 -59.30066924055276
8.1775 117.25296567578293
8.1825 42.022115411379936
8.1875 39.101476429747535
8.192499999999999 -136.20840455833343
8.1975 -7.581921752864134
8.202499999999999 50.11775154951838
8.2075 59.67262160646578
8.2125 -242.46308284512904
8.2175 -61.72844866205389
8.2225 257.02680359183296
8.2275 3.484006904180726
8.2325 -310.8910351982278
8.237499999999999 85.12369125699307
8.2425 -2.2104622483571648
8.2475 -93.74798214608441
8.2525 90.52411698068133
8.2575 125.44935065967952
8.2625 136.39226229686196
8.2675 -93.51731651637022
8.272499999999999 309.03160127720116
8.2775 11.458704004655395
8.282499999999999 11.28663334118942
8.2875 -230.04412644999445
8.2925 18.572994759252445
8.2975 345.19437783355875
8.3025 -156.9849978559985
8.3075 -124.45790353516877
8.3125 29.13270237273175
8.317499999999999 -10.165510692877206
8.3225 -110.89176760552013
8.327499999999999 11.700076663973277
8.3325 161.59563046906132
8.3375 59.41590382759126
8.3425 -80.82247811469068
8.3475 76.89600956108848
8.3525 141.8208282839146
8.3575 -293.34025175308045
8.362499999999999 89.58095544113095
8.3675 -102.90364645318822
8.3725 -110.8054961454275
8.3775 -49.43924562294409
8.3825 -66.04074174439253
8.3875 258.81947812402547
8.3925 -35.45257034815751
8.397499999999999 135.84428870646795
8.4025 -125.69084345563286
8.407499999999999 198.21671499970313
8.4125 -63.514785427491304
8.4175 210.97361048703488
8.4225 -327.90818091953236
8.4275 187.6004548743631
8.4325 13.82771489997165
8.4375 -278.67372194232536
8.442499999999999 44.43389494892344
8.4475 76.67338940158517
8.452499999999999 37.00182160840654
8.4575 112.98704428205974
8.4625 -24.804460198046964
8.4675 -17.77751022486581
8.4725 -14.502297766688447
8.4775 227.75779811371484
8.4825 -145.21560709040062
8.487499999999999 -58.98879900874564
8.4925 -159.45242815692202
8.4975 230.15754780281964
8.5025 -38.6700385337869
8.5075 306.3767145336489
8.5125 -374.3020791540021
8.5175 -8.94553980511871
8.522499999999999 216.48940514552154
8.5275 24.43256967684223
8.532499999999999 -198.22542562948937
8.5375 237.57194210975652
8.5425 18.34556281827503
8.5475 -60.96036922850987
8.5525 -74.991958762148
8.5575 -135.70273248524234
8.5625 -5.6901727874943795
8.567499999999999 -79.28365768820981
8.5725 -1.6288951387567492
8.577499999999999 210.84534627263506
8.5825 -78.33766721380076
8.5875 -300.63629068373086
8.5925 585.198335069412
8.5975 -178.0386036025254
8.6025 11.790754822700698
8.6075 208.7993583153828
8.612499999999999 -225.76970430373981
8.6175 -334.6920003962508
8.6225 220.97436075834298
8.6275 0.05145374462325471
8.6325 125.36670244419366
8.6375 -4.7725702184518415
8.6425 -61.363925161451625
8.647499999999999 234.52592021920833
8.6525 -354.05962596974643
8.657499999999999 -78.00857336231874
8.6625 -50.140783834731266
8.6675 22.18938657758801
8.6725 306.54278152336906
8.6775 142.8432011837681
8.6825 83.97059824989816
8.6875 -236.52806514690738
8.692499999999999 -69.15539283931713
8.6975 19.46499230321714
8.702499999999999 84.2955061357202
8.7075 -87.89823869493028
8.7125 61.239147804339154
8.7175 -198.98959897757456
8.7225 101.53108894572671
8.7275 90.31682746644124
8.7325 111.70271509337039
8.737499999999999 -276.7847924377313
8.7425 75.00671859391213
8.747499999999999 31.203301102687707
8.7525 147.48584040713942
8.7575 214.08095732715668
8.7625 -116.58549179249206
8.7675 24.39015065459356
8.772499999999999 -0.33636376273401464
8.7775 -111.63230712991593
8.782499999999999 114.26546545892438
8.7875 13.002870577206922
8.7925 -215.3651915118473
8.7975 -235.8080566840275
8.8025 205.68499973277
8.8075 -10.958352813413688
8.8125 -42.617706532300296
8.817499999999999 259.55906833214897
8.8225 -109.38750751525453
8.827499999999999 -61.22586856120844
8.8325 -140.49774943794557
8.8375 396.6858640453479
8.8425 -178.89639286456637
8.8475 10.02175905029946
8.8525 -46.75540029211072
8.8575 17.83514659813549
8.862499999999999 -191.19426955822192
8.8675 137.35034788561467
8.872499999999999 -44.034084963121394
8.8775 253.53329826154996
8.8825 -125.85109296365448
8.8875 -89.93926223270499
8.8925 -94.9838052142153
8.897499999999999 -247.51201785360396
8.9025 291.43024872992805
8.907499999999999 162.25442175006137
8.9125 -212.73783908510262
8.9175 85.99552110999919
8.9225 -198.0742242654599
8.9275 127.84487990798904
8.9325 182.769430550855
8.9375 56.5823031804343
8.942499999999999 -165.3609851361552
8.9475 99.12046393046099
8.952499999999999 -171.0671834665819
8.9575 -49.35692715817947
8.9625 172.03673532742096
8.9675 271.8746498499437
8.9725 146.93716139231742
8.9775 -359.0811825890295
8.9825 -65.37074275482057
8.987499999999999 111.1328512395151
8.9925 95.01819468797585
8.997499999999999 126.6574829570493
9.0025 -124.16039923696775
9.0075 -141.29505187779478
9.0125 325.5458117511333
9.0175 -108.74015316300051
9.022499999999999 -179.48184711145967
9.0275 6.583198795799526
9.032499999999999 -46.70105932070161
9.0375 6.760783638724426
9.0425 -25.51549328315532
9.0475 223.64864845005548
9.0525 -183.31859399396126
9.0575 144.33942100141
9.0625 -146.77469113293017
9.067499999999999 14.350875998645366
9.0725 -127.76638094609167
9.077499999999999 55.325337840851276
9.0825 71.769245487333
9.0875 33.59827309070018
9.0925 -32.61504131197138
9.0975 138.06735411686816
9.1025 -135.05724979071329
9.1075 43.927540610273844
9.112499999999999 65.89842364899457
9.1175 -345.6895685444391
9.122499999999999 272.98976665336613
9.1275 -252.07876414581776
9.1325 -225.22402028339744
9.1375 7.41162379558989
9.1425 63.27753228366811
9.147499999999999 -43.10756017643958
9.1525 -48.41960033789525
9.157499999999999 65.5226859921806
9.1625 25.156025916417153
9.1675 -18.193720374631077
9.1725 361.3738606662523
9.1775 -35.724619824971136
9.1825 32.42571229052628
9.1875 -211.17218529236968
9.192499999999999 19.512890240282562
9.1975 31.40656235527395
9.202499999999999 35.14811220463921
9.2075 69.7649140202346
9.2125 -71.05179397417979
9.2175 185.66171840498467
9.2225 -110.94020155198817
9.2275 44.19678891655529
9.2325 -102.2672615100024
9.237499999999999 308.9638947432387
9.2425 -393.3019496435105
9.247499999999999 107.23502218081612
9.2525 110.54100896059316
9.2575 122.3571032708795
9.2625 -26.64768541053717
9.2675 36.24481882528663
9.272499999999999 -164.71941905384384
9.2775 -171.87450981517713
9.282499999999999 -87.32362043043669
9.2875 48.09212523875665
9.2925 175.16878004917598
9.2975 63.67471360619877
9.3025 14.354742740342974
9.3075 91.5107087692532
9.3125 98.79246446714677
9.317499999999999 -104.79433945305998
9.3225 -63.227192270132065
9.327499999999999 -283.08324780137895
9.3325 309.98912657921363
9.3375 -99.38136556964373
9.3425 98.74638279073784
9.3475 -81.1792981331605
9.3525 359.56375474248193
9.3575 -235.6003341252449
9.362499999999999 163.29654653389858
9.3675 -211.60239905785957
9.372499999999999 167.18547311263114
9.3775 104.05593916344093
9.3825 65.60364216276447
9.3875 -310.07473584038183
9.3925 -81.63591537838764
9.397499999999999 132.91546451190084
9.4025 84.05639436103608
9.407499999999999 34.815886971358076
9.4125 -193.57651719488
9.4175 41.172699001750324
9.4225 -94.78450472044172
9.4275 48.19052701204286
9.4325 88.39249791923622
9.4375 -85.84623995836992
9.442499999999999 236.58996722603538
9.4475 4.157451170342516
9.452499999999999 -180.12561776024492
9.4575 -86.55140279640099
9.4625 -88.2044506622666
9.4675 320.3507896728356
9.4725 -42.161617730367816
9.4775 -139.58970937664986
9.4825 -278.958014829198
9.487499999999999 230.70612405015825
9.4925 -230.41916868280137
9.497499999999999 262.2803081316435
9.5025 7.915951075236846
9.5075 -111.39519504466143
9.5125 -172.48407402422146
9.5175 -15.828831363330254
9.522499999999999 177.8775072167536
9.5275 -180.12376057681337
9.532499999999999 -54.668965609036825
9.5375 296.00790284967076
9.5425 111.30739042793336
9.5475 -146.92032844698065
9.5525 118.21404573267733
9.5575 -81.46517306030509
9.5625 -62.79985757318988
9.567499999999999 117.10571803079611
9.5725 159.75807036343517
9.577499999999999 -283.27197179735873
9.5825 -11.878655232934396
9.5875 121.93388322080604
9.5925 63.284285725813625
9.5975 -332.7645072948399
9.6025 133.19256906990267
9.6075 -58.489301669231814
9.612499999999999 57.332855231518124
9.6175 -161.93314928041107
9.622499999999999 177.60292381749832
9.6275 -0.17192815746793094
9.6325 231.5782091770667
9.6375 130.82410148692801
9.6425 -136.15811270471917
9.647499999999999 173.31316984172005
9.6525 -108.31575766871602
9.657499999999999 183.67644787173538
9.6625 -493.4202595204387
9.6675 252.90423257379828
9.6725 -166.20321216423807
9.6775 158.45814393931448
9.6825 -346.63474306345216
9.6875 2.8598157637028723
9.692499999999999 8.182569797155505
9.6975 153.8188740682847
9.702499999999999 43.21108413900173
9.7075 108.45529433125469
9.7125 225.82301852140674
9.7175 -368.35392024477534
9.7225 155.30899494501313
9.7275 -15.581797544682887
9.7325 -61.72658489939805
9.737499999999999 104.61018485993164
9.7425 161.4856642616624
9.747499999999999 -254.07627085197936
9.7525 -128.540565768189
9.7575 3.65230793529956
9.7625 -2.6635200016608858
9.7675 -55.680189881752526
9.772499999999999 210.41452971861605
9.7775 -63.38162271744132
9.782499999999999 122.53378185855507
9.7875 -260.5035854221752
9.7925 124.0696654837951
9.7975 9.73016572457408
9.8025 34.50941420357104
9.8075 5.400127684828078
9.8125 -24.659485148713163
9.817499999999999 24.691607191511785
9.8225 138.22838500646213
9.827499999999999 -259.33138697277883
9.8325 49.62335508259382
9.8375 233.40323349190646
9.8425 -170.0242695705838
9.8475 109.39305538034182
9.8525 95.75349116274558
9.8575 -106.16654681420495
9.862499999999999 -134.4039132129846
9.8675 -227.61272990256512
9.872499999999999 241.3142488330837
9.8775 -145.45544231658727
9.8825 238.80600957767882
9.8875 37.908735174919926
9.8925 -150.18888588820784
9.897499999999999 137.55646590317832
9.9025 125.92227201219531
9.907499999999999 -73.01662075221942
9.9125 139.50671496238206
9.9175 -232.4466065171781
9.9225 105.79341453020841
9.9275 -44.27766070858771
9.9325 -137.3428658930678
9.9375 72.98870036653071
9.942499999999999 -211.5613612779576
9.9475 12.649558864295606
9.952499999999999 395.91751762688233
9.9575 -100.51044256591045
9.9625 136.83593004967963
9.9675 152.97420062144317
9.9725 -129.21958171622995
9.9775 -132.77503531179548
9.9825 -58.32707148573879
9.987499999999999 122.77061363595884
9.9925 -244.64740504588937
9.997499999999999 -26.044426598464472
10.0025 31.895827619385308
