0.0075 207.76192701856704
0.012499999999999999 152.03441409236726
0.017499999999999998 167.99350606991476
0.0225 -314.43788935289757
0.0275 88.56855572420424
0.0325 -38.10693601714628
0.0375 -214.74224739754072
0.042499999999999996 85.51167074485228
0.0475 86.78095022115544
0.0525 -210.31030506866742
0.057499999999999996 -52.943473378215636
0.0625 -127.02271661912104
0.06749999999999999 122.40417933124706
0.0725 291.06854600594636
0.0775 -88.37925038796658
0.08249999999999999 74.18631301060447
0.0875 -76.71152482248544
0.0925 -105.33448034535657
0.09749999999999999 -37.17135874418431
0.1025 41.441740325635735
0.1075 -311.2804259296965
0.11249999999999999 -62.33189774529296
0.1175 414.88746277789306
0.1225 10.943522189196239
0.1275 -111.08336889365704
0.1325 307.9167756702457
0.13749999999999998 -129.68455944492683
0.1425 136.41458849972443
0.1475 106.90018203484236
0.1525 -67.03947825465917
0.1575 -67.92423023050175
0.1625 -53.405483876759334
0.16749999999999998 -31.985966281721243
0.1725 154.3673393899019
0.1775 -53.918344936643706
0.1825 -56.10808341800559
0.1875 -58.53237650855736
0.1925 241.95156894720955
0.19749999999999998 76.78394234420594
0.20249999999999999 -220.7245976142926
0.2075 139.93394662867192
0.2125 5.37126791749575
0.2175 -21.951219184757985
0.2225 -97.82361500429253
0.22749999999999998 17.012171827743988
0.23249999999999998 -100.57112222516605
0.2375 73.21501739216055
0.2425 -148.42711147238333
0.2475 131.04405666584185
0.2525 -0.3479675406079526
0.2575 -131.68986542672653
0.2625 72.26601165926104
0.2675 91.65031438206238
0.27249999999999996 20.325751558685482
0.27749999999999997 -61.085686871520736
0.2825 28.34082522702135
0.2875 62.50257177102741
0.2925 -35.654224888380774
0.2975 -7.358839994984895
0.3025 320.3894485368201
0.3075 -468.8462665227014
0.3125 -7.897124756525775
0.3175 58.17102498356805
0.3225 -66.44391634549466
0.32749999999999996 179.0251969701111
0.33249999999999996 -281.4057503538047
0.33749999999999997 57.855007471939764
0.34249999999999997 79.15572059284155
0.3475 -0.4903459017003959
0.3525 -102.01673517593485
0.3575 109.21321596883845
0.3625 -206.42722820983238
0.3675 57.42377879531142
0.3725 243.47130870216844
0.3775 -207.07978580740559
0.3825 99.17438646320547
0.38749999999999996 -38.65514303841798
0.39249999999999996 236.07405551143393
0.39749999999999996 -209.28250575620694
0.40249999999999997 -0.5808670801363419
0.4075 -33.887673166217446
0.4125 -11.683273851483733
0.4175 132.35031585650714
0.4225 146.44660627128474
0.4275 -85.14953602900393
0.4325 1.0283030178718127
0.4375 -147.34155762378504
0.4425 -143.58722565747615
0.44749999999999995 259.1306667481965
0.45249999999999996 -161.02037573041022
0.45749999999999996 29.898152879835415
0.46249999999999997 29.734748567976226
0.46749999999999997 8.408541216133578
0.4725 52.5035586780999
0.4775 -154.40772865566598
0.4825 151.13363374452592
0.4875 48.85494958269416
0.4925 -147.92411701199234
0.4975 38.312149654539525
0.5025 -60.22068783233775
0.5075 106.77833480105807
0.5125 21.029974883488435
0.5175 -301.7349657424925
0.5225 178.29151766867096
0.5275 138.88662070486734
0.5325 -107.82054050935398
0.5375 -238.65646709926094
0.5425 175.16071826248887
0.5475 91.82027995692569
0.5525 -65.6162726285883
0.5575 194.89785800716928
0.5625 74.0609195749298
0.5675 -29.0726178701051
0.5725 -75.2581510187484
0.5775 -28.422024697319344
0.5825 160.4770249661688
0.5875 -142.82587282284254
0.5925 109.30938738509155
0.5974999999999999 -65.19370951405985
0.6024999999999999 -4.3725127222321385
0.6074999999999999 59.780261663325994
0.6124999999999999 -102.03027206148863
0.6174999999999999 -34.12352151407101
0.6224999999999999 256.25567442466325
0.6275 -9.421478653061213
0.6325 -140.06695775339435
0.6375 -332.83782090690823
0.6425 281.698045024839
0.6475 146.1555490207542
0.6525 -125.23584035729215
0.6575 16.97618952378368
0.6625 -232.15996813684728
0.6675 -70.98493247578467
0.6725 -74.77818160642356
0.6775 289.84065379793924
0.6825 -300.96083263309805
0.6875 82.22397631394324
0.6925 175.55675493157818
0.6975 71.51603430341864
0.7025 -51.98169631830032
0.7075 -34.29084460929191
0.7125 72.42310169219583
0.7174999999999999 208.83167020169822
0.7224999999999999 -277.8050160365949
0.7274999999999999 79.74811861883897
0.7324999999999999 -63.55977949233344
0.7374999999999999 117.65195246904227
0.7424999999999999 -71.68495430795834
0.7474999999999999 -63.08894592506046
0.7525 256.7546254253923
0.7575 -218.7052407779379
0.7625 -242.89106717467726
0.7675 282.2585378263742
0.7725 -68.50991725035031
0.7775 -100.19612459949983
0.7825 -237.6461582598124
0.7875 404.8108878677754
0.7925 41.256103564860155
0.7975 188.42146903591726
0.8025 -18.073584923421635
0.8075 -83.08301431275376
0.8125 1.3380947411423683
0.8175 6.679494033053711
0.8225 -75.66437627456764
0.8275 -11.114928877347227
0.8325 -384.384114425524
0.8374999999999999 97.48813219969047
0.8424999999999999 186.40864247442025
0.8474999999999999 -189.7235869996477
0.8524999999999999 68.85436753765474
0.8574999999999999 305.9842303825053
0.8624999999999999 -70.52288644942983
0.8674999999999999 -304.0212296023741
0.8724999999999999 -13.533579098813034
0.8775 240.41124595748613
0.8825 -90.76115853665148
0.8875 -97.945534346375
0.8925 106.70953690537098
0.8975 -26.18857674465724
0.9025 301.04922477455494
0.9075 -215.57124992163895
0.9125 169.95843351008597
0.9175 -87.47492048283046
0.9225 40.47390274747675
0.9275 -352.86861005069574
0.9325 244.75006778799246
0.9375 -232.53572158379956
0.9425 64.96697891839136
0.9475 -58.804471382018576
0.9524999999999999 219.04819942351216
0.9574999999999999 89.29463207405898
0.9624999999999999 182.01628154836087
0.9674999999999999 158.42764976108495
0.9724999999999999 -36.391008794177154
0.9774999999999999 -281.0048408480399
0.9824999999999999 -101.76828182385545
0.9874999999999999 -119.39037484935352
0.9924999999999999 146.83721613301364
0.9974999999999999 8.38163014924264
1.0025 -221.80111095079897
1.0075 160.15634317927496
1.0125 -117.71151563393644
1.0174999999999998 89.12361372770552
1.0225 152.1854023522381
1.0274999999999999 52.8764205888744
1.0325 -68.42667835210801
1.0374999999999999 119.48499988473036
1.0425 -10.055094005991405
1.0474999999999999 -227.03017275129412
1.0525 19.290207972901992
1.0574999999999999 -12.26046025038529
1.0625 -250.37295655930802
1.0675 219.3221820080056
1.0725 -242.8343729463254
1.0775 60.30735753287644
1.0825 -111.57148022762078
1.0875 -18.445263988357805
1.0925 198.83199642306786
1.0975 -17.023000967750445
1.1025 -290.61822520994576
1.1075 -5.002562135599097
1.1125 115.24880500534698
1.1175 -98.79006199760634
1.1225 225.40435563682752
1.1275 70.20100263825881
1.1324999999999998 -2.367442802999834
1.1375 1.0976419889642106
1.1424999999999998 -65.91452248448546
1.1475 356.5610325691454
1.1524999999999999 -46.41675682816146
1.1575 -179.11696583264072
1.1624999999999999 165.86237979236873
1.1675 -155.33798656000016
1.1724999999999999 166.68550891136198
1.1775 57.28023275349263
1.1824999999999999 -188.65981985752038
1.1875 -149.22529848893785
1.1925 153.13318560255695
1.1975 66.79506428312267
1.2025 -62.56856849618232
1.2075 249.07287368123383
1.2125 -77.71239168557602
1.2175 132.1886845798009
1.2225 -280.0255372609635
1.2275 146.42575513050727
1.2325 -36.57271302101226
1.2375 30.151643022859513
1.2425 -40.08902075841159
1.2475 34.60581418207587
1.2525 78.28872436433417
1.2574999999999998 -72.91765092870833
1.2625 97.63362384971525
1.2674999999999998 -138.4283243100178
1.2725 91.71673349341646
1.2774999999999999 -95.68603319187665
1.2825 -151.23117502106768
1.2874999999999999 36.724579413032615
1.2925 -89.79516629932034
1.2974999999999999 -37.10041865306957
1.3025 42.81268565997808
1.3074999999999999 -62.915997066736736
1.3125 -55.0118601729665
1.3175 10.442784007982002
1.3225 -7.301025456321541
1.3275 133.8532999062224
1.3325 -36.16854890457747
1.3375 251.2582732957633
1.3425 284.1463272829839
1.3475 -83.20505076502852
1.3525 -21.5185499211799
1.3575 -28.101738848143
1.3625 -215.71237744061006
1.3675 -101.65579156285129
1.3724999999999998 -32.202277491471825
1.3775 130.05895309780357
1.3824999999999998 241.06727435903935
1.3875 52.72566605286233
1.3924999999999998 -106.60321164069218
1.3975 81.3640098550014
1.4024999999999999 111.5369674591971
1.4075 165.40642981206867
1.4124999999999999 -448.2078849633882
1.4175 213.66041396869187
1.4224999999999999 -122.42752978774644
1.4275 -14.979573381421467
1.4324999999999999 -215.92591721792223
1.4375 174.52631603433403
1.4425 -63.701628818001005
1.4475 51.275697655615936
1.4525 -166.77625273074776
1.4575 213.57168470778257
1.4625 -122.99691691100992
1.4675 201.575090826628
1.4725 -129.4105276478357
1.4775 -2.155247029624885
1.4825 88.21969156691053
1.4874999999999998 273.856812883978
1.4925 -400.4975355303267
1.4974999999999998 108.37024443573533
1.5025 109.27482408822536
1.5074999999999998 -67.49696251006279
1.5125 74.50403296230911
1.5174999999999998 -152.60800060290825
1.5225 -325.99413048918353
1.5274999999999999 148.32055461900967
1.5325 311.02724422070696
1.5374999999999999 -268.16148237939655
1.5425 216.25476079571243
1.5474999999999999 -100.35235406989796
1.5525 102.79420079401483
1.5574999999999999 -203.4558397237443
1.5625 156.46947102601774
1.5675 -64.08557892573825
1.5725 29.97597957659522
1.5775 -165.3430153008617
1.5825 87.07311751840757
1.5875 -149.8330914392198
1.5925 -35.27119324035392
1.5975 416.31856880227923
1.6025 -349.1535702645012
1.6075 -72.391909326685
1.6124999999999998 210.63473635548212
1.6175 144.26127955456033
1.6224999999999998 -167.43882246025552
1.6275 -96.47154335907612
1.6324999999999998 89.09030242124086
1.6375 -81.70538264435362
1.6424999999999998 -169.77127958018997
1.6475 52.66667725424833
1.6524999999999999 -6.424773311919077
1.6575 226.30475300802314
1.6624999999999999 -24.94725791889542
1.6675 72.33713728450066
1.6724999999999999 172.86953314284102
1.6775 -174.5699236592423
1.6824999999999999 -66.18560415740656
1.6875 -55.658316066351986
1.6925 39.08336922025097
1.6975 118.2830279782289
1.7025 -72.48518614742108
1.7075 144.0110469170649
1.7125 -79.06889088556822
1.7175 14.614027206196116
1.7225 -94.43932729726913
1.7274999999999998 13.350444811787035
1.7325 -200.01045812950423
1.7374999999999998 239.26413346526758
1.7425 -184.56146630616155
1.7474999999999998 -163.88802458696404
1.7525 262.72196685253306
1.7574999999999998 159.5305953943309
1.7625 74.89154664108882
1.7674999999999998 -53.12007528503214
1.7725 52.17666715615551
1.7774999999999999 -182.4390917127613
1.7825 10.652225191732718
1.7874999999999999 -102.40274115967709
1.7925 -76.25991634070753
1.7974999999999999 134.2214427696891
1.8025 -78.66964039699948
1.8074999999999999 78.67378215027226
1.8125 9.491880563629325
1.8175 58.927276550858956
1.8225 54.84855250991208
1.8275 -62.9686150708897
1.8325 -4.042360931484865
1.8375 33.3605238733658
1.8425 -217.92485687913342
1.8475 -9.262391167633066
1.8524999999999998 275.2356132857804
1.8575 -289.0866857478137
1.8624999999999998 -33.619269237580916
1.8675 148.812330054563
1.8724999999999998 256.86085858093105
1.8775 29.145240137285384
1.8824999999999998 -161.34939799993202
1.8875 -67.88408827777859
1.8924999999999998 -28.256285089799697
1.8975 -5.231699937849489
1.9024999999999999 -217.70439049449251
1.9075 11.871981267818263
1.9124999999999999 147.75957548121525
1.9175 71.30830556016518
1.9224999999999999 -88.16115383991362
1.9275 -12.428964447950088
1.9324999999999999 86.51394161440558
1.9375 -31.15373414800531
1.9425 127.57827921314494
1.9475 170.75099292135485
1.9525 51.51492772475271
1.9575 -125.54336645888742
1.9625 77.97046123187243
1.9674999999999998 -45.223961360525735
1.9725 96.8065743025542
1.9774999999999998 -327.5147137006959
1.9825 78.49236714613679
1.9874999999999998 67.38076946163025
1.9925 93.59431909949589
1.9974999999999998 -213.59532201846085
2.0025 83.49551009565587
2.0075 63.03825458094751
2.0124999999999997 -1.7420214791649076
2.0175 7.222345302587301
2.0225 168.77619664475404
2.0275 -441.4645842973601
2.0324999999999998 226.61522081238138
2.0375 -59.28645048419394
2.0425 79.42909170422983
2.0475 238.1119720763316
2.0524999999999998 -191.91662193554603
2.0575 30.067234470123587
2.0625 -92.73155199635984
2.0675 -135.07748695828033
2.0725 -247.346350222798
2.0775 74.11323361892076
2.0825 -8.501691255217645
2.0875 76.7294487347934
2.0925 283.6388380281449
2.0974999999999997 -160.55575564834558
2.1025 -177.60383872442765
2.1075 90.73194704398878
2.1125 99.45788484295333
2.1174999999999997 -97.54695414917654
2.1225 -45.2229650027998
2.1275 56.0058580627331
2.1325 -143.27722024100078
2.1374999999999997 76.45462979930863
2.1425 -51.30865667443215
2.1475 155.12593158202495
2.1525 -194.7861713984117
2.1574999999999998 170.3450805734427
2.1625 -220.25268801488758
2.1675 438.62004536086584
2.1725 -3.159859050348256
2.1774999999999998 -247.25702672635117
2.1825 8.62008097505493
2.1875 87.22059609416684
2.1925 -88.22056923543035
2.1975 -103.1468887964638
2.2024999999999997 129.55234888021556
2.2075 -6.541849555419825
2.2125 -50.921263790210325
2.2175 5.770582092955574
2.2224999999999997 218.0332053868648
2.2275 7.98673694933431
2.2325 166.01058234596846
2.2375 -3.537863644682348
2.2424999999999997 103.55748186770231
2.2475 -201.64426584345114
2.2525 80.78547734681084
2.2575 -11.299809290498837
2.2624999999999997 -184.93703527166483
2.2675 -242.54186826645187
2.2725 142.82926007067417
2.2775 41.76874382597747
2.2824999999999998 -67.17848357904447
2.2875 41.68330812474595
2.2925 136.98502987788757
2.2975 -333.47434059260735
2.3024999999999998 313.6434601260865
2.3075 -91.16079693628413
2.3125 -203.75746557699955
2.3175 155.7806736136457
2.3225 269.12664510812965
2.3274999999999997 -41.478305022529874
2.3325 -65.26533937104878
2.3375 -297.1392123083223
2.3425 245.02988877611767
2.3474999999999997 -5.839154716003092
2.3525 -136.09706355622762
2.3575 -165.02327447462523
2.3625 528.9067818239417
2.3674999999999997 -70.54262517496494
2.3725 -278.91615556735167
2.3775 48.77504924602377
2.3825 141.97488911040344
2.3874999999999997 79.02741335031493
2.3925 -19.7783456237629
2.3975 68.98931374382428
2.4025 69.8085590151368
2.4074999999999998 -294.8484887870505
2.4125 59.95625170228387
2.4175 -158.95667465919615
2.4225 142.29758295566862
2.4274999999999998 136.04430528301287
2.4325 491.3204706145068
2.4375 -525.1856691505619
2.4425 -173.52373330954958
2.4475 -21.083181859799527
2.4524999999999997 -201.26050495420438
2.4575 344.209137878201
2.4625 -267.9947277949463
2.4675 9.17973150429695
2.4724999999999997 10.54757394488134
2.4775 5.33919604128231
2.4825 248.3548824085202
2.4875 -297.6128567175872
2.4924999999999997 -48.855670139338
2.4975 274.85380076801385
2.5025 19.337525622385353
2.5075 -118.24107344921487
2.5124999999999997 181.7226880068679
2.5175 -15.746697116845649
2.5225 162.06460902404675
2.5275 -311.8001491205116
2.5324999999999998 75.42011678321737
2.5375 -73.32534585164866
2.5425 -89.83882418950215
2.5475 -57.21310505968289
2.5524999999999998 -17.431514740945467
2.5574999999999997 -110.50768650542736
2.5625 144.28133539870603
2.5675 147.4243191335131
2.5725 152.3175132447854
2.5774999999999997 -116.71992258223104
2.5825 -197.02393992766267
2.5875 -121.65516201581254
2.5925 46.50087457918393
2.5974999999999997 41.331015402092106
2.6025 103.64820568624626
2.6075 18.285000137627243
2.6125 -33.20616323162622
2.6174999999999997 -154.30056164503196
2.6225 364.200979659019
2.6275 -71.2536666814804
2.6325 -89.43155744247838
2.6374999999999997 41.67207317818551
2.6425 -58.88975826119673
2.6475 -7.359411597990898
2.6525 -33.48032233670729
2.6574999999999998 148.40547977243656
2.6625 -163.81194875337133
2.6675 51.61143165500125
2.6725 148.51823504459497
2.6774999999999998 -194.7460486570235
2.6824999999999997 227.60851011969234
2.6875 -18.31064700657155
2.6925 -83.13530335569243
2.6975 -94.28260938525997
2.7024999999999997 -211.19969118692836
2.7075 128.03476395279498
2.7125 -182.94179734520608
2.7175 305.26699493107765
2.7224999999999997 57.76274187797651
2.7275 -222.3297771496021
2.7325 38.93938289674293
2.7375 186.80008895030943
2.7424999999999997 -2.383659011852001
2.7475 173.27275682495633
2.7525 -141.61657008147222
2.7575 137.28774156631903
2.7624999999999997 -201.60458272582977
2.7675 22.15951466239147
2.7725 -109.787608829108
2.7775 144.97980216542737
2.7824999999999998 -177.72339651974468
2.7875 111.32837315319652
2.7925 -116.55241737408187
2.7975 87.29802408993488
2.8024999999999998 236.53747620091116
2.8074999999999997 -136.8421797864138
2.8125 -86.0770533574616
2.8175 149.21863465582715
2.8225 -55.24392007189146
2.8274999999999997 12.52057146156226
2.8325 20.98799298490135
2.8375 5.35290201290024
2.8425 -213.83520593090722
2.8474999999999997 -52.02085533491508
2.8525 143.24315420190612
2.8575 51.95438885314613
2.8625 -150.12023602506721
2.8674999999999997 309.5582531806968
2.8725 68.37816736292358
2.8775 -113.78999939403911
2.8825 -75.1778838245318
2.8874999999999997 55.865547025495935
2.8925 -53.904030781532725
2.8975 40.48556363301749
2.9025 21.765740062196308
2.9074999999999998 9.64574750037845
2.9125 -84.99854855555597
2.9175 -50.023187898304144
2.9225 61.02683748666938
2.9274999999999998 -58.64643578296934
2.9324999999999997 176.7363318165311
2.9375 -243.71165487091318
2.9425 81.69464942943726
2.9475 -130.68820181957486
2.9524999999999997 -4.907057457935167
2.9575 -0.7387637259686503
2.9625 -205.25653327766608
2.9675 29.069902624242097
2.9724999999999997 227.3465831741968
2.9775 -169.0305789305914
2.9825 218.92087064322135
2.9875 104.94972283521489
2.9924999999999997 -142.3462989534818
2.9975 104.61740424274113
3.0025 -88.44987559740697
3.0075 -1.3531382690577258
3.0124999999999997 -71.76331411926206
3.0175 55.72620648963325
3.0225 66.20461679974943
3.0275 99.34951725547155
3.0324999999999998 -50.68171179962922
3.0374999999999996 23.245234899571976
3.0425 -124.55468918780126
3.0475 39.303021096925214
3.0524999999999998 239.3472112383071
3.0574999999999997 -51.39768088196621
3.0625 -207.3999067812213
3.0675 267.43290026618007
3.0725 99.21160671400753
3.0774999999999997 -183.43442531664252
3.0825 -97.87294036985914
3.0875 65.83792504999133
3.0925 202.82081667998582
3.0974999999999997 96.6969085025362
3.1025 -166.24079308811545
3.1075 -333.46718489668905
3.1125 250.51669287229322
3.1174999999999997 87.3613996521341
3.1225 0.4130011989118108
3.1275 -109.80883932795781
3.1325 13.572328098170262
3.1374999999999997 162.48048942309077
3.1425 -79.52122189775727
3.1475 135.69976170230805
3.1525 -283.68364201919735
3.1574999999999998 47.78208837358918
3.1624999999999996 -64.70049559690852
3.1675 -29.54520881397722
3.1725 169.31804668793575
3.1774999999999998 25.951266493167243
3.1824999999999997 -145.85311418608072
3.1875 24.94091330974707
3.1925 -2.895672141310339
3.1975 -25.262532109763843
3.2024999999999997 -148.16092632134516
3.2075 19.50128290962751
3.2125 -33.505727221782344
3.2175 93.80671409178224
3.2224999999999997 103.04233150093523
3.2275 38.06743040699612
3.2325 115.26553189358827
3.2375 88.58427099091925
3.2424999999999997 -91.33152425373532
3.2475 -12.773581584382429
3.2525 -121.27441454287346
3.2575 -469.3720748380591
3.2624999999999997 210.2966172557085
3.2675 -79.91985512350345
3.2725 62.21635525055786
3.2775 169.2577758616773
3.2824999999999998 -181.87885497463535
3.2874999999999996 99.45588475877027
3.2925 -170.25271997548074
3.2975 -76.76537814179045
3.3024999999999998 68.5693706737834
3.3074999999999997 -111.67712691110671
3.3125 -67.56109034076691
3.3175 215.27209825146883
3.3225 125.13923655441893
3.3274999999999997 78.70973945318029
3.3325 -184.14734163891063
3.3375 110.49741462571795
3.3425 89.22104068714131
3.3474999999999997 -95.5449946240179
3.3525 -18.087844470971024
3.3575 -120.79507502548178
3.3625 285.1801034259551
3.3674999999999997 171.8758678328621
3.3725 -110.13014357526144
3.3775 -57.1565530741601
3.3825 98.12517019667895
3.3874999999999997 10.034678409861709
3.3924999999999996 -458.2153147263609
3.3975 322.28913559946045
3.4025 88.23877289635496
3.4074999999999998 -223.12114572127518
3.4124999999999996 221.63241371879363
3.4175 17.141977291225103
3.4225 -60.942921257286805
3.4274999999999998 -141.45052296100943
3.4324999999999997 20.626480137332543
3.4375 262.2575443445737
3.4425 -58.202632308978664
3.4475 24.654458234828923
3.4524999999999997 189.42551932247105
3.4575 -137.87635081442664
3.4625 214.57160284673105
3.4675 -173.52940460088445
3.4724999999999997 -26.882357524672805
3.4775 124.63034553005345
3.4825 -129.46067791654335
3.4875 -168.6464493416156
3.4924999999999997 29.04932715296224
3.4975 108.2356769297157
3.5025 46.89678097963236
3.5075 -61.26654935240065
3.5124999999999997 -393.4354672369185
3.5174999999999996 353.9251399145235
3.5225 -100.48793253952142
3.5275 -75.94552205529517
3.5324999999999998 32.79607932655525
3.5374999999999996 7.237457649188693
3.5425 -19.01585971512269
3.5475 205.0838636416211
3.5524999999999998 54.406630356882076
3.5574999999999997 -270.01423641400527
3.5625 -150.2690686051846
3.5675 3.0231493489009824
3.5725 -33.719853602731895
3.5774999999999997 264.22747587694494
3.5825 -424.2554056250133
3.5875 230.18554634969286
3.5925 12.251556849327464
3.5974999999999997 -88.75525792456077
3.6025 83.99504414724123
3.6075 -205.93397468575083
3.6125 -151.56829499984119
3.6174999999999997 204.65548758505884
3.6225 -370.51071957657825
3.6275 95.55510689174612
3.6325 417.13643322599853
3.6374999999999997 -257.519388666727
3.6424999999999996 163.06088937830276
3.6475 29.838574582725357
3.6525 145.0713531240486
3.6574999999999998 -113.57028488314964
3.6624999999999996 -86.91854943372624
3.6675 -333.8286997180252
3.6725 195.31300909920114
3.6774999999999998 169.44465477999813
3.6824999999999997 268.13776809179416
3.6875 -153.9650256145054
3.6925 424.6664562155086
3.6975 -476.54150238703494
3.7024999999999997 105.59088376889467
3.7075 265.06307525765067
3.7125 -225.2952128851403
3.7175 59.670604416299575
3.7224999999999997 -25.91689780975542
3.7275 9.517921001770441
3.7325 -67.03676064027543
3.7375 349.14017983247993
3.7424999999999997 3.543481117962569
3.7474999999999996 -23.75614120612861
3.7525 -137.05789860280962
3.7575 285.29588382544034
3.7624999999999997 -224.09121918301562
3.7674999999999996 -100.41126339148256
3.7725 -163.8081097760002
3.7775 213.75022011703237
3.7824999999999998 -146.54859082694836
3.7874999999999996 205.82766600071722
3.7925 57.74175717894605
3.7975 -317.94296503859516
3.8024999999999998 62.338253144369155
3.8074999999999997 -164.96296233083828
3.8125 328.5948179778178
3.8175 -140.54491958122043
3.8225 221.25995225250531
3.8274999999999997 -289.1679871960881
3.8325 161.89513136445652
3.8375 -168.30094269405976
3.8425 -82.33576878241955
3.8474999999999997 280.84827702146356
3.8525 15.314614720073912
3.8575 7.190469355673111
3.8625 140.8864498772021
3.8674999999999997 0.3267804646384326
3.8724999999999996 6.259958085411668
3.8775 214.23139984345696
3.8825 -260.4744000161368
3.8874999999999997 -298.75017813980725
3.8924999999999996 225.8778326706265
3.8975 -76.87705073680027
3.9025 14.289388805400852
3.9074999999999998 59.62315334014768
3.9124999999999996 -68.43863082886914
3.9175 -135.4400227436412
3.9225 42.23411170267452
3.9274999999999998 -74.52531609495321
3.9324999999999997 440.6393883808496
3.9375 -310.2783075665622
3.9425 -179.6600994824807
3.9475 120.25488426266512
3.9524999999999997 -19.188919762336855
3.9575 -36.36804835409348
3.9625 53.77809324400959
3.9675 73.25276240189167
3.9724999999999997 27.1823472564325
3.9775 194.4585239235968
3.9825 -136.42755601920848
3.9875 -143.5207068050819
3.9924999999999997 120.81109083116218
3.9974999999999996 130.2217223171424
4.0024999999999995 -7.781154875381031
4.007499999999999 -169.86593606425888
4.0125 -158.57984221946091
4.0175 94.54087657145395
4.0225 13.583797791453245
4.0275 -128.53894820010592
4.0325 -142.46237752341176
4.0375 -128.4822343656657
4.0424999999999995 128.18895083722114
4.047499999999999 55.68644053957807
4.0525 146.175797767756
4.0575 -164.73865407396758
4.0625 212.5707038925274
4.0675 34.29532085032741
4.0725 -269.5196790192547
4.0775 -38.15578346786072
4.0825 51.966491336220976
4.0874999999999995 -75.53077196698355
4.0925 56.95350242254326
4.0975 97.25774302898081
4.1025 236.58331510394385
4.1075 50.410752566072084
4.1125 -166.115333070691
4.1175 100.45531156124903
4.1225 -105.45980983097112
4.1274999999999995 -13.683939901147689
4.132499999999999 232.21016998667332
4.1375 -210.15295923549235
4.1425 44.1270949305204
4.1475 -8.376809683192475
4.1525 208.5980158935597
4.1575 -37.572206142071835
4.1625 37.51375657668036
4.1674999999999995 -217.64000541611878
4.172499999999999 186.24168900001976
4.1775 -387.29015279261995
4.1825 -233.31554006406887
4.1875 121.71446424867155
4.1925 26.67410481199719
4.1975 1.8607291071197116
4.2025 -56.14896829673517
4.2075 471.12193519979223
4.2124999999999995 -262.660563478606
4.2175 39.427905300640106
4.2225 113.89436299720467
4.2275 74.51713114518746
4.2325 34.016649647438484
4.2375 61.58825749828323
4.2425 116.3119842279921
4.2475 -67.67461604008925
4.2524999999999995 -258.85550227185223
4.257499999999999 400.2699522671906
4.2625 -180.45363840866133
4.2675 275.8057233342085
4.2725 -77.98425891787693
4.2775 53.22696188912707
4.2825 -215.89986651619125
4.2875 -25.27281464781658
4.2924999999999995 -92.84370013770108
4.297499999999999 -86.6690169572794
4.3025 45.470693982285276
4.3075 -33.92628465978709
4.3125 29.821609394980424
4.3175 3.868328014375469
4.3225 84.19672306349047
4.3275 -40.97090205421738
4.3325 68.39576770898113
4.3374999999999995 -211.09051830239386
4.342499999999999 -169.5616736526631
4.3475 124.61781868701215
4.3525 -149.25499565993738
4.3575 17.71044884963688
4.3625 99.35542895166184
4.3675 -109.26648926373036
4.3725 268.2768965792581
4.3774999999999995 -30.707318121618716
4.382499999999999 5.628810336342337
4.3875 166.74294343403054
4.3925 -138.84737300030923
4.3975 16.104253482097587
4.4025 -86.78349019648346
4.4075 129.88203512505234
4.4125 79.4660702343316
4.4174999999999995 140.153756933067
4.422499999999999 -145.93186539543723
4.4275 -237.71683939265924
4.4325 -129.4261211989014
4.4375 205.81244233364092
4.4425 -25.84993170169416
4.4475 140.60879950675343
4.4525 -267.5637888015633
4.4575 236.97861726843388
4.4624999999999995 103.04830096271478
4.467499999999999 74.03651960057226
4.4725 -227.08945366746642
4.4775 -270.0425818175829
4.4825 -64.67160885475661
4.4875 54.500610233525386
4.4925 -24.0216551447051
4.4975 130.7887960535623
4.5024999999999995 -14.770865254840741
4.507499999999999 -36.89295452621692
4.5125 -16.8559539367806
4.5175 41.12949060417177
4.5225 139.06141674620173
4.5275 -184.30708191497246
4.5325 22.919398356241917
4.5375 28.49140222266606
4.5424999999999995 64.71853385613457
4.547499999999999 26.35301340259921
4.5525 -142.71557449620167
4.5575 229.18821095103024
4.5625 -40.81925201998769
4.5675 -5.491522979002718
4.5725 24.288456242720972
4.5775 4.392473693963644
4.5825 -9.730431262066281
4.5874999999999995 -226.4932707453215
4.592499999999999 -71.26864158808644
4.5975 319.3394804623344
4.6025 -141.86516336131615
4.6075 16.9817083621558
4.6125 90.00688560527247
4.6175 72.24634510781635
4.6225 -5.2802624423600815
4.6274999999999995 64.7110563374602
4.632499999999999 51.25831639772713
4.6375 58.40156687760548
4.6425 85.0671681018367
4.6475 -206.0042053720069
4.6525 304.9996362766996
4.6575 -220.36039440677666
4.6625 153.66312696193916
4.6674999999999995 21.305997907481935
4.672499999999999 -108.94080777626867
4.6775 -225.5369955946118
4.6825 408.91342662818346
4.6875 -396.29496989533754
4.6925 -188.24981674532364
4.6975 63.150156856677185
4.7025 60.435992996454644
4.7075 -29.849153054286504
4.7124999999999995 63.24233159669305
4.717499999999999 -159.61401527572528
4.7225 64.83970500883117
4.7275 -143.25688958265664
4.7325 116.6044341029273
4.7375 106.3741679871413
4.7425 -78.93940326441238
4.7475 117.23976044892544
4.7524999999999995 -248.0811258861732
4.757499999999999 398.78918568220854
4.7625 -26.915255438943465
4.7675 -137.62098085543943
4.7725 54.3654053322569
4.7775 -10.341859694312145
4.7825 -20.13031293798353
4.7875 30.041944129343364
4.7924999999999995 -12.529437163664923
4.797499999999999 -8.564945891274458
4.8025 -51.091666291358486
4.8075 221.09421764519612
4.8125 102.82230171361796
4.8175 -110.10039515210474
4.8225 -290.06089056765256
4.8275 -87.30973405648881
4.8325 220.27854735988024
4.8374999999999995 175.524817764982
4.842499999999999 -56.03344435541255
4.8475 -105.16043719755339
4.8525 76.57737137994629
4.8575 -39.309934216844155
4.8625 37.38536525166736
4.8675 10.151097652025214
4.8725 -96.82115965329025
4.8774999999999995 -4.034420663070327
4.882499999999999 59.05613467183507
4.8875 -280.9429304790893
4.8925 155.86950472094694
4.8975 101.44323814284414
4.9025 -112.93070661476808
4.9075 -162.82579747676152
4.9125 267.6242407209702
4.9174999999999995 -24.74638403652986
4.922499999999999 -10.023564652612622
4.9275 45.82523495746225
4.9325 144.48735749117958
4.9375 11.375200226843333
4.9425 -242.33676213358345
4.9475 91.80970109061109
4.9525 -243.00422667437584
4.9575 98.66450000220547
4.9624999999999995 97.36731487767598
4.967499999999999 128.84126500349575
4.9725 -185.6712668989838
4.9775 -72.30716345711991
4.9825 3.852875061332768
4.9875 45.37673542232865
4.9925 81.17613589479947
4.9975 69.77901145569757
5.0024999999999995 -160.39497809178278
5.007499999999999 213.54802371189686
5.0125 -87.8587995349454
5.0175 -110.06033451859379
5.0225 -35.79929520488224
5.0275 -86.46724701746213
5.0325 133.72111881643593
5.0375 -78.57938344021088
5.0424999999999995 2.831769977999257
5.047499999999999 -71.87374462251887
5.0525 -174.69145285332456
5.0575 244.93828742063837
5.0625 -156.8514010487301
5.0675 81.33345777959813
5.0725 -13.391314295131773
5.0775 170.65475952880897
5.0825 -27.442959936084584
5.0874999999999995 182.4285550850666
5.092499999999999 -113.34281688802314
5.0975 49.898586140687875
5.1025 -233.78925868698366
5.1075 272.08611177664176
5.1125 -145.31309408834204
5.1175 150.62361286997373
5.1225 -9.596596944801139
5.1274999999999995 -68.92091724661093
5.132499999999999 138.2946387490138
5.1375 -77.82017345892736
5.1425 -5.221400293813602
5.1475 -7.881069804460868
5.1525 -78.7075482425317
5.1575 -10.685071705813641
5.1625 -119.58851818915961
5.1674999999999995 -7.779484541919197
5.172499999999999 -30.625378488588506
5.177499999999999 34.01456403333969
5.1825 -93.79797214488842
5.1875 -28.794855258090124
5.1925 117.24905774814127
5.1975 -210.980270898949
5.2025 183.78462518805085
5.2075 91.50353912537933
5.2124999999999995 -21.32923142649365
5.217499999999999 -139.642860824308
5.2225 62.35593309904055
5.2275 -7.155259452644026
5.2325 156.2166590694331
5.2375 82.50065822257692
5.2425 -30.085196805101365
5.2475 -129.6114176821969
5.2524999999999995 -14.862992948262942
5.257499999999999 -8.707569920601756
5.2625 41.04512363213333
5.2675 -63.446668613102354
5.2725 140.20846397251537
5.2775 237.5580524461965
5.2825 -45.93196668661748
5.2875 -147.90762618631845
5.2924999999999995 18.004509121300693
5.297499999999999 135.60947777069987
5.302499999999999 -98.6346928265759
5.3075 -58.03224730034307
5.3125 -62.20786647221457
5.3175 -167.55954991006624
5.3225 202.53584126438565
5.3275 -14.380538168171665
5.3325 143.68481897568205
5.3374999999999995 14.832217442402897
5.342499999999999 -153.03007968390597
5.3475 -12.427393592359463
5.3525 79.60181594783641
5.3575 46.22210731962041
5.3625 18.125502371772594
5.3675 222.03343928207485
5.3725 -320.64670594367067
5.3774999999999995 192.34439599308607
5.382499999999999 -96.63461601223904
5.3875 16.795660346406127
5.3925 -58.47404273751332
5.3975 23.081614131233767
5.4025 -235.70560631928439
5.4075 -44.821251515827214
5.4125 -38.89458627442163
5.4174999999999995 142.81415101368492
5.422499999999999 -380.6122504055057
5.427499999999999 250.88071398332897
5.4325 -30.297962339299517
5.4375 -87.14552477653817
5.4425 386.53997174399365
5.4475 -247.97658517028984
5.4525 -126.04938223065524
5.4575 231.23435154628598
5.4624999999999995 -159.15931608306238
5.467499999999999 177.01283911255223
5.4725 143.84641840894275
5.4775 -330.1485734243575
5.4825 10.999697102927115
5.4875 200.8683526591338
5.4925 132.34051781253086
5.4975 -155.21902418448096
5.5024999999999995 30.319686674724267
5.507499999999999 8.354000302098413
5.5125 -35.60251797520697
5.5175 221.67558869391277
5.5225 -195.8251080217442
5.5275 -246.70144281564055
5.5325 472.6594554399697
5.5375 -88.75300611925651
5.5424999999999995 -104.27165837459022
5.547499999999999 254.55298473254282
5.552499999999999 -22.573030225057988
5.5575 137.3592420757585
5.5625 81.37400264401656
5.5675 -70.9170123802019
5.5725 181.2221524328656
5.5775 -114.26160868063957
5.5825 -2.083959691164325
5.5874999999999995 80.6653788708419
5.592499999999999 -201.89999256087532
5.5975 -129.52556765431595
5.6025 42.06948143872188
5.6075 -350.13723017391436
5.6125 272.9017909315744
5.6175 -121.62218577998875
5.6225 265.2308344896495
5.6274999999999995 -125.02312515415976
5.632499999999999 36.73626569437911
5.6375 -191.25427050470014
5.6425 -108.53750568624793
5.6475 92.10855077438643
5.6525 12.346327811898973
5.6575 7.019626507043465
5.6625 183.75756490435307
5.6674999999999995 1.9104724508052289
5.672499999999999 -45.39722865330492
5.677499999999999 65.54869261310888
5.6825 240.46585878244278
5.6875 -350.4153482408574
5.6925 194.18136896873693
5.6975 -216.52088502313364
5.7025 -6.014174056209748
5.7075 305.81012950200903
5.7124999999999995 -382.2573688586767
5.717499999999999 33.107600859475184
5.7225 40.402689092216185
5.7275 20.43570026534779
5.7325 97.80721023487233
5.7375 116.16016007459166
5.7425 -228.7130109499751
5.7475 256.00428463320026
5.7524999999999995 67.51083677823797
5.757499999999999 -354.4500416127744
5.7625 77.77517972304645
5.7675 -59.73187646890992
5.7725 -38.36168739746609
5.7775 160.4556866996252
5.7825 -13.00101326219087
5.7875 76.9382510758659
5.7924999999999995 -234.9676277579421
5.797499999999999 6.506802159230614
5.802499999999999 183.7789912667099
5.8075 -0.7760459530634677
5.8125 37.734202170972516
5.8175 -99.25269199590885
5.8225 -217.65331939755376
5.8275 -75.32921243075899
5.8325 -157.41216675648866
5.8374999999999995 229.45295801522394
5.842499999999999 -76.85262720881978
5.8475 288.61026069519636
5.8525 186.9010196458268
5.8575 -270.9615391804905
5.8625 132.0415649665187
5.8675 -10.943881809595732
5.8725 -146.82270973296903
5.8774999999999995 55.84307673762158
5.882499999999999 -91.9478246673575
5.8875 117.5338149966641
5.8925 18.816657383375453
5.8975 305.77284503797796
5.9025 -77.74344220301124
5.9075 -197.51926195985985
5.9125 -4.87001826738549
5.9174999999999995 4.467249933383058
5.922499999999999 -312.79931782002166
5.927499999999999 207.43691649684618
5.9325 -127.21282205482417
5.9375 228.47229048916074
5.9425 -22.11227070022011
5.9475 -76.80397726641843
5.9525 218.56246463694512
5.9575 61.08634413602696
5.9624999999999995 -138.2844198320599
5.967499999999999 76.74650866336805
5.9725 87.21806388232349
5.9775 50.46966175607221
5.9825 -198.60552689101905
5.9875 -195.98460289274013
5.9925 -148.85356810605228
5.9975 401.8510206560888
6.0024999999999995 -146.17289382974045
6.007499999999999 98.1600429802556
6.012499999999999 112.39444460283794
6.0175 62.910161952717125
6.0225 88.28924646814401
6.0275 84.4682680124897
6.0325 -165.32009180312238
6.0375 -69.0335420445277
6.0424999999999995 346.9823794963739
6.047499999999999 -437.64835051509226
6.052499999999999 61.8101690753309
6.0575 -75.14377186245163
6.0625 -63.7541249749202
6.0675 -9.04315930863726
6.0725 163.75432080150873
6.0775 -28.417225547955873
6.0825 -151.31017334608842
6.0874999999999995 117.87584728745883
6.092499999999999 -69.59709998329744
6.0975 93.19617155208654
6.1025 155.6361254243836
6.1075 -297.19984301814924
6.1125 48.7317929516924
6.1175 10.092325573059217
6.1225 314.51396018627986
6.1274999999999995 -139.7926291017034
6.132499999999999 -79.98883723747055
6.137499999999999 58.485687701331294
6.1425 -86.274571539376
6.1475 0.8223696133416385
6.1525 -284.15449262666124
6.1575 237.33988668470406
6.1625 -18.363462124284148
6.1674999999999995 120.43119760470442
6.172499999999999 -147.85145987492334
6.177499999999999 -104.19796277275984
6.1825 326.7778392647733
6.1875 -49.226330871939126
6.1925 -199.58971410469871
6.1975 432.44237508103356
6.2025 -266.60936336686564
6.2075 242.81451368940134
6.2124999999999995 -320.04758941120866
6.217499999999999 87.24529318629315
6.2225 -1.3520333541310665
6.2275 -36.14835660732005
6.2325 -118.88486080922979
6.2375 28.197654332571368
6.2425 79.88711295591969
6.2475 104.96604983820406
6.2524999999999995 166.4763458972141
6.257499999999999 -231.5287307787432
6.262499999999999 -96.70716406576939
6.2675 -91.69519732380633
6.2725 -133.27054169385715
6.2775 -1.0001189368736976
6.2825 -17.10221535449674
6.2875 -135.64504295184042
6.2924999999999995 209.5631223041329
6.297499999999999 -21.466736161403695
6.302499999999999 48.08479835142234
6.3075 46.750917998188875
6.3125 176.14514127556697
6.3175 0.4584177157453717
6.3225 -65.543297912363
6.3275 327.93567562940973
6.3325 -227.35484720623845
6.3374999999999995 10.982139077729796
6.342499999999999 136.75211353666515
6.3475 -54.09361682859862
6.3525 -173.9316225827753
6.3575 -48.44939343398485
6.3625 -121.26029144843574
6.3675 -249.40011929702933
6.3725 282.0120294245783
6.3774999999999995 62.04328493975382
6.382499999999999 258.38182417695907
6.387499999999999 -246.47979657870837
6.3925 -48.90548032794228
6.3975 -8.754344520912518
6.4025 -65.01160132285355
6.4075 227.4419724522667
6.4125 -130.63582106224965
6.4174999999999995 237.27348757419185
6.422499999999999 -225.36619403061454
6.427499999999999 -56.28547746342618
6.4325 165.83593157390632
6.4375 -5.997670072087294
6.4425 98.21406617513165
6.4475 -1.095136357186975
6.4525 -333.95617350441916
6.4575 23.063690218925817
6.4624999999999995 57.877983175823786
6.467499999999999 65.87232077401497
6.4725 36.56610109798115
6.4775 157.45526435993023
6.4825 -5.594659425254394
6.4875 -245.43349523750194
6.4925 223.26663460802573
6.4975 112.4768659666704
6.5024999999999995 52.89145855734523
6.507499999999999 -291.88974135933734
6.512499999999999 -12.107448283832182
6.5175 248.34964218796057
6.5225 -93.8802282386068
6.5275 257.9958358255379
6.5325 -107.22661024781249
6.5375 -110.9627596067145
6.5424999999999995 141.41433683268073
6.547499999999999 -285.5151159476052
6.552499999999999 -187.1427428462147
6.5575 8.580821691062047
6.5625 274.1437889100992
6.5675 -185.27021771628742
6.5725 102.37761115459274
6.5775 30.791121517304784
6.5825 137.26051384136318
6.5874999999999995 82.28285905546171
6.592499999999999 -88.69116114779528
6.5975 -32.27319442371708
6.6025 -161.69543730148615
6.6075 -40.74027422214673
6.6125 143.30858814021556
6.6175 36.363315918064266
6.6225 -0.14033669621188513
6.6274999999999995 -70.96034012490901
6.632499999999999 65.83637814277711
6.637499999999999 182.48609040145126
6.6425 -149.01475998926452
6.6475 107.48600521173752
6.6525 -161.90503454443692
6.6575 53.37217609326368
6.6625 -75.30624410999822
6.6674999999999995 -79.50056404019729
6.672499999999999 178.23377951480157
6.677499999999999 -120.7443592066545
6.6825 124.9948599513262
6.6875 85.36121388584304
6.6925 102.66731019006157
6.6975 -70.47072872780794
6.7025 44.06595788359241
6.7075 -183.63694923556298
6.7124999999999995 -239.13739734150053
6.717499999999999 -200.58135400048107
6.722499999999999 173.28460245511502
6.7275 -152.8504939672911
6.7325 -21.888120213147786
6.7375 289.37215118403867
6.7425 -221.21697518045266
6.7475 74.26667323505248
6.7524999999999995 91.4681101341815
6.757499999999999 -14.395810389923218
6.762499999999999 153.76427453336115
6.7675 124.3260423272671
6.7725 -11.880567418680997
6.7775 -16.700660295244965
6.7825 29.003757077033836
6.7875 -186.71417691323953
6.7924999999999995 -20.64629926098843
6.797499999999999 75.38390683809675
6.802499999999999 -23.886629066752715
6.8075 32.885571119559344
6.8125 19.500412478254418
6.8175 -122.62112188336016
6.8225 93.98508870479048
6.8275 -37.60080445103102
6.8325 31.038550615747276
6.8374999999999995 309.9801419905281
6.842499999999999 158.39879433604065
6.847499999999999 -85.22436786286856
6.8525 -79.05669274057225
6.8575 -8.334536588138475
6.8625 188.0544980638804
6.8675 -284.59951951563204
6.8725 5.513806811660781
6.8774999999999995 20.859331911692607
6.882499999999999 73.36943704954197
6.887499999999999 28.568008736489713
6.8925 -68.46276263404475
6.8975 -53.64551003203475
6.9025 97.9875871689999
6.9075 48.53886483139365
6.9125 31.05237567132479
6.9174999999999995 -145.6255169749892
6.922499999999999 27.446323893462225
6.927499999999999 -36.98488010586904
6.9325 -96.01297905821365
6.9375 -86.77204353048548
6.9425 135.9194089735253
6.9475 4.313143644454392
6.9525 83.47084353113026
6.9575 122.5596482433177
6.9624999999999995 -102.23495488706642
6.967499999999999 -205.2270126930464
6.972499999999999 22.008499490409285
6.9775 81.24824103495085
6.9825 -59.131223292823606
6.9875 93.27354059800498
6.9925 -21.8432506930214
6.9975 -188.79170225052422
7.0024999999999995 152.18492384833976
7.007499999999999 20.811693064479584
7.012499999999999 -172.53954714854575
7.0175 106.21929548175225
7.0225 18.37452943220977
7.0275 68.21249710042791
7.0325 14.512310030207503
7.0375 12.932166680244066
7.0424999999999995 -26.850196565762527
7.047499999999999 -39.439913306054194
7.052499999999999 44.04630047726949
7.0575 107.93928971800628
7.0625 -157.21171647747877
7.0675 -203.7615312744396
7.0725 226.3656866253362
7.0775 -59.78676667396245
7.0825 128.77008306009623
7.0874999999999995 -112.91837961566446
7.092499999999999 -10.444373055127778
7.097499999999999 32.28764529510872
7.1025 -29.14882966336768
7.1075 195.07635808598462
7.1125 -58.78223899889443
7.1175 -79.55153317355166
7.1225 229.6537858101233
7.1274999999999995 -14.848626159357684
7.132499999999999 -303.38582298983965
7.137499999999999 -47.081545137890835
7.1425 25.372159026566305
7.1475 -85.38742512064663
7.1525 287.34016973736976
7.1575 -141.61962718382912
7.1625 143.69028966646843
7.1674999999999995 -314.5817691587644
7.172499999999999 -78.51815724479381
7.177499999999999 198.73040866042095
7.1825 41.19734780237039
7.1875 43.767497953063796
7.1925 -53.21395107834725
7.1975 -233.9762518206381
7.2025 -8.524253191686295
7.2075 -72.84862493131523
7.2124999999999995 279.4442683218078
7.217499999999999 95.08864383737436
7.222499999999999 -148.03860617291917
7.2275 -2.940292308836273
7.2325 119.22934122938148
7.2375 -57.32046979245478
7.2425 99.71486258342749
7.2475 -193.5699613597359
7.2524999999999995 24.280217968342388
7.257499999999999 103.46588715723955
7.262499999999999 73.986769282909
7.2675 163.09895288828164
7.2725 -124.9332422920641
7.2775 -2.917747634607344
7.2825 -0.1413892816333765
7.2875 -65.58062711511923
7.2924999999999995 74.63281838285687
7.297499999999999 52.14816385119502
7.302499999999999 -136.31627988825412
7.3075 -2.896247691850914
7.3125 -24.105523543127113
7.3175 94.54584783332477
7.3225 2.8610751588157766
7.3275 -221.24718882055865
7.3325 198.16814848186573
7.3374999999999995 72.53667199865883
7.342499999999999 -6.023237464002219
7.347499999999999 -21.292300661560212
7.3525 22.504759062067276
7.3575 139.8717387471991
7.3625 146.5280694368921
7.3675 -154.71829442467384
7.3725 -179.8089357469637
7.3774999999999995 58.88193253707703
7.382499999999999 -31.60534934059199
7.387499999999999 -34.8617915350492
7.3925 152.13635719891786
7.3975 -54.87353671938625
7.4025 8.759617111255643
7.4075 102.60447465059181
7.4125 -38.32099397416325
7.4174999999999995 153.65438648714678
7.422499999999999 -8.101384669566459
7.427499999999999 14.143143965779773
7.4325 40.62981088856073
7.4375 -95.13712377262016
7.4425 -73.11283309124761
7.4475 -162.93585503668967
7.4525 77.8073785782886
7.4575 -141.8984629989097
7.4624999999999995 139.47061923259506
7.467499999999999 169.94502505099027
7.472499999999999 -216.76789107745458
7.4775 56.43262757141296
7.4825 -102.59555636403904
7.4875 -37.64170352443699
7.4925 39.82891375793817
7.4975 -109.93334233141753
7.5024999999999995 -21.34999493200361
7.507499999999999 156.18592014406008
7.512499999999999 169.81665833227612
7.5175 -56.19105033111589
7.5225 27.312336148686718
7.5275 -130.18656557424555
7.5325 -66.1346806982608
7.5375 -37.36391632257124
7.5424999999999995 257.32722189426266
7.547499999999999 -131.40097537267593
7.552499999999999 -123.68067937462008
7.557499999999999 -113.32923078987172
7.5625 278.39380805555317
7.5675 -15.940069861121671
7.5725 124.74891433637582
7.5775 -53.76681895368792
7.5825 -30.57538019996189
7.5874999999999995 169.78105736015544
7.592499999999999 -161.4242737830149
7.597499999999999 -4.505224623834019
7.6025 -178.35477454166403
7.6075 175.06037061782772
7.6125 72.54911383812238
7.6175 -224.5825507840986
7.6225 -34.70423621937287
7.6274999999999995 -5.215758477403522
7.632499999999999 -0.7116531112051057
7.637499999999999 -24.575171468391442
7.6425 77.13603032139999
7.6475 173.3569499738891
7.6525 151.17101380468586
7.6575 -191.24442048485196
7.6625 48.54878235408299
7.6674999999999995 -91.28175965915534
7.672499999999999 -86.09481949997114
7.677499999999999 30.505135532854222
7.682499999999999 149.63880431435246
7.6875 -39.183078680156335
7.6925 70.46965078770086
7.6975 -143.1962513067218
7.7025 -72.48633566948838
7.7075 3.1927056960136633
7.7124999999999995 -36.69948177773175
7.717499999999999 -1.1199534543642777
7.722499999999999 -37.27250036963235
7.7275 17.925360132043803
7.7325 -223.75626508487719
7.7375 204.214425862981
7.7425 43.25322314946476
7.7475 165.21561757030045
7.7524999999999995 179.15540008190808
7.757499999999999 -306.4609530792293
7.762499999999999 206.04776855425507
7.7675 -51.631668164645866
7.7725 -287.0410867543012
7.7775 -0.6567734329114325
7.7825 -159.9951923175261
7.7875 355.61906186919083
7.7924999999999995 95.87518246891428
7.797499999999999 50.377379319294796
7.802499999999999 -144.2224971327437
7.807499999999999 -28.86038367406032
7.8125 15.240654370258255
7.8175 81.52889258434999
7.8225 -58.806884378317854
7.8275 62.65147356458432
7.8325 -92.54607208429124
7.8374999999999995 143.52013836010354
7.842499999999999 -42.93506712677442
7.847499999999999 1.487469712509949
7.8525 -64.810115473941
7.8575 94.95217046166344
7.8625 -156.02778111960507
7.8675 -110.75256260167777
7.8725 -8.014057046599135
7.8774999999999995 196.34103052627353
7.882499999999999 -98.27299681340297
7.887499999999999 -10.0112803197785
7.8925 14.135991559473535
7.8975 72.51825780255707
7.9025 77.10632722909862
7.9075 -80.48751270028652
7.9125 -237.93267584558532
7.9174999999999995 43.16607237604625
7.922499999999999 159.4019055041198
7.927499999999999 42.269992291827364
7.932499999999999 -165.50311440781613
7.9375 386.811613703655
7.9425 -8.339201258157537
7.9475 -120.28155762218259
7.9525 -38.913275218929606
7.9575 -11.348039478390726
7.9624999999999995 0.7507947586677477
7.967499999999999 13.670305643074482
7.972499999999999 -5.836781721387469
7.9775 -95.40735330441169
7.9825 -79.5317072075025
7.9875 217.91568622998508
7.9925 -154.3062808989119
7.9975 236.43607666987106
8.0025 -195.0803600965336
8.0075 98.27665249358546
8.0125 85.5701005725709
8.0175 24.27935480701213
8.022499999999999 139.25532964479166
8.0275 -60.8452238557527
8.032499999999999 -29.72831257340253
8.0375 77.92740047208686
8.0425 -75.4603474238839
8.0475 -85.80744187799954
8.0525 -113.86979327886054
8.0575 245.6771804941565
8.0625 -62.16291221167937
8.067499999999999 -129.97742545579817
8.0725 51.18322100013758
8.077499999999999 -47.81229911883649
8.0825 392.8304091385879
8.0875 -57.03348131515164
8.0925 -209.46785934716925
8.0975 29.786181588042975
8.1025 45.06749135368769
8.1075 -141.41981969503206
8.112499999999999 -32.252060639464275
8.1175 219.2714217136221
8.1225 -90.75388270409762
8.1275 99.68122898029713
8.1325 69.51592196127062
8.1375 -25.979155824917328
8.1425 5.699590947060374
8.147499999999999 -17.30798559426461
8.1525 -136.52190591142565
8.157499999999999 -22.836774089132454
8.1625 -143.15591592480462
8.1675 4.076092877570251
8.1725 80.68599894926241
8.1775 -275.283984532241
8.1825 -280.00667725662413
8.1875 224.44890463264807
8.192499999999999 219.82115616760413
8.1975 -67.26815524804056
8.202499999999999 -95.51602208878131
8.2075 125.1945173022251
8.2125 -56.54911619149656
8.2175 277.11017665939164
8.2225 43.48086352026757
8.2275 -150.21245359069314
8.2325 3.0602893331667276
8.237499999999999 68.8675925021851
8.2425 -95.25777023217992
8.2475 -7.100072787745149
8.2525 99.91468196417247
8.2575 -60.909377608600494
8.2625 95.22831918996096
8.2675 -138.9738699034812
8.272499999999999 156.1183141406447
8.2775 -53.12745480616075
8.282499999999999 68.37622846552638
8.2875 101.93235965090484
8.2925 -235.46357442169304
8.2975 297.0363085034415
8.3025 -52.41565063596603
8.3075 12.723794752024379
8.3125 -29.126287234299046
8.317499999999999 -18.409246419755316
8.3225 -96.69762998027144
8.327499999999999 125.88695539414829
8.3325 -304.90501837978115
8.3375 171.37961411671373
8.3425 40.082323108088026
8.3475 78.96115924590593
8.3525 -270.5334780056026
8.3575 433.3112066499479
8.362499999999999 -98.84101690544422
8.3675 61.90632812264235
8.3725 -120.68561647102881
8.3775 26.356231432782184
8.3825 -83.75364753954693
8.3875 136.33544398434006
8.3925 127.20093793620339
8.397499999999999 -229.04373197520766
8.4025 -4.803183349056499
8.407499999999999 6.670514773539864
8.4125 -4.95499651515238
8.4175 11.046607975420908
8.4225 -73.51413353451949
8.4275 134.33964667578448
8.4325 -104.85755920278004
8.4375 252.85070124172987
8.442499999999999 110.34438094772472
8.4475 -165.32320341435255
8.452499999999999 40.41846607205499
8.4575 -169.29129418035012
8.4625 -109.91123515093156
8.4675 61.931485365715254
8.4725 -125.13877442970504
8.4775 110.83852200916246
8.4825 154.98538803500148
8.487499999999999 -77.14340352647328
8.4925 -24.70789916013161
8.4975 -26.448717430759018
8.5025 153.8001239369909
8.5075 86.65646313941849
8.5125 -55.44691664228467
8.5175 -166.83524521372738
8.522499999999999 60.30758622671263
8.5275 -171.46652856439587
8.532499999999999 162.80175176073573
8.5375 -115.09576251119321
8.5425 -133.69642093480272
8.5475 118.3853328105308
8.5525 -139.88493746062454
8.5575 39.83781334304591
8.5625 -169.26827182976587
8.567499999999999 19.47838957763155
8.5725 -22.269347837875305
8.577499999999999 87.43633030594751
8.5825 161.13289572950816
8.5875 -176.76071935615474
8.5925 129.18668927916352
8.5975 -69.3123147730714
8.6025 24.255151156707292
8.6075 99.9585674955146
8.612499999999999 -62.020763597099005
8.6175 31.89673015737292
8.6225 33.83797002159232
8.6275 38.680673060338954
8.6325 -84.25856444927444
8.6375 137.0573917393706
8.6425 -0.19514334511597914
8.647499999999999 161.31768705996294
8.6525 -30.42750542331609
8.657499999999999 23.2772255552616
8.6625 239.9741045319916
8.6675 -267.73964702576257
8.6725 215.74866330997895
8.6775 20.475845507683083
8.6825 -124.7205589323773
8.6875 -43.87710546115462
8.692499999999999 -152.26674939762083
8.6975 100.75709557905611
8.702499999999999 -132.39496247251472
8.7075 155.80119579320882
8.7125 -96.01110476879896
8.7175 -4.6268942185625646
8.7225 176.56670980876004
8.7275 -67.7130329202045
8.7325 -117.39917630343771
8.737499999999999 22.151869998524113
8.7425 180.57146968394116
8.747499999999999 -78.69422090527146
8.7525 12.811809772345146
8.7575 -73.64826194311023
8.7625 249.75122644346675
8.7675 253.4443347144638
8.772499999999999 -293.8527566795542
8.7775 -157.85316808128755
8.782499999999999 -114.31212400171874
8.7875 290.88028755587715
8.7925 324.10745765851965
8.7975 -129.63790327065323
8.8025 -168.85500522494635
8.8075 -28.567434501793997
8.8125 -40.53572640225127
8.817499999999999 68.32394205427744
8.8225 25.871905521303844
8.827499999999999 150.74027962255488
8.8325 -266.0427453075198
8.8375 40.10931108611088
8.8425 86.42283699035991
8.8475 156.61229577205796
8.8525 -140.04521465176032
8.8575 -5.478898368688501
8.862499999999999 -197.24781895594094
8.8675 -54.503162709379545
8.872499999999999 367.8060442900697
8.8775 -192.02860243825253
8.8825 8.002276287591892
8.8875 -62.30116224111658
8.8925 182.8903251787549
8.897499999999999 -0.17931570525016718
8.9025 111.04869901335739
8.907499999999999 151.43566283843765
8.9125 -80.72058198380148
8.9175 -64.73335934855706
8.9225 35.74490817890313
8.9275 85.64370867071825
8.9325 -210.18450319474906
8.9375 82.8641435215868
8.942499999999999 -109.88853465599944
8.9475 47.937298195807415
8.952499999999999 -138.38179077248492
8.9575 -10.444945414744575
8.9625 140.89434442000783
8.9675 -73.49511497087477
8.9725 -79.27254024659511
8.9775 129.097584212963
8.9825 97.98671239533877
8.987499999999999 -224.00622100019913
8.9925 -225.38226339118066
8.997499999999999 150.76583096116255
9.0025 132.76108577729448
9.0075 -58.34691765000649
9.0125 46.99662781374085
9.0175 60.94593756845315
9.022499999999999 239.1012097657425
9.0275 -239.43786183008476
9.032499999999999 -62.48949043096324
9.0375 -36.53735600652813
9.0425 -96.99954137186072
9.0475 125.2835710504762
9.0525 -54.05360510339619
9.0575 -10.390126265314334
9.0625 89.29715060111582
9.067499999999999 -255.88069758934571
9.0725 210.0990974947803
9.077499999999999 38.94472522686349
9.0825 -128.28805329789384
9.0875 -253.4502413446514
9.0925 13.499464241874179
9.0975 60.42247139114927
9.1025 179.73604708699204
9.1075 155.69248332278994
9.112499999999999 -93.64109764734125
9.1175 -31.572976004321745
9.122499999999999 -71.69960966164079
9.1275 -149.73361698920593
9.1325 115.31763474447962
9.1375 -78.90853834689428
9.1425 -11.913207739872783
9.147499999999999 75.5571422874304
9.1525 277.4554140850897
9.157499999999999 -167.4246979183885
9.1625 157.790021344509
9.1675 67.05690293542827
9.1725 -22.1148689674753
9.1775 -61.627942326502954
9.1825 -223.50365616315403
9.1875 -98.63982988489873
9.192499999999999 1.9396097956102016
9.1975 -92.17241293601384
9.202499999999999 141.96448893582047
9.2075 38.95944426743704
9.2125 -220.34756937684264
9.2175 57.69373621038647
9.2225 76.2581096857185
9.2275 164.51157030553938
9.2325 -58.42185790948736
9.237499999999999 -97.6207172538481
9.2425 179.8770978264157
9.247499999999999 45.054575546906555
9.2525 -198.4039615650771
9.2575 151.8307394671191
9.2625 123.78613065514467
9.2675 -13.28144796035753
9.272499999999999 265.76181058830736
9.2775 95.61477881121776
9.282499999999999 -284.1508766192012
9.2875 221.87231144761094
9.2925 -153.51102913748053
9.2975 -275.8835647684307
9.3025 -45.22439124704061
9.3075 -58.905381024018276
9.3125 99.21403273717088
9.317499999999999 -44.4213267883536
9.3225 124.99289013157485
9.327499999999999 -45.64745918544857
9.3325 -22.834504519922614
9.3375 244.8224710985885
9.3425 -24.53189201519059
9.3475 -43.68622032158128
9.3525 178.53725880133055
9.3575 -91.78117146875344
9.362499999999999 -204.1497652466942
9.3675 147.6202911977202
9.372499999999999 -288.7093940782232
9.3775 181.1281381139831
9.3825 34.36593171705886
9.3875 10.244102487629279
9.3925 -59.02905820324558
9.397499999999999 244.52182291806218
9.4025 178.24141950741972
9.407499999999999 -124.76731300550829
9.4125 -79.75774830046576
9.4175 0.3434265600054738
9.4225 119.1037180471947
9.4275 -94.81236352459109
9.4325 72.95539067506002
9.4375 -252.24236471593738
9.442499999999999 82.49658936710924
9.4475 -73.19662188105576
9.452499999999999 -166.06432776599513
9.4575 -92.23121909536162
9.4625 163.0957836101506
9.4675 4.220898182917464
9.4725 -214.6834520281207
9.4775 27.863297233244708
9.4825 323.17623767421804
9.487499999999999 24.34423780107983
9.4925 -37.6153269043829
9.497499999999999 5.497501125358319
9.5025 -77.79946850851354
9.5075 -5.849012762504874
9.5125 34.9098961913417
9.5175 172.02428072426227
9.522499999999999 -47.191500489569684
9.5275 44.822900532602354
9.532499999999999 300.9514414483516
9.5375 -233.37608037535406
9.5425 -156.19410943611388
9.5475 -226.30452194566624
9.5525 279.4725145106832
9.5575 -84.67612294526496
9.5625 3.307756854279053
9.567499999999999 212.2211931290708
9.5725 -447.99295828559656
9.577499999999999 384.4568756459211
9.5825 29.95913623608407
9.5875 206.42162507926108
9.5925 -87.72119190096751
9.5975 -54.90217029298762
9.6025 168.65807417300724
9.6075 -138.53504788093494
9.612499999999999 -80.61461133931171
9.6175 -56.26854332961988
9.622499999999999 -101.10535346083184
9.6275 76.43440309270821
9.6325 -70.39332389090939
9.6375 111.99838635389297
9.6425 6.222314790488012
9.647499999999999 53.58924424276842
9.6525 63.98152033541058
9.657499999999999 -380.4159610911034
9.6625 53.21945236252657
9.6675 -10.81731569298427
9.6725 133.25494143198267
9.6775 220.6008721435591
9.6825 -153.08459776803286
9.6875 93.3503261983137
9.692499999999999 -27.885576855199233
9.6975 56.07850901533127
9.702499999999999 87.50046129467927
9.7075 -84.66013358806619
9.7125 237.29934892584785
9.7175 -69.74235043895987
9.7225 137.17754192804244
9.7275 -47.23983568188118
9.7325 72.28429163918737
9.737499999999999 -236.85019028402525
9.7425 20.390423491238074
9.747499999999999 3.173035920749075
9.7525 20.448004335854776
9.7575 113.94539356612184
9.7625 -21.367433823897162
9.7675 5.034232679131064
9.772499999999999 177.6673008692184
9.7775 -59.39438805357638
9.782499999999999 -61.2753224848176
9.7875 -165.9952003827558
9.7925 148.5402017586424
9.7975 -208.64994807937308
9.8025 110.98071273077827
9.8075 -154.68006860523187
9.8125 -59.243355907195536
9.817499999999999 27.763090647152257
9.8225 123.57882456125938
9.827499999999999 45.838892505989435
9.8325 -84.71379242550128
9.8375 -105.65827476326035
9.8425 79.53955832742795
9.8475 -60.283352838314016
9.8525 11.577886784188163
9.8575 -118.61648227639898
9.862499999999999 87.93169023447656
9.8675 124.26505897101846
9.872499999999999 -208.727863398284
9.8775 226.85549322802183
9.8825 -64.10247516321266
9.8875 325.6383186710433
9.8925 -149.32100541195638
9.897499999999999 -196.6925807176744
9.9025 16.054170058308703
9.907499999999999 -108.004006389284
9.9125 100.6015456109423
9.9175 -33.0953198162532
9.9225 -219.96831157186645
9.9275 -22.56531845310292
9.9325 92.53161700219607
9.9375 74.38054013294631
9.942499999999999 52.50710948544727
9.9475 -141.6900442266131
9.952499999999999 356.8248215666985
9.9575 -124.96414944820212
9.9625 -155.3415735530811
9.9675 195.92906766053858
9.9725 9.917251625290982
9.9775 -151.6676444445936
9.9825 -153.84286415696923
9.987499999999999 -143.9727839250057
9.9925 240.58538499748326
9.997499999999999 110.9096634903326
10.0025 -241.96335733811696
