0.0075 268.6797062965813
0.012499999999999999 -8.508921296370463
0.017499999999999998 27.519477761964854
0.0225 -117.27546741234934
0.0275 330.2355074287838
0.0325 139.27683054975964
0.0375 -300.8265343489362
0.042499999999999996 -138.24636428294247
0.0475 216.3882785207049
0.0525 -199.73017712201693
0.057499999999999996 48.32132699106711
0.0625 71.57937223245492
0.06749999999999999 -201.18130425224462
0.0725 286.89652264331636
0.0775 -34.93189909112274
0.08249999999999999 -99.38464965523852
0.0875 195.404766908634
0.0925 109.3947372932384
0.09749999999999999 33.50018106729338
0.1025 -425.4945487013036
0.1075 114.21384381249734
0.11249999999999999 131.10925651535118
0.1175 -220.50706635319037
0.1225 80.95011585535393
0.1275 -76.35763808537149
0.1325 102.82850486944417
0.13749999999999998 -203.28375774401258
0.1425 -90.32497149343193
0.1475 453.0469296902627
0.1525 -412.6346926961776
0.1575 -86.25757398184757
0.1625 203.54245731682664
0.16749999999999998 149.5942653344542
0.1725 -43.02964768659508
0.1775 126.53969944693776
0.1825 18.64797278348072
0.1875 -185.31975506446048
0.1925 216.5741710817207
0.19749999999999998 -89.59616818669497
0.20249999999999999 -49.49585958475966
0.2075 -8.948487955521447
0.2125 -132.44424875748905
0.2175 78.14669522846685
0.2225 208.3267201326803
0.22749999999999998 -16.90412293788662
0.23249999999999998 -88.00430065905314
0.2375 254.00150119178426
0.2425 -39.3411689525594
0.2475 206.2220186515582
0.2525 -291.4444185533062
0.2575 -129.10647733398287
0.2625 280.20400145293746
0.2675 -145.03022767881
0.27249999999999996 67.38582362172707
0.27749999999999997 -20.037350340999385
0.2825 -55.43875761620462
0.2875 -6.647676376524693
0.2925 -72.1484734226309
0.2975 64.2853564132726
0.3025 149.43028474833977
0.3075 -310.5248864976424
0.3125 279.9684414367612
0.3175 -174.90376060509683
0.3225 287.29406582318273
0.32749999999999996 65.6025132994614
0.33249999999999996 -188.95150739773754
0.33749999999999997 121.76721436364818
0.34249999999999997 -4.472667727206186
0.3475 -538.3699906544689
0.3525 -45.361939536415434
0.3575 18.760037763426997
0.3625 142.89812533761793
0.3675 77.62579067213889
0.3725 -78.05477504377865
0.3775 -99.56134077633637
0.3825 176.02897007015906
0.38749999999999996 -62.791872895011416
0.39249999999999996 101.00443862124494
0.39749999999999996 -274.5469216673349
0.40249999999999997 26.477216788184943
0.4075 -142.16816698226526
0.4125 88.28396273423976
0.4175 92.0046682029805
0.4225 7.64426148199168
0.4275 31.18672264174633
0.4325 -59.18324811411491
0.4375 206.86008774457682
0.4425 -204.5692921150067
0.44749999999999995 154.02301542370375
0.45249999999999996 -298.9487026798685
0.45749999999999996 41.574932773779494
0.46249999999999997 224.83788205724704
0.46749999999999997 45.252339133886835
0.4725 -29.942476587515007
0.4775 402.21710935414876
0.4825 -160.59796466175504
0.4875 -55.28308711515985
0.4925 -218.2712669857683
0.4975 276.7277402995783
0.5025 6.648271929449104
0.5075 181.67381476559427
0.5125 -118.5626740905726
0.5175 -173.9626661262328
0.5225 2.9580895052844642
0.5275 -46.829970009679776
0.5325 -216.49515565071684
0.5375 231.87185811562813
0.5425 90.91091010281721
0.5475 -137.1487220308093
0.5525 -115.48280090681047
0.5575 -40.52835398668489
0.5625 164.37668199654357
0.5675 -75.96323122172242
0.5725 308.2728935538997
0.5775 -84.53949219450912
0.5825 -94.1695062037213
0.5875 -16.29046355647748
0.5925 119.57261515138349
0.5974999999999999 -139.68358240669076
0.6024999999999999 47.12282259893358
0.6074999999999999 -15.269189781833264
0.6124999999999999 71.17973067479458
0.6174999999999999 -238.11823865587994
0.6224999999999999 176.59391042731184
0.6275 157.11751093344242
0.6325 -160.2698280874067
0.6375 -172.14318151824216
0.6425 28.700089032560097
0.6475 -24.70382583079141
0.6525 -147.55333495849536
0.6575 26.504915585599687
0.6625 -39.95827972923695
0.6675 122.0970514043056
0.6725 -193.6903263271846
0.6775 218.11665679405155
0.6825 50.34349894590951
0.6875 -14.254214956520858
0.6925 227.59651474638886
0.6975 -167.81064811030876
0.7025 -83.42716669278252
0.7075 254.64652090630025
0.7125 137.64661272375236
0.7174999999999999 -325.62028159607763
0.7224999999999999 51.73512751922552
0.7274999999999999 -6.30869079445455
0.7324999999999999 -39.33631039280061
0.7374999999999999 -237.1367531348612
0.7424999999999999 27.309674984047355
0.7474999999999999 268.43776703446787
0.7525 -82.22602507616199
0.7575 45.234843397495446
0.7625 -73.73303249299043
0.7675 306.7816160495417
0.7725 -158.99345094394334
0.7775 -116.73477807591627
0.7825 210.27895427543575
0.7875 -203.1729243948527
0.7925 -255.44713697246135
0.7975 440.81323214526066
0.8025 295.15713704114
0.8075 -144.68617585939748
0.8125 -252.13076922943623
0.8175 154.41459822112012
0.8225 -154.44357601973616
0.8275 36.97606289264937
0.8325 197.76514809862272
0.8374999999999999 8.082956788678173
0.8424999999999999 -23.916890340442535
0.8474999999999999 -166.69202260657448
0.8524999999999999 161.57798525269413
0.8574999999999999 -10.689741770796617
0.8624999999999999 51.01771416557319
0.8674999999999999 147.29851765434825
0.8724999999999999 10.559567344417518
0.8775 -103.39819647920763
0.8825 -252.86896398408857
0.8875 134.55736427696658
0.8925 -98.91788500922549
0.8975 228.24988224647169
0.9025 161.10207311640224
0.9075 -99.62077038297755
0.9125 -232.70532556449606
0.9175 -61.628572879358565
0.9225 -211.5694717509044
0.9275 224.2951600036784
0.9325 155.02558788489836
0.9375 18.262359974181827
0.9425 74.0343747734549
0.9475 -320.5279906838157
0.9524999999999999 17.152693005404863
0.9574999999999999 105.44435733847415
0.9624999999999999 -247.70803044583266
0.9674999999999999 76.76882986602007
0.9724999999999999 92.62273162666264
0.9774999999999999 -72.36260283002363
0.9824999999999999 77.64251828409483
0.9874999999999999 -113.07077024027595
0.9924999999999999 232.40863965600406
0.9974999999999999 30.272142568340968
1.0025 -158.14305712475377
1.0075 81.34006976842147
1.0125 -273.8738278106586
1.0174999999999998 197.12129573587185
1.0225 -17.275963193817805
1.0274999999999999 19.28775208006036
1.0325 183.1592509714618
1.0374999999999999 -155.63539960436032
1.0425 -102.18131289244552
1.0474999999999999 24.783799460020354
1.0525 57.12696682888207
1.0574999999999999 57.02926850625657
1.0625 -92.41920148117981
1.0675 -23.978153182138882
1.0725 156.15496226210283
1.0775 -8.017669567070316
1.0825 242.05276162743806
1.0875 -90.93968341914241
1.0925 -97.37157387272556
1.0975 80.89401796789137
1.1025 273.9890955569875
1.1075 -216.80853147220964
1.1125 38.7709647554318
1.1175 64.94399742478997
1.1225 -179.69158738674645
1.1275 34.77706454785781
1.1324999999999998 34.82070059501499
1.1375 -46.130630574649125
1.1424999999999998 17.16451797679931
1.1475 83.58389723690229
1.1524999999999999 -89.46832280571324
1.1575 -62.33423415942155
1.1624999999999999 156.6567123280123
1.1675 19.03285727265111
1.1724999999999999 147.39619742356123
1.1775 -145.5264043823111
1.1824999999999999 -39.700500984653985
1.1875 -46.14253212821426
1.1925 1.417184912134137
1.1975 122.55919690853165
1.2025 6.153422153971205
1.2075 -229.28593532738395
1.2125 144.4814353998149
1.2175 173.90733787642725
1.2225 -523.2548305136014
1.2275 -58.856236981873
1.2325 -78.8941495833799
1.2375 46.9499950615057
1.2425 230.712838806465
1.2475 -41.78773673064748
1.2525 -129.89099129148894
1.2574999999999998 60.95973393861278
1.2625 -95.90959549629778
1.2674999999999998 143.0890939017552
1.2725 53.361793879963
1.2774999999999999 -55.11966102606827
1.2825 167.1510971920726
1.2874999999999999 85.23596071923018
1.2925 -9.149817482064964
1.2974999999999999 -295.01959572574293
1.3025 -156.82636788982722
1.3074999999999999 137.1528337828193
1.3125 -120.33836869755778
1.3175 -89.09100218753598
1.3225 76.14693684858544
1.3275 -86.46910025335912
1.3325 282.4736566175151
1.3375 -281.04327983434877
1.3425 131.3194766792574
1.3475 77.76335593591237
1.3525 -176.2557259300488
1.3575 71.66442686501577
1.3625 231.76230482034543
1.3675 -163.4958815028074
1.3724999999999998 70.97331646055358
1.3775 -15.636975525005704
1.3824999999999998 127.7604400381455
1.3875 16.039369303769515
1.3924999999999998 -118.78451908587049
1.3975 -125.77045127999149
1.4024999999999999 455.6926756543449
1.4075 -239.7706617586073
1.4124999999999999 6.181684790907299
1.4175 -16.225997816814022
1.4224999999999999 -263.88756196478596
1.4275 313.04992553909364
1.4324999999999999 125.83109435876005
1.4375 -18.77008621267963
1.4425 -237.0152707848559
1.4475 -5.910447848293038
1.4525 339.33182874473414
1.4575 182.1772974702196
1.4625 -318.83153924768305
1.4675 -99.74294631480717
1.4725 -155.76121832109283
1.4775 41.01487762224386
1.4825 -102.27265963194492
1.4874999999999998 368.92923867031743
1.4925 -327.4392968422077
1.4974999999999998 142.46726325536684
1.5025 -87.97070529766395
1.5074999999999998 -57.6802306419403
1.5125 -107.74826904641264
1.5174999999999998 207.01186308013305
1.5225 -58.94388146028196
1.5274999999999999 -128.53110984387558
1.5325 142.48524453851059
1.5374999999999999 74.11316387914331
1.5425 206.75850794279128
1.5474999999999999 -14.654507857385529
1.5525 -70.94663349536864
1.5574999999999999 -194.92512461534065
1.5625 164.21294931560024
1.5675 60.23809409127884
1.5725 83.72088247626267
1.5775 -141.30493985976707
1.5825 -51.44425817134062
1.5875 -143.6679177379972
1.5925 -127.54120502112207
1.5975 14.091523700989827
1.6025 282.916052277317
1.6075 -192.15589134844407
1.6124999999999998 8.019754523246679
1.6175 285.6659536121161
1.6224999999999998 -149.96971903194796
1.6275 21.714824761288657
1.6324999999999998 102.94239361036264
1.6375 41.58523004929463
1.6424999999999998 66.31570121210805
1.6475 78.58433049053632
1.6524999999999999 -217.95466023881292
1.6575 76.13348707196123
1.6624999999999999 -164.7918544710544
1.6675 -196.57397348868216
1.6724999999999999 225.89360465025487
1.6775 156.34388521382496
1.6824999999999999 19.497284320275202
1.6875 95.05532743509488
1.6925 -15.309061723191697
1.6975 11.124633496338651
1.7025 -25.891679774650104
1.7075 146.0247506207438
1.7125 -135.95004631567534
1.7175 165.58777376058185
1.7225 -59.965042072268446
1.7274999999999998 -78.76252614864397
1.7325 -218.94152124924256
1.7374999999999998 155.6122117862853
1.7425 -4.734149785555475
1.7474999999999998 61.987211395421134
1.7525 -14.851254559460104
1.7574999999999998 -73.0344024216983
1.7625 68.07138273990537
1.7674999999999998 -151.06020887777493
1.7725 63.40466052920261
1.7774999999999999 133.8979581016647
1.7825 10.194981472769014
1.7874999999999999 -42.088182534234704
1.7925 237.52174618123234
1.7974999999999999 -224.51412632518202
1.8025 -70.88685861103691
1.8074999999999999 -155.56174782016367
1.8125 -54.18382426850044
1.8175 92.0384670351048
1.8225 -266.3496626992841
1.8275 153.1103799058285
1.8325 40.30462535947382
1.8375 11.270978603337856
1.8425 -30.2728697042091
1.8475 162.18388812342306
1.8524999999999998 -69.57389045378228
1.8575 -53.80103105156172
1.8624999999999998 -66.7822345325952
1.8675 -237.13902507259178
1.8724999999999998 -20.048517521549677
1.8775 172.28901397208494
1.8824999999999998 -46.645469086185024
1.8875 301.7361073694907
1.8924999999999998 -22.66077431292264
1.8975 202.75288039951127
1.9024999999999999 -86.77927962452463
1.9075 50.77932281594844
1.9124999999999999 -358.94778171106026
1.9175 -58.28257467866822
1.9224999999999999 -160.1639754742006
1.9275 -12.515325714454223
1.9324999999999999 98.44576329562945
1.9375 -147.31338933292523
1.9425 120.09370497866736
1.9475 -59.5859316419163
1.9525 -29.36114896167861
1.9575 -159.00256027472133
1.9625 448.8241087948398
1.9674999999999998 81.83031711334205
1.9725 237.39777780553814
1.9774999999999998 -229.92031492300723
1.9825 6.260681931667658
1.9874999999999998 306.74523214973095
1.9925 16.929122279576656
1.9974999999999998 -313.1051079932889
2.0025 13.25864621116364
2.0075 -152.6590001178868
2.0124999999999997 222.4914401381694
2.0175 80.31852058744863
2.0225 63.50709299845564
2.0275 -243.62216636752123
2.0324999999999998 130.06287905251978
2.0375 -142.47155212009466
2.0425 -183.291120732355
2.0475 138.54725668427426
2.0524999999999998 182.14324505011922
2.0575 -51.59678880184493
2.0625 140.83248418474628
2.0675 266.1000069281741
2.0725 -249.55051062696467
2.0775 -25.271294189083992
2.0825 37.86720013724637
2.0875 -305.4279490740203
2.0925 233.3465322895769
2.0974999999999997 60.355290602999546
2.1025 -156.44613109627724
2.1075 52.18680574078087
2.1125 68.03461188301821
2.1174999999999997 -192.90744788259582
2.1225 215.77477993553728
2.1275 -280.2281128925869
2.1325 -15.701831675838319
2.1374999999999997 81.99578539365213
2.1425 -179.29178108531
2.1475 207.1638328975592
2.1525 -91.71878700090075
2.1574999999999998 31.354989460898874
2.1625 -102.14063558824218
2.1675 129.28216875839843
2.1725 -214.79481803127882
2.1774999999999998 257.4130676127517
2.1825 2.939673203830922
2.1875 -172.50127816939246
2.1925 89.19789273916547
2.1975 -41.903641345887294
2.2024999999999997 -28.174084261565312
2.2075 58.49593918544541
2.2125 236.83765923028037
2.2175 -222.73800209485094
2.2224999999999997 82.54203680629695
2.2275 162.12397770707105
2.2325 93.36276935362211
2.2375 -202.31847422072155
2.2424999999999997 97.17317815387582
2.2475 63.48986437857028
2.2525 -46.77395133607765
2.2575 118.96904922112108
2.2624999999999997 -259.03833101970235
2.2675 36.64821567258514
2.2725 -18.00066448579669
2.2775 153.43969929311905
2.2824999999999998 -136.12248725788416
2.2875 -61.28056902143255
2.2925 40.579855628060955
2.2975 -186.61990189259475
2.3024999999999998 156.45402327056223
2.3075 14.19093887219287
2.3125 -310.6973187552751
2.3175 331.86045740148944
2.3225 -134.60694320583718
2.3274999999999997 181.9396641130249
2.3325 -18.379731493268547
2.3375 -115.23031291122969
2.3425 131.4353568197829
2.3474999999999997 -163.5703204253977
2.3525 -63.494823534668406
2.3575 131.23620422697127
2.3625 84.61636279839563
2.3674999999999997 5.497185585761542
2.3725 83.7520464195246
2.3775 -88.49293727828395
2.3825 -87.99253805870494
2.3874999999999997 81.29012595577194
2.3925 -41.725993079240276
2.3975 3.9275429409281846
2.4025 -284.8845159847499
2.4074999999999998 176.40792865201468
2.4125 66.13992012931351
2.4175 -118.55093741236809
2.4225 130.22256919489254
2.4274999999999998 -81.56643469080413
2.4325 52.93228501256314
2.4375 -153.77143272938477
2.4425 62.88709795564317
2.4475 -6.217299447814484
2.4524999999999997 141.5874614878774
2.4575 -90.74545984958168
2.4625 20.946384786253734
2.4675 13.888413507393196
2.4724999999999997 -101.78836793243288
2.4775 77.70997921561468
2.4825 275.39702929026805
2.4875 -435.3420681810588
2.4924999999999997 218.27056985116292
2.4975 -48.59755256470431
2.5025 82.02326049744114
2.5075 -178.33292599048477
2.5124999999999997 41.8822549194219
2.5175 13.634407553185035
2.5225 -48.52959996775354
2.5275 -9.210840313659343
2.5324999999999998 228.33630088381162
2.5375 -71.88371030512998
2.5425 66.191187287136
2.5475 177.89146451473934
2.5524999999999998 -96.54492750042877
2.5574999999999997 -11.544354320183142
2.5625 -40.15852105208349
2.5675 160.819144892231
2.5725 -158.9932925162225
2.5774999999999997 56.801216539182406
2.5825 -428.6456558043371
2.5875 403.2839054395531
2.5925 -58.28328734024293
2.5974999999999997 -46.288581696458515
2.6025 13.080302125756088
2.6075 -11.551434091853261
2.6125 -8.443876190216347
2.6174999999999997 -14.618899779702629
2.6225 -86.83886950106945
2.6275 302.06997747463566
2.6325 -288.82250094412757
2.6374999999999997 152.25339988837476
2.6425 240.81797781357545
2.6475 -308.43052887294334
2.6525 78.04433670969479
2.6574999999999998 27.863822255342768
2.6625 136.84827912208075
2.6675 2.009351941566871
2.6725 -356.7213993189438
2.6774999999999998 71.2624770523068
2.6824999999999997 -166.364380658308
2.6875 -66.87939730636378
2.6925 10.398699784066439
2.6975 237.62113510133048
2.7024999999999997 -243.35063914953142
2.7075 172.021010323454
2.7125 89.55744576740385
2.7175 -295.42102920092987
2.7224999999999997 205.3832776912557
2.7275 21.387482036142707
2.7325 65.85417704982362
2.7375 -158.76479237239
2.7424999999999997 155.83947108841744
2.7475 -77.31609290019115
2.7525 -23.94354540971649
2.7575 155.5570752550755
2.7624999999999997 -12.407310115471745
2.7675 -35.95355959257051
2.7725 -36.97777533314663
2.7775 56.81342600044415
2.7824999999999998 -5.134200834135378
2.7875 -13.81078392419301
2.7925 -153.22963360939906
2.7975 -43.68923492214932
2.8024999999999998 621.2726479023523
2.8074999999999997 -418.46866772048446
2.8125 -4.054364857779902
2.8175 -40.35300608001738
2.8225 -9.220507825825791
2.8274999999999997 230.14230900352743
2.8325 -188.1793435817565
2.8375 -35.20903246612696
2.8425 145.66187824226844
2.8474999999999997 -101.81454087615113
2.8525 230.9603942260138
2.8575 -129.79133157051916
2.8625 8.078451467471325
2.8674999999999997 13.233866352395797
2.8725 -175.0713662780009
2.8775 205.05555047624247
2.8825 -28.352494731345914
2.8874999999999997 139.35027100927218
2.8925 74.80880736913886
2.8975 -0.8445484415800917
2.9025 -74.88698618598247
2.9074999999999998 5.767521174648564
2.9125 -116.43059264124464
2.9175 -189.83243263356613
2.9225 -140.57268167077282
2.9274999999999998 182.90595399446275
2.9324999999999997 49.36049178189784
2.9375 89.60829053902715
2.9425 -65.31594465890805
2.9475 38.85007045339288
2.9524999999999997 -45.730580315576134
2.9575 131.83347699761921
2.9625 51.9818579040488
2.9675 -19.9491630765868
2.9724999999999997 -78.06701634848594
2.9775 46.64144944331499
2.9825 -19.61161965893823
2.9875 143.6699507183017
2.9924999999999997 -27.560785816400525
2.9975 -119.27088245152584
3.0025 329.3543232346873
3.0075 -152.021960147131
3.0124999999999997 -262.43356681910734
3.0175 6.613668630899226
3.0225 2.231658929994143
3.0275 50.54683276733964
3.0324999999999998 -265.6099639339599
3.0374999999999996 48.27008983450737
3.0425 -7.8727242558302875
3.0475 -144.8607197848572
3.0524999999999998 -48.912697539607734
3.0574999999999997 210.32737026062145
3.0625 -31.130270397263715
3.0675 132.89540195694636
3.0725 -175.35684072776314
3.0774999999999997 84.24337631000927
3.0825 -218.11973244982096
3.0875 60.652470742819965
3.0925 233.1485476406606
3.0974999999999997 -188.70623286366438
3.1025 210.3398668392311
3.1075 32.20670873061321
3.1125 -142.45935423826768
3.1174999999999997 52.389127940684716
3.1225 -1.188832932432513
3.1275 -92.76624819355665
3.1325 -36.43293187449912
3.1374999999999997 66.41307662640558
3.1425 -80.23161324532872
3.1475 -103.46700148045693
3.1525 93.27890319213637
3.1574999999999998 9.303258150872574
3.1624999999999996 27.71259404807819
3.1675 -2.0534306389340333
3.1725 -242.72857665127916
3.1774999999999998 222.70817162876742
3.1824999999999997 -22.736674086473446
3.1875 -47.91492251717831
3.1925 -78.02310976362611
3.1975 -176.9848460922274
3.2024999999999997 198.6940356163303
3.2075 -67.5076695396665
3.2125 318.0223718018596
3.2175 -147.7708083224239
3.2224999999999997 142.9000248912539
3.2275 -163.00854941216815
3.2325 2.9503673381550213
3.2375 -267.0303792452186
3.2424999999999997 157.9740056673128
3.2475 -5.702383169847526
3.2525 90.46179725239561
3.2575 94.60073050516549
3.2624999999999997 46.4620973220584
3.2675 -13.876956183051872
3.2725 -42.86681372768927
3.2775 -147.74004492233655
3.2824999999999998 263.8550877032152
3.2874999999999996 -50.38173029189989
3.2925 -9.13787013709879
3.2975 -3.6626636343263663
3.3024999999999998 51.58223266286471
3.3074999999999997 -145.81512811357172
3.3125 -19.784571675289612
3.3175 5.04817695025265
3.3225 89.46210675460745
3.3274999999999997 116.28803532525163
3.3325 -74.16363968786864
3.3375 157.94295778156732
3.3425 53.2307030992253
3.3474999999999997 -103.95524703059614
3.3525 244.05188550692927
3.3575 -222.10343170172334
3.3625 280.7792784594357
3.3674999999999997 -126.84224323356543
3.3725 -123.65149656737529
3.3775 141.50081599888406
3.3825 -168.77415208501478
3.3874999999999997 211.2921806061018
3.3924999999999996 -26.574780894635
3.3975 -133.44267505733058
3.4025 211.38949160979354
3.4074999999999998 -33.155703147246946
3.4124999999999996 -31.46311769620113
3.4175 -116.2747347654342
3.4225 -288.16394500198015
3.4274999999999998 113.28376272481586
3.4324999999999997 231.850557909897
3.4375 -62.9216961223981
3.4425 170.66837944417327
3.4475 -63.2865337151678
3.4524999999999997 -118.69916101948556
3.4575 271.83243109928236
3.4625 -119.65305564236779
3.4675 -44.607488571227236
3.4724999999999997 -210.99735214421028
3.4775 159.62017824379913
3.4825 157.12650986483692
3.4875 -108.15186202038713
3.4924999999999997 -65.11654448988652
3.4975 -164.62857180905223
3.5025 76.0742285251515
3.5075 60.56305513723312
3.5124999999999997 -54.156537330526014
3.5174999999999996 -133.7873842371107
3.5225 -25.905876951153257
3.5275 68.2709474553263
3.5324999999999998 -52.5015413563492
3.5374999999999996 72.08794600662529
3.5425 -85.59589139494258
3.5475 59.449610114701926
3.5524999999999998 -231.99249082460912
3.5574999999999997 140.1969048017821
3.5625 -230.0399833808768
3.5675 202.8042783523126
3.5725 158.91576846377987
3.5774999999999997 -172.24254201609136
3.5825 -272.6196171264921
3.5875 84.17311177364427
3.5925 284.89704335412915
3.5974999999999997 54.544471816491104
3.6025 108.97334350424237
3.6075 246.9736213768347
3.6125 -172.747480637259
3.6174999999999997 -74.89620841624921
3.6225 15.895230079089057
3.6275 189.49589820575414
3.6325 1.4506202667886916
3.6374999999999997 -146.09809265506098
3.6424999999999996 26.350728306420056
3.6475 218.26015020207603
3.6525 -319.1298344673317
3.6574999999999998 283.8160352231748
3.6624999999999996 -378.15163736520316
3.6675 -2.6612296421023016
3.6725 340.48493908808507
3.6774999999999998 -246.22997876130424
3.6824999999999997 160.62721418233411
3.6875 -181.9080012013931
3.6925 337.88160056681676
3.6975 -339.5142587586964
3.7024999999999997 176.66436523484322
3.7075 141.89811166833283
3.7125 65.45612240106118
3.7175 -17.097238039739587
3.7224999999999997 -70.89097615276431
3.7275 8.146650258994889
3.7325 -135.0341698719166
3.7375 -0.12956650605503506
3.7424999999999997 -15.540343299883574
3.7474999999999996 33.11798629659576
3.7525 241.26376710305652
3.7575 -300.89983296037315
3.7624999999999997 127.03014219481963
3.7674999999999996 75.45515641592192
3.7725 163.18589148171688
3.7775 84.69576232451335
3.7824999999999998 -441.2317532475566
3.7874999999999996 235.84545138296147
3.7925 -102.85181570564927
3.7975 -138.34861323809807
3.8024999999999998 20.88012660272569
3.8074999999999997 -275.183875318668
3.8125 -37.690094261849524
3.8175 232.20216043902707
3.8225 52.457957942986326
3.8274999999999997 10.020141482216404
3.8325 -443.54511265577815
3.8375 99.81901135847205
3.8425 113.34975270626586
3.8474999999999997 64.62783938093092
3.8525 -187.46594671294653
3.8575 155.00221716438818
3.8625 46.60445604416635
3.8674999999999997 3.2698031515535653
3.8724999999999996 -214.82512035932822
3.8775 85.44586165917403
3.8825 3.5963029464839398
3.8874999999999997 129.54870609531267
3.8924999999999996 -67.99268416434313
3.8975 -24.725992816426146
3.9025 -38.95806368301278
3.9074999999999998 -78.61958802714923
3.9124999999999996 -134.25780456330625
3.9175 338.90296776644584
3.9225 -157.12075580686047
3.9274999999999998 182.47822941268936
3.9324999999999997 144.7601926589575
3.9375 -184.5887779820193
3.9425 171.33361718071365
3.9475 -241.146697965118
3.9524999999999997 86.33241634247106
3.9575 -6.698644049599673
3.9625 6.843491198813347
3.9675 32.97690377951877
3.9724999999999997 -140.10126867121693
3.9775 70.24391391806859
3.9825 -69.5725017111199
3.9875 144.24196847860384
3.9924999999999997 -49.69204731593886
3.9974999999999996 16.00614395795418
4.0024999999999995 146.54760868034685
4.007499999999999 -209.881621499162
4.0125 -5.318445957389893
4.0175 171.27672741781598
4.0225 139.74185143816783
4.0275 -274.57920618407724
4.0325 -0.629170429002293
4.0375 -42.42549462635736
4.0424999999999995 -52.085281993986285
4.047499999999999 72.28510246278842
4.0525 177.6080123211459
4.0575 157.80195526785766
4.0625 -330.43007272325394
4.0675 229.14630445035348
4.0725 -124.29518708120872
4.0775 -86.56630802902184
4.0825 -0.26574881688351065
4.0874999999999995 71.27465519646096
4.0925 -281.39514885495856
4.0975 250.24333557727593
4.1025 -99.15025926348684
4.1075 -72.86574453345418
4.1125 46.78893670365032
4.1175 78.79133209792163
4.1225 207.29150590286457
4.1274999999999995 -165.60314519703562
4.132499999999999 -44.77666042847262
4.1375 203.13780002173937
4.1425 5.421711356437583
4.1475 -193.28002774202517
4.1525 11.911644516182333
4.1575 -58.42281794989525
4.1625 131.61784686916678
4.1674999999999995 -148.3435032164896
4.172499999999999 122.32755189549019
4.1775 -16.95879300209453
4.1825 87.92901196385405
4.1875 46.99641227835322
4.1925 16.252812761238136
4.1975 40.39995542452518
4.2025 -3.9408487641250165
4.2075 36.43988585140088
4.2124999999999995 103.47590501309925
4.2175 -209.49146034052941
4.2225 -109.43043484837159
4.2275 196.7631334240631
4.2325 -146.40232151261293
4.2375 45.712603111551466
4.2425 160.85392240864002
4.2475 29.254469208395246
4.2524999999999995 -92.41120167078547
4.257499999999999 94.08563662103893
4.2625 -89.8707060577182
4.2675 99.70059426906175
4.2725 132.44360794104355
4.2775 -14.641939433646716
4.2825 86.80232927888964
4.2875 21.89072821765492
4.2924999999999995 -106.40863660897007
4.297499999999999 156.26001799966332
4.3025 39.0388599784465
4.3075 3.7841387471850045
4.3125 14.822636118074602
4.3175 -166.08845707106553
4.3225 -143.5639811264878
4.3275 -135.759472439203
4.3325 -23.075591904075445
4.3374999999999995 306.21432204069276
4.342499999999999 -171.09088900381602
4.3475 -87.72754914222651
4.3525 -28.173284885814514
4.3575 146.88760601706977
4.3625 -219.2784666811958
4.3675 -137.63853763058412
4.3725 114.17149102658917
4.3774999999999995 56.40024439920241
4.382499999999999 195.9694683083607
4.3875 96.26381961603313
4.3925 -278.836308259229
4.3975 219.2377039786612
4.4025 131.11554862228974
4.4075 -340.53045153000875
4.4125 17.720650331646414
4.4174999999999995 -77.08415866445006
4.422499999999999 191.346991644153
4.4275 -33.41814208797645
4.4325 -18.713659232418276
4.4375 -59.92466274113305
4.4425 7.67660626442852
4.4475 71.3724627342096
4.4525 -51.45782137379153
4.4575 -159.3035655755419
4.4624999999999995 197.1219939231531
4.467499999999999 200.51889610848536
4.4725 -0.5069081777500282
4.4775 -210.67266821518297
4.4825 -88.27330145491695
4.4875 -93.93443288848869
4.4925 -54.71224282530142
4.4975 290.8683573168941
4.5024999999999995 -97.74139496472323
4.507499999999999 -153.19285179810348
4.5125 -299.49086918373837
4.5175 440.45082215466823
4.5225 -138.34019046890646
4.5275 39.946129020448076
4.5325 130.4401946704866
4.5375 16.954936852948023
4.5424999999999995 -50.95821929302708
4.547499999999999 -15.410862586913234
4.5525 136.67880198882847
4.5575 -102.14671617311993
4.5625 -80.6661423240281
4.5675 44.09610994215908
4.5725 -25.01243697805601
4.5775 110.42014018904476
4.5825 -373.43625363266426
4.5874999999999995 403.00353416510865
4.592499999999999 -169.59394580046384
4.5975 41.673916413661594
4.6025 402.6950340751499
4.6075 -507.49363449702673
4.6125 163.09186923486916
4.6175 -98.84286395687036
4.6225 103.57792299122222
4.6274999999999995 61.87351950489331
4.632499999999999 98.9992768560416
4.6375 -222.8820055243421
4.6425 9.646714185802852
4.6475 -33.71959846041407
4.6525 -71.80828976227619
4.6575 121.52016186000385
4.6625 -60.47059308763268
4.6674999999999995 -52.44728433584199
4.672499999999999 127.27773340534854
4.6775 6.420887622055524
4.6825 -75.61235250595222
4.6875 4.576686052681214
4.6925 -134.5388856044668
4.6975 -163.3087754696642
4.7025 4.1105627494516
4.7075 215.87346422071434
4.7124999999999995 -46.36235401204408
4.717499999999999 -6.595838669914088
4.7225 45.62273498691818
4.7275 102.38905584682342
4.7325 -122.42482309487501
4.7375 185.8698374278228
4.7425 -68.52828249702338
4.7475 23.320259965253904
4.7524999999999995 42.0778120977455
4.757499999999999 -53.11807388500422
4.7625 -7.398231389801449
4.7675 -77.08220252948522
4.7725 39.50982769610268
4.7775 -72.29489734873705
4.7825 90.30628175941705
4.7875 86.72197247563827
4.7924999999999995 -201.3520022263555
4.797499999999999 139.0846558822262
4.8025 -57.698870900188545
4.8075 -19.984908923226254
4.8125 172.73365716069532
4.8175 -221.95415397129074
4.8225 -73.02273982555924
4.8275 238.32512078455218
4.8325 87.54525239045216
4.8374999999999995 -28.30082485920485
4.842499999999999 -227.52252768492258
4.8475 30.917186560194594
4.8525 -66.968929495805
4.8575 228.5268986428681
4.8625 -161.16049847024834
4.8675 -20.570875823275962
4.8725 53.034598266272106
4.8774999999999995 120.88326452683063
4.882499999999999 -259.32941090276444
4.8875 173.126878184959
4.8925 81.6770456621831
4.8975 -58.82792315857196
4.9025 -269.1212756716051
4.9075 87.37900552474004
4.9125 36.18760746990585
4.9174999999999995 -8.725888685055251
4.922499999999999 -54.58672928588742
4.9275 -55.090437164463935
4.9325 -140.78508982150774
4.9375 268.31493094327334
4.9425 64.62192571097331
4.9475 -48.79753571878985
4.9525 14.48488887605764
4.9575 219.40727716858805
4.9624999999999995 129.49712655592106
4.967499999999999 -351.53788930413356
4.9725 317.52138255744654
4.9775 -3.3813912693235615
4.9825 -146.33282016626512
4.9875 -95.02025306408609
4.9925 283.1315340442618
4.9975 27.193097050994062
5.0024999999999995 -17.854387671145574
5.007499999999999 -155.1046003552513
5.0125 -3.3280101409456035
5.0175 96.48643530166392
5.0225 4.263487870244127
5.0275 68.51336397436947
5.0325 -75.81520367548869
5.0375 106.25479671283276
5.0424999999999995 -2.866171162779057
5.047499999999999 -50.754758360983736
5.0525 -17.25351803858024
5.0575 237.0282804113753
5.0625 -59.62782814217214
5.0675 -25.65781098379984
5.0725 -59.758963924803965
5.0775 18.25425910690246
5.0825 -29.61934193422264
5.0874999999999995 124.50665913991216
5.092499999999999 -12.65665324184364
5.0975 -100.58330642220655
5.1025 -123.96666562223962
5.1075 -7.4400136747236845
5.1125 -6.183875277841216
5.1175 -38.60404430873722
5.1225 31.72932758512264
5.1274999999999995 -132.3343791331027
5.132499999999999 237.7152861693897
5.1375 -76.32020177284389
5.1425 110.89771660591214
5.1475 -21.023899627782363
5.1525 -1.5603444903183483
5.1575 -19.12294691976611
5.1625 -56.35878548315385
5.1674999999999995 -304.14708713652993
5.172499999999999 171.92362740884076
5.177499999999999 22.56553583067334
5.1825 116.55994098022236
5.1875 -162.4409099940441
5.1925 53.59303256011253
5.1975 48.116971810858765
5.2025 -94.50933221744381
5.2075 -213.3300888811769
5.2124999999999995 16.218081167814674
5.217499999999999 419.9164037869305
5.2225 138.2170927877543
5.2275 -228.79173057905507
5.2325 155.42086307456876
5.2375 -144.96200654799298
5.2425 68.14255126168734
5.2475 82.45575712217396
5.2524999999999995 -267.7648272632244
5.257499999999999 -87.03345400687454
5.2625 -26.435586351759238
5.2675 -8.545648105351024
5.2725 -1.014655338181059
5.2775 201.17434395928757
5.2825 -230.4388838547135
5.2875 270.0612539192767
5.2924999999999995 -58.744693602828164
5.297499999999999 -154.67215721961193
5.302499999999999 132.64996899515236
5.3075 -114.15731327524573
5.3125 -36.77207957019769
5.3175 17.505339163987365
5.3225 71.6829871198967
5.3275 -147.07441559036664
5.3325 156.16922865204546
5.3374999999999995 -59.26132824259423
5.342499999999999 38.27647183707919
5.3475 -158.979707470747
5.3525 79.01742977221376
5.3575 292.6156305960534
5.3625 -370.1129511240723
5.3675 305.1791809718511
5.3725 21.881860475992728
5.3774999999999995 102.86061569466538
5.382499999999999 -126.95980923452206
5.3875 71.62463229533495
5.3925 -133.8874850292766
5.3975 60.61421202725657
5.4025 25.9037421244568
5.4075 -322.6050754762421
5.4125 86.15500466472938
5.4174999999999995 -86.55331033557043
5.422499999999999 51.36674848627902
5.427499999999999 218.0273244156519
5.4325 -37.5784058767014
5.4375 -91.71816302726941
5.4425 111.25546745303399
5.4475 -189.02113717054343
5.4525 30.094628517869392
5.4575 -13.544978262811664
5.4624999999999995 35.80730606837337
5.467499999999999 -40.51636058714871
5.4725 64.13855983990285
5.4775 256.6844295761288
5.4825 -141.71399260301564
5.4875 193.7612908930137
5.4925 -209.97485963405927
5.4975 118.73418933592433
5.5024999999999995 172.18206526011275
5.507499999999999 -125.76297701803315
5.5125 -70.49945835808388
5.5175 118.66542275734483
5.5225 -122.23737915277246
5.5275 10.848429765726094
5.5325 -12.05436157574104
5.5375 -185.7806681483932
5.5424999999999995 -142.2305998732087
5.547499999999999 -322.9787891004966
5.552499999999999 300.8903059804375
5.5575 25.190561317372392
5.5625 33.362277105053636
5.5675 -53.71190651085731
5.5725 150.78513545789477
5.5775 10.23121826112472
5.5825 38.95577279711625
5.5874999999999995 -94.98425128562191
5.592499999999999 18.559301682914114
5.5975 90.77598652917922
5.6025 -75.62761735897257
5.6075 -139.04491842021216
5.6125 177.34526889391643
5.6175 -40.123213513366
5.6225 60.507145152416186
5.6274999999999995 -211.66236723980083
5.632499999999999 129.54078207758212
5.6375 133.26638043318437
5.6425 -98.9035746700646
5.6475 87.8183733926292
5.6525 79.48973252961407
5.6575 243.27810413931323
5.6625 -180.23911161612168
5.6674999999999995 0.34457608207279494
5.672499999999999 -175.68202757269492
5.677499999999999 118.79473135780785
5.6825 -108.50856762614659
5.6875 179.42336241301052
5.6925 -47.537205829699
5.6975 -323.8889334608881
5.7025 298.88876199908475
5.7075 -179.40535691832144
5.7124999999999995 23.497320049249716
5.717499999999999 -112.70597429399598
5.7225 263.26759981809494
5.7275 84.41545355269953
5.7325 19.08106548593388
5.7375 -30.01860163370537
5.7425 -132.9082372340222
5.7475 76.62066020854175
5.7524999999999995 125.31990152698575
5.757499999999999 20.79507104907343
5.7625 -186.70602551751765
5.7675 -17.49496477996359
5.7725 82.52757251328775
5.7775 7.441078456382196
5.7825 -145.59083308094185
5.7875 175.2654912907818
5.7924999999999995 -273.43935268159834
5.797499999999999 313.69433937284504
5.802499999999999 58.810586376239335
5.8075 11.170956235525423
5.8125 79.36864113356388
5.8175 -185.54283655917075
5.8225 225.3036745570795
5.8275 -108.66495236623788
5.8325 149.8978978511168
5.8374999999999995 -17.89188161767793
5.842499999999999 -94.74004877035395
5.8475 74.33622063597028
5.8525 -129.84975087147893
5.8575 -100.72111853847525
5.8625 -8.177839466478064
5.8675 -106.72967354239094
5.8725 278.3196780933354
5.8774999999999995 -49.249991341486876
5.882499999999999 -6.405715667682097
5.8875 61.549186643273906
5.8925 -9.368755118150682
5.8975 -58.35811812143167
5.9025 -1.7473343343606678
5.9075 -9.120716257201325
5.9125 -112.61864061814232
5.9174999999999995 104.14209357913349
5.922499999999999 -168.735850999247
5.927499999999999 -140.77622760639395
5.9325 -98.25073561327646
5.9375 26.10564588569604
5.9425 -135.8960879919507
5.9475 -26.26046345456231
5.9525 156.39801354470512
5.9575 -52.261986536701656
5.9624999999999995 336.43569312996897
5.967499999999999 -124.51887754891894
5.9725 84.54550744768972
5.9775 205.775653943121
5.9825 -129.7511030352044
5.9875 -68.17999494294614
5.9925 89.08438348790384
5.9975 -87.14574794382598
6.0024999999999995 61.1012467369581
6.007499999999999 126.83044247371636
6.012499999999999 -83.27825595148057
6.0175 -147.33753982309784
6.0225 -7.270994981819689
6.0275 79.96835084888752
6.0325 24.176436001499848
6.0375 -215.38756166392804
6.0424999999999995 57.966760596654865
6.047499999999999 -32.59572115668538
6.052499999999999 -53.65866400673505
6.0575 114.23506523201763
6.0625 11.324822580144362
6.0675 48.34794271657984
6.0725 144.14876087130725
6.0775 52.435154877947575
6.0825 -40.373861299913884
6.0874999999999995 -101.17817159151912
6.092499999999999 -51.284738825630306
6.0975 402.8978015569534
6.1025 -400.4743590285175
6.1075 -68.19736225287946
6.1125 174.01934574870674
6.1175 -61.021851816297385
6.1225 -162.34634680337555
6.1274999999999995 35.930677840009295
6.132499999999999 168.80397939307068
6.137499999999999 19.92977515529064
6.1425 234.08885169151887
6.1475 163.13079955764775
6.1525 -255.4752855256483
6.1575 -109.41711244552954
6.1625 11.82929894501365
6.1674999999999995 -152.0810365810125
6.172499999999999 168.42677930628233
6.177499999999999 59.40017513925871
6.1825 -180.08038822496556
6.1875 -136.59486898242395
6.1925 80.52615353719646
6.1975 148.0671363211148
6.2025 50.28958483457211
6.2075 108.33881074427767
6.2124999999999995 -168.95378885641014
6.217499999999999 148.68749348443197
6.2225 0.6791201629536748
6.2275 -254.11362663480173
6.2325 -26.994234075635518
6.2375 291.2400066437365
6.2425 -97.70360653211183
6.2475 -45.143498763347814
6.2524999999999995 -7.9640873118059226
6.257499999999999 68.21473403668529
6.262499999999999 15.497017397359262
6.2675 -77.61103491949382
6.2725 222.37273856310097
6.2775 93.07053021124077
6.2825 -98.158439623297
6.2875 -13.144521934015719
6.2924999999999995 -74.71166578047246
6.297499999999999 -120.22973373040098
6.302499999999999 91.54787928111963
6.3075 158.9047575398064
6.3125 -76.57477584306918
6.3175 78.66851357325595
6.3225 -142.04270314683473
6.3275 -102.93807974663854
6.3325 322.00128073700705
6.3374999999999995 -66.80088646896655
6.342499999999999 -72.88826087589852
6.3475 -139.98736122885344
6.3525 91.79542391074061
6.3575 -14.03334539701568
6.3625 125.62675602136589
6.3675 64.56602967411189
6.3725 -169.15526759976046
6.3774999999999995 -157.2914498334368
6.382499999999999 132.86284084961497
6.387499999999999 -65.48072685770954
6.3925 87.29193547840352
6.3975 -149.8314581138946
6.4025 130.81031867999343
6.4075 -13.831514971254155
6.4125 -129.43563738890927
6.4174999999999995 56.87244980053134
6.422499999999999 -19.585359869459403
6.427499999999999 -176.3408771456222
6.4325 92.65935764192713
6.4375 90.0154342545568
6.4425 106.75723101806801
6.4475 0.11536985588982365
6.4525 67.78411196453617
6.4575 4.751950534784781
6.4624999999999995 62.128268648276865
6.467499999999999 -61.4719518135309
6.4725 -48.12024536969471
6.4775 -128.10701988876698
6.4825 87.64928193350461
6.4875 128.30423670931293
6.4925 -0.7253355292000914
6.4975 -3.09852383718476
6.5024999999999995 -234.72796780229046
6.507499999999999 172.12998227847876
6.512499999999999 -105.56403948113025
6.5175 -73.06447329263726
6.5225 54.612831799009676
6.5275 -83.56418778891526
6.5325 88.5689069889889
6.5375 174.25090871882136
6.5424999999999995 -30.570989423049866
6.547499999999999 53.97516443342598
6.552499999999999 -72.51926258169009
6.5575 87.92079082835473
6.5625 -223.1099469604483
6.5675 144.58115591281708
6.5725 -92.36612398400267
6.5775 -62.44552726477455
6.5825 70.70309061312764
6.5874999999999995 2.07515471118981
6.592499999999999 41.89418831643258
6.5975 132.39443376605104
6.6025 43.05576747018108
6.6075 -157.83427741776293
6.6125 -62.11002603834448
6.6175 258.41292048579527
6.6225 -92.54990908789509
6.6274999999999995 123.2047946079012
6.632499999999999 -54.70345324482375
6.637499999999999 -249.18086533183993
6.6425 -44.31472493308579
6.6475 89.2247259738331
6.6525 -66.27060484032828
6.6575 143.88393577751356
6.6625 26.968318511171354
6.6674999999999995 10.860568697703492
6.672499999999999 74.02910520955494
6.677499999999999 -329.886095748445
6.6825 223.5672451553891
6.6875 -95.65339839723327
6.6925 158.9088400142684
6.6975 -225.23279078412466
6.7025 407.4230547704966
6.7075 49.00905904609854
6.7124999999999995 84.4149282674325
6.717499999999999 -77.59576085555946
6.722499999999999 65.49735979462801
6.7275 -84.45302773287206
6.7325 -103.09128691672022
6.7375 -212.41105773226892
6.7425 63.73067023771589
6.7475 220.92539104919325
6.7524999999999995 -286.55829720683016
6.757499999999999 -165.59440111189392
6.762499999999999 155.9866999497189
6.7675 -173.17712115493686
6.7725 104.11264622128014
6.7775 -137.5952557924145
6.7825 119.28887843923583
6.7875 -135.7439134290648
6.7924999999999995 83.56741338520615
6.797499999999999 -175.9066865022201
6.802499999999999 81.8356218102997
6.8075 0.8715100369135492
6.8125 -27.721089603022502
6.8175 70.9507939336384
6.8225 19.3818681466464
6.8275 99.77735828951481
6.8325 -106.27311577335134
6.8374999999999995 27.24908467065757
6.842499999999999 40.73646537762284
6.847499999999999 -157.45451959174102
6.8525 127.46511550274282
6.8575 76.66506576177146
6.8625 -203.95134821115778
6.8675 203.19692724723234
6.8725 51.93874687898968
6.8774999999999995 -154.57255513264693
6.882499999999999 153.93724233985083
6.887499999999999 -75.47049548259223
6.8925 45.13916568623279
6.8975 -100.53171096109216
6.9025 240.41302550607114
6.9075 -129.4193076226459
6.9125 -127.3962562886854
6.9174999999999995 -150.01058746261683
6.922499999999999 69.33299702516142
6.927499999999999 142.63997684063008
6.9325 71.01518059102592
6.9375 66.53013260589552
6.9425 -0.5984509781331677
6.9475 -72.21175700727457
6.9525 26.651099370019388
6.9575 -69.41268682665465
6.9624999999999995 26.695093326977748
6.967499999999999 -2.008995610779519
6.972499999999999 -256.1630194722067
6.9775 138.4959751755188
6.9825 -273.7584607098189
6.9875 254.5688403999041
6.9925 93.19459661737686
6.9975 -66.5416354584689
7.0024999999999995 -174.19441890696805
7.007499999999999 67.35626264067031
7.012499999999999 116.02391447162553
7.0175 -85.29475661498809
7.0225 71.99929990711097
7.0275 -133.85422547149503
7.0325 -138.4857985712011
7.0375 216.39078020494753
7.0424999999999995 165.15676509321366
7.047499999999999 -258.19744694288084
7.052499999999999 104.07536971811045
7.0575 272.27204933955176
7.0625 123.81696221599566
7.0675 -241.40580729202063
7.0725 280.59258481207075
7.0775 -250.8927947549637
7.0825 110.6460107485145
7.0874999999999995 -44.035205010263915
7.092499999999999 72.61912441642994
7.097499999999999 34.451725064922584
7.1025 0.46730203705276574
7.1075 -182.31664945393254
7.1125 179.5445338288761
7.1175 -53.31145912980638
7.1225 -157.7715660940477
7.1274999999999995 35.24474975893302
7.132499999999999 125.51285754319547
7.137499999999999 -88.7470390259977
7.1425 -1.4969322160476328
7.1475 43.76027685965601
7.1525 -130.94853343476544
7.1575 70.27057793508759
7.1625 -20.751305522782303
7.1674999999999995 -94.69043839279125
7.172499999999999 57.41180934415165
7.177499999999999 71.43948423933936
7.1825 68.92174958427539
7.1875 -61.060221062828795
7.1925 -208.89229512180773
7.1975 -19.07110269818146
7.2025 27.60378815267443
7.2075 87.19151644915885
7.2124999999999995 -31.385460743427913
7.217499999999999 250.17080436655974
7.222499999999999 -67.58818213894898
7.2275 82.40072927974936
7.2325 -187.19732859252335
7.2375 19.92026971717447
7.2425 39.13163894928081
7.2475 -71.17021369527983
7.2524999999999995 34.771677479012105
7.257499999999999 146.84834239078884
7.262499999999999 175.7817886137187
7.2675 7.921720791767054
7.2725 -214.52654568712802
7.2775 -62.75380497695231
7.2825 -29.08472206377826
7.2875 118.98199002895451
7.2924999999999995 -312.5757980831816
7.297499999999999 253.27273361023515
7.302499999999999 166.58091977238786
7.3075 -356.57899358827837
7.3125 219.7752776576412
7.3175 66.44734043698227
7.3225 -66.24659646140024
7.3275 -67.93036285704359
7.3325 -131.90188961393207
7.3374999999999995 -108.53573719075975
7.342499999999999 162.583920487006
7.347499999999999 -0.6603080553670624
7.3525 219.36303004307914
7.3575 -259.90421299078463
7.3625 146.8560406095419
7.3675 -204.285483327457
7.3725 118.27708904405006
7.3774999999999995 -56.68950078446125
7.382499999999999 12.843092141644217
7.387499999999999 84.91716256424947
7.3925 21.740791643702252
7.3975 -156.06457161547672
7.4025 -3.473868319555371
7.4075 188.8946505309613
7.4125 -38.94178668212821
7.4174999999999995 18.524492059890616
7.422499999999999 132.92689907212613
7.427499999999999 53.87658712643581
7.4325 -51.96129072259154
7.4375 50.38501832502926
7.4425 -325.2182612540844
7.4475 234.615443592489
7.4525 -54.027934549244456
7.4575 -153.4259816104819
7.4624999999999995 241.61597196017
7.467499999999999 -18.46524387535913
7.472499999999999 -105.12942914901093
7.4775 238.55455004643846
7.4825 170.24514557772878
7.4875 -4.305235416862129
7.4925 207.9709560797085
7.4975 -337.3198332379529
7.5024999999999995 45.905065028017276
7.507499999999999 344.6791482529312
7.512499999999999 -167.84644382746833
7.5175 -188.67887434372972
7.5225 -43.124503521159866
7.5275 158.6525723859195
7.5325 16.340343024313484
7.5375 -375.65011944532927
7.5424999999999995 -64.89889842132047
7.547499999999999 6.011739085301349
7.552499999999999 9.389195978501638
7.557499999999999 131.60851094990434
7.5625 13.966367314766215
7.5675 -109.53610798033914
7.5725 413.28845731823833
7.5775 -137.31851654584113
7.5825 -30.004288136516834
7.5874999999999995 -139.9425498855178
7.592499999999999 16.154027024422575
7.597499999999999 25.884451049342143
7.6025 -98.77239730673529
7.6075 93.34912614780387
7.6125 -114.34628833442422
7.6175 129.87456217893885
7.6225 -39.35955768706318
7.6274999999999995 -49.717153898984776
7.632499999999999 -5.738876021612459
7.637499999999999 -126.62012256876996
7.6425 -99.38082817860403
7.6475 84.01353979413966
7.6525 4.038811045228891
7.6575 -125.49886142778651
7.6625 145.04643733850702
7.6674999999999995 122.69195381202763
7.672499999999999 146.78171590228527
7.677499999999999 -148.6122174213435
7.682499999999999 205.63852159230558
7.6875 88.02313934670588
7.6925 -159.12883947136166
7.6975 69.94749348127652
7.7025 -14.42720171117647
7.7075 -197.03886200309773
7.7124999999999995 196.4966720771894
7.717499999999999 -53.00538151022999
7.722499999999999 -34.8457195427934
7.7275 -144.96937304225753
7.7325 -24.180045363943375
7.7375 -10.99425932471022
7.7425 151.06903845993622
7.7475 -212.37244475837383
7.7524999999999995 -74.09391727958483
7.757499999999999 97.63878380373859
7.762499999999999 -6.284979417130877
7.7675 229.92305360632872
7.7725 -6.271926089142101
7.7775 -245.47144894022742
7.7825 272.62472181503136
7.7875 -61.14983588732705
7.7924999999999995 -45.087756153996736
7.797499999999999 -5.800337555882255
7.802499999999999 -137.82542577626705
7.807499999999999 -149.97436975401155
7.8125 11.139555703358168
7.8175 179.04025681450267
7.8225 -223.65618231978584
7.8275 376.4952068569629
7.8325 195.41933936409043
7.8374999999999995 -339.37304755199233
7.842499999999999 146.65344681925953
7.847499999999999 34.25342566591642
7.8525 -241.5885339961021
7.8575 305.2834527249336
7.8625 -250.11454896013174
7.8675 71.71249525950242
7.8725 71.31252435821037
7.8774999999999995 49.31756828117895
7.882499999999999 98.28939182912316
7.887499999999999 45.74999429060047
7.8925 -204.47392402203897
7.8975 82.77778995277508
7.9025 -270.8619155136698
7.9075 -323.3910446101278
7.9125 -29.446967836932576
7.9174999999999995 153.81299447870893
7.922499999999999 121.78958188403917
7.927499999999999 149.9058271322268
7.932499999999999 -2.417900979404069
7.9375 -51.03738973055515
7.9425 -152.84468714393591
7.9475 285.072839963893
7.9525 -162.47032754801143
7.9575 89.72822900826144
7.9624999999999995 -94.07268318109486
7.967499999999999 19.28568041391706
7.972499999999999 127.52557620541418
7.9775 -224.60043258937114
7.9825 307.34121223439115
7.9875 -83.2373194916326
7.9925 63.10798146310383
7.9975 60.057174107978675
8.0025 122.92098108331002
8.0075 -93.4141565164956
8.0125 23.545298647604895
8.0175 -20.670240268659757
8.022499999999999 -159.68383579155125
8.0275 288.388711107069
8.032499999999999 -386.12136017736384
8.0375 -213.06820088468913
8.0425 161.66727664252645
8.0475 67.18926719081887
8.0525 1.5272892832430627
8.0575 -50.27348284105355
8.0625 53.70041944842221
8.067499999999999 -1.567109906652062
8.0725 143.59169979315988
8.077499999999999 229.2448646513605
8.0825 -441.28735762740536
8.0875 115.07147991019694
8.0925 59.01968017694773
8.0975 157.77324353307176
8.1025 109.44084423386856
8.1075 -129.79187001423477
8.112499999999999 106.13988477095326
8.1175 -161.56076400153998
8.1225 103.38672757543156
8.1275 -97.9719049299908
8.1325 -20.025396285224435
8.1375 150.31564411816845
8.1425 -200.2023101518787
8.147499999999999 183.88619946328797
8.1525 -119.67672637550544
8.157499999999999 -47.98728556292172
8.1625 102.90255456512564
8.1675 -139.07458466885754
8.1725 80.24698599762736
8.1775 -76.99138528595638
8.1825 -85.4363920500741
8.1875 137.42486470622046
8.192499999999999 46.113234842466895
8.1975 145.9911818394207
8.202499999999999 -208.35165868233793
8.2075 -90.05545593905995
8.2125 -9.231562238471815
8.2175 279.5595215938433
8.2225 -129.44909585010953
8.2275 -204.91739992467646
8.2325 109.480061673995
8.237499999999999 244.17454830135608
8.2425 -369.36562466927944
8.2475 92.08109277658055
8.2525 203.0851633325894
8.2575 -58.09335039847375
8.2625 244.1636457372066
8.2675 -163.924673761098
8.272499999999999 68.89943022380618
8.2775 -190.25747762887218
8.282499999999999 136.33144236854457
8.2875 -371.33649183313634
8.2925 271.13314350853904
8.2975 -114.74107916160264
8.3025 91.24620210991496
8.3075 -90.97395222992958
8.3125 -226.65718757875263
8.317499999999999 -218.65068216578942
8.3225 81.45794854570067
8.327499999999999 154.70545283154263
8.3325 156.62690159960164
8.3375 53.879545672012924
8.3425 -255.32827512748923
8.3475 184.31446775215633
8.3525 -328.4217871423594
8.3575 79.21546416006566
8.362499999999999 301.0494663636707
8.3675 -19.675954110181053
8.3725 3.726167084309646
8.3775 -159.9259416067275
8.3825 96.54440828038413
8.3875 165.94474115367566
8.3925 -60.847539874286
8.397499999999999 123.43734400111308
8.4025 60.80916944349421
8.407499999999999 14.813623238724652
8.4125 115.40060402611067
8.4175 -121.56778596975445
8.4225 16.172617543735225
8.4275 -53.6458600467668
8.4325 -81.23388200953025
8.4375 62.21738187271552
8.442499999999999 -10.59275821509759
8.4475 -233.0393056742711
8.452499999999999 92.29252483360032
8.4575 313.18964839367953
8.4625 -212.9863490185109
8.4675 -55.10605203221632
8.4725 83.57742828041492
8.4775 -266.9188577091984
8.4825 206.3665885522604
8.487499999999999 6.875988092915689
8.4925 63.9000266422025
8.4975 -134.39136939554461
8.5025 -13.782180615023364
8.5075 136.52852586111035
8.5125 13.82477589469067
8.5175 19.884518250438266
8.522499999999999 -71.20582782584907
8.5275 112.40830202819893
8.532499999999999 -162.1355497730839
8.5375 -205.76764623765754
8.5425 111.3739453344767
8.5475 30.81764816012067
8.5525 -57.52068155813622
8.5575 154.1036151319158
8.5625 -50.68329535312271
8.567499999999999 211.43069643620018
8.5725 -213.28477000003176
8.577499999999999 140.88355501851606
8.5825 4.251274987785753
8.5875 67.47195566805708
8.5925 -185.41211079379644
8.5975 286.0669218045615
8.6025 -229.10366265557045
8.6075 166.85961334463937
8.612499999999999 -207.33729993558768
8.6175 -67.71579145736331
8.6225 147.5622345436031
8.6275 121.50319930394862
8.6325 -11.40942127246217
8.6375 -17.074060485254456
8.6425 -150.31634493713946
8.647499999999999 152.0654327663569
8.6525 -183.23900248607882
8.657499999999999 84.43760159016833
8.6625 66.86410955764292
8.6675 188.79302546411273
8.6725 -226.44329989206017
8.6775 186.68667628206032
8.6825 86.00307326997307
8.6875 -236.2758932172613
8.692499999999999 112.00860941575816
8.6975 -190.7204068502952
8.702499999999999 142.91571107779757
8.7075 -47.05103273521001
8.7125 -90.62655708183455
8.7175 -87.3302888690044
8.7225 111.57671413212513
8.7275 -133.931506355808
8.7325 -61.21345856519045
8.737499999999999 -149.0720133529924
8.7425 184.91833237920136
8.747499999999999 29.199795854575196
8.7525 3.964687925404388
8.7575 209.28291340494374
8.7625 -123.52940090208196
8.7675 140.38835285978539
8.772499999999999 74.69783954063458
8.7775 -139.39599846024555
8.782499999999999 -110.80776176710278
8.7875 138.92169218101745
8.7925 -8.821308918375465
8.7975 171.05337328005126
8.8025 81.03213614967387
8.8075 -140.90023677327872
8.8125 -34.636386258320975
8.817499999999999 101.96528965534195
8.8225 -149.26935810655462
8.827499999999999 104.86466182080646
8.8325 -58.325545303081064
8.8375 113.90618086303688
8.8425 109.70826443688979
8.8475 -8.69560046944198
8.8525 -49.69782755922793
8.8575 39.76613848416285
8.862499999999999 -114.65779355086792
8.8675 112.38770905618249
8.872499999999999 -163.60928101260797
8.8775 204.8683054898823
8.8825 79.02672990049606
8.8875 65.99434821275246
8.8925 -314.93086247044005
8.897499999999999 -66.71763102397519
8.9025 -79.48697927228277
8.907499999999999 152.35899985936823
8.9125 -16.764565616583706
8.9175 57.56624084413679
8.9225 99.02828491908936
8.9275 -178.78399681805396
8.9325 -7.6501490982211005
8.9375 -7.372855321728773
8.942499999999999 -80.46712236837807
8.9475 64.13959093593303
8.952499999999999 144.77465274126314
8.9575 -406.42599163658303
8.9625 261.46045638743624
8.9675 -206.27403755154762
8.9725 -116.81550621058639
8.9775 15.034053042878526
8.9825 -23.27228557760227
8.987499999999999 202.93710183755834
8.9925 -209.3393357797481
8.997499999999999 -44.42858446224843
9.0025 114.6831835668961
9.0075 -107.35944215446537
9.0125 -236.24745307285394
9.0175 206.26503401469617
9.022499999999999 -99.69373108545513
9.0275 206.00632602047497
9.032499999999999 218.95242433973002
9.0375 61.83595555541455
9.0425 -149.34065887074473
9.0475 87.48758154204721
9.0525 -25.992406645799125
9.0575 74.42464383136577
9.0625 78.99840660311204
9.067499999999999 -136.37545974754138
9.0725 12.868625584761823
9.077499999999999 -86.27642872280757
9.0825 -166.504024956956
9.0875 64.21675286787094
9.0925 -53.972677486645715
9.0975 58.56219934274074
9.1025 -8.139460482694702
9.1075 -7.7506375382819845
9.112499999999999 -92.05095545547628
9.1175 216.56108895214962
9.122499999999999 -45.22495219170327
9.1275 -28.205059249505723
9.1325 197.5905839091522
9.1375 -2.5160130036527013
9.1425 -53.31826362673236
9.147499999999999 57.71178249626614
9.1525 146.57815180800512
9.157499999999999 -168.57405629460948
9.1625 -131.9323582647714
9.1675 363.334994788869
9.1725 25.33887492827809
9.1775 -211.55183469277534
9.1825 -326.5654321667143
9.1875 65.71376298193411
9.192499999999999 -20.226012261997976
9.1975 388.9671980172128
9.202499999999999 -74.45122837135537
9.2075 180.59234450992608
9.2125 -91.49838088195432
9.2175 117.7241362967161
9.2225 55.302652412342766
9.2275 -39.18901419313856
9.2325 -54.378982219494326
9.237499999999999 -152.73134895250573
9.2425 56.74550866813555
9.247499999999999 1.36559879351824
9.2525 153.52987045682295
9.2575 -255.11483324903443
9.2625 237.97665848627787
9.2675 -71.14030506801176
9.272499999999999 -3.001517648954187
9.2775 -27.119450661761352
9.282499999999999 32.15511734861788
9.2875 -255.39732961292347
9.2925 141.4268105155898
9.2975 -246.5354831988608
9.3025 29.55055219677367
9.3075 -133.7032943819992
9.3125 23.165524241937756
9.317499999999999 116.60519709556782
9.3225 -129.48685928166867
9.327499999999999 75.70691017007236
9.3325 126.56850144868086
9.3375 -55.019002842020804
9.3425 -68.62823644090324
9.3475 218.56043678843554
9.3525 -157.67259534944523
9.3575 -77.16458994452037
9.362499999999999 73.60201315440445
9.3675 87.93358820909872
9.372499999999999 -308.1139273893674
9.3775 153.88718944366263
9.3825 -206.44626901125517
9.3875 -120.60788819946431
9.3925 295.49658540738847
9.397499999999999 -40.47829385334999
9.4025 29.011310026514632
9.407499999999999 155.36708357416026
9.4125 -164.99309662549936
9.4175 94.05276339530738
9.4225 105.71967813718746
9.4275 87.6036682702153
9.4325 -253.41917661609176
9.4375 -47.544806675932605
9.442499999999999 12.349862697523571
9.4475 13.06719025809122
9.452499999999999 233.11475727106352
9.4575 -64.82182701950875
9.4625 -66.29033303910452
9.4675 348.29291167116435
9.4725 -223.779754363009
9.4775 87.90617179199033
9.4825 94.22380743661572
9.487499999999999 16.114146135319114
9.4925 99.62551637220879
9.497499999999999 3.206443116323683
9.5025 -28.429612911442316
9.5075 -441.87001557239245
9.5125 176.15412270622485
9.5175 34.6142546689129
9.522499999999999 -97.40394641948888
9.5275 -132.88966697872036
9.532499999999999 179.1368579856862
9.5375 -279.474166159148
9.5425 174.98235180771874
9.5475 -169.04561798463422
9.5525 79.57685621307658
9.5575 -150.13405647518772
9.5625 84.0983623116677
9.567499999999999 59.44115133762137
9.5725 7.721934224903186
9.577499999999999 -26.686040577528615
9.5825 -106.18847997420855
9.5875 82.3228099475116
9.5925 117.86297108760786
9.5975 100.82747696244446
9.6025 174.7787608702035
9.6075 -59.783407848379746
9.612499999999999 -343.5284803479083
9.6175 275.1454729128462
9.622499999999999 72.25250635398385
9.6275 -72.13073596553923
9.6325 -53.916064314337056
9.6375 198.0697809205458
9.6425 -107.87077314994968
9.647499999999999 -194.9209747038297
9.6525 209.3854874591034
9.657499999999999 -9.160581619335472
9.6625 169.40768585556384
9.6675 -58.03695302472169
9.6725 -176.902295249261
9.6775 -69.55521756258157
9.6825 79.22333264914325
9.6875 73.48692225762437
9.692499999999999 -24.79238666355898
9.6975 41.77529146998731
9.702499999999999 -236.07011455608634
9.7075 346.1778994929096
9.7125 -394.23178943814133
9.7175 10.956655373547793
9.7225 193.48732804619306
9.7275 -139.85708207767175
9.7325 -87.16233232606922
9.737499999999999 -97.4358460516105
9.7425 412.3790561470223
9.747499999999999 -168.20725677715754
9.7525 -21.621103481055922
9.7575 -124.23026668425094
9.7625 104.91281259746123
9.7675 -99.00457905289403
9.772499999999999 374.6960553416294
9.7775 -277.29442375641344
9.782499999999999 158.00446208079495
9.7875 -91.72089551070005
9.7925 83.11604386085433
9.7975 -231.7466481087266
9.8025 17.22871594203431
9.8075 336.63079476280296
9.8125 134.55959831836526
9.817499999999999 -371.35886961711725
9.8225 92.26458286805595
9.827499999999999 -39.372782717385775
9.8325 89.39976570963503
9.8375 -158.47503307122668
9.8425 25.29825821873044
9.8475 65.42195648934185
9.8525 -69.46074069133566
9.8575 182.69387769980082
9.862499999999999 93.94185320080787
9.8675 155.69351415565112
9.872499999999999 -94.76008185038363
9.8775 95.54627967810553
9.8825 119.29830492152055
9.8875 -256.91822783769476
9.8925 142.5477771704942
9.897499999999999 40.1825581164294
9.9025 -35.71088779962503
9.907499999999999 104.03700560337398
9.9125 71.90509255378795
9.9175 -176.14670525586823
9.9225 -74.82246416105524
9.9275 -123.95216710081606
9.9325 250.88369586870422
9.9375 14.68816782675722
9.942499999999999 -23.609676653312487
9.9475 -61.12060077524919
9.952499999999999 -192.22316141666735
9.9575 30.39337977644941
9.9625 76.33373392135618
9.9675 68.11699360702436
9.9725 88.36885810845273
9.9775 -242.27278167750336
9.9825 228.68374419182842
9.987499999999999 43.035012649247186
9.9925 -281.28948624974987
9.997499999999999 -186.26467509907815
10.0025 459.1257905480719
