0.0075 -125.66864515289053
0.012499999999999999 -101.11595857825134
0.017499999999999998 -73.5613751281701
0.0225 132.1024162119437
0.0275 -13.533059076925435
0.0325 76.87492117348324
0.0375 -62.92559352328088
0.042499999999999996 174.00989140340718
0.0475 186.0094590939392
0.0525 -223.8470495638691
0.057499999999999996 -142.3337094762253
0.0625 373.49784911994055
0.06749999999999999 -452.23037716386614
0.0725 398.53167357713784
0.0775 -199.88551339692592
0.08249999999999999 -162.49315614044042
0.0875 290.6817884116216
0.0925 3.921663482936879
0.09749999999999999 234.23206035071627
0.1025 -150.14503246348022
0.1075 243.60994427414883
0.11249999999999999 -259.12457833404187
0.1175 80.44213631672109
0.1225 45.06446227882623
0.1275 -290.1633618543289
0.1325 -64.12035696848517
0.13749999999999998 148.69790471211172
0.1425 -84.46590330769668
0.1475 261.14986857802705
0.1525 -103.79571110524061
0.1575 240.01177098578475
0.1625 -302.39880078841503
0.16749999999999998 115.4972925693927
0.1725 182.30553161756438
0.1775 -207.63892394666016
0.1825 0.8620897062035416
0.1875 -58.81540342109287
0.1925 7.667552462303508
0.19749999999999998 -392.8291511909044
0.20249999999999999 19.987869442570652
0.2075 138.7518500324018
0.2125 56.07856770201191
0.2175 -146.8196867109939
0.2225 -23.558210506851456
0.22749999999999998 56.97427592847415
0.23249999999999998 -13.166582599385988
0.2375 -174.36811227031203
0.2425 158.09079768832441
0.2475 -20.525378118814707
0.2525 276.300226516151
0.2575 -281.28028559933875
0.2625 152.6287677927838
0.2675 -123.61611481500785
0.27249999999999996 -55.87176005015855
0.27749999999999997 227.4944188702503
0.2825 -100.72879122983804
0.2875 -3.563287872676801
0.2925 -219.99062882698394
0.2975 185.59878180862984
0.3025 146.6709104490364
0.3075 -163.81922116472856
0.3125 221.94774541208227
0.3175 -1.683284006918656
0.3225 39.794102819069806
0.32749999999999996 -104.26865390602758
0.33249999999999996 56.313471273257946
0.33749999999999997 -13.186356326394302
0.34249999999999997 -21.007728157655343
0.3475 69.78010808080163
0.3525 17.180104685471754
0.3575 -84.21838420546594
0.3625 275.9931514861728
0.3675 -175.52098211011918
0.3725 -18.54391524582895
0.3775 -63.70992521982617
0.3825 152.12316256461148
0.38749999999999996 104.09723905963848
0.39249999999999996 -359.39438656118386
0.39749999999999996 23.695619711424857
0.40249999999999997 -195.28618823347517
0.4075 84.83042312393336
0.4125 102.52978966501324
0.4175 205.2231977956362
0.4225 11.706883924173452
0.4275 61.56863969889051
0.4325 -496.9026297767859
0.4375 86.36450058762617
0.4425 45.98020555908543
0.44749999999999995 18.363650355890982
0.45249999999999996 -51.682745380263206
0.45749999999999996 -182.4454864555987
0.46249999999999997 370.27407869536717
0.46749999999999997 -145.2704009756096
0.4725 -238.90075632870497
0.4775 175.18112701622533
0.4825 -31.95164904784334
0.4875 -79.14886977817659
0.4925 110.9459423199315
0.4975 198.5543978969066
0.5025 -37.46608035947339
0.5075 163.7160576120728
0.5125 21.64402020219422
0.5175 -73.63751728034362
0.5225 -109.59791689765123
0.5275 -14.289851456452672
0.5325 -0.04354420118613488
0.5375 -215.32714622631977
0.5425 140.80539436033146
0.5475 388.7782641110823
0.5525 85.42344729470612
0.5575 -367.8481750107102
0.5625 212.38031482646525
0.5675 -47.25040717946459
0.5725 20.10102973177613
0.5775 72.41720249653167
0.5825 23.223789325880244
0.5875 -109.49051211385152
0.5925 8.24804742151421
0.5974999999999999 -37.67822007785741
0.6024999999999999 58.702834998904194
0.6074999999999999 -229.1106815036237
0.6124999999999999 -298.36559914046853
0.6174999999999999 184.66799403001974
0.6224999999999999 -87.61864386763989
0.6275 -82.49891334650394
0.6325 56.61994091591344
0.6375 21.260863022567985
0.6425 -67.05304277295495
0.6475 315.3361501867985
0.6525 -137.71327881918617
0.6575 91.0469550394426
0.6625 -207.84565106880822
0.6675 55.77652393643001
0.6725 -99.1323731159263
0.6775 64.50433247202814
0.6825 -106.49347741674161
0.6875 217.86536634887534
0.6925 33.10751743491124
0.6975 239.18010282317462
0.7025 -76.39869323442561
0.7075 12.352508335193626
0.7125 -2.536502813432348
0.7174999999999999 -273.63915845979716
0.7224999999999999 80.91423092391305
0.7274999999999999 96.56251218793253
0.7324999999999999 39.86842199977804
0.7374999999999999 90.83542376772054
0.7424999999999999 116.23155900080813
0.7474999999999999 -75.6433914439527
0.7525 76.29531704124092
0.7575 106.58530378169151
0.7625 -151.1617899954053
0.7675 71.16469806839154
0.7725 -61.436038196672136
0.7775 -148.6201178854511
0.7825 232.30531385967743
0.7875 -32.66141905347319
0.7925 100.27909546014469
0.7975 -308.93694531947017
0.8025 22.613687199458276
0.8075 18.16951948760044
0.8125 238.46554669504542
0.8175 -164.29578911809733
0.8225 -118.27981100072184
0.8275 283.3109168575997
0.8325 131.085272742722
0.8374999999999999 178.61935712525056
0.8424999999999999 -43.9851568511172
0.8474999999999999 -73.96225515901008
0.8524999999999999 92.30931238228953
0.8574999999999999 22.14963543078748
0.8624999999999999 -196.0473010580068
0.8674999999999999 74.3399302657919
0.8724999999999999 -75.29851271756273
0.8775 -45.32955659447773
0.8825 -268.19278790756516
0.8875 29.065338353185645
0.8925 76.20001803012819
0.8975 -93.67933030917646
0.9025 160.2930235373819
0.9075 19.18983822204724
0.9125 42.89672156545043
0.9175 -30.5255356020146
0.9225 59.5396460095545
0.9275 34.48185238560594
0.9325 152.76743520820975
0.9375 -121.9655279737788
0.9425 -259.9992614650365
0.9475 144.89826926004253
0.9524999999999999 -363.09085188137306
0.9574999999999999 353.8276925235123
0.9624999999999999 184.2687445118866
0.9674999999999999 -49.32889255715714
0.9724999999999999 -145.84343114694494
0.9774999999999999 -230.4674066341779
0.9824999999999999 42.04539783870019
0.9874999999999999 169.6923462579052
0.9924999999999999 91.85270105836425
0.9974999999999999 162.80071224329845
1.0025 -233.40957520619617
1.0075 116.28697633331048
1.0125 228.07608572089092
1.0174999999999998 -330.59239560801717
1.0225 34.838475290516115
1.0274999999999999 226.4633433672642
1.0325 -125.70213208866349
1.0374999999999999 78.59892715753814
1.0425 67.25233695067323
1.0474999999999999 -56.85430035241486
1.0525 -167.97902388141551
1.0574999999999999 -164.65742907627933
1.0625 158.88617024431366
1.0675 236.99891654387815
1.0725 -379.0974246731662
1.0775 -56.49876288792745
1.0825 188.2607646403285
1.0875 67.22776881134293
1.0925 -235.3997816050896
1.0975 -40.47801094670567
1.1025 21.65067995618589
1.1075 167.84309184427892
1.1125 -97.54045282290569
1.1175 54.1318826086041
1.1225 -1.8052036121700845
1.1275 156.53950160516715
1.1324999999999998 178.23248228914903
1.1375 97.10417867075662
1.1424999999999998 -367.0218431253342
1.1475 80.72018880935813
1.1524999999999999 125.40373110798447
1.1575 -89.44523972888886
1.1624999999999999 1.3676915131792609
1.1675 -223.5353467075278
1.1724999999999999 183.05365718493914
1.1775 -124.46241948182283
1.1824999999999999 15.795218879509848
1.1875 20.092882793478697
1.1925 -7.834800554367545
1.1975 -53.04641889537852
1.2025 96.51631932263315
1.2075 94.82130955902231
1.2125 -145.72754600620902
1.2175 16.770536920546046
1.2225 85.18316086531793
1.2275 15.070582869883951
1.2325 -296.8136492633459
1.2375 212.40084766437172
1.2425 3.6032567918012153
1.2475 192.5983276020598
1.2525 -229.35598130191815
1.2574999999999998 -131.0593635601054
1.2625 99.20274956489642
1.2674999999999998 43.834511793397255
1.2725 -173.07605232860556
1.2774999999999999 345.5012760139881
1.2825 172.7796598864128
1.2874999999999999 -119.45342434519709
1.2925 -77.89912901899024
1.2974999999999999 152.53644338055545
1.3025 -356.07378864011156
1.3074999999999999 -14.969111888468134
1.3125 89.01655036966612
1.3175 -34.473774940365026
1.3225 161.46819747385786
1.3275 -112.43362440980144
1.3325 309.45472434950864
1.3375 -284.25025297298095
1.3425 159.5123788381267
1.3475 146.94820185700797
1.3525 122.12443545163046
1.3575 -235.77315047799146
1.3625 262.7807380104076
1.3675 -76.64656366723322
1.3724999999999998 6.043714641671235
1.3775 -122.66464246513111
1.3824999999999998 -224.83161699092028
1.3875 554.6405852167704
1.3924999999999998 -150.66243555664298
1.3975 -266.2652796739384
1.4024999999999999 214.2349102543672
1.4075 -38.83968843746893
1.4124999999999999 26.50480558096962
1.4175 -209.11299204246762
1.4224999999999999 207.77118346080007
1.4275 -69.17484497384231
1.4324999999999999 -151.25368096833765
1.4375 158.0594113672816
1.4425 -54.46155253696464
1.4475 -227.93669827515907
1.4525 236.53943194112253
1.4575 -286.5384516511407
1.4625 396.6528160754193
1.4675 94.02280470014252
1.4725 -141.9366549353466
1.4775 -29.46870237015497
1.4825 -146.3541860984469
1.4874999999999998 -43.16528961283679
1.4925 141.32885040562996
1.4974999999999998 -43.541083489122286
1.5025 -35.61893550832231
1.5074999999999998 -83.74171552417334
1.5125 195.55292676306811
1.5174999999999998 87.16081844656091
1.5225 -144.7515601903558
1.5274999999999999 30.320183142988917
1.5325 -6.076221273025521
1.5374999999999999 75.49752451497463
1.5425 -204.21935646524574
1.5474999999999999 93.96330265624194
1.5525 -133.61008914322338
1.5574999999999999 163.18802762425818
1.5625 129.68281068711153
1.5675 -90.41950955146369
1.5725 -70.47424716537182
1.5775 92.88675412088566
1.5825 193.65428749123961
1.5875 -238.61277129629914
1.5925 163.9220085173396
1.5975 -51.117297633333465
1.6025 82.90259566634423
1.6075 -0.170950813700185
1.6124999999999998 -85.68700838792991
1.6175 -502.04267658066107
1.6224999999999998 474.47423846849307
1.6275 -79.68890586343026
1.6324999999999998 79.19840870536353
1.6375 -183.20542386675942
1.6424999999999998 -170.153049696912
1.6475 -22.46899074737688
1.6524999999999999 9.75499259189945
1.6575 -136.77437957663355
1.6624999999999999 315.2902931703388
1.6675 232.5710393532108
1.6724999999999999 -338.7490709600185
1.6775 -106.9254496772988
1.6824999999999999 125.08517033141602
1.6875 -35.72860538745936
1.6925 -136.53520462906025
1.6975 82.65101481420803
1.7025 43.62660044377374
1.7075 98.01857347320606
1.7125 186.2363483804975
1.7175 -404.6082017051841
1.7225 188.4170596398005
1.7274999999999998 19.15284403339168
1.7325 100.0255608415644
1.7374999999999998 177.5207325949314
1.7425 -315.7618271823895
1.7474999999999998 121.93723941469904
1.7525 20.330244116197214
1.7574999999999998 -125.290331071846
1.7625 147.38024267308222
1.7674999999999998 -89.16515688763705
1.7725 77.25262943955548
1.7774999999999999 244.5110798343094
1.7825 -322.36641174673196
1.7874999999999999 156.47516521305317
1.7925 336.0576643240895
1.7974999999999999 97.08784824657084
1.8025 -202.8450613846502
1.8074999999999999 -56.66954356288759
1.8125 165.5760647809116
1.8175 -169.52073587697026
1.8225 6.882987170399935
1.8275 -89.26659637101658
1.8325 44.02324962219605
1.8375 -9.588244882738515
1.8425 15.031013441258205
1.8475 -156.0504607583962
1.8524999999999998 9.357954926731086
1.8575 -111.71886827325388
1.8624999999999998 -58.695577851347316
1.8675 255.89702722402458
1.8724999999999998 -292.80652626238555
1.8775 139.26959866642403
1.8824999999999998 -1.123487550481965
1.8875 40.49556260650349
1.8924999999999998 -3.4677825370904434
1.8975 -201.69720307156652
1.9024999999999999 -75.69630288150884
1.9075 -139.59325544695577
1.9124999999999999 237.50046212749683
1.9175 -242.23896578051608
1.9224999999999999 90.7667887736268
1.9275 157.54574948421708
1.9324999999999999 1.6226443493467184
1.9375 10.172537633376304
1.9425 -49.35721506503425
1.9475 30.04081520024806
1.9525 -85.39415790402788
1.9575 0.8709266570960734
1.9625 84.96909343421797
1.9674999999999998 -280.1307519525828
1.9725 64.5671276150608
1.9774999999999998 258.45657205992177
1.9825 95.65453923472454
1.9874999999999998 66.86779287056741
1.9925 -205.533411378768
1.9974999999999998 216.82337814973437
2.0025 177.04947539140665
2.0075 -191.18838786329437
2.0124999999999997 -154.92834773945214
2.0175 64.77106619878732
2.0225 175.64892223193056
2.0275 -55.84235275978111
2.0324999999999998 78.4451604223749
2.0375 -129.50128936271156
2.0425 143.11087297632605
2.0475 85.51014015411428
2.0524999999999998 72.38896578173926
2.0575 108.78368631108982
2.0625 -25.366803472204925
2.0675 19.58880317228194
2.0725 -15.719280568152788
2.0775 -28.315020193525203
2.0825 122.54962334768801
2.0875 -242.11401262653064
2.0925 121.71580798943978
2.0974999999999997 -215.61611891542742
2.1025 -76.26338990796178
2.1075 234.79293079972544
2.1125 -206.79098088851725
2.1174999999999997 141.77887480757641
2.1225 -159.1202041736935
2.1275 70.54369364098906
2.1325 -61.85293863864954
2.1374999999999997 -72.84656820001106
2.1425 -27.919858298097015
2.1475 25.71655950914289
2.1525 103.06155994183469
2.1574999999999998 -92.69038000028242
2.1625 13.574647143146734
2.1675 -1.3405227380730242
2.1725 -142.39373358157297
2.1774999999999998 386.1032567838173
2.1825 -175.13622683691375
2.1875 -67.45781888883288
2.1925 -22.21507871159541
2.1975 18.302575351048013
2.2024999999999997 66.24034040861079
2.2075 -150.01281663538956
2.2125 28.862635479364585
2.2175 -134.36561317989268
2.2224999999999997 -62.15990945371506
2.2275 -10.663030646531745
2.2325 42.647859511958345
2.2375 83.14334158875657
2.2424999999999997 64.64707834858923
2.2475 99.48576127942381
2.2525 22.129062459612854
2.2575 -85.8993251861356
2.2624999999999997 -62.831511241011555
2.2675 -84.58418295711165
2.2725 14.055946874622292
2.2775 21.6485832889903
2.2824999999999998 219.38913614187865
2.2875 -11.688103528447902
2.2925 99.10133220415854
2.2975 -164.27097096824414
2.3024999999999998 141.31902913699193
2.3075 137.95626049359552
2.3125 -224.0841600701098
2.3175 96.29558279504306
2.3225 -42.86607067009836
2.3274999999999997 -59.96806035720208
2.3325 67.76393887861367
2.3375 32.882782449553304
2.3425 145.7342240504442
2.3474999999999997 -157.70653927813711
2.3525 -86.54089143292755
2.3575 -110.85918366828048
2.3625 160.5116045795113
2.3674999999999997 -15.614283780441886
2.3725 -30.42046539016067
2.3775 93.46233564960701
2.3825 101.37858726380927
2.3874999999999997 -189.58318714288268
2.3925 403.2738729120232
2.3975 -299.0961165160608
2.4025 392.86736148337707
2.4074999999999998 -83.24355764893201
2.4125 -5.371325683084984
2.4175 -145.03694707064284
2.4225 -61.54082530450504
2.4274999999999998 -34.27284470694345
2.4325 99.4951500956495
2.4375 35.75155151773021
2.4425 -193.04229263712688
2.4475 -105.71538321957328
2.4524999999999997 171.08820639090547
2.4575 -80.73764263609081
2.4625 67.43293928902484
2.4675 260.3406997834626
2.4724999999999997 -61.37566460293035
2.4775 119.92830512228986
2.4825 -230.10070251547813
2.4875 75.34703949688544
2.4924999999999997 59.49349367227675
2.4975 -210.8723520145635
2.5025 125.08705073950932
2.5075 81.26773600022615
2.5124999999999997 -57.99130505077774
2.5175 50.50748953244486
2.5225 -4.044092583317047
2.5275 174.22185927245283
2.5324999999999998 -59.6976939775454
2.5375 78.9835296611556
2.5425 -80.56310667149246
2.5475 54.87357632631646
2.5524999999999998 36.77352949964592
2.5574999999999997 -28.528226798919516
2.5625 -41.91988426639007
2.5675 -87.11006262604995
2.5725 -44.67158600591514
2.5774999999999997 100.29531535336247
2.5825 -117.32013613455052
2.5875 -63.61709736535541
2.5925 -2.3500444391278847
2.5974999999999997 -65.00224698176314
2.6025 -63.09765339681903
2.6075 -228.34139004538164
2.6125 81.5180526544157
2.6174999999999997 101.80524653758621
2.6225 38.85773761820728
2.6275 -165.12457663314586
2.6325 216.4028843986207
2.6374999999999997 128.97126310666397
2.6425 336.9434434484276
2.6475 -236.12371839120638
2.6525 5.098325113608508
2.6574999999999998 7.09495151956061
2.6625 -113.7244921631711
2.6675 -28.772037324004486
2.6725 -15.900109494988827
2.6774999999999998 150.1195479697913
2.6824999999999997 43.548461628613786
2.6875 300.2310934974986
2.6925 -273.27698084740643
2.6975 123.49210775347483
2.7024999999999997 -225.78141677039895
2.7075 -61.132982546394985
2.7125 30.408078026674218
2.7175 85.10977290801517
2.7224999999999997 -53.71893397769435
2.7275 250.64156250302628
2.7325 -254.18061524381005
2.7375 171.95506052461633
2.7424999999999997 -52.14786158518325
2.7475 17.516778658630873
2.7525 -260.1509400202035
2.7575 83.30001061712929
2.7624999999999997 -86.08460786950815
2.7675 -81.84323280498677
2.7725 -4.19980047337383
2.7775 246.80326050984024
2.7824999999999998 -169.57262878481464
2.7875 372.42449512693645
2.7925 -124.78487419464429
2.7975 -191.42891983986996
2.8024999999999998 210.09479012598413
2.8074999999999997 -206.12811803811948
2.8125 -78.47339547385717
2.8175 -49.55913082307776
2.8225 -55.623684242752816
2.8274999999999997 202.80342621118302
2.8325 -67.1441857538782
2.8375 6.7623930485693675
2.8425 304.39852429840766
2.8474999999999997 -69.04695222244574
2.8525 -25.26511109989187
2.8575 20.023909479224077
2.8625 -83.09584429355408
2.8674999999999997 -67.53989819879467
2.8725 84.83520181190929
2.8775 -40.17671208089747
2.8825 123.22419134535791
2.8874999999999997 234.72656419058123
2.8925 -125.39243721157443
2.8975 97.84193209104384
2.9025 -101.72732509999668
2.9074999999999998 45.37164205005507
2.9125 8.531663043038863
2.9175 -146.90183885296855
2.9225 105.51472345806212
2.9274999999999998 8.24082264374082
2.9324999999999997 7.167199297294514
2.9375 159.064456300963
2.9425 91.95101835441059
2.9475 -110.9880569872647
2.9524999999999997 17.949761816999665
2.9575 27.936835328445667
2.9625 -136.42081034054763
2.9675 143.01061375643928
2.9724999999999997 -149.22930734188006
2.9775 68.285028837482
2.9825 -57.83336103453056
2.9875 -90.93003169711426
2.9924999999999997 105.45883531626984
2.9975 -9.985296068212786
3.0025 3.1437404771844992
3.0075 219.9779111864383
3.0124999999999997 -379.7110051038839
3.0175 72.81475080819301
3.0225 -18.991055644809475
3.0275 0.1237986317076268
3.0324999999999998 66.59507981319226
3.0374999999999996 -31.81276741287464
3.0425 -96.25618850536783
3.0475 -175.87434014076945
3.0524999999999998 61.444800144407814
3.0574999999999997 136.71421479513455
3.0625 -249.38295515354199
3.0675 -136.52099350460162
3.0725 106.40776815136425
3.0774999999999997 251.53069634093197
3.0825 6.34196272117783
3.0875 -35.55941800324466
3.0925 -5.087285175255916
3.0974999999999997 17.759477492188164
3.1025 -347.55159073230004
3.1075 230.58159801941355
3.1125 -260.04010107870295
3.1174999999999997 284.8109578887071
3.1225 -75.1645620796122
3.1275 125.2586081576887
3.1325 -73.96555398206729
3.1374999999999997 59.88981166899654
3.1425 -164.21633669501634
3.1475 82.6150051406747
3.1525 -102.7443455377242
3.1574999999999998 82.49669502945127
3.1624999999999996 -29.95120060602266
3.1675 172.301509596707
3.1725 -85.6176707984746
3.1774999999999998 -189.3415408803548
3.1824999999999997 172.94495542302124
3.1875 -14.767684068313779
3.1925 259.4275252955338
3.1975 -70.30083894560842
3.2024999999999997 -353.75139773333535
3.2075 143.9018536369352
3.2125 10.025519866486057
3.2175 -25.505092976987854
3.2224999999999997 -60.74569177173409
3.2275 -217.11456251087807
3.2325 166.50662213863916
3.2375 123.82754295738918
3.2424999999999997 80.66861084898035
3.2475 -111.2264180724577
3.2525 287.6783412077687
3.2575 16.183489580284025
3.2624999999999997 -75.92211133310134
3.2675 131.53216747346767
3.2725 25.074351162956713
3.2775 41.935565321138775
3.2824999999999998 -152.72135300546287
3.2874999999999996 113.27864945038883
3.2925 -119.12224672179907
3.2975 143.80805284677695
3.3024999999999998 10.757730948234414
3.3074999999999997 -50.20636843727687
3.3125 -44.71893063021807
3.3175 -57.380873831556954
3.3225 -54.979041686381045
3.3274999999999997 119.98541699979943
3.3325 -5.799558049388802
3.3375 223.77013316858157
3.3425 -231.70117803700734
3.3474999999999997 -66.30597027621948
3.3525 -157.87246402502817
3.3575 141.27749923111332
3.3625 -81.26763790399204
3.3674999999999997 -301.81769948789406
3.3725 22.6213781810646
3.3775 211.31892831085372
3.3825 58.70351713287822
3.3874999999999997 57.82536675068463
3.3924999999999996 -67.97995389168688
3.3975 -29.768780592481313
3.4025 115.74038227466484
3.4074999999999998 -129.57115282956406
3.4124999999999996 90.54429019818834
3.4175 326.3632599731242
3.4225 -184.8791217814682
3.4274999999999998 139.62738846255365
3.4324999999999997 -304.89043987143833
3.4375 -15.64266286964785
3.4425 124.72741843161828
3.4475 -156.90378226660098
3.4524999999999997 -43.89788469101061
3.4575 42.65293590983327
3.4625 258.0549560770531
3.4675 -200.82815070388517
3.4724999999999997 -205.3362949242885
3.4775 327.54393124624494
3.4825 87.08739575095393
3.4875 -221.60437753875743
3.4924999999999997 -135.04601879168743
3.4975 308.7644776656108
3.5025 -129.15781595862916
3.5075 55.887512292114046
3.5124999999999997 -161.57614662267505
3.5174999999999996 169.23299705558532
3.5225 -86.01848286592772
3.5275 -13.04817807629406
3.5324999999999998 -20.667494988637884
3.5374999999999996 -13.79646947301695
3.5425 13.738348901735915
3.5475 -28.0291213180042
3.5524999999999998 -40.923930373243124
3.5574999999999997 8.932798084612195
3.5625 101.68359878588228
3.5675 -140.044842348878
3.5725 139.88583960385867
3.5774999999999997 183.7434376650041
3.5825 -91.70466772241315
3.5875 -146.65254020215284
3.5925 -107.12666183048104
3.5974999999999997 270.58743310550733
3.6025 120.9562366113662
3.6075 -73.71614664246637
3.6125 46.39166392990207
3.6174999999999997 -162.23867621891466
3.6225 -192.36728195635084
3.6275 -203.24577377685537
3.6325 437.5997382058537
3.6374999999999997 94.51399965073706
3.6424999999999996 -286.578463335223
3.6475 -25.435212667321167
3.6525 -140.99975490934187
3.6574999999999998 399.02253818488094
3.6624999999999996 -142.09749269181168
3.6675 -283.7908867962625
3.6725 291.8918817125822
3.6774999999999998 -185.48704526355993
3.6824999999999997 128.8631203970683
3.6875 -156.3102259023757
3.6925 -135.32956677878641
3.6975 59.97504196684585
3.7024999999999997 238.82301674087472
3.7075 -163.40270047557698
3.7125 340.5915680497569
3.7175 10.732146450336346
3.7224999999999997 -253.46307109517892
3.7275 -51.96560906224417
3.7325 68.57813064775178
3.7375 79.47543299682908
3.7424999999999997 -169.74048696834674
3.7474999999999996 233.28231748152768
3.7525 3.1000649546816077
3.7575 79.77406977690652
3.7624999999999997 184.5752963619495
3.7674999999999996 -157.2420043312347
3.7725 2.8686423194210313
3.7775 -69.11359555376352
3.7824999999999998 28.256422464002796
3.7874999999999996 7.588765461966856
3.7925 -0.4782240099139033
3.7975 -55.76611119552863
3.8024999999999998 291.28319082976964
3.8074999999999997 -210.51735588865037
3.8125 23.991784019015462
3.8175 156.4961255689538
3.8225 -66.7550469409075
3.8274999999999997 7.149051822945314
3.8325 -312.1258720406382
3.8375 15.346112756345091
3.8425 223.37263604328515
3.8474999999999997 77.8860388627655
3.8525 -127.2280721045899
3.8575 85.8790472602741
3.8625 23.183279989272943
3.8674999999999997 -80.88889090998946
3.8724999999999996 -48.029205485216025
3.8775 4.8450020828812805
3.8825 138.7218935083809
3.8874999999999997 -20.708238183772448
3.8924999999999996 -181.98049056824277
3.8975 193.0293969298759
3.9025 11.46438148046111
3.9074999999999998 -101.90693687033972
3.9124999999999996 -246.38351522361745
3.9175 -27.97638251929332
3.9225 -89.41360050246452
3.9274999999999998 158.113684967434
3.9324999999999997 10.766283939806746
3.9375 -124.85911239563859
3.9425 90.34052399013808
3.9475 -5.70099995373355
3.9524999999999997 72.78537746661289
3.9575 -302.6077447801864
3.9625 10.678233062713618
3.9675 17.075297379420302
3.9724999999999997 -0.6621889240060607
3.9775 100.79858021987162
3.9825 29.622727603040428
3.9875 150.65460154270065
3.9924999999999997 -207.12239852201722
3.9974999999999996 373.4224114711036
4.0024999999999995 78.1263862157706
4.007499999999999 -136.41241340817535
4.0125 -26.883811664824584
4.0175 205.41810402550888
4.0225 -160.36994388020403
4.0275 84.92037638372888
4.0325 -132.9523543540592
4.0375 251.21272848405619
4.0424999999999995 68.71208654908175
4.047499999999999 -112.16842587923723
4.0525 6.215824254144984
4.0575 119.07448234298668
4.0625 79.30743513636538
4.0675 159.96079665929466
4.0725 -308.4699034249457
4.0775 12.54774260518924
4.0825 -71.95432933009954
4.0874999999999995 -155.3021621574227
4.0925 199.0132261562474
4.0975 -213.34628153640614
4.1025 208.53966738505326
4.1075 -76.38563926393445
4.1125 77.6579651842512
4.1175 -6.219515198969661
4.1225 386.4749540074125
4.1274999999999995 -280.5142749370794
4.132499999999999 187.5527079962873
4.1375 -190.57926933090323
4.1425 -151.86031058018125
4.1475 47.579636036628955
4.1525 -9.146047718133339
4.1575 114.33064596551432
4.1625 -252.79588814518596
4.1674999999999995 8.96489542242362
4.172499999999999 170.27027406959155
4.1775 -214.36338210908548
4.1825 125.62101716139757
4.1875 74.56824408599267
4.1925 17.122436797717743
4.1975 -0.7390181445718057
4.2025 -27.602755214461464
4.2075 0.8919740561339932
4.2124999999999995 -120.65073246165072
4.2175 240.1063489385878
4.2225 -548.3448237165068
4.2275 246.56597389010145
4.2325 -37.25156277784777
4.2375 194.3522012906077
4.2425 -57.00867454735647
4.2475 182.95449445857201
4.2524999999999995 -70.74029010647706
4.257499999999999 155.05921347782314
4.2625 -105.64360005021044
4.2675 -264.96427535905485
4.2725 76.45960063352987
4.2775 -79.27445927473498
4.2825 35.29256315296636
4.2875 283.34712318414694
4.2924999999999995 -144.37054546110215
4.297499999999999 142.96303832472438
4.3025 -150.69374713769787
4.3075 -42.82034729824409
4.3125 387.6648699459549
4.3175 -427.58911064381283
4.3225 -16.209158390941326
4.3275 -205.96083114508016
4.3325 -14.967892560831132
4.3374999999999995 96.74868443177276
4.342499999999999 -103.53007122386322
4.3475 174.20812493615423
4.3525 312.24780117754085
4.3575 25.829878431669943
4.3625 -49.992283776833325
4.3675 27.59384824006245
4.3725 -54.27713106993918
4.3774999999999995 196.253142090228
4.382499999999999 -244.47000047370994
4.3875 27.414407023772974
4.3925 -88.10326535076929
4.3975 -38.898990670327926
4.4025 12.770856469682998
4.4075 -120.26176784186701
4.4125 325.16883680539996
4.4174999999999995 -10.247216829237495
4.422499999999999 -294.950501501794
4.4275 -166.06249953115042
4.4325 143.9991827334937
4.4375 -240.79843014871358
4.4425 -137.9397629571129
4.4475 164.3873987633992
4.4525 -19.311166749788775
4.4575 86.3874273420815
4.4624999999999995 -187.0432491848659
4.467499999999999 148.31481595641807
4.4725 50.617701539663116
4.4775 142.7988940557337
4.4825 71.59877910191702
4.4875 165.4563540186298
4.4925 -283.5764664555718
4.4975 -123.13497798512562
4.5024999999999995 104.48425350687936
4.507499999999999 24.62279505180412
4.5125 -185.57452841938945
4.5175 202.88519886350085
4.5225 161.21187879072858
4.5275 -102.53965218538752
4.5325 -55.55886819640424
4.5375 -31.875734536830134
4.5424999999999995 237.93321481563888
4.547499999999999 -170.6284577638792
4.5525 163.08687244560812
4.5575 37.22181438758719
4.5625 85.11721851745173
4.5675 -110.0264374339788
4.5725 -69.01927066259861
4.5775 -168.29254602485645
4.5825 92.22462381776796
4.5874999999999995 462.87058895522085
4.592499999999999 -237.5331248180512
4.5975 -18.017863564965
4.6025 -46.15461464334339
4.6075 94.37120952889266
4.6125 62.025927696033655
4.6175 -53.95576269575882
4.6225 12.373362119996841
4.6274999999999995 69.70777630693367
4.632499999999999 -73.17720836657712
4.6375 224.63934347054192
4.6425 -222.0129778945441
4.6475 -139.43983290391105
4.6525 158.76697387868276
4.6575 -209.0186528085938
4.6625 36.01913662900819
4.6674999999999995 52.62069367407352
4.672499999999999 32.288499179732725
4.6775 123.64735538978464
4.6825 -120.27123776348009
4.6875 -41.37287347967812
4.6925 -49.006535601071555
4.6975 35.05428292643982
4.7025 144.04215362107553
4.7075 -237.025637405395
4.7124999999999995 -36.834228501820924
4.717499999999999 112.71817770237139
4.7225 -49.608143521290195
4.7275 134.40603790767565
4.7325 -59.35635250530077
4.7375 302.4343262474889
4.7425 -38.656345342312136
4.7475 -40.1506804589169
4.7524999999999995 1.5555828425333034
4.757499999999999 81.06010522162232
4.7625 -226.90232947566415
4.7675 328.18149597592975
4.7725 -90.45928977843559
4.7775 -10.862545886186041
4.7825 -2.57652818230114
4.7875 -131.1251016559536
4.7924999999999995 -66.44863443881493
4.797499999999999 250.21142054976946
4.8025 97.28129086220878
4.8075 -107.51412655983208
4.8125 -23.755760663795886
4.8175 148.41990327425518
4.8225 -233.23780455535763
4.8275 -115.16370431821615
4.8325 63.66404539401836
4.8374999999999995 14.270817497423122
4.842499999999999 92.27298032676616
4.8475 133.56581885884498
4.8525 -139.15514016468236
4.8575 -144.36764718944355
4.8625 166.5864521105058
4.8675 -36.59579978220224
4.8725 -152.53631179606973
4.8774999999999995 164.21120029461594
4.882499999999999 -293.7236617065038
4.8875 244.13295970879685
4.8925 250.67295523881276
4.8975 -293.4183591195483
4.9025 -162.9799332077189
4.9075 268.39109046459896
4.9125 -71.54220000999015
4.9174999999999995 -77.6277590444609
4.922499999999999 -216.72948761895682
4.9275 63.16244849245026
4.9325 -91.04202246341058
4.9375 237.0872834211138
4.9425 110.69919438502747
4.9475 109.45556385012425
4.9525 -80.92847968153461
4.9575 5.297641397520385
4.9624999999999995 -244.7683038187005
4.967499999999999 124.81960606177375
4.9725 -29.052365175568735
4.9775 171.29848589941477
4.9825 -131.34746969958226
4.9875 -84.33038924867897
4.9925 211.4128116044845
4.9975 -200.24593448801662
5.0024999999999995 96.07178278324848
5.007499999999999 139.66635905018484
5.0125 -290.2362365005528
5.0175 -89.60848554723499
5.0225 238.49017641591504
5.0275 313.2471739728122
5.0325 -131.2334230572809
5.0375 -100.18954274352369
5.0424999999999995 -251.18211324809977
5.047499999999999 -2.453917232161696
5.0525 8.989688637016764
5.0575 255.24815438680523
5.0625 -83.64983080150405
5.0675 236.0074384970133
5.0725 -484.1233561107199
5.0775 262.2523249801551
5.0825 5.192093533983254
5.0874999999999995 14.432560620942237
5.092499999999999 -92.27896505234604
5.0975 147.270721747583
5.1025 20.420822139130994
5.1075 -2.683093457081921
5.1125 -103.12971623156935
5.1175 -3.3295367183567786
5.1225 206.14792566458092
5.1274999999999995 -154.9656169396829
5.132499999999999 60.68571372095639
5.1375 -248.21093424451303
5.1425 63.14528566480777
5.1475 68.05029158902595
5.1525 49.073183373365715
5.1575 -129.34924006825602
5.1625 -48.36307611669895
5.1674999999999995 -71.97421753561045
5.172499999999999 77.88701824609278
5.177499999999999 20.112995761739274
5.1825 0.9239346776647491
5.1875 39.27805504611007
5.1925 113.65822647932738
5.1975 -83.11685205276567
5.2025 318.4429960847831
5.2075 -94.92885211177858
5.2124999999999995 -115.79002120606091
5.217499999999999 103.58838211565481
5.2225 -125.03340552106852
5.2275 50.14593115664398
5.2325 59.234539746651755
5.2375 -214.0819888179403
5.2425 45.36651788701186
5.2475 -21.627385554677435
5.2524999999999995 -135.6845423775198
5.257499999999999 109.0573287496877
5.2625 -10.160000789914069
5.2675 261.7617298574387
5.2725 -204.6224319832301
5.2775 120.14760803690794
5.2825 -171.95762476083388
5.2875 152.85028580063465
5.2924999999999995 -115.62472240656847
5.297499999999999 95.36110372619896
5.302499999999999 -272.55461333786644
5.3075 -53.25599679540991
5.3125 74.18726647178804
5.3175 84.21343636563361
5.3225 20.68810733646987
5.3275 178.45476401335503
5.3325 -190.3930072806515
5.3374999999999995 236.79280155275768
5.342499999999999 -291.68444008667666
5.3475 107.63915945401583
5.3525 24.067545892025223
5.3575 105.37027948371274
5.3625 136.80919826665053
5.3675 -58.89257561662066
5.3725 -301.292720812719
5.3774999999999995 89.93628302836362
5.382499999999999 241.13545064961588
5.3875 -257.61991816114744
5.3925 -41.123982214430214
5.3975 22.64484653726319
5.4025 127.04712922558919
5.4075 43.043723279033415
5.4125 -90.33826192124393
5.4174999999999995 -210.51343769741885
5.422499999999999 4.9455854611486165
5.427499999999999 146.65936318669907
5.4325 53.88873816418589
5.4375 157.67148161835797
5.4425 -49.23732159769406
5.4475 170.05044896194184
5.4525 -191.2214618869511
5.4575 -172.7544711946478
5.4624999999999995 80.4707911412169
5.467499999999999 23.28975822091641
5.4725 13.878376769159795
5.4775 27.10469977774225
5.4825 198.04588287520906
5.4875 -76.76580983759199
5.4925 74.13219566702885
5.4975 249.7761130501486
5.5024999999999995 -269.98743706234274
5.507499999999999 -84.00639881923563
5.5125 -130.0305046800217
5.5175 63.27089920843092
5.5225 287.19877947707676
5.5275 -245.0661277685135
5.5325 -174.1594071537264
5.5375 93.83482469929314
5.5424999999999995 157.35318348442306
5.547499999999999 -130.42627803210698
5.552499999999999 13.830766607364657
5.5575 200.24629437158512
5.5625 -90.8221874211322
5.5675 146.06863273088928
5.5725 18.354855314657154
5.5775 -308.33567027510435
5.5825 222.7560209947095
5.5874999999999995 178.1026286821942
5.592499999999999 35.4395078575709
5.5975 -360.987176594759
5.6025 78.90270079856167
5.6075 -30.588921822557147
5.6125 219.4581695737952
5.6175 -152.60281591100158
5.6225 56.649936487630455
5.6274999999999995 -6.12518938671337
5.632499999999999 53.85963730117959
5.6375 -26.845219382589864
5.6425 55.540595091767294
5.6475 54.16204762824261
5.6525 -163.9336619683569
5.6575 88.11061566014207
5.6625 -5.648199310314382
5.6674999999999995 8.656400135298702
5.672499999999999 98.60784801247354
5.677499999999999 -144.4154397273359
5.6825 70.26544008725783
5.6875 -302.1433684583816
5.6925 -172.88808155511822
5.6975 348.53424472355204
5.7025 231.84673416343009
5.7075 -159.001733660982
5.7124999999999995 -79.65430184116572
5.717499999999999 -73.76478790029167
5.7225 -101.23543702812353
5.7275 335.8542536573197
5.7325 -46.05842543028859
5.7375 -12.793080826153515
5.7425 118.68472725407705
5.7475 -251.91908742506251
5.7524999999999995 131.74634543553563
5.757499999999999 140.58752019005942
5.7625 -302.9501892593826
5.7675 -262.3557740711449
5.7725 141.20724022129673
5.7775 -72.4045635435085
5.7825 160.12605308858275
5.7875 -105.06594693758606
5.7924999999999995 147.20063011323225
5.797499999999999 -58.849921452896
5.802499999999999 250.72097436518956
5.8075 -200.1924063139759
5.8125 -71.76731961679988
5.8175 -21.341449572331452
5.8225 -235.33187006249835
5.8275 274.37095320823266
5.8325 7.42346929416411
5.8374999999999995 465.1096019282976
5.842499999999999 -266.2587968188397
5.8475 236.37381286499178
5.8525 -103.10524204356187
5.8575 -164.04497882470957
5.8625 89.60777341199824
5.8675 127.13435033091532
5.8725 147.18799629200402
5.8774999999999995 29.856768572190266
5.882499999999999 -77.5454559750811
5.8875 -219.79308998630526
5.8925 156.7361260652545
5.8975 -236.48030695256577
5.9025 138.00772160694999
5.9075 207.86860914037115
5.9125 3.5848240422869573
5.9174999999999995 -116.25043709801432
5.922499999999999 -0.9478157814989463
5.927499999999999 -62.255535386482585
5.9325 -242.0910584696062
5.9375 179.55990112041854
5.9425 68.79948035904539
5.9475 168.25627773435247
5.9525 145.8594492430178
5.9575 -95.36909090448268
5.9624999999999995 -235.55852907620658
5.967499999999999 84.23759764573404
5.9725 169.1906656028119
5.9775 96.36763813046659
5.9825 -157.6011672114729
5.9875 -131.65314565751595
5.9925 -143.11162465270075
5.9975 131.9845291448419
6.0024999999999995 58.668770407238895
6.007499999999999 88.29725772638862
6.012499999999999 -233.5165565511208
6.0175 -52.99146487185041
6.0225 -31.34136020303612
6.0275 41.86575027737702
6.0325 185.7963961788033
6.0375 -233.30936098820354
6.0424999999999995 13.329603934599465
6.047499999999999 -33.84253758226092
6.052499999999999 2.286797040217786
6.0575 281.4636593701288
6.0625 128.46656646936555
6.0675 -259.86409248633265
6.0725 155.0443386741146
6.0775 -169.06317925009952
6.0825 217.78903813623901
6.0874999999999995 14.762311342177012
6.092499999999999 53.298755963554186
6.0975 -452.66937577279225
6.1025 289.9207998028445
6.1075 -50.31477036830945
6.1125 21.70194474548764
6.1175 159.34418017973778
6.1225 194.17513331154277
6.1274999999999995 -76.97898292183856
6.132499999999999 8.059939504096658
6.137499999999999 -107.50473063804418
6.1425 -188.9084249265118
6.1475 -299.5379934040277
6.1525 282.7770032010902
6.1575 -113.21003643090418
6.1625 35.834533464368
6.1674999999999995 -11.706771090476941
6.172499999999999 113.51145530176338
6.177499999999999 -277.8854190260008
6.1825 19.29682193549263
6.1875 -73.2659612469016
6.1925 70.44570517457254
6.1975 103.3457903918689
6.2025 -151.46313932386377
6.2075 153.24254155400718
6.2124999999999995 -64.64395575005453
6.217499999999999 18.313672035210075
6.2225 154.57640164322984
6.2275 -131.37590938344388
6.2325 50.02655856649056
6.2375 248.99775755908777
6.2425 102.4095322349855
6.2475 -350.38631188714527
6.2524999999999995 52.71704437418843
6.257499999999999 -152.2853362325679
6.262499999999999 19.194773166599983
6.2675 364.1321084049812
6.2725 -141.17984913420185
6.2775 -50.14551508650011
6.2825 203.84008458072958
6.2875 -66.21357007132734
6.2924999999999995 -130.52285920244864
6.297499999999999 40.45246631890678
6.302499999999999 -141.82542387207866
6.3075 68.25786743110699
6.3125 58.72918084463669
6.3175 -97.56880006866614
6.3225 147.21234586950354
6.3275 108.37124289881304
6.3325 -47.94888263076194
6.3374999999999995 97.66577099225452
6.342499999999999 -118.08369195664417
6.3475 289.8584208615402
6.3525 -223.6811175798313
6.3575 7.29419622151225
6.3625 -146.6608476570748
6.3675 152.7245457714246
6.3725 -220.44934366049804
6.3774999999999995 191.17946854051377
6.382499999999999 -35.16086885998486
6.387499999999999 -156.20679812807265
6.3925 174.89560684085424
6.3975 -239.74043956550977
6.4025 -50.28171424014277
6.4075 -113.93552762455091
6.4125 25.321427878146423
6.4174999999999995 -29.442838978939395
6.422499999999999 406.49643512784854
6.427499999999999 -294.01664535390535
6.4325 66.71394823738862
6.4375 240.15709473400574
6.4425 -83.50864091148671
6.4475 21.30185948494145
6.4525 -14.896932008328866
6.4575 -14.83700448599369
6.4624999999999995 68.87577054376534
6.467499999999999 -3.9649281986753278
6.4725 -57.96676085982383
6.4775 142.6776547422735
6.4825 -282.14616283337955
6.4875 194.50682727246274
6.4925 -8.070708904746594
6.4975 5.048645917359784
6.5024999999999995 -54.90642310356636
6.507499999999999 97.41292245518282
6.512499999999999 -315.33565424487176
6.5175 226.43612143202577
6.5225 -151.61148760728145
6.5275 304.21374165252894
6.5325 -220.54229046734392
6.5375 16.83873084344364
6.5424999999999995 -53.366094850463526
6.547499999999999 151.55979516840108
6.552499999999999 -70.39314121874708
6.5575 -121.22815179387612
6.5625 74.878672632942
6.5675 173.69467524129695
6.5725 21.737647564000262
6.5775 240.83142068201417
6.5825 -83.56348157498036
6.5874999999999995 -209.06591354778706
6.592499999999999 69.45052851808666
6.5975 5.94753240259417
6.6025 41.078349241117635
6.6075 0.9985805826510498
6.6125 -173.113735658109
6.6175 -3.0885005699130845
6.6225 159.90526568714083
6.6274999999999995 -274.25737717784455
6.632499999999999 291.0745671146365
6.637499999999999 12.753495936350696
6.6425 1.9880109775412917
6.6475 -140.98275458853925
6.6525 -109.68573572550379
6.6575 -165.83896196461265
6.6625 300.829028467071
6.6674999999999995 68.49731599628231
6.672499999999999 -40.19084385991121
6.677499999999999 126.61412527687168
6.6825 88.37810271630609
6.6875 -59.45605856868161
6.6925 -139.16221709083797
6.6975 23.611313005080884
6.7025 59.082156096018
6.7075 -203.1338055115061
6.7124999999999995 -131.58864392949565
6.717499999999999 -128.85666578328983
6.722499999999999 193.25383558697197
6.7275 -55.85620360591783
6.7325 167.32395367808735
6.7375 28.076223037346477
6.7425 4.381240194832545
6.7475 -114.13490246355893
6.7524999999999995 154.36247221135932
6.757499999999999 -76.01219788798093
6.762499999999999 0.676097601524256
6.7675 -60.75804959450349
6.7725 -139.95941914817263
6.7775 167.226844064451
6.7825 74.60731151980538
6.7875 -90.94401623308848
6.7924999999999995 -119.40946960041548
6.797499999999999 12.975911153017481
6.802499999999999 162.78725957181555
6.8075 -257.76765385299177
6.8125 125.09577183026217
6.8175 227.6545513996641
6.8225 -222.30433502611763
6.8275 26.80550169114482
6.8325 181.47979735602655
6.8374999999999995 -2.4605869783502547
6.842499999999999 41.69779287091863
6.847499999999999 103.39417229667285
6.8525 40.51607833842683
6.8575 -29.02325671355838
6.8625 40.643118553940376
6.8675 -309.5760386003335
6.8725 234.94635692844744
6.8774999999999995 6.402838967655107
6.882499999999999 -78.67517747215892
6.887499999999999 6.1236960343848414
6.8925 25.173172427583417
6.8975 -62.06426975803272
6.9025 137.64251382178978
6.9075 -59.23197572425897
6.9125 -151.342913038239
6.9174999999999995 -221.7138507402085
6.922499999999999 78.40956668740094
6.927499999999999 72.7161685009924
6.9325 -3.648299345526337
6.9375 36.72098557755841
6.9425 -52.335263041944984
6.9475 42.046559466540195
6.9525 -72.88942131947815
6.9575 79.90249255061163
6.9624999999999995 -165.67688672185156
6.967499999999999 220.28748553213842
6.972499999999999 -301.6380590321331
6.9775 55.22782399967477
6.9825 -3.3176006896563766
6.9875 151.65358043159
6.9925 3.3287758968602983
6.9975 166.4063916370664
7.0024999999999995 51.399742087142904
7.007499999999999 -72.13431874791664
7.012499999999999 14.677881472754393
7.0175 79.22212865109883
7.0225 -376.78660201645283
7.0275 102.95240613705064
7.0325 -167.2351465191625
7.0375 161.71111190859506
7.0424999999999995 -76.34297931049241
7.047499999999999 6.2398276328625455
7.052499999999999 -52.451954006071524
7.0575 -28.08415047627366
7.0625 409.77966568666386
7.0675 -217.1130566580234
7.0725 79.52476191517681
7.0775 -276.8892568346129
7.0825 229.03719564746356
7.0874999999999995 -26.400172755946244
7.092499999999999 65.335279156903
7.097499999999999 -74.21362152843454
7.1025 87.98617515931305
7.1075 -300.46441989709865
7.1125 176.50512721676338
7.1175 92.19169795824214
7.1225 -38.61401709691056
7.1274999999999995 72.90841159245844
7.132499999999999 70.09599137625447
7.137499999999999 -131.6331525133777
7.1425 -141.3500799175961
7.1475 250.07603090388304
7.1525 -32.13726357084083
7.1575 88.58156745607548
7.1625 -61.76860798392916
7.1674999999999995 125.5254580735488
7.172499999999999 -139.3129536491197
7.177499999999999 3.389872678935656
7.1825 102.09344972062127
7.1875 -29.71197846485115
7.1925 -47.456078204530215
7.1975 -91.42356418030553
7.2025 204.70933077235844
7.2075 -61.92278026247742
7.2124999999999995 70.18336900132638
7.217499999999999 190.56948655072725
7.222499999999999 -153.4710737715581
7.2275 8.613923610629767
7.2325 90.29504576018071
7.2375 -315.3816446016476
7.2425 -53.11409713867654
7.2475 132.22937602933646
7.2524999999999995 153.98223475988686
7.257499999999999 -130.00607060883428
7.262499999999999 126.32294663965305
7.2675 -161.33496528719942
7.2725 -109.16586160728356
7.2775 16.678380673290444
7.2825 20.19177355116193
7.2875 88.24089903847535
7.2924999999999995 7.972752939698036
7.297499999999999 36.57270117840854
7.302499999999999 -23.67354299274733
7.3075 -83.61066257397528
7.3125 -105.8115693732888
7.3175 113.77513205775014
7.3225 60.15801032583535
7.3275 193.4881786083088
7.3325 -219.45097927115705
7.3374999999999995 31.531197403765113
7.342499999999999 10.282743061370269
7.347499999999999 203.90389147687299
7.3525 62.46321774620482
7.3575 102.68756235826
7.3625 -143.278223177951
7.3675 76.2976168748825
7.3725 144.51252539259585
7.3774999999999995 -185.37612166389096
7.382499999999999 14.192799016275366
7.387499999999999 -135.26372721485166
7.3925 23.368937540397262
7.3975 202.4827785046709
7.4025 158.31100932540093
7.4075 -246.7839968166346
7.4125 47.73107346322584
7.4174999999999995 61.38156985148086
7.422499999999999 -106.94644450833465
7.427499999999999 139.29051007289593
7.4325 -239.66410345780426
7.4375 43.47283791931404
7.4425 -93.29385908478422
7.4475 -38.55999903382943
7.4525 222.11679226406625
7.4575 247.47361189500103
7.4624999999999995 -271.37051599949075
7.467499999999999 -57.34193337677299
7.472499999999999 37.07752953177715
7.4775 98.3236763149122
7.4825 10.619647241587169
7.4875 4.883701606471876
7.4925 157.31130277430552
7.4975 -77.14657734426903
7.5024999999999995 -129.87881893705216
7.507499999999999 139.60251425770954
7.512499999999999 15.805815526178081
7.5175 -108.76989625698553
7.5225 130.05797489873666
7.5275 66.06454616736768
7.5325 -91.14676437197262
7.5375 -25.857884668011568
7.5424999999999995 -87.33217855380394
7.547499999999999 -53.91213822803639
7.552499999999999 71.57769492501534
7.557499999999999 97.1025036002533
7.5625 -68.84702880771671
7.5675 -88.4265562441904
7.5725 254.00087522793757
7.5775 -370.4773401453302
7.5825 -13.903696255903608
7.5874999999999995 109.43076670444458
7.592499999999999 -83.08618234083215
7.597499999999999 55.381311512559286
7.6025 40.10721310307042
7.6075 99.97459106467967
7.6125 -44.95376893555918
7.6175 -177.97422562971394
7.6225 -80.4236542230247
7.6274999999999995 52.17238697600376
7.632499999999999 98.75304938712277
7.637499999999999 194.9876480364103
7.6425 -406.2738562858738
7.6475 146.92779652446814
7.6525 171.5682475825673
7.6575 -3.2330247614546006
7.6625 -29.092386860071926
7.6674999999999995 -16.27078430712992
7.672499999999999 -30.34543275837081
7.677499999999999 6.759962419948996
7.682499999999999 -107.38759544469382
7.6875 23.376872611224616
7.6925 79.0015767365422
7.6975 134.62384286450822
7.7025 -40.2872506808093
7.7075 -125.43629563651248
7.7124999999999995 96.6841878355474
7.717499999999999 12.164185145557422
7.722499999999999 70.886046471591
7.7275 -37.46849256626575
7.7325 -23.359192393384237
7.7375 90.32153292765088
7.7425 -243.20721495494644
7.7475 76.6713468156132
7.7524999999999995 -82.10690138628733
7.757499999999999 82.56157052320329
7.762499999999999 -40.28463425489508
7.7675 -166.11630969074412
7.7725 178.708043621202
7.7775 71.25605704524813
7.7825 -16.43103289406013
7.7875 85.20531785053174
7.7924999999999995 3.4844800819914044
7.797499999999999 -38.86113881399439
7.802499999999999 -29.659143872634665
7.807499999999999 -160.21780616097408
7.8125 -2.6459139974704575
7.8175 68.94010456735859
7.8225 -140.20358718830533
7.8275 282.3654652216597
7.8325 149.19915659915824
7.8374999999999995 -81.9738323643912
7.842499999999999 -309.9574863001134
7.847499999999999 21.33601486990191
7.8525 -176.70145469066645
7.8575 155.06597813754607
7.8625 189.44011519996596
7.8675 140.5365943623929
7.8725 53.43110574465134
7.8774999999999995 -84.65952698358699
7.882499999999999 99.19089492120044
7.887499999999999 -145.2508771275397
7.8925 164.8961345180715
7.8975 -9.205629962777966
7.9025 24.51155589609028
7.9075 -52.78853100146465
7.9125 -193.0430713870095
7.9174999999999995 76.03676102710078
7.922499999999999 66.02972055682916
7.927499999999999 -122.82056521209302
7.932499999999999 -148.68815377538135
7.9375 -7.482549280826713
7.9425 2.4191487950822292
7.9475 -6.832643242225432
7.9525 -91.99824744753506
7.9575 171.42624759266354
7.9624999999999995 126.47798921798992
7.967499999999999 55.64788733793561
7.972499999999999 -181.7363489107995
7.9775 161.99659652325886
7.9825 2.8264621559100758
7.9875 33.90057107750852
7.9925 37.35016837550236
7.9975 -33.048556203246996
8.0025 -120.19107545854668
8.0075 189.46825572649928
8.0125 -41.64045026823737
8.0175 1.7051336107738175
8.022499999999999 170.21284684986193
8.0275 -261.1677714368173
8.032499999999999 -72.87342696206893
8.0375 -77.3960341596366
8.0425 -13.74036622348661
8.0475 113.91544888470469
8.0525 40.74343198663524
8.0575 55.6551388273596
8.0625 77.23816988358779
8.067499999999999 -93.24850270206063
8.0725 30.573372878632103
8.077499999999999 -36.684053496780116
8.0825 29.05361483342969
8.0875 183.86303638309624
8.0925 -3.3128489765000046
8.0975 -191.62188156946775
8.1025 146.16555319182737
8.1075 79.86075592550593
8.112499999999999 -209.5480749931636
8.1175 76.84923726350621
8.1225 -65.29400049515183
8.1275 -40.806657953722215
8.1325 9.834370349008806
8.1375 -81.53401017639295
8.1425 7.97911636542785
8.147499999999999 27.936665650251317
8.1525 61.923574506433276
8.157499999999999 -155.02253900657178
8.1625 378.91120040411
8.1675 -123.09562318724416
8.1725 -155.98821590168288
8.1775 158.80777240509357
8.1825 -24.495377583569997
8.1875 119.57740883999081
8.192499999999999 106.9346220288214
8.1975 -139.32983316714038
8.202499999999999 74.752961334382
8.2075 -164.65943192373663
8.2125 0.5419443892579516
8.2175 -20.55284032732412
8.2225 -50.70520995971382
8.2275 172.1756718331202
8.2325 -46.01952774046249
8.237499999999999 4.250308368153594
8.2425 -33.501676130220226
8.2475 -84.82663375391334
8.2525 97.83979015878515
8.2575 152.17653507420562
8.2625 -398.7312161863652
8.2675 177.4493127467817
8.272499999999999 253.51379191421663
8.2775 -106.04689480439608
8.282499999999999 171.568895504575
8.2875 -234.71459013396444
8.2925 -99.59175498409472
8.2975 -25.626546078229236
8.3025 99.30024803124817
8.3075 234.31415279445457
8.3125 -520.7914373562844
8.317499999999999 -5.971173693703127
8.3225 281.5634646235398
8.327499999999999 -37.66751857480211
8.3325 -128.38069061802926
8.3375 283.3751607458202
8.3425 -66.83576441723426
8.3475 -133.36051311231174
8.3525 206.07570683543386
8.3575 181.9097711443106
8.362499999999999 17.459641319523318
8.3675 -215.92238565480588
8.3725 -103.62494493747002
8.3775 18.76127255224107
8.3825 -156.20735420410932
8.3875 147.21844112605143
8.3925 47.8540954832987
8.397499999999999 105.22404596035742
8.4025 -46.58370464442906
8.407499999999999 -30.49144416711421
8.4125 72.4272979214457
8.4175 3.7708010805426273
8.4225 155.52155060195653
8.4275 -7.010570073228739
8.4325 -223.06405634471267
8.4375 138.4403319206785
8.442499999999999 -151.9513750709588
8.4475 -134.05261434795148
8.452499999999999 -58.240330532201085
8.4575 1.325253148011185
8.4625 51.14796964799549
8.4675 88.05478278383377
8.4725 -223.30402644499713
8.4775 -129.08447023994634
8.4825 214.44239609266
8.487499999999999 74.87547728052274
8.4925 87.42959936474905
8.4975 -244.1328049654416
8.5025 470.80242069887123
8.5075 -78.79955323342095
8.5125 -192.7843171408416
8.5175 65.93828427408722
8.522499999999999 -117.24662593526054
8.5275 113.29677758181863
8.532499999999999 134.1521351157043
8.5375 -20.17910117567939
8.5425 99.87531425456335
8.5475 -472.46853714110597
8.5525 -16.61256106085333
8.5575 270.4955143024562
8.5625 -50.851496643201365
8.567499999999999 78.9311106785373
8.5725 -96.71791984742504
8.577499999999999 189.63631358948848
8.5825 -44.09725683253669
8.5875 12.554353146583253
8.5925 -16.246894354239057
8.5975 -227.77908743082975
8.6025 229.43982706780864
8.6075 -353.97750593438633
8.612499999999999 311.9860840517318
8.6175 75.10034174501463
8.6225 -52.706727361000446
8.6275 75.0723116178648
8.6325 -22.181654673206634
8.6375 25.34901930262082
8.6425 -170.90506230083528
8.647499999999999 -7.298393240269035
8.6525 101.65274932954125
8.657499999999999 -97.52399870930333
8.6625 43.87729494281406
8.6675 145.0037179088774
8.6725 -276.5368930563368
8.6775 233.32857784966822
8.6825 55.182314452609795
8.6875 -128.1731197761587
8.692499999999999 -111.85335682858206
8.6975 -95.10671696648912
8.702499999999999 -9.61666397362814
8.7075 379.38737898253737
8.7125 -100.09623447409555
8.7175 139.85229898161555
8.7225 -37.44280780098956
8.7275 -81.09105889287605
8.7325 23.63159043750056
8.737499999999999 115.18326698370934
8.7425 -49.84310683189274
8.747499999999999 -22.42106251298362
8.7525 -56.50767036810433
8.7575 -26.96943540028622
8.7625 -125.54959014189339
8.7675 76.86552867289197
8.772499999999999 -117.77721800459678
8.7775 270.1454993072503
8.782499999999999 -355.49469216081513
8.7875 90.77152844680273
8.7925 213.81246457899226
8.7975 2.329874642817529
8.8025 8.163435965501288
8.8075 -157.81278467103309
8.8125 30.63558812883615
8.817499999999999 52.98672677768831
8.8225 184.54435927034098
8.827499999999999 -149.1848831036534
8.8325 158.33712621412826
8.8375 -85.50020052523136
8.8425 -201.76019598608124
8.8475 -163.6122137676259
8.8525 237.71125310490214
8.8575 68.67612582497709
8.862499999999999 -260.5668103530344
8.8675 -10.01696055885841
8.872499999999999 -39.81781723825671
8.8775 -18.333042686042482
8.8825 203.91854051450014
8.8875 22.58482822163286
8.8925 184.19788731899783
8.897499999999999 -110.24140213968693
8.9025 -301.9756282403409
8.907499999999999 221.44397894551352
8.9125 -77.47850999944616
8.9175 189.24778513115484
8.9225 216.36930166934212
8.9275 15.378966244403756
8.9325 -95.22383215899762
8.9375 -164.02033199785677
8.942499999999999 95.62691280877692
8.9475 183.72602272148694
8.952499999999999 14.068668989040434
8.9575 -244.4481937663971
8.9625 -50.922409101574104
8.9675 -43.79755684981457
8.9725 73.7464613394574
8.9775 -98.27008642774763
8.9825 13.80554738799897
8.987499999999999 -145.56658107333848
8.9925 112.94551885005365
8.997499999999999 -4.371070293099586
9.0025 -105.0216534943382
9.0075 -99.29937711876931
9.0125 -14.065943084834089
9.0175 226.30485669659788
9.022499999999999 131.35268755077934
9.0275 -311.23509323218036
9.032499999999999 -43.2625035400742
9.0375 312.5060583057457
9.0425 -5.7344008332528436
9.0475 77.15045540223242
9.0525 -49.73221505922122
9.0575 -206.53457799131704
9.0625 -61.72672832648748
9.067499999999999 149.4345080839937
9.0725 308.1099577486019
9.077499999999999 -195.14579390325852
9.0825 70.07700689299158
9.0875 200.1951977472561
9.0925 -180.55965208127793
9.0975 89.66082327643338
9.1025 170.35438359658366
9.1075 -44.06524048497622
9.112499999999999 9.97532170102562
9.1175 -154.86860206687626
9.122499999999999 183.7860499848623
9.1275 -188.1488020331121
9.1325 -86.5297212259341
9.1375 150.00746509435498
9.1425 -169.02054824524433
9.147499999999999 28.848319218901846
9.1525 173.2392989693547
9.157499999999999 -152.9791522772256
9.1625 96.94211184940261
9.1675 42.52635518734388
9.1725 -273.3064415610851
9.1775 218.3023446096076
9.1825 -16.19033723692132
9.1875 -15.600951114009966
9.192499999999999 -236.50430756800915
9.1975 104.97127453179436
9.202499999999999 127.59368986177547
9.2075 52.55966090785048
9.2125 57.14665686815747
9.2175 -189.67475626016295
9.2225 83.2709295904842
9.2275 -165.58627475012045
9.2325 -61.55024905641167
9.237499999999999 217.6139877420937
9.2425 -5.739333935622794
9.247499999999999 -50.81523695914514
9.2525 152.69663643883268
9.2575 1.643085209697674
9.2625 174.75574226977713
9.2675 -0.8058707610141272
9.272499999999999 -216.84847289017654
9.2775 -102.03769211063883
9.282499999999999 189.83683610838105
9.2875 -211.6405767173798
9.2925 132.95652505591886
9.2975 -5.640151603167248
9.3025 26.243046405693388
9.3075 -37.267565161910625
9.3125 -300.88058004475937
9.317499999999999 224.79100245251666
9.3225 40.3972474158089
9.327499999999999 -55.35693101270564
9.3325 -97.69692677727832
9.3375 -15.359709907593325
9.3425 -132.06793397112068
9.3475 75.14191112623895
9.3525 152.5561043396595
9.3575 18.315833409076525
9.362499999999999 19.01727174823904
9.3675 -4.909788230767483
9.372499999999999 -14.397598886253235
9.3775 -3.7071720866239164
9.3825 -106.66868123839726
9.3875 -51.15081345190105
9.3925 63.078836025852986
9.397499999999999 173.3942149634163
9.4025 0.44476661485798924
9.407499999999999 81.95429917382279
9.4125 -224.27304380965515
9.4175 229.4746582706878
9.4225 30.36248058117278
9.4275 -8.667361649297801
9.4325 -98.26834003845303
9.4375 87.33745101256258
9.442499999999999 390.76228103893607
9.4475 -501.66603421471547
9.452499999999999 149.3167178630734
9.4575 -192.01088590309405
9.4625 29.317673973931967
9.4675 -58.2506428083476
9.4725 113.71318405563659
9.4775 -102.96943132732109
9.4825 172.94734325995563
9.487499999999999 -151.1021177469724
9.4925 252.5093704278286
9.497499999999999 -249.18169668262072
9.5025 34.85119082570997
9.5075 -147.7169947416336
9.5125 58.79840217919884
9.5175 -41.41760194123581
9.522499999999999 -1.3547920228743575
9.5275 4.060674333870567
9.532499999999999 -124.95957583464718
9.5375 26.84103973298519
9.5425 33.7356720316837
9.5475 -249.19995955656395
9.5525 219.3050870779577
9.5575 61.140142584601406
9.5625 43.601024630451725
9.567499999999999 1.8739733487772228
9.5725 -90.88882391005671
9.577499999999999 340.04798674949654
9.5825 -39.105312512259964
9.5875 -127.73889571029726
9.5925 -44.083154133694286
9.5975 -57.01235279427827
9.6025 99.35672242715655
9.6075 -56.454102718717856
9.612499999999999 -83.37307310020658
9.6175 89.75276004076677
9.622499999999999 49.8682239416975
9.6275 -106.75491828914687
9.6325 -139.02622500183168
9.6375 276.3241730503707
9.6425 17.361990762066135
9.647499999999999 -0.752603519008567
9.6525 -31.319929564183518
9.657499999999999 51.135966774376335
9.6625 52.56874102687264
9.6675 197.73317780563227
9.6725 -28.05608745300241
9.6775 45.18021346655569
9.6825 -92.8709512846954
9.6875 -165.60280386687967
9.692499999999999 9.084849747588457
9.6975 -9.530664301290786
9.702499999999999 -0.1506134445472546
9.7075 246.77392112939344
9.7125 128.38382153928268
9.7175 -81.16362181545327
9.7225 166.68422267301395
9.7275 -149.63431623071324
9.7325 -273.2616080951078
9.737499999999999 232.10503635109728
9.7425 -53.6822157874976
9.747499999999999 -116.67954654070776
9.7525 -226.6270339411721
9.7575 156.75076869430598
9.7625 9.71107527673601
9.7675 182.68385148832627
9.772499999999999 -58.82300874119899
9.7775 107.36400787295113
9.782499999999999 -134.8274990679284
9.7875 -84.78571176835881
9.7925 -10.171977872974017
9.7975 -83.60401545209425
9.8025 114.67475531741623
9.8075 -88.15522832735233
9.8125 113.70021482555426
9.817499999999999 62.222496561675776
9.8225 -86.68646334948862
9.827499999999999 -46.95159328666936
9.8325 -69.862743433904
9.8375 9.068606465228353
9.8425 314.87686125017314
9.8475 -172.1894463602552
9.8525 204.30362619634923
9.8575 -224.40279506032817
9.862499999999999 81.9873789871969
9.8675 -12.074550320217343
9.872499999999999 -49.65482048591254
9.8775 130.94411035386216
9.8825 -144.04792504820406
9.8875 -396.5736961663338
9.8925 154.5833040061171
9.897499999999999 35.71461427226085
9.9025 -65.86992902861013
9.907499999999999 -64.73269353105928
9.9125 -105.80409826935815
9.9175 209.32082657964762
9.9225 -129.4829333269525
9.9275 -75.06994546564245
9.9325 79.67800047021433
9.9375 109.65268025525954
9.942499999999999 -178.23757618776054
9.9475 399.03798251913986
9.952499999999999 43.831756183993264
9.9575 -181.597790249951
9.9625 30.61336403553461
9.9675 -149.146356745246
9.9725 299.1038428938938
9.9775 -182.1653509805526
9.9825 63.51549966807983
9.987499999999999 72.34715560090605
9.9925 217.53066370868916
9.997499999999999 -209.98768306853142
10.0025 99.24957449627297
