0.0075 40.546346059756445
0.012499999999999999 142.09241932037995
0.017499999999999998 -62.69787499129356
0.0225 149.89856393178357
0.0275 -168.1683327704343
0.0325 -23.956506613145198
0.0375 -48.19561193001322
0.042499999999999996 54.50967058197856
0.0475 -27.82457349810874
0.0525 -315.5599557909337
0.057499999999999996 285.32408053854914
0.0625 -185.76352505842357
0.06749999999999999 -119.8420767561163
0.0725 -45.139277533045664
0.0775 349.91167822571674
0.08249999999999999 87.48956267806435
0.0875 32.03500597736933
0.0925 75.08733251324863
0.09749999999999999 -127.64486806848562
0.1025 379.56972192046624
0.1075 -216.1811399338699
0.11249999999999999 33.74316050476649
0.1175 -81.08252984968011
0.1225 -82.09575815411345
0.1275 -68.45587142294269
0.1325 149.1253992842041
0.13749999999999998 20.870750287026155
0.1425 -202.19196231691822
0.1475 16.292238104852007
0.1525 -152.7376047421262
0.1575 -111.55610852799803
0.1625 5.544569685410197
0.16749999999999998 133.7046781244511
0.1725 -21.83670962823585
0.1775 -103.15366987135133
0.1825 -227.19419754979575
0.1875 149.7997145080769
0.1925 5.282871565335342
0.19749999999999998 267.0800675207969
0.20249999999999999 -86.66009066052105
0.2075 -300.3986466681928
0.2125 77.48462703322645
0.2175 22.94031502609326
0.2225 255.24395907864678
0.22749999999999998 69.19888756473662
0.23249999999999998 95.99567898795254
0.2375 70.45139383505952
0.2425 -30.958735151070172
0.2475 21.347223499565203
0.2525 -185.7793786204331
0.2575 -9.06021265798763
0.2625 -63.90888938365424
0.2675 81.14956596068778
0.27249999999999996 -71.53050451772967
0.27749999999999997 215.59542120216028
0.2825 -346.01148090944355
0.2875 86.81347895870334
0.2925 141.00634196290517
0.2975 169.33431414894505
0.3025 -379.44402116922515
0.3075 138.47155059897443
0.3125 156.56810393156513
0.3175 20.93697833770697
0.3225 -87.55819135610278
0.32749999999999996 2.7545210687162824
0.33249999999999996 145.00240762346465
0.33749999999999997 -133.72260044540917
0.34249999999999997 165.4144281298015
0.3475 -180.173578726279
0.3525 201.40887573856915
0.3575 231.0843025662864
0.3625 -157.17008811350874
0.3675 246.07016358077385
0.3725 -135.7793589670117
0.3775 2.0795362113955864
0.3825 -173.93466021062832
0.38749999999999996 24.488774542491676
0.39249999999999996 88.79628174828323
0.39749999999999996 -192.93670045429013
0.40249999999999997 -12.281318825686187
0.4075 -26.237225173837015
0.4125 82.31238608772118
0.4175 12.476839686691722
0.4225 15.322245370193531
0.4275 -16.2562594852573
0.4325 -17.428737913543145
0.4375 -15.66814328421771
0.4425 -224.31508215798664
0.44749999999999995 259.06930363912204
0.45249999999999996 -156.7844580995383
0.45749999999999996 -100.22652951410387
0.46249999999999997 190.18495520142042
0.46749999999999997 -190.67211861719707
0.4725 -108.06487600719281
0.4775 433.30530124102876
0.4825 -127.5360580651787
0.4875 25.985562979872565
0.4925 34.07271673487933
0.4975 -209.27806019183268
0.5025 -288.72167554909487
0.5075 59.21117944598804
0.5125 255.40835580892136
0.5175 -223.47679194034004
0.5225 0.2022146624828891
0.5275 298.87247736629996
0.5325 167.64712372760638
0.5375 -348.4027068187319
0.5425 116.85124172784371
0.5475 -132.0471262203274
0.5525 -0.7335761063071818
0.5575 103.77942367628555
0.5625 -29.26229514633975
0.5675 231.02031998840644
0.5725 -75.42517138741184
0.5775 -51.057150743212524
0.5825 -22.694251897973086
0.5875 -72.66348247999633
0.5925 303.8644749777794
0.5974999999999999 -158.66169093943356
0.6024999999999999 -169.91530995160457
0.6074999999999999 -254.69113694536296
0.6124999999999999 503.4532951966845
0.6174999999999999 74.98152680579969
0.6224999999999999 -124.65650264662527
0.6275 -91.25199005089644
0.6325 -7.135142948050391
0.6375 -66.88955789849437
0.6425 -9.016882577655897
0.6475 -81.8031608716581
0.6525 -1.9954512084620013
0.6575 229.66666745376838
0.6625 -79.7315771655202
0.6675 -64.45872569225226
0.6725 -148.22090331122294
0.6775 -195.5227712833048
0.6825 -31.173716239046772
0.6875 401.8221928637865
0.6925 40.89824041037974
0.6975 12.216795057264527
0.7025 -64.40235929842254
0.7075 30.819723313252844
0.7125 -133.98038249194033
0.7174999999999999 80.91456437544795
0.7224999999999999 -94.86704373725247
0.7274999999999999 225.09318372388614
0.7324999999999999 47.70052599327956
0.7374999999999999 7.330879870781489
0.7424999999999999 13.527597268091831
0.7474999999999999 -65.99090227824021
0.7525 13.423851190917775
0.7575 16.502536561527243
0.7625 207.92911813454876
0.7675 -310.41011640383846
0.7725 -241.73136981065917
0.7775 93.20185179116648
0.7825 246.34493873152098
0.7875 -263.9922899253925
0.7925 260.62425474453937
0.7975 -1.1247832629129302
0.8025 -146.8420963384203
0.8075 61.92629850266457
0.8125 -74.21830804147824
0.8175 -261.9546776496181
0.8225 379.61973086743615
0.8275 -28.683778609216148
0.8325 -165.36739527437743
0.8374999999999999 47.12838283296251
0.8424999999999999 134.46130233900558
0.8474999999999999 -21.765582950320347
0.8524999999999999 -90.01557557629444
0.8574999999999999 82.2832548615948
0.8624999999999999 -89.09125114538297
0.8674999999999999 10.954091844596839
0.8724999999999999 -15.767996039628038
0.8775 8.168399595471925
0.8825 -58.015142633043276
0.8875 -16.47168302606716
0.8925 149.8049263063876
0.8975 -285.8032025467859
0.9025 142.98985630381566
0.9075 10.527791006959022
0.9125 98.35984388982841
0.9175 -108.97181212399745
0.9225 -137.4837361314732
0.9275 -26.21683214444662
0.9325 149.84340134684555
0.9375 -174.94164483121386
0.9425 375.580447565488
0.9475 -81.44424770587769
0.9524999999999999 76.79556072795779
0.9574999999999999 -6.560140325273981
0.9624999999999999 -338.3286001703976
0.9674999999999999 386.12325157276166
0.9724999999999999 -93.13773356612981
0.9774999999999999 -222.01143151366782
0.9824999999999999 195.0416716260398
0.9874999999999999 -52.46522561730205
0.9924999999999999 22.59088558184887
0.9974999999999999 -221.50596839674006
1.0025 217.40903806317888
1.0075 -101.03365169292145
1.0125 278.33652301286037
1.0174999999999998 80.78147770478265
1.0225 -30.768936636179983
1.0274999999999999 -54.50857267392577
1.0325 -154.28862265568063
1.0374999999999999 -91.70828576943272
1.0425 -75.32474513746851
1.0474999999999999 27.243564833065754
1.0525 41.000671497995675
1.0574999999999999 -173.78184759457113
1.0625 206.99968256745817
1.0675 -337.7202727239346
1.0725 184.9888153458127
1.0775 35.616074335264635
1.0825 124.49282987363111
1.0875 -67.90913170027135
1.0925 -132.49910317156147
1.0975 99.25515288896094
1.1025 12.712417957388322
1.1075 180.4098247224484
1.1125 149.27802807673473
1.1175 -235.3127661005224
1.1225 147.57559747446675
1.1275 131.54200999300014
1.1324999999999998 -58.48908258106309
1.1375 -82.0628419002551
1.1424999999999998 146.90296218972324
1.1475 -301.295445795834
1.1524999999999999 60.506156558174915
1.1575 104.33660163435236
1.1624999999999999 -103.66510067366806
1.1675 150.3020117680703
1.1724999999999999 -56.23074121222195
1.1775 -154.51168809708363
1.1824999999999999 11.299395062537766
1.1875 32.80849905982519
1.1925 -196.28517580694057
1.1975 -59.60337000747191
1.2025 -249.3778417804266
1.2075 109.82439695645891
1.2125 33.508737743231315
1.2175 331.8679679807658
1.2225 -47.018393993032056
1.2275 9.170007016048181
1.2325 45.10312469559185
1.2375 94.02754707080038
1.2425 81.2898654184902
1.2475 -164.82845706428043
1.2525 -50.04326288799253
1.2574999999999998 112.17484114925442
1.2625 -159.41388890323506
1.2674999999999998 14.879167050079676
1.2725 -178.9063851272436
1.2774999999999999 137.13661388960156
1.2825 -14.724245529469682
1.2874999999999999 -223.64745063648186
1.2925 74.36961730478602
1.2974999999999999 7.994122523349261
1.3025 -42.169731756095764
1.3074999999999999 136.45203060196943
1.3125 -17.333704045169153
1.3175 83.76160471656789
1.3225 101.84811492085363
1.3275 -31.19847629434951
1.3325 61.62017410480351
1.3375 9.438585162543818
1.3425 -56.69737637910105
1.3475 128.92459166859
1.3525 4.496192401564667
1.3575 25.565666842316926
1.3625 -20.629731721559367
1.3675 -304.5598854321647
1.3724999999999998 360.2192452266575
1.3775 92.76861276676516
1.3824999999999998 157.43240997694204
1.3875 -167.37378867036716
1.3924999999999998 28.34163578745344
1.3975 -123.08162652904919
1.4024999999999999 12.339292252616058
1.4075 31.647611777302647
1.4124999999999999 -6.9469950289491775
1.4175 14.790392260938315
1.4224999999999999 -158.11033061572383
1.4275 -54.28565092278118
1.4324999999999999 115.4870345060543
1.4375 73.88849810722488
1.4425 76.10479244315849
1.4475 38.74137666797096
1.4525 -139.90331139187367
1.4575 -107.06353048908734
1.4625 135.3822474171546
1.4675 -57.37660154647434
1.4725 125.6382622951359
1.4775 129.5470002340397
1.4825 -149.8024554129146
1.4874999999999998 -194.22892189128075
1.4925 93.87530882102337
1.4974999999999998 -107.15026992940348
1.5025 5.237431758047808
1.5074999999999998 326.2036814143953
1.5125 -54.74388573609138
1.5174999999999998 -343.57027710712396
1.5225 140.9706113142738
1.5274999999999999 -55.53204206729884
1.5325 47.42501689716716
1.5374999999999999 92.8635014974514
1.5425 115.796308575958
1.5474999999999999 -136.84301495314472
1.5525 152.6254273890291
1.5574999999999999 -135.98609099068187
1.5625 37.96987103758754
1.5675 -138.57989121574866
1.5725 49.39393318943874
1.5775 -98.50888411026429
1.5825 107.04561315600368
1.5875 -101.2470738337034
1.5925 98.81327613257852
1.5975 4.289596074395395
1.6025 34.02486499322043
1.6075 -173.41279627181495
1.6124999999999998 275.95707128335505
1.6175 -59.40792704448192
1.6224999999999998 96.86750028796709
1.6275 -96.32523035869144
1.6324999999999998 -87.28081336553959
1.6375 -122.22950224228778
1.6424999999999998 81.14421928827919
1.6475 -37.84976308753562
1.6524999999999999 -188.0269684841143
1.6575 -141.35628807363275
1.6624999999999999 405.61630860984843
1.6675 71.37943960681189
1.6724999999999999 -210.08924602750275
1.6775 267.3241908222044
1.6824999999999999 -108.10695328808401
1.6875 -21.745895345357948
1.6925 3.9507283904824586
1.6975 -58.109331334265434
1.7025 83.99310130230946
1.7075 139.52466861278378
1.7125 -136.3473604069521
1.7175 35.434774335969685
1.7225 237.782155299685
1.7274999999999998 -185.75477363744676
1.7325 179.4098452651296
1.7374999999999998 7.032854432224746
1.7425 -105.39534527556806
1.7474999999999998 59.42611886280282
1.7525 107.7747664774727
1.7574999999999998 -49.20116981291612
1.7625 -32.27855043862415
1.7674999999999998 -94.3811216895142
1.7725 -24.347532413433495
1.7774999999999999 102.22354230145025
1.7825 138.44747537923968
1.7874999999999999 -155.20281481802206
1.7925 175.50269397195473
1.7974999999999999 -123.81517898304506
1.8025 -27.614590186276825
1.8074999999999999 -24.909905820438684
1.8125 -5.995267602546868
1.8175 4.263840516665878
1.8225 94.05139386397994
1.8275 -142.49044002034506
1.8325 49.007841675780774
1.8375 60.96112031275441
1.8425 -133.9335264408329
1.8475 38.921765576286724
1.8524999999999998 68.79770515274843
1.8575 -81.42908469924929
1.8624999999999998 155.7647787341077
1.8675 -15.433627492451121
1.8724999999999998 -24.169982308812827
1.8775 -268.68169111696403
1.8824999999999998 181.2269975381107
1.8875 208.31808147960774
1.8924999999999998 10.32003594680843
1.8975 -359.62499021460525
1.9024999999999999 -179.35881864374701
1.9075 439.0318795369737
1.9124999999999999 -97.97989605580909
1.9175 -158.48390660260625
1.9224999999999999 358.67627975729175
1.9275 -445.7081129064711
1.9324999999999999 220.59189729212548
1.9375 -95.48673822465148
1.9425 -45.792189224469944
1.9475 -44.78931885599967
1.9525 -72.99080663939375
1.9575 104.58183366663665
1.9625 -162.62815787526293
1.9674999999999998 46.564868062128106
1.9725 -151.43036972091474
1.9774999999999998 321.7857036206543
1.9825 169.49670348387363
1.9874999999999998 -306.70446053234747
1.9925 172.83111096645024
1.9974999999999998 -74.04514647683334
2.0025 -218.44919513261644
2.0075 130.18936523155614
2.0124999999999997 143.23628154421655
2.0175 -82.56644546523054
2.0225 -68.23000007396601
2.0275 -166.5399803189928
2.0324999999999998 -1.698655459820509
2.0375 221.60287936714715
2.0425 -76.34366236555783
2.0475 -3.6828336938056934
2.0524999999999998 -79.18662511728985
2.0575 59.46639924240495
2.0625 -335.2626022910385
2.0675 250.92284560861273
2.0725 -70.2421998985575
2.0775 67.00437861942913
2.0825 147.23885935387082
2.0875 -144.06209880266877
2.0925 24.543083538870743
2.0974999999999997 105.30797765091705
2.1025 -72.16402894578023
2.1075 10.485043944587431
2.1125 -66.5760505912042
2.1174999999999997 70.17791298221015
2.1225 184.50319648517757
2.1275 -233.50909307909032
2.1325 -103.13366981902753
2.1374999999999997 182.9770864620956
2.1425 2.2819760478296782
2.1475 -161.64067473338474
2.1525 217.9833019706524
2.1574999999999998 157.19863013720413
2.1625 -81.40765827110023
2.1675 -65.45264199141366
2.1725 210.90564065251647
2.1774999999999998 -52.88730601414462
2.1825 2.073174364679601
2.1875 -9.05325341770644
2.1925 -70.686187270091
2.1975 16.94019616672657
2.2024999999999997 173.14393390283016
2.2075 -155.82138506402308
2.2125 -106.20255530347794
2.2175 154.12000240059942
2.2224999999999997 170.31258157398858
2.2275 -193.0754607107948
2.2325 76.33153040755818
2.2375 -194.2468818577378
2.2424999999999997 -42.41356386103638
2.2475 218.51261161759072
2.2525 -66.10542604588679
2.2575 4.23702912502288
2.2624999999999997 -138.2876550998105
2.2675 -116.04761842984581
2.2725 114.7539813493895
2.2775 80.5608668403764
2.2824999999999998 -92.01618201818637
2.2875 -240.6675972406718
2.2925 134.62899239046106
2.2975 12.964170790447357
2.3024999999999998 24.884725023742828
2.3075 -175.61294019113927
2.3125 -5.489853698216769
2.3175 68.69818675351632
2.3225 108.13382737973446
2.3274999999999997 71.13313871375003
2.3325 74.72427117945176
2.3375 49.45224853865478
2.3425 -162.35596615562025
2.3474999999999997 41.313997317383915
2.3525 53.87297802716126
2.3575 120.59799278296859
2.3625 16.212907397420327
2.3674999999999997 -91.19215799310568
2.3725 -231.47111861701887
2.3775 176.73176412427807
2.3825 49.349631324783786
2.3874999999999997 106.97629365941518
2.3925 19.774688627735543
2.3975 -78.48435891433537
2.4025 198.08767746328073
2.4074999999999998 75.14289090431967
2.4125 -152.06687730084124
2.4175 -114.09732259235741
2.4225 179.4368077157622
2.4274999999999998 -70.37598710857677
2.4325 -194.1266299542585
2.4375 56.32822557847366
2.4425 -135.79846783050974
2.4475 -3.9340308455814976
2.4524999999999997 -110.98606506131975
2.4575 -80.09927030662482
2.4625 253.42241938415805
2.4675 -177.59689395843986
2.4724999999999997 17.29144305588784
2.4775 156.11338682799217
2.4825 151.29417267262386
2.4875 -7.485962977139959
2.4924999999999997 -82.55956254395109
2.4975 -67.42145985848992
2.5025 60.84676339423572
2.5075 24.493594876957356
2.5124999999999997 70.14594742626117
2.5175 -207.32382410523533
2.5225 209.9282503038626
2.5275 -66.4999173867757
2.5324999999999998 34.17618873082164
2.5375 -245.18807622366342
2.5425 127.47837316601789
2.5475 203.98594835168
2.5524999999999998 2.7473745837119
2.5574999999999997 -84.91403848538931
2.5625 -63.01120160018872
2.5675 86.27232618171152
2.5725 -89.27350276367869
2.5774999999999997 52.06006830116898
2.5825 -61.1297434626943
2.5875 -131.3009135295178
2.5925 -11.515704430105547
2.5974999999999997 59.03625982214948
2.6025 -60.87711940875526
2.6075 -39.34717795547691
2.6125 46.241349708475376
2.6174999999999997 1.2571410706637165
2.6225 4.365316103538694
2.6275 56.55900081806446
2.6325 16.293332887773268
2.6374999999999997 194.59092923334694
2.6425 48.8553502574532
2.6475 -15.798182046992022
2.6525 -66.38442699949695
2.6574999999999998 5.644561788790913
2.6625 137.69785593319847
2.6675 -372.5913170168513
2.6725 223.9010871014541
2.6774999999999998 -87.8735585772026
2.6824999999999997 42.85808888677858
2.6875 -60.18746274969139
2.6925 149.238454042652
2.6975 -323.296197986477
2.7024999999999997 10.69024652888387
2.7075 249.4034710170498
2.7125 11.219069050056037
2.7175 51.154750854467494
2.7224999999999997 -112.42028713791251
2.7275 112.06833008728177
2.7325 -78.5059914037891
2.7375 -137.71718253612426
2.7424999999999997 147.4915486737148
2.7475 77.0747253726682
2.7525 -156.90222450366673
2.7575 152.265936468668
2.7624999999999997 -206.0784245814021
2.7675 -76.49871744442083
2.7725 59.425535417193096
2.7775 25.53501265735272
2.7824999999999998 71.76014563063798
2.7875 11.242193181239964
2.7925 -252.26180500785887
2.7975 155.1551125470869
2.8024999999999998 176.46309913202182
2.8074999999999997 -178.13675404944388
2.8125 23.35117626651368
2.8175 16.926624806037537
2.8225 47.18930671302361
2.8274999999999997 -98.1920339320103
2.8325 14.826635365349336
2.8375 -295.8610300888838
2.8425 229.86082478750262
2.8474999999999997 60.82699177257917
2.8525 -60.94927481418018
2.8575 107.92724368467582
2.8625 -65.85896014587983
2.8674999999999997 150.90760929700008
2.8725 -94.9517714975027
2.8775 35.98733969857767
2.8825 -47.29779970052032
2.8874999999999997 -27.317994544742003
2.8925 -39.243466748191565
2.8975 160.78932205804765
2.9025 63.80604294960911
2.9074999999999998 -360.9630575861746
2.9125 287.3399409119491
2.9175 -164.26118924074407
2.9225 31.61913136804267
2.9274999999999998 55.252886896671406
2.9324999999999997 74.76250489396288
2.9375 2.9716250749933777
2.9425 -131.64461378525357
2.9475 28.45046510489566
2.9524999999999997 -88.20858188878051
2.9575 39.3314691364017
2.9625 56.44964779436904
2.9675 -53.62156323464606
2.9724999999999997 110.33679404944658
2.9775 59.48818042232754
2.9825 137.32523788137212
2.9875 -85.93341323273549
2.9924999999999997 129.5597215589509
2.9975 -7.42199817961367
3.0025 -130.83697110755466
3.0075 -51.24226230096138
3.0124999999999997 -143.31276489496156
3.0175 73.12712185055281
3.0225 95.3108718751102
3.0275 -42.89447778679979
3.0324999999999998 129.92174548066228
3.0374999999999996 81.96569728514554
3.0425 8.753855816132523
3.0475 -165.92991500333073
3.0524999999999998 111.56925987100861
3.0574999999999997 -78.00914470215577
3.0625 -179.34088025714567
3.0675 -116.22409394976378
3.0725 33.025147389028206
3.0774999999999997 240.41824625212686
3.0825 -105.78784074297745
3.0875 182.3825969664898
3.0925 148.22603090368685
3.0974999999999997 -373.24243336955226
3.1025 86.52834064150983
3.1075 93.22201395557664
3.1125 221.71236734718073
3.1174999999999997 -28.070624117478744
3.1225 -122.11331893110717
3.1275 284.0518538329346
3.1325 -157.39282015272101
3.1374999999999997 -80.45798908922367
3.1425 -91.94928459722667
3.1475 -15.158379854711864
3.1525 19.505723622851864
3.1574999999999998 41.233797626008496
3.1624999999999996 -9.79203556550309
3.1675 184.27139172857045
3.1725 -388.9352933519847
3.1774999999999998 156.34953334629037
3.1824999999999997 -94.25141754608708
3.1875 -52.68328584803694
3.1925 202.6901906556517
3.1975 -54.48695729045521
3.2024999999999997 -71.546622432971
3.2075 15.732820085396273
3.2125 211.8799411342765
3.2175 -40.49316737410979
3.2224999999999997 203.6352676705608
3.2275 -133.32268204632695
3.2325 -78.523131862069
3.2375 -92.38977234777772
3.2424999999999997 24.295094416856994
3.2475 -175.81285636872155
3.2525 239.0609153066004
3.2575 -59.00855273491212
3.2624999999999997 -13.539089988659814
3.2675 -38.14436153974606
3.2725 81.64701676669506
3.2775 7.744805977043484
3.2824999999999998 33.412436058337335
3.2874999999999996 -146.81078686271718
3.2925 -27.373266081634178
3.2975 2.1784019515784694
3.3024999999999998 -189.7689507511025
3.3074999999999997 -28.012445879296838
3.3125 -55.875165982987134
3.3175 -12.733815963288464
3.3225 161.0505585797466
3.3274999999999997 0.573727305940732
3.3325 57.78129726423147
3.3375 -42.264544694118214
3.3425 -91.48315892547629
3.3474999999999997 45.365648903068106
3.3525 -151.52612480385503
3.3575 243.6817407170967
3.3625 -243.8739564389897
3.3674999999999997 270.43582100050565
3.3725 -369.8428005429722
3.3775 105.0673285746862
3.3825 -59.76341727013896
3.3874999999999997 317.4102634067837
3.3924999999999996 -389.0359425882871
3.3975 57.068028558710594
3.4025 211.84940037513897
3.4074999999999998 -160.5546479701447
3.4124999999999996 164.4504406273426
3.4175 -89.1236725099905
3.4225 -89.66160462510965
3.4274999999999998 -89.23641988707976
3.4324999999999997 242.0463487259416
3.4375 165.1007245765869
3.4425 -37.469774725494695
3.4475 2.1617930946208896
3.4524999999999997 -221.89066327266647
3.4575 194.7455025814077
3.4625 -64.51609520396084
3.4675 -67.60156480748549
3.4724999999999997 -101.47820645675742
3.4775 71.17692266186916
3.4825 181.69563384184877
3.4875 -83.3540836167332
3.4924999999999997 -152.8568942366769
3.4975 -88.1580792368201
3.5025 207.56520847557243
3.5075 96.85567794826235
3.5124999999999997 0.660156733208475
3.5174999999999996 -15.02094328056543
3.5225 149.52809833897476
3.5275 -138.4605285602239
3.5324999999999998 -0.7293138545415965
3.5374999999999996 -45.66218033137389
3.5425 -231.2052421631842
3.5475 184.18720871164308
3.5524999999999998 -156.15743210289995
3.5574999999999997 154.44390892848506
3.5625 43.4428156030503
3.5675 10.459702614818987
3.5725 230.6456528207281
3.5774999999999997 -41.96081348909133
3.5825 -91.8141836477019
3.5875 103.73984270112119
3.5925 37.11104357395417
3.5974999999999997 -155.86937945251654
3.6025 394.13404163974917
3.6075 19.28868975110566
3.6125 -103.44565426616828
3.6174999999999997 31.91914610085465
3.6225 97.44364269555888
3.6275 -204.56156678984965
3.6325 -150.94356212603557
3.6374999999999997 218.17732355802752
3.6424999999999996 -295.68354024995756
3.6475 1.7680936291670857
3.6525 -118.30379253641478
3.6574999999999998 128.72645411850127
3.6624999999999996 -156.23913554177827
3.6675 26.90585403995134
3.6725 -165.63020001997725
3.6774999999999998 -0.6457090198444942
3.6824999999999997 92.32376220100528
3.6875 225.48296078740486
3.6925 99.25996072290047
3.6975 -142.28097594089382
3.7024999999999997 213.28437998361605
3.7075 -63.52085094594543
3.7125 -164.82823521283748
3.7175 -3.162086512522663
3.7224999999999997 -66.05823932296673
3.7275 -90.01426473164763
3.7325 -6.727419208107679
3.7375 159.20747389948713
3.7424999999999997 -77.71528259672746
3.7474999999999996 -124.7900489624593
3.7525 178.76400466079937
3.7575 1.6133594848647679
3.7624999999999997 -293.3815804662804
3.7674999999999996 -69.41795204826659
3.7725 188.937811821294
3.7775 19.990354810337085
3.7824999999999998 -53.60997064145341
3.7874999999999996 240.1485512165164
3.7925 -190.38147705850503
3.7975 164.39668573323294
3.8024999999999998 61.1118237610899
3.8074999999999997 143.1218442275771
3.8125 -98.59380689517045
3.8175 -106.73066358406156
3.8225 283.1861518694289
3.8274999999999997 -162.6915737023148
3.8325 241.32447755308175
3.8375 -427.55464146275006
3.8425 174.46777330712663
3.8474999999999997 55.44142377951243
3.8525 4.263892360953255
3.8575 59.71132113005638
3.8625 -228.0661171434211
3.8674999999999997 100.97900807719519
3.8724999999999996 -53.51799177008456
3.8775 247.5629240751821
3.8825 -69.37329701085193
3.8874999999999997 -88.77269773754571
3.8924999999999996 -34.033142446879644
3.8975 -99.78586417384123
3.9025 2.8453831825547504
3.9074999999999998 51.619564234141684
3.9124999999999996 -108.7594484488187
3.9175 220.99102198592587
3.9225 -80.05856043526127
3.9274999999999998 296.9391944159326
3.9324999999999997 -354.7181189487174
3.9375 -165.05107511843192
3.9425 1.487075748559679
3.9475 116.56567122140683
3.9524999999999997 12.689692264027183
3.9575 -111.525425131278
3.9625 223.9337513710223
3.9675 59.039573909007025
3.9724999999999997 -83.5675383904676
3.9775 -100.05732217839152
3.9825 156.05327087667342
3.9875 12.273178680437832
3.9924999999999997 245.41466839245294
3.9974999999999996 -80.8724460073011
4.0024999999999995 -229.55271102959404
4.007499999999999 190.83621172449486
4.0125 -1.6114667736220538
4.0175 -109.37123735676322
4.0225 131.7180766141287
4.0275 -98.27585719695372
4.0325 -51.41869999033969
4.0375 -54.804456969730744
4.0424999999999995 -76.59185215391231
4.047499999999999 59.969252249473804
4.0525 165.76732684424425
4.0575 4.965236617208474
4.0625 171.02943200921098
4.0675 4.419609441363963
4.0725 -223.94297149593726
4.0775 245.37904873533526
4.0825 -82.02117014630088
4.0874999999999995 -73.90365663998077
4.0925 -181.4650317674412
4.0975 166.7624632029814
4.1025 -11.585946860276957
4.1075 -52.561505196002436
4.1125 -165.94011122196085
4.1175 -115.498267084094
4.1225 148.48861353467476
4.1274999999999995 11.171692055969613
4.132499999999999 230.66843456908012
4.1375 -145.01926251051444
4.1425 47.95964624169451
4.1475 24.9664197780451
4.1525 66.42326587105794
4.1575 -215.60244610309988
4.1625 -12.71987011315305
4.1674999999999995 149.03631329775396
4.172499999999999 -361.91229596044485
4.1775 169.8326678219012
4.1825 12.042098954347061
4.1875 -24.75544168750108
4.1925 -124.77651207690553
4.1975 159.3848911037772
4.2025 -27.795183576883414
4.2075 111.89235228568106
4.2124999999999995 -30.250857067176124
4.2175 8.630619313347927
4.2225 -286.3906467458569
4.2275 219.46622991305296
4.2325 -154.73662730156343
4.2375 -71.66912995770467
4.2425 316.31436754394514
4.2475 8.611499298064711
4.2524999999999995 -79.31409883789162
4.257499999999999 20.23750205481115
4.2625 -100.47399458445517
4.2675 94.42990729552034
4.2725 -53.47033423787457
4.2775 22.006823761983537
4.2825 52.21251649399299
4.2875 -244.45064419848256
4.2924999999999995 99.2498887200249
4.297499999999999 323.4822034469816
4.3025 -224.26475569765262
4.3075 30.670349328768904
4.3125 132.43624072306437
4.3175 16.5057901853136
4.3225 28.780602684518477
4.3275 -103.8626539228479
4.3325 191.8787148137285
4.3374999999999995 -134.5944134679372
4.342499999999999 -129.7826048874257
4.3475 173.44792932950435
4.3525 -32.510985748086895
4.3575 -92.7301943076361
4.3625 301.51094894525767
4.3675 -80.92713225640075
4.3725 -20.557283409069214
4.3774999999999995 -150.21991350994253
4.382499999999999 72.37965933740165
4.3875 7.713569399145446
4.3925 91.8120861909994
4.3975 -47.33351225628488
4.4025 -131.33511339003442
4.4075 51.693801832468765
4.4125 -54.38913212038546
4.4174999999999995 -35.34325311544221
4.422499999999999 -37.806811279704235
4.4275 -11.253007057446075
4.4325 -22.036759364071177
4.4375 -110.24594154127558
4.4425 245.6637851935094
4.4475 -127.24262061166995
4.4525 155.6602111749892
4.4575 40.70899764256502
4.4624999999999995 -104.14842752993852
4.467499999999999 14.902344341395835
4.4725 122.88162232144593
4.4775 -95.73006004495645
4.4825 1.6478111980870866
4.4875 42.935005808404064
4.4925 -1.738340008423205
4.4975 -62.26796137001559
4.5024999999999995 -52.67946752943008
4.507499999999999 69.69287388281917
4.5125 -2.674709946327208
4.5175 9.635178963445979
4.5225 -61.81826638982914
4.5275 -65.48403410217384
4.5325 172.434032970637
4.5375 -179.030167442475
4.5424999999999995 170.00101602605818
4.547499999999999 -120.24197852209716
4.5525 152.86187970967217
4.5575 -186.31789023362737
4.5625 128.05828757447756
4.5675 -200.46210108641742
4.5725 255.20942723047264
4.5775 92.51187143426769
4.5825 -97.68015922943096
4.5874999999999995 -204.66880419818347
4.592499999999999 142.87698619129736
4.5975 -154.94311720977987
4.6025 -129.55225203403407
4.6075 334.11038710049587
4.6125 -157.9690104570656
4.6175 -146.45813208535088
4.6225 108.27225814046281
4.6274999999999995 82.36224305461012
4.632499999999999 145.85751371336104
4.6375 -73.65634057261151
4.6425 115.3294447152427
4.6475 -49.27254729086143
4.6525 67.18855795044078
4.6575 -290.27311700021266
4.6625 229.2521636427838
4.6674999999999995 3.0102585431721374
4.672499999999999 74.77089366809702
4.6775 -103.02404908669592
4.6825 -145.12844616852865
4.6875 22.31942894248763
4.6925 89.5264329489238
4.6975 18.461030770398963
4.7025 68.61752138464591
4.7075 -222.00652729409248
4.7124999999999995 66.53950747416572
4.717499999999999 62.8830886750514
4.7225 154.87556134005357
4.7275 19.026913987960196
4.7325 -8.9773149500928
4.7375 -305.03590040173225
4.7425 -150.5779529876338
4.7475 -138.8093483406498
4.7524999999999995 200.82808099700384
4.757499999999999 138.67002014083266
4.7625 -95.97739663950547
4.7675 -137.08167598517295
4.7725 257.3829897020428
4.7775 -36.76983112029781
4.7825 53.40046147786775
4.7875 75.39009207787281
4.7924999999999995 129.81807608845932
4.797499999999999 138.9653148887974
4.8025 -258.607197695566
4.8075 -223.9135261087672
4.8125 -75.04314460075831
4.8175 39.056222025000395
4.8225 -15.651188886400604
4.8275 102.42979453518936
4.8325 -61.32282816853107
4.8374999999999995 -203.21437271835018
4.842499999999999 187.31770889470462
4.8475 32.518642386142446
4.8525 -92.1111324619964
4.8575 293.3538982485108
4.8625 57.51164301981155
4.8675 64.56056523358856
4.8725 -225.25576701434662
4.8774999999999995 59.24540046693478
4.882499999999999 195.36069110612547
4.8875 -39.696588714724314
4.8925 40.31647901628615
4.8975 78.30084040061105
4.9025 -238.9595000512143
4.9075 -17.051441967456945
4.9125 190.97799979758432
4.9174999999999995 -115.7731298372125
4.922499999999999 39.63220297842819
4.9275 -66.84476163803042
4.9325 43.80269101327871
4.9375 -21.800037295232382
4.9425 91.9931098628743
4.9475 -80.66678327205807
4.9525 -11.14562852475125
4.9575 80.2863310089127
4.9624999999999995 -7.780935326666593
4.967499999999999 25.938336541053893
4.9725 29.133379654527854
4.9775 -39.13769783916647
4.9825 -22.905658830580123
4.9875 -50.66598817729937
4.9925 17.50548877554764
4.9975 -54.832044973008514
5.0024999999999995 -60.163300548499556
5.007499999999999 56.310281928492856
5.0125 19.499996013357087
5.0175 -108.17869282074177
5.0225 104.89989705384907
5.0275 130.62179336656413
5.0325 -28.50797686765735
5.0375 109.5814407107514
5.0424999999999995 12.311274362823418
5.047499999999999 -266.67318430965287
5.0525 109.48264948028356
5.0575 16.064538784199595
5.0625 352.7669460348394
5.0675 -289.19259448180287
5.0725 18.781216023235974
5.0775 -20.177446237602386
5.0825 -410.2258439398847
5.0874999999999995 280.5844226881013
5.092499999999999 21.480621453891565
5.0975 218.04473379972453
5.1025 -301.0542404297416
5.1075 124.54528248430954
5.1125 -19.38255727927025
5.1175 -61.31199435727537
5.1225 -194.85144875118314
5.1274999999999995 361.25147262023165
5.132499999999999 -260.8933398860585
5.1375 196.37731415870616
5.1425 73.5945638934984
5.1475 -69.1705347924278
5.1525 129.2620921896962
5.1575 1.5111109707227852
5.1625 49.813789940056985
5.1674999999999995 -90.0071562745596
5.172499999999999 -249.44289570274125
5.177499999999999 100.91666387419514
5.1825 37.04408397932495
5.1875 45.88729381950502
5.1925 -155.4025633898657
5.1975 95.82966101345332
5.2025 49.90598905095882
5.2075 47.49313752750621
5.2124999999999995 -124.85411665905342
5.217499999999999 204.55777834092098
5.2225 -88.04694600661728
5.2275 69.73072975247952
5.2325 -77.75280466944365
5.2375 154.07136578112724
5.2425 -109.50420974630266
5.2475 262.6353283539656
5.2524999999999995 34.600765055085624
5.257499999999999 -161.9373229100255
5.2625 -167.63974923958435
5.2675 69.56567022087029
5.2725 -286.21222891351306
5.2775 200.40313445156522
5.2825 64.32958686044793
5.2875 102.14618697321444
5.2924999999999995 -216.22875818811093
5.297499999999999 134.66262607583172
5.302499999999999 -67.41644017352836
5.3075 2.365909317403158
5.3125 144.22085837955848
5.3175 84.61505879614207
5.3225 116.81662941575657
5.3275 -455.78559680221605
5.3325 58.21971729617382
5.3374999999999995 8.822968988247412
5.342499999999999 -100.42417156636353
5.3475 -206.11802651139584
5.3525 263.84857321849574
5.3575 142.93467477071172
5.3625 -180.9425236567779
5.3675 -2.988685299633126
5.3725 84.02223588384022
5.3774999999999995 -56.6469785012874
5.382499999999999 115.63028369327328
5.3875 20.41607457088592
5.3925 185.13692177694557
5.3975 -219.19884102713934
5.4025 -38.26621064860926
5.4075 228.86107695177478
5.4125 -36.457657520458845
5.4174999999999995 8.027014434077758
5.422499999999999 -1.387580771366044
5.427499999999999 -72.11172111915623
5.4325 -278.66714748797654
5.4375 256.29353700513235
5.4425 -329.6245784254535
5.4475 79.62071003255764
5.4525 -21.589613964880197
5.4575 -68.5072574015558
5.4624999999999995 -146.59450131194131
5.467499999999999 72.6170751196492
5.4725 -24.67657205210739
5.4775 320.246841613476
5.4825 -68.25508224808982
5.4875 208.4738257322148
5.4925 -61.47785943060215
5.4975 241.0036991831753
5.5024999999999995 -97.65582649474561
5.507499999999999 192.02085803334498
5.5125 -137.36137177066
5.5175 -244.7513573159526
5.5225 280.67470629486024
5.5275 -378.4955899999826
5.5325 -83.47373891615423
5.5375 113.86408343327136
5.5424999999999995 -55.098702380765985
5.547499999999999 -146.69219509490205
5.552499999999999 316.92489692519223
5.5575 -216.27116793365335
5.5625 48.67390137031266
5.5675 136.76911829022015
5.5725 -84.91022385114805
5.5775 -129.1961344135491
5.5825 -108.31204935473924
5.5874999999999995 44.64040824628223
5.592499999999999 -66.75259696936773
5.5975 147.00022957315798
5.6025 54.02302776377166
5.6075 85.20214534858084
5.6125 -162.65781438665636
5.6175 32.287693060277036
5.6225 -115.9411766471049
5.6274999999999995 322.66589908892513
5.632499999999999 42.56163706708666
5.6375 -160.3276103220788
5.6425 -34.00469644696269
5.6475 40.066249405233904
5.6525 20.46991262639057
5.6575 -7.1589626348258735
5.6625 99.2854323213098
5.6674999999999995 -126.06639163078738
5.672499999999999 129.25565928735796
5.677499999999999 -4.654909081912033
5.6825 85.03306928484106
5.6875 -154.42710058944712
5.6925 -58.10366714849278
5.6975 116.4110847148975
5.7025 -86.15178531870156
5.7075 100.21780867007195
5.7124999999999995 -78.05412738493989
5.717499999999999 -7.036217731679958
5.7225 5.879252193170062
5.7275 -174.88419530791396
5.7325 88.42215614122796
5.7375 96.15525530974517
5.7425 -167.46030099586093
5.7475 -51.162842642417345
5.7524999999999995 -73.55442036176143
5.757499999999999 299.8274078222539
5.7625 -275.9985661877605
5.7675 361.08190100931864
5.7725 71.59179637380512
5.7775 -118.97937090555833
5.7825 -118.96870946997895
5.7875 156.4669361824847
5.7924999999999995 -384.8390004136724
5.797499999999999 252.84554089295304
5.802499999999999 -65.70780931029286
5.8075 23.062654385854167
5.8125 -185.01741260209602
5.8175 169.89712092945402
5.8225 -174.36632640567174
5.8275 -135.15903039042405
5.8325 197.829564494104
5.8374999999999995 120.61788572552098
5.842499999999999 -159.5103563845811
5.8475 -35.05714791544758
5.8525 9.697731859440404
5.8575 159.0588294851843
5.8625 105.5051922674229
5.8675 -100.4637813914264
5.8725 15.30942726489305
5.8774999999999995 -65.48444148774165
5.882499999999999 -135.16220841892334
5.8875 101.71382005788844
5.8925 191.8636057567393
5.8975 -242.10203449079484
5.9025 414.93709381421996
5.9075 -256.1364380902447
5.9125 -161.56596343090905
5.9174999999999995 14.41487198169477
5.922499999999999 137.62629423697314
5.927499999999999 -15.681588192215955
5.9325 -76.80968158545922
5.9375 92.70431427098308
5.9425 -148.54562356579237
5.9475 250.51069919896824
5.9525 7.344642292143797
5.9575 100.10540999186986
5.9624999999999995 41.91517525239932
5.967499999999999 107.09699452915979
5.9725 99.34178153514007
5.9775 5.075125979267719
5.9825 -1.6872533845151318
5.9875 3.739716614310092
5.9925 -342.4178154423916
5.9975 146.1749598377509
6.0024999999999995 40.99284064208101
6.007499999999999 99.19803469539605
6.012499999999999 7.745257574998503
6.0175 -113.9796307966324
6.0225 -162.6487490050966
6.0275 209.45197683657287
6.0325 -117.0687463430876
6.0375 152.61705203651252
6.0424999999999995 -157.47819400924422
6.047499999999999 -82.44823259494207
6.052499999999999 26.145004910729103
6.0575 -34.214416918784366
6.0625 -63.28560920257108
6.0675 -122.47041238213833
6.0725 168.28761265931752
6.0775 105.86208413102192
6.0825 -181.5991510967024
6.0874999999999995 -60.25384593848088
6.092499999999999 276.4116373896187
6.0975 -17.29085072832533
6.1025 -80.62022137806848
6.1075 -27.181402216656
6.1125 52.60243968208312
6.1175 -3.899689005404762
6.1225 -231.63760746660026
6.1274999999999995 252.3350945399663
6.132499999999999 -90.80207644308697
6.137499999999999 180.20165148680218
6.1425 31.650190701638437
6.1475 -148.93355726225053
6.1525 26.404528860346275
6.1575 -51.47471708492801
6.1625 168.07046865135678
6.1674999999999995 11.80437881718402
6.172499999999999 -192.9996005441742
6.177499999999999 37.511942026622165
6.1825 9.997228280963101
6.1875 -164.79620623316637
6.1925 144.82049006528206
6.1975 210.4212356587622
6.2025 -274.0195699975442
6.2075 194.99223704535
6.2124999999999995 -192.4397293477496
6.217499999999999 8.293401962054993
6.2225 72.80640953605823
6.2275 -51.83413221262533
6.2325 -211.43650089103463
6.2375 74.37331167080733
6.2425 47.21882677130534
6.2475 -149.91674614443698
6.2524999999999995 -16.002246030733456
6.257499999999999 -6.812194486805333
6.262499999999999 204.2449997814089
6.2675 -13.446063342927241
6.2725 -48.184176646073254
6.2775 -103.68514783323774
6.2825 270.7118195909049
6.2875 -26.56505903807594
6.2924999999999995 -12.80602031814208
6.297499999999999 -100.35274645483439
6.302499999999999 -86.12559804872242
6.3075 -89.45967353541752
6.3125 228.68916895140524
6.3175 -48.85135685335204
6.3225 29.238901928994526
6.3275 37.78118778345421
6.3325 30.87621699040039
6.3374999999999995 74.34417899725159
6.342499999999999 -156.38763195643077
6.3475 76.92768664272457
6.3525 107.07120637959797
6.3575 -165.44013030946198
6.3625 -103.43812000168447
6.3675 29.92179505913965
6.3725 -25.08224175822789
6.3774999999999995 -150.5892670822624
6.382499999999999 -153.6286069152486
6.387499999999999 249.35251854352492
6.3925 -83.02046654855428
6.3975 93.26002542389136
6.4025 -326.2340800622882
6.4075 331.96277960294344
6.4125 -55.0208367349984
6.4174999999999995 111.36126466917158
6.422499999999999 -22.951152850675776
6.427499999999999 -194.09322473245115
6.4325 436.92600695392855
6.4375 -194.64592852193812
6.4425 79.17479876425831
6.4475 11.732567899942733
6.4525 16.281796612740507
6.4575 -25.136365154689834
6.4624999999999995 -236.0245978376669
6.467499999999999 -63.87801782111961
6.4725 445.1659995627335
6.4775 -109.01974414144468
6.4825 -14.50918029321446
6.4875 -296.74804571263434
6.4925 223.1498561402162
6.4975 -26.099255616731135
6.5024999999999995 204.71544484548778
6.507499999999999 105.79280450453257
6.512499999999999 -73.38034438362907
6.5175 68.11791923808921
6.5225 -6.344261798208593
6.5275 -268.4163267899478
6.5325 262.41507156696235
6.5375 -18.366993983465576
6.5424999999999995 97.07417582899677
6.547499999999999 -21.049160954183485
6.552499999999999 27.705695599829404
6.5575 -173.14103562294747
6.5625 -118.13477871213674
6.5675 271.21295713103336
6.5725 -41.393713172605324
6.5775 -10.920697675886315
6.5825 101.8807951121446
6.5874999999999995 -56.88837836569771
6.592499999999999 -254.23111026387028
6.5975 104.60934403506786
6.6025 -61.41924933213809
6.6075 161.25008605675808
6.6125 -189.27298790245985
6.6175 153.69065459261006
6.6225 137.66057567987093
6.6274999999999995 -140.6838725843246
6.632499999999999 -7.051318712671398
6.637499999999999 87.84867174024787
6.6425 -127.19333432669559
6.6475 -149.03862484241478
6.6525 34.04404922173268
6.6575 -75.81029662684692
6.6625 159.27433434520634
6.6674999999999995 37.43014595226588
6.672499999999999 -23.927525261748055
6.677499999999999 35.291462382951
6.6825 -58.6196327798373
6.6875 391.0079201607231
6.6925 -110.90938255745559
6.6975 224.338830558867
6.7025 10.066207269798669
6.7075 -274.6385557873511
6.7124999999999995 -118.73627294335971
6.717499999999999 27.930015584167407
6.722499999999999 -66.42805197710928
6.7275 -290.1054607330739
6.7325 153.13951406793373
6.7375 48.156986759881086
6.7425 -137.85662867676078
6.7475 359.9043334112388
6.7524999999999995 -198.64849784439312
6.757499999999999 139.01954307585416
6.762499999999999 145.75126154386402
6.7675 1.1152709875435198
6.7725 -332.04795669131636
6.7775 42.13974600387099
6.7825 -117.33025680723776
6.7875 -75.02748580023574
6.7924999999999995 97.7570341756055
6.797499999999999 -216.0243542558506
6.802499999999999 -59.828479284899494
6.8075 262.65845421219586
6.8125 -9.423639171628507
6.8175 63.77491571841872
6.8225 24.04246806018945
6.8275 -55.87386277024049
6.8325 -4.116313649400349
6.8374999999999995 11.64817421625369
6.842499999999999 -122.2657361357848
6.847499999999999 110.12429063154401
6.8525 -21.91018700542067
6.8575 9.400726833898391
6.8625 173.52246532854898
6.8675 15.091588655328257
6.8725 -201.04453208106273
6.8774999999999995 174.23675674158906
6.882499999999999 125.86802637374612
6.887499999999999 -17.531681917484445
6.8925 27.15645425870764
6.8975 -102.38509693019357
6.9025 93.79546697365687
6.9075 -117.63406211077816
6.9125 80.36316832192432
6.9174999999999995 -215.85172271351422
6.922499999999999 61.499202105226054
6.927499999999999 152.7799455373981
6.9325 14.816398421320901
6.9375 -138.20064143742613
6.9425 30.413107580472207
6.9475 -55.21453969054134
6.9525 -154.72148936177953
6.9575 -19.668429155299595
6.9624999999999995 267.0361281714001
6.967499999999999 -150.81709838215403
6.972499999999999 218.17572954356743
6.9775 -317.23851038826626
6.9825 182.03528550612765
6.9875 74.28773622685196
6.9925 -125.8459184037532
6.9975 -9.184418938432042
7.0024999999999995 248.92936658842282
7.007499999999999 53.07112111929978
7.012499999999999 -3.324096752547805
7.0175 -306.62554263834363
7.0225 -64.3977262744723
7.0275 -0.9128168412966053
7.0325 12.393460848348857
7.0375 -377.77720765817736
7.0424999999999995 238.18561991299364
7.047499999999999 302.2415299583968
7.052499999999999 -298.619069331995
7.0575 -110.41037833080203
7.0625 9.469929113382209
7.0675 6.667127723084977
7.0725 -83.05175391806381
7.0775 312.4390994348312
7.0825 65.46476513325277
7.0874999999999995 -142.3959823604341
7.092499999999999 186.74216598602985
7.097499999999999 193.7554598581131
7.1025 143.23817096584713
7.1075 -62.23353360516968
7.1125 -215.92529456013574
7.1175 193.82347929998264
7.1225 -99.36729102988127
7.1274999999999995 132.9495376565577
7.132499999999999 -29.78691925066997
7.137499999999999 -213.20730963448023
7.1425 -21.571846901279233
7.1475 141.0603382487539
7.1525 -198.4701385609775
7.1575 -112.75510399343231
7.1625 115.53729609523685
7.1674999999999995 192.94818272211552
7.172499999999999 118.98047575469275
7.177499999999999 -330.68222491522715
7.1825 1.7305036259601503
7.1875 104.20054972374925
7.1925 96.07960449404138
7.1975 -1.0755584278934247
7.2025 -339.3810278878828
7.2075 202.37802883262418
7.2124999999999995 82.97823806064095
7.217499999999999 -50.016815722206026
7.222499999999999 107.53134281077577
7.2275 -78.41394779285326
7.2325 -349.11234918741053
7.2375 115.1555827921725
7.2425 216.52135175330454
7.2475 9.033409424582747
7.2524999999999995 -134.41700942209565
7.257499999999999 18.59033983140767
7.262499999999999 -55.032854477664436
7.2675 138.03451036606145
7.2725 -45.88420467632582
7.2775 -128.42725389365594
7.2825 -50.54182808300945
7.2875 167.4703082591695
7.2924999999999995 -3.253364564920517
7.297499999999999 183.01515069578915
7.302499999999999 15.958177728540665
7.3075 53.28649176314637
7.3125 98.49258868755172
7.3175 57.63930813004782
7.3225 29.05663009192016
7.3275 -205.83428246341305
7.3325 25.584083406939435
7.3374999999999995 -15.673429954100808
7.342499999999999 16.50476283944128
7.347499999999999 102.92613424179916
7.3525 33.023321522704244
7.3575 -238.6106535920339
7.3625 -88.14615110318884
7.3675 -67.11445377878223
7.3725 14.408419604852606
7.3774999999999995 -244.402335257276
7.382499999999999 39.301380501557155
7.387499999999999 118.6733117736022
7.3925 -3.908497928801834
7.3975 -100.07366312933617
7.4025 195.8612505956081
7.4075 114.77101713221103
7.4125 169.89593456373072
7.4174999999999995 -128.80603549437828
7.422499999999999 48.55319819783954
7.427499999999999 127.13318311073468
7.4325 -176.87047969962575
7.4375 -25.79930641299305
7.4425 -22.863370471725776
7.4475 23.73843993477052
7.4525 -199.7226023295115
7.4575 128.1195329154373
7.4624999999999995 87.84177460784394
7.467499999999999 3.6745342655373605
7.472499999999999 91.26245894547712
7.4775 -203.56653106034796
7.4825 -14.691810743244606
7.4875 86.47096809513404
7.4925 78.73893541887365
7.4975 102.25045922385081
7.5024999999999995 -53.36164650533899
7.507499999999999 70.13023676500318
7.512499999999999 -8.896330760237491
7.5175 -16.356583707879995
7.5225 -21.406410464414705
7.5275 68.20391614715236
7.5325 272.5703176172769
7.5375 -348.372073029363
7.5424999999999995 73.50838263457074
7.547499999999999 -157.21097407781033
7.552499999999999 216.47997238007764
7.557499999999999 -234.00661507230436
7.5625 153.3660959320132
7.5675 97.7571032574605
7.5725 141.73353316231524
7.5775 97.61831215261796
7.5825 -17.985853599252096
7.5874999999999995 -155.62715662583636
7.592499999999999 -78.61511310195858
7.597499999999999 144.7683319489067
7.6025 -88.66613233118045
7.6075 73.62686314770318
7.6125 -12.439940173073644
7.6175 -129.1333600608652
7.6225 -7.826082555850111
7.6274999999999995 -216.66178476936
7.632499999999999 -29.61360195578621
7.637499999999999 -56.05290714828109
7.6425 -15.02370313356909
7.6475 78.75682538238428
7.6525 70.37020318092209
7.6575 -86.18492066072865
7.6625 77.57681124218526
7.6674999999999995 -57.29194245687758
7.672499999999999 4.425547322866931
7.677499999999999 13.246745183936442
7.682499999999999 -30.119607463964137
7.6875 64.8399369922795
7.6925 -295.6642041729488
7.6975 108.03451451546906
7.7025 -130.9505087810652
7.7075 354.4231483755813
7.7124999999999995 -222.33892713998617
7.717499999999999 141.5318257251287
7.722499999999999 50.22512659522434
7.7275 -82.19768441784989
7.7325 225.2506417986275
7.7375 -111.73295360294416
7.7425 77.30604037181946
7.7475 91.04802587398744
7.7524999999999995 -82.0219425472321
7.757499999999999 -80.82104594914802
7.762499999999999 104.75841820430107
7.7675 -272.30029026504764
7.7725 91.51779590965452
7.7775 148.38360227267043
7.7825 -300.57301367831144
7.7875 88.96884520387228
7.7924999999999995 -153.04468635132872
7.797499999999999 63.23240380527382
7.802499999999999 -44.31615999348714
7.807499999999999 -12.217725293786383
7.8125 83.98693156894264
7.8175 254.7450816336452
7.8225 -327.63788625342045
7.8275 158.00110075510702
7.8325 11.472610511029574
7.8374999999999995 -13.149396876042974
7.842499999999999 -310.32955169709965
7.847499999999999 233.25901518495013
7.8525 7.93970944364198
7.8575 -58.96100954962023
7.8625 -18.82217827364315
7.8675 -52.39096117573988
7.8725 237.0058413090241
7.8774999999999995 -62.867668979987464
7.882499999999999 87.20033642565272
7.887499999999999 55.421865324722766
7.8925 143.3978149220654
7.8975 -72.9188451895008
7.9025 11.269012204783133
7.9075 30.887235167968665
7.9125 82.28293537446345
7.9174999999999995 -219.3905581425198
7.922499999999999 166.4733904767685
7.927499999999999 -283.3530088924013
7.932499999999999 292.123228028841
7.9375 -151.14663106789592
7.9425 34.732266872860635
7.9475 86.7863720283054
7.9525 -63.268253603656994
7.9575 166.93310472734788
7.9624999999999995 -81.50035546217666
7.967499999999999 16.146267618883673
7.972499999999999 -35.00362276784999
7.9775 23.11687022041734
7.9825 -94.13669284893078
7.9875 174.37943485213995
7.9925 -172.19125485742705
7.9975 -152.63973522808476
8.0025 -87.39773045760484
8.0075 22.990439043695993
8.0125 329.40934133985985
8.0175 -85.16512536936608
8.022499999999999 -215.01811374553185
8.0275 -67.63395353914055
8.032499999999999 172.22375175152936
8.0375 112.86044526932686
8.0425 -63.795924102656606
8.0475 -10.723928999202622
8.0525 -67.52984047283582
8.0575 -63.70142854641374
8.0625 246.16589501140282
8.067499999999999 -50.785172799014944
8.0725 -85.34200228775775
8.077499999999999 206.79029664919145
8.0825 22.97560848527079
8.0875 -239.28349599075798
8.0925 206.16247917187138
8.0975 -43.834025794323246
8.1025 -60.229966865982185
8.1075 103.95193294373858
8.112499999999999 10.361052146854753
8.1175 65.4133294814963
8.1225 -121.98201097017578
8.1275 65.09590383083004
8.1325 -120.13776592446499
8.1375 156.37992133583992
8.1425 23.33938524391655
8.147499999999999 122.49643268785313
8.1525 -69.87148929543629
8.157499999999999 64.0812432169335
8.1625 -66.85949041585592
8.1675 37.19133116376607
8.1725 -87.87042265573874
8.1775 -5.548466691539522
8.1825 98.94068360039171
8.1875 -39.087850198327956
8.192499999999999 -8.274169047283022
8.1975 -53.94420602513077
8.202499999999999 6.987934120486866
8.2075 -150.83584114471665
8.2125 53.87528641379438
8.2175 143.99032768973439
8.2225 153.66285171186712
8.2275 -265.0106896974917
8.2325 -135.78871136723095
8.237499999999999 -73.63151123807704
8.2425 28.532707513827532
8.2475 44.71987172246
8.2525 -37.86601666638173
8.2575 36.512562298493165
8.2625 61.38311337039457
8.2675 72.64487839514561
8.272499999999999 -123.37692027368222
8.2775 56.97858505721276
8.282499999999999 -85.59278363255866
8.2875 -29.536508447780875
8.2925 -135.91988504619468
8.2975 -98.90949781410517
8.3025 89.39782010142908
8.3075 303.08684395851486
8.3125 -134.01589174967447
8.317499999999999 78.64809238478561
8.3225 -16.274849215063032
8.327499999999999 -14.629058102000846
8.3325 117.6188681817956
8.3375 -96.15408736584985
8.3425 -41.22522358091844
8.3475 204.81532931275916
8.3525 28.800494311226
8.3575 -133.13624788356788
8.362499999999999 110.66348016800876
8.3675 16.410902836264466
8.3725 19.646581656796204
8.3775 17.820422952104938
8.3825 -125.8643289154894
8.3875 213.01581131120338
8.3925 -159.10525775512863
8.397499999999999 -200.0013522199229
8.4025 172.77503758659813
8.407499999999999 57.4194715087556
8.4125 -293.14578527855906
8.4175 212.75139649783623
8.4225 147.8749100724629
8.4275 -328.602141312371
8.4325 68.4834756111122
8.4375 286.3216835800557
8.442499999999999 -384.714517542639
8.4475 209.0828539318565
8.452499999999999 -8.479184781609728
8.4575 -76.99169345682196
8.4625 56.964718157768786
8.4675 96.41503124365252
8.4725 105.42655737875174
8.4775 104.1711526969617
8.4825 -184.78956195928495
8.487499999999999 35.57929673467258
8.4925 -1.4951571413351599
8.4975 175.93452477918976
8.5025 -217.10904622606742
8.5075 68.79579612502947
8.5125 -93.17387008710739
8.5175 -6.652537372138468
8.522499999999999 38.31084223108933
8.5275 156.29651953600433
8.532499999999999 41.790884231546094
8.5375 -69.25624708424832
8.5425 -1.401226082536054
8.5475 -264.1847063136263
8.5525 155.0624490416388
8.5575 -49.48584139993875
8.5625 -144.40610486074937
8.567499999999999 -70.60990090132114
8.5725 156.37360620161638
8.577499999999999 97.71082815185756
8.5825 -87.17554209259146
8.5875 74.51716377813992
8.5925 36.807803705397
8.5975 17.393149441948623
8.6025 -202.48051025130593
8.6075 9.48438327438599
8.612499999999999 25.817487836139566
8.6175 -93.3502719855056
8.6225 267.2210204271554
8.6275 -68.99356102785462
8.6325 -211.40112308620175
8.6375 157.28489797872342
8.6425 -44.12640911218079
8.647499999999999 -10.72273026453764
8.6525 -7.080013785571777
8.657499999999999 -159.4524155248114
8.6625 -22.759400569341494
8.6675 328.27864532808076
8.6725 0.471878677050877
8.6775 -259.7074498406493
8.6825 184.7815803075497
8.6875 -220.09300603075295
8.692499999999999 -97.65395365276024
8.6975 -131.34802577561894
8.702499999999999 209.8500970144092
8.7075 176.1401584342614
8.7125 125.98152463770317
8.7175 -179.33373021936015
8.7225 -47.9281872860156
8.7275 -13.922404674915468
8.7325 66.06039599268782
8.737499999999999 -34.48534779588482
8.7425 45.212788258673584
8.747499999999999 -242.82555915430234
8.7525 204.90349644474546
8.7575 3.896356891472668
8.7625 86.66874260362663
8.7675 143.45995082682455
8.772499999999999 171.1038793532083
8.7775 -181.90783566811007
8.782499999999999 -105.48034043194134
8.7875 -85.04076645091821
8.7925 158.84466547107183
8.7975 -1.8158877460732687
8.8025 -1.0251036726858183
8.8075 -205.01818758785785
8.8125 -6.629169020149033
8.817499999999999 -218.69742334364076
8.8225 154.90716632161553
8.827499999999999 225.87473517183247
8.8325 149.22500031849322
8.8375 -110.96740190737097
8.8425 57.74732899240972
8.8475 32.890703046087225
8.8525 -38.71844517647414
8.8575 228.1222060831386
8.862499999999999 -143.65554432246623
8.8675 -36.00002760102952
8.872499999999999 87.15855348280806
8.8775 -89.72045315466184
8.8825 -289.87619292535163
8.8875 155.21721358195734
8.8925 -43.395021222975146
8.897499999999999 -228.61062571955244
8.9025 3.0072822336894514
8.907499999999999 200.70251910029134
8.9125 -191.73012540174074
8.9175 106.02529100036026
8.9225 -14.747619408007518
8.9275 -59.713143838352686
8.9325 -8.581876209130671
8.9375 101.72594319972754
8.942499999999999 55.06325575724707
8.9475 246.53482369741832
8.952499999999999 -214.85173832177716
8.9575 20.167116197550296
8.9625 0.8706508560139873
8.9675 -67.42417997297889
8.9725 307.0756439514221
8.9775 -302.44139126524857
8.9825 144.24165241266914
8.987499999999999 -45.88367018014478
8.9925 24.45835286731375
8.997499999999999 -208.9120588483951
9.0025 99.66098128597122
9.0075 246.80520086700284
9.0125 -0.6107014937544596
9.0175 -182.57303998219103
9.022499999999999 133.73181426660489
9.0275 -89.72751897837647
9.032499999999999 -92.90657041547507
9.0375 236.3632534731811
9.0425 36.495591617095954
9.0475 65.0636995682879
9.0525 -79.42813311125131
9.0575 -2.914420562005859
9.0625 115.23543681110394
9.067499999999999 -182.40306545958273
9.0725 -58.45168837557091
9.077499999999999 271.61631595041547
9.0825 24.80655120710967
9.0875 -110.07791223211977
9.0925 44.170731109262064
9.0975 -155.70682076835487
9.1025 182.1174836368801
9.1075 -209.43373508193966
9.112499999999999 139.49002202293812
9.1175 -79.59670836443838
9.122499999999999 248.40875230747037
9.1275 14.431728743823465
9.1325 -185.6713502577555
9.1375 3.2459070470879947
9.1425 -142.4866005495321
9.147499999999999 100.25679360041207
9.1525 -138.05177872446149
9.157499999999999 -17.505026519249277
9.1625 28.666254713744816
9.1675 5.748233783899503
9.1725 -64.87554691214521
9.1775 162.95315339635246
9.1825 44.42593829824043
9.1875 -194.6216623690026
9.192499999999999 -15.175643212901457
9.1975 -55.205917024983826
9.202499999999999 84.46251553352712
9.2075 -26.34736290161307
9.2125 70.33247580351205
9.2175 22.821613977362745
9.2225 -24.667173235460798
9.2275 89.43458559624843
9.2325 -206.67453072399957
9.237499999999999 90.83450872920682
9.2425 0.8945542305223937
9.247499999999999 -53.12741085694252
9.2525 -45.81105028148525
9.2575 124.68780755387955
9.2625 -248.20104382822777
9.2675 61.37381610407484
9.272499999999999 -246.82503828090222
9.2775 183.82229256293536
9.282499999999999 107.37101843118177
9.2875 99.19980187503938
9.2925 -6.062902291380115
9.2975 173.23781627536954
9.3025 -16.339540885288482
9.3075 -287.3090593489935
9.3125 139.90027021123953
9.317499999999999 -77.21622685474776
9.3225 84.97953518949845
9.327499999999999 -15.054313895653005
9.3325 26.336045583164566
9.3375 66.28337143030258
9.3425 82.45941648672205
9.3475 -116.11050337928998
9.3525 47.32978183611449
9.3575 -132.99643726212992
9.362499999999999 141.95840604821421
9.3675 78.62136652305833
9.372499999999999 24.816741899191374
9.3775 82.93188874138805
9.3825 -109.27153921312363
9.3875 -156.75754946696034
9.3925 -139.58939870567906
9.397499999999999 178.3909023780656
9.4025 77.98732325738057
9.407499999999999 0.5298504591746762
9.4125 -80.6111697470875
9.4175 -10.244150910720027
9.4225 152.1271922079024
9.4275 80.72293971461676
9.4325 -76.55282287960048
9.4375 56.18550272919759
9.442499999999999 -150.43381777628016
9.4475 -83.9997602667942
9.452499999999999 165.52722779116377
9.4575 -86.5550112377531
9.4625 15.96359953569061
9.4675 -157.83718069785604
9.4725 -61.952553620894165
9.4775 0.010637552995236084
9.4825 76.3673300722523
9.487499999999999 -41.79674921524397
9.4925 41.327250506786456
9.497499999999999 -27.863273021699335
9.5025 88.55374194280097
9.5075 -73.98560640501638
9.5125 -9.569306980383546
9.5175 154.7930041481357
9.522499999999999 -208.2665819435835
9.5275 50.502241416816084
9.532499999999999 20.948345658260052
9.5375 175.32385091817727
9.5425 -109.23890257629743
9.5475 141.42629207271605
9.5525 93.14442332138424
9.5575 -50.98110999333331
9.5625 -55.12216007862122
9.567499999999999 146.79833686501553
9.5725 -231.85009114683
9.577499999999999 -24.45197075658696
9.5825 -105.4670080286784
9.5875 -148.4963475444079
9.5925 117.60441231019352
9.5975 79.70825727003164
9.6025 -165.29589279117067
9.6075 160.5723645053032
9.612499999999999 -81.09756350875904
9.6175 -1.5663839550442995
9.622499999999999 116.94399372385844
9.6275 -144.03442237461655
9.6325 218.33319906615907
9.6375 -0.33075892156442355
9.6425 -156.8135034009955
9.647499999999999 66.61411140370106
9.6525 -183.66482488252655
9.657499999999999 128.1701980742376
9.6625 282.8970736495637
9.6675 -74.94890273940392
9.6725 -25.895787315956596
9.6775 36.53499853888182
9.6825 -48.88937642644868
9.6875 149.6589933219977
9.692499999999999 -160.2696051832879
9.6975 201.0741444787573
9.702499999999999 111.69294349787572
9.7075 -151.96564527685152
9.7125 -343.9856459056875
9.7175 169.60586590744145
9.7225 97.52504796399255
9.7275 -43.13011836275038
9.7325 -108.93951602782033
9.737499999999999 125.20211781949749
9.7425 142.78622148287445
9.747499999999999 -67.68566643940845
9.7525 27.059322867838898
9.7575 -78.36148749270644
9.7625 27.776346682069303
9.7675 -24.616097977162678
9.772499999999999 -132.1664265048059
9.7775 225.06292870045942
9.782499999999999 -8.864685283550052
9.7875 103.23934255624164
9.7925 -120.32429685527728
9.7975 78.38361490430708
9.8025 -93.23433463862496
9.8075 7.008718449241694
9.8125 60.9271739168534
9.817499999999999 157.38810964195673
9.8225 59.30663416986357
9.827499999999999 -375.0870810997696
9.8325 212.45049893181334
9.8375 -219.24288988772435
9.8425 -39.68355073174819
9.8475 145.021426088421
9.8525 63.14441277033758
9.8575 81.77280432668859
9.862499999999999 -69.38179628305795
9.8675 -11.224914625042269
9.872499999999999 68.29271212139592
9.8775 -458.6185645197726
9.8825 64.26224171505149
9.8875 26.253667263906998
9.8925 -133.77406176847643
9.897499999999999 243.09390715336443
9.9025 98.20148172070168
9.907499999999999 -72.1368471438099
9.9125 59.148789772324136
9.9175 -139.6001768073531
9.9225 56.62197994910428
9.9275 53.0088144836704
9.9325 -45.17443062858505
9.9375 21.690804905726274
9.942499999999999 -3.7532159489412478
9.9475 -140.72830114839124
9.952499999999999 134.8659996193285
9.9575 -13.454703622301784
9.9625 -80.78839265249233
9.9675 10.248614026203075
9.9725 -11.303219565615457
9.9775 -108.59474168082366
9.9825 119.42174853828567
9.987499999999999 211.31564080406227
9.9925 -164.97239134612434
9.997499999999999 257.49411043171943
10.0025 -167.03545758798703
