0.0075 -259.271846111455
0.012499999999999999 -318.30983284839516
0.017499999999999998 255.6165854202957
0.0225 -20.70008889340233
0.0275 -119.59213360448948
0.0325 227.57208556027547
0.0375 -105.7618272796559
0.042499999999999996 -87.8461766352295
0.0475 -73.32992696551929
0.0525 77.47567961715815
0.057499999999999996 134.30191457778102
0.0625 56.18167098897318
0.06749999999999999 -216.84100862863912
0.0725 59.2312293441598
0.0775 164.26105528773758
0.08249999999999999 -4.755678849603403
0.0875 15.43589364046433
0.0925 -5.352041318779094
0.09749999999999999 -170.961665735892
0.1025 89.75229396851833
0.1075 -244.70054780897144
0.11249999999999999 -163.89051153374427
0.1175 381.1273936667105
0.1225 -66.445563520087
0.1275 4.908084211677304
0.1325 19.732383162898053
0.13749999999999998 -83.2407556888929
0.1425 240.8278782302816
0.1475 -149.62450871265395
0.1525 99.41403036554986
0.1575 153.4697197672
0.1625 68.60223166215776
0.16749999999999998 60.45817914408011
0.1725 -238.18307849023628
0.1775 -86.65438936792341
0.1825 -452.6972473406368
0.1875 349.4649857403256
0.1925 76.43380629127319
0.19749999999999998 -173.22780216966768
0.20249999999999999 207.53089255753937
0.2075 100.76182683082496
0.2125 -250.21025155319825
0.2175 68.13592045628252
0.2225 -153.06811207415393
0.22749999999999998 -80.2035315370605
0.23249999999999998 -153.09397842602044
0.2375 20.027257153021605
0.2425 295.6378651696096
0.2475 51.85909536858179
0.2525 -125.23398817407103
0.2575 89.95844053991539
0.2625 -136.73233529466418
0.2675 395.67356854333394
0.27249999999999996 12.80556529899043
0.27749999999999997 -576.1074408568871
0.2825 690.8565974637306
0.2875 -361.55587437979784
0.2925 -17.779940195563753
0.2975 -44.77066701831667
0.3025 22.083129473672813
0.3075 362.9333334093527
0.3125 -294.269955226184
0.3175 86.3615820437327
0.3225 -310.3211689758519
0.32749999999999996 97.2828948770898
0.33249999999999996 166.49276290399146
0.33749999999999997 165.31324036343113
0.34249999999999997 -16.767700222202723
0.3475 23.203718744272127
0.3525 -85.44757752086794
0.3575 -28.421558888239872
0.3625 24.726858642342236
0.3675 -148.09528250578097
0.3725 -20.71520900348838
0.3775 -2.542036993733103
0.3825 29.280227397814475
0.38749999999999996 -85.28155132233836
0.39249999999999996 35.86796598995611
0.39749999999999996 188.96139597184
0.40249999999999997 5.431364920648544
0.4075 -34.60744609286787
0.4125 -50.04411081841856
0.4175 -1.0082403313328399
0.4225 -61.759154428136505
0.4275 103.805821793955
0.4325 -88.87297485292252
0.4375 -94.40886680466792
0.4425 32.944787427749155
0.44749999999999995 364.2925561450305
0.45249999999999996 -137.2375802445146
0.45749999999999996 14.183945946283332
0.46249999999999997 -137.85782003447054
0.46749999999999997 -236.24019539895914
0.4725 -11.511992431763156
0.4775 176.55608567738236
0.4825 249.70816463100527
0.4875 -11.276532784480441
0.4925 -147.975774580984
0.4975 215.65149119371182
0.5025 -118.46534828362618
0.5075 115.55775248255712
0.5125 -67.00308619661031
0.5175 -35.101710317384274
0.5225 -108.40809181819634
0.5275 46.66872532819261
0.5325 -6.608243665721624
0.5375 322.3034790979117
0.5425 -249.57766650679133
0.5475 25.100718851713832
0.5525 199.09339558319112
0.5575 -246.7211718039237
0.5625 83.64815362564896
0.5675 -105.56565928614955
0.5725 -106.78804968363939
0.5775 84.01755496313716
0.5825 229.3966515663515
0.5875 -153.57129535828196
0.5925 1.5228588336085955
0.5974999999999999 11.564478588261434
0.6024999999999999 37.23818839913387
0.6074999999999999 -77.7517728168027
0.6124999999999999 -122.00256216411802
0.6174999999999999 77.72673676304113
0.6224999999999999 -142.34324176888458
0.6275 99.33448706693343
0.6325 74.99639342248601
0.6375 -132.52817018445882
0.6425 197.03145748091683
0.6475 101.01508406930932
0.6525 -163.76803953682176
0.6575 68.6273711413251
0.6625 -59.996068378158284
0.6675 83.97083062809996
0.6725 -135.51571145567692
0.6775 -30.12767543512207
0.6825 -4.767326181942118
0.6875 257.6534622045872
0.6925 37.826545794535804
0.6975 -204.10772321399713
0.7025 44.34448539622293
0.7075 145.77853236273896
0.7125 10.564192275921892
0.7174999999999999 106.92898956313385
0.7224999999999999 3.2847100947727372
0.7274999999999999 4.407049175863266
0.7324999999999999 -225.70361744321215
0.7374999999999999 140.08904368298587
0.7424999999999999 -143.3931719634865
0.7474999999999999 -95.80396605037951
0.7525 112.74581939211932
0.7575 -157.62491807956235
0.7625 178.09541704642135
0.7675 -117.03048446949654
0.7725 48.9951474572736
0.7775 -198.5517893660615
0.7825 -63.244468260432285
0.7875 219.35388044744852
0.7925 -75.4787466193543
0.7975 132.17218625381133
0.8025 -43.76353199666396
0.8075 195.4367735189425
0.8125 -52.565440361632625
0.8175 -233.20904755550868
0.8225 156.72228429844728
0.8275 -196.92697939924864
0.8325 85.32357730172815
0.8374999999999999 3.75366325395242
0.8424999999999999 -153.84710196691657
0.8474999999999999 91.65137442667941
0.8524999999999999 107.03374134053233
0.8574999999999999 141.47913877070522
0.8624999999999999 104.21240232788571
0.8674999999999999 -213.43633927428334
0.8724999999999999 29.694593522596747
0.8775 -71.99483656135506
0.8825 22.40532698225782
0.8875 156.73290290327657
0.8925 3.9904813794657934
0.8975 -174.2102766796811
0.9025 188.94921177479952
0.9075 82.94418741693113
0.9125 -87.37281434310204
0.9175 -119.60119398583879
0.9225 -11.58167931223582
0.9275 -198.7171163246339
0.9325 163.074869045651
0.9375 -141.74259433317147
0.9425 85.97674031952018
0.9475 -132.74573565752735
0.9524999999999999 43.04327878664063
0.9574999999999999 -237.29946787822294
0.9624999999999999 299.895559638116
0.9674999999999999 -7.956555942180786
0.9724999999999999 -335.38075056979244
0.9774999999999999 49.223537596476085
0.9824999999999999 -106.37808584941163
0.9874999999999999 155.47291750236937
0.9924999999999999 -290.28135708387794
0.9974999999999999 73.77987669327011
1.0025 256.24941995088756
1.0075 -4.790899805729289
1.0125 -262.10521194609714
1.0174999999999998 -125.69056765455078
1.0225 227.53115778500356
1.0274999999999999 262.4623846109887
1.0325 62.14258688250688
1.0374999999999999 125.07680340030652
1.0425 124.45050361844488
1.0474999999999999 -388.009883085897
1.0525 112.46298564560885
1.0574999999999999 82.65427442508849
1.0625 -220.61372636880088
1.0675 186.68107288832005
1.0725 -44.14762737367342
1.0775 206.52390648952448
1.0825 -56.06575426796067
1.0875 -33.82438313393397
1.0925 99.90508129692478
1.0975 -292.79912279288055
1.1025 140.22294037129726
1.1075 14.964598540607659
1.1125 100.21075153093335
1.1175 -84.50800060587775
1.1225 86.61955816504425
1.1275 -182.93421413129363
1.1324999999999998 330.3644096963548
1.1375 -167.28492624595833
1.1424999999999998 166.49515353092818
1.1475 -4.070166838670997
1.1524999999999999 3.258959010915736
1.1575 -85.43818607295252
1.1624999999999999 27.065108374507396
1.1675 -9.13708536722591
1.1724999999999999 135.84853362197754
1.1775 14.610620483860615
1.1824999999999999 -84.62536422989531
1.1875 63.97239653033916
1.1925 -140.6021826493041
1.1975 3.6825160488571456
1.2025 -300.7225007596609
1.2075 23.315647139522216
1.2125 2.798726481943201
1.2175 161.90790729692935
1.2225 -137.56455716479022
1.2275 -27.782744369109583
1.2325 104.8310704727441
1.2375 86.81633828957821
1.2425 -89.24209328376641
1.2475 265.45540821822016
1.2525 -5.669352305902098
1.2574999999999998 -233.86582335694087
1.2625 -41.297709526571516
1.2674999999999998 226.60306609026568
1.2725 -341.6077458204378
1.2774999999999999 314.95477400318657
1.2825 -34.67899542015152
1.2874999999999999 26.048121096070258
1.2925 -11.009386277189526
1.2974999999999999 -222.9055398043681
1.3025 4.772908653749134
1.3074999999999999 190.18905974917985
1.3125 -4.02756004536119
1.3175 78.205535073443
1.3225 184.86309110674094
1.3275 -43.78983652486792
1.3325 -179.03130143757298
1.3375 -68.56221682004782
1.3425 211.50014909628823
1.3475 -102.27964176792662
1.3525 -159.3749141049003
1.3575 -71.34182933959414
1.3625 481.43264733311094
1.3675 -430.9447278348905
1.3724999999999998 52.56970014618911
1.3775 222.19633574361134
1.3824999999999998 -43.09050182687874
1.3875 -231.9504151062837
1.3924999999999998 58.465067096572845
1.3975 -69.63331321803021
1.4024999999999999 95.06485073066497
1.4075 -135.3352472810353
1.4124999999999999 84.89703013793306
1.4175 -26.039237827438747
1.4224999999999999 298.2119948299049
1.4275 -81.24482904923592
1.4324999999999999 -126.50387557069826
1.4375 9.369549098937565
1.4425 58.27037521782739
1.4475 -302.20575292623425
1.4525 -46.62268286396044
1.4575 317.8538186548661
1.4625 100.75919935181395
1.4675 -2.164940595519507
1.4725 -90.41261360332014
1.4775 82.62275309836333
1.4825 112.64626967577964
1.4874999999999998 328.0282832114514
1.4925 -97.00316257690797
1.4974999999999998 93.26037978091144
1.5025 -318.44077072796046
1.5074999999999998 155.95216872657107
1.5125 -287.3081801014599
1.5174999999999998 351.0352605170284
1.5225 -183.1232199812418
1.5274999999999999 -137.06803179247106
1.5325 83.70210326479751
1.5374999999999999 86.08027809845333
1.5425 -250.20417735016807
1.5474999999999999 249.06274483386045
1.5525 -85.34746935997079
1.5574999999999999 108.7051351101516
1.5625 -155.22384991391056
1.5675 151.9236562727022
1.5725 -13.665948880752019
1.5775 -80.75480368734276
1.5825 -364.754365845649
1.5875 218.38977118410818
1.5925 -346.7611966753284
1.5975 261.64344540519
1.6025 81.90893121166445
1.6075 80.2000345477678
1.6124999999999998 56.04239565322318
1.6175 55.553300067306175
1.6224999999999998 -83.7513779703371
1.6275 225.02127635521686
1.6324999999999998 -343.81957786329144
1.6375 39.41084905643105
1.6424999999999998 13.595848298656227
1.6475 -65.74941185080759
1.6524999999999999 70.72494548036224
1.6575 -1.942837826214085
1.6624999999999999 -59.81177851617862
1.6675 345.5489701266851
1.6724999999999999 -11.74681678914878
1.6775 -237.56795602093035
1.6824999999999999 -153.60454491564266
1.6875 105.27975975270613
1.6925 62.001060169102196
1.6975 135.910748444532
1.7025 -74.4992451292114
1.7075 -5.664722374187268
1.7125 87.49616716657201
1.7175 -69.92983333007021
1.7225 131.55515265143467
1.7274999999999998 -215.9975160209725
1.7325 27.28423917661816
1.7374999999999998 -131.20256754805354
1.7425 -85.16102124925622
1.7474999999999998 -10.083081762936812
1.7525 229.18970285592945
1.7574999999999998 -9.47086178421705
1.7625 -159.6740198520849
1.7674999999999998 208.95477696217986
1.7725 -271.3655472377252
1.7774999999999999 -231.16901169088382
1.7825 206.49576714725154
1.7874999999999999 446.8891981443839
1.7925 -131.16326141998374
1.7974999999999999 12.155786897340308
1.8025 -200.3477665372613
1.8074999999999999 -102.87962202095292
1.8125 -130.27008830022356
1.8175 103.09093380975276
1.8225 88.4894589739882
1.8275 81.89155390131022
1.8325 -31.28796058703792
1.8375 102.72490498263376
1.8425 -111.87852104563272
1.8475 -145.04814609463867
1.8524999999999998 111.4715102304337
1.8575 23.517584060051853
1.8624999999999998 123.10247214327825
1.8675 -216.6325319591688
1.8724999999999998 139.5195857672691
1.8775 28.355705458589924
1.8824999999999998 82.69265972492715
1.8875 161.87657130695234
1.8924999999999998 -312.7806229377637
1.8975 -18.46793699858047
1.9024999999999999 22.20685040474162
1.9075 4.408263963835509
1.9124999999999999 -97.50453262682267
1.9175 83.5784704295419
1.9224999999999999 -141.63407450243966
1.9275 147.25908257348243
1.9324999999999999 132.29540433476794
1.9375 242.78550799487434
1.9425 -63.02993265173212
1.9475 -63.056047435107665
1.9525 -131.56248190728974
1.9575 68.0195695064671
1.9625 -317.9190395578932
1.9674999999999998 83.3679973602541
1.9725 -14.07614061930905
1.9774999999999998 107.93955209747081
1.9825 -129.9173892446778
1.9874999999999998 200.47111172883112
1.9925 -173.35138289746695
1.9974999999999998 -118.31660833898674
2.0025 208.05125840698275
2.0075 68.01204366339037
2.0124999999999997 -56.08988133609481
2.0175 88.63603540651332
2.0225 0.7713672035044314
2.0275 -167.5717106850683
2.0324999999999998 154.19813305752126
2.0375 118.07879517159229
2.0425 59.00188732278756
2.0475 -52.06384161788173
2.0524999999999998 50.299492356840524
2.0575 84.899473925002
2.0625 8.42191342370346
2.0675 -365.82427929910466
2.0725 132.12956340719424
2.0775 162.28380496047794
2.0825 -51.44757120552228
2.0875 -183.3031186057637
2.0925 142.63323866228492
2.0974999999999997 -135.37977204980908
2.1025 -68.1158896131891
2.1075 99.31459749623349
2.1125 177.34895089099612
2.1174999999999997 -29.619471150187625
2.1225 -45.72920894206587
2.1275 -217.3327322199051
2.1325 305.52119536715577
2.1374999999999997 -143.46384178006755
2.1425 -6.367743016790663
2.1475 69.17028899260846
2.1525 -83.42472790592403
2.1574999999999998 -71.73112546181756
2.1625 -7.545383636036111
2.1675 44.90765673154958
2.1725 4.798994883291286
2.1774999999999998 -83.75359148455603
2.1825 86.4032127433274
2.1875 -77.72262343201727
2.1925 -72.25934269435535
2.1975 73.95500511701543
2.2024999999999997 3.8132644467629904
2.2075 -34.023898636757245
2.2125 246.0257042423856
2.2175 90.67987735238785
2.2224999999999997 -68.48569096751392
2.2275 -119.02888173945759
2.2325 -288.6477293775075
2.2375 145.8887859506547
2.2424999999999997 227.72047680602773
2.2475 15.274640011232126
2.2525 -80.83808324519113
2.2575 -11.317986108188355
2.2624999999999997 -58.28101356032954
2.2675 23.063234410267256
2.2725 -82.05224961232295
2.2775 261.920807079277
2.2824999999999998 -147.28330569829112
2.2875 -112.65097513698927
2.2925 26.925270909834364
2.2975 -180.0696598786752
2.3024999999999998 15.543632648857807
2.3075 -109.61238355918117
2.3125 41.14734688205406
2.3175 35.74597335531511
2.3225 -126.57523002135855
2.3274999999999997 342.4739758324849
2.3325 -105.12679173537127
2.3375 251.8900972575048
2.3425 -87.44818198899256
2.3474999999999997 -18.58264319166846
2.3525 -242.05626072208253
2.3575 60.60750306066723
2.3625 -129.5343007521531
2.3674999999999997 129.94089102333575
2.3725 -64.61136342430392
2.3775 133.41698917358624
2.3825 -8.793126153222207
2.3874999999999997 7.759101578741962
2.3925 -80.56361511394533
2.3975 102.48618217168948
2.4025 108.24988029068967
2.4074999999999998 175.31171435472064
2.4125 -251.15176058898464
2.4175 -15.093330735230932
2.4225 -68.85237284843558
2.4274999999999998 84.66560223929305
2.4325 -210.90261210399294
2.4375 209.37311608313198
2.4425 30.847819195637385
2.4475 152.3403662173524
2.4524999999999997 -71.03715151577693
2.4575 -252.98235023675218
2.4625 -116.73063381020222
2.4675 87.11998634554615
2.4724999999999997 94.07026683761524
2.4775 97.16385333705439
2.4825 -119.0125249325824
2.4875 151.922143495214
2.4924999999999997 249.03501447261715
2.4975 -519.5104388340978
2.5025 188.74327749852216
2.5075 49.31541718426643
2.5124999999999997 12.58932025464809
2.5175 151.15394918018987
2.5225 -100.96943072507355
2.5275 -30.2162066202602
2.5324999999999998 -234.5584661943238
2.5375 77.47003122152378
2.5425 160.13318838890584
2.5475 -142.28448766764893
2.5524999999999998 436.0439227219497
2.5574999999999997 -158.76231279434091
2.5625 -54.81084144897827
2.5675 -91.23816782438539
2.5725 -36.30207241928732
2.5774999999999997 -50.36951530408974
2.5825 -25.904484787294255
2.5875 -318.15935256734747
2.5925 192.20675493664885
2.5974999999999997 180.44954455214133
2.6025 132.92886204948422
2.6075 -189.9594602169691
2.6125 186.92172571470874
2.6174999999999997 -151.8353277523442
2.6225 273.2205045229629
2.6275 30.323787899975443
2.6325 87.63137285734743
2.6374999999999997 -55.28506535631829
2.6425 -79.95174278143686
2.6475 9.736373222688307
2.6525 86.44567321468907
2.6574999999999998 -10.027770750698922
2.6625 49.994063448778775
2.6675 42.00961975386173
2.6725 -6.636511697621635
2.6774999999999998 -150.72852202241714
2.6824999999999997 204.5249363007126
2.6875 -169.40613815884268
2.6925 -49.01442853196735
2.6975 95.31476361786008
2.7024999999999997 -133.27869151056524
2.7075 217.61826476421786
2.7125 -243.78605931836816
2.7175 129.96999435355116
2.7224999999999997 -360.6284585029786
2.7275 193.91086455695472
2.7325 -10.804192114300172
2.7375 10.412501680774467
2.7424999999999997 86.69435657644951
2.7475 -133.75186037349866
2.7525 -63.54631596513046
2.7575 90.37387513072177
2.7624999999999997 -145.10794729586755
2.7675 8.817715609239201
2.7725 -39.96543318821907
2.7775 -70.42820378004825
2.7824999999999998 96.6674444992454
2.7875 282.6057337555579
2.7925 -181.24335059482803
2.7975 31.266082560933842
2.8024999999999998 -216.2900414911948
2.8074999999999997 57.918807525689914
2.8125 115.63700818683195
2.8175 74.67070695126192
2.8225 -0.06605791194076624
2.8274999999999997 157.47179834531542
2.8325 -346.2736198375456
2.8375 8.183069423447815
2.8425 38.06320720292667
2.8474999999999997 129.71323538873258
2.8525 59.68055483511033
2.8575 -87.16074304865059
2.8625 157.21440685387398
2.8674999999999997 24.00629673511539
2.8725 -289.7244910139384
2.8775 118.73328271881765
2.8825 -121.60963141522986
2.8874999999999997 51.994378431034804
2.8925 52.308147953308925
2.8975 -44.62879499432531
2.9025 53.748573843650306
2.9074999999999998 224.96199201784788
2.9125 39.89485074373654
2.9175 -40.76089693225696
2.9225 -83.11612965393903
2.9274999999999998 43.33923769084901
2.9324999999999997 33.04757254342395
2.9375 -44.83407902941842
2.9425 88.04429997419376
2.9475 -25.811137174104864
2.9524999999999997 -3.047013379648156
2.9575 -134.94149662921654
2.9625 -60.07720508265659
2.9675 171.86011134730694
2.9724999999999997 -76.37683458413704
2.9775 222.1581524917505
2.9825 -391.1309250419166
2.9875 -6.209737024250715
2.9924999999999997 -83.416826783894
2.9975 142.95907717938226
3.0025 -67.12751182839244
3.0075 93.12394252514186
3.0124999999999997 75.53349037087422
3.0175 -63.5770666015227
3.0225 82.26578570526952
3.0275 -158.8145252551089
3.0324999999999998 -66.04470691128547
3.0374999999999996 85.48714155452976
3.0425 -16.372225945205415
3.0475 55.967678824199076
3.0524999999999998 -271.39030893783405
3.0574999999999997 110.58529628516244
3.0625 177.63297014793073
3.0675 26.270184638806885
3.0725 16.08360723275646
3.0774999999999997 100.56791709026268
3.0825 134.81388954773848
3.0875 214.8403203411971
3.0925 -209.45514512782023
3.0974999999999997 -207.63213905582256
3.1025 130.65341630940839
3.1075 -60.81574212145245
3.1125 108.64045010550277
3.1174999999999997 194.17417798761625
3.1225 -67.703552586969
3.1275 -143.5791282113934
3.1325 -162.26855616076486
3.1374999999999997 99.63858955403484
3.1425 -306.2672080824431
3.1475 26.659888555743603
3.1525 306.9148775795405
3.1574999999999998 -380.54887606046293
3.1624999999999996 83.71331969084159
3.1675 -12.017704506537916
3.1725 61.135945302675644
3.1774999999999998 -5.256080174534174
3.1824999999999997 91.19931671546722
3.1875 17.885907550441388
3.1925 -37.824172536751206
3.1975 174.0647431857899
3.2024999999999997 -51.12680796783171
3.2075 -141.12964195520414
3.2125 -60.81294170753106
3.2175 -157.98741202105677
3.2224999999999997 70.99763985274042
3.2275 62.41330959295092
3.2325 96.87391187361868
3.2375 -285.8578024764629
3.2424999999999997 92.2703110038887
3.2475 -93.53309810166601
3.2525 -71.73519310012874
3.2575 267.2139745713865
3.2624999999999997 153.35206915741904
3.2675 -44.98208828540862
3.2725 87.75703393586603
3.2775 -54.161082521832036
3.2824999999999998 26.1440175007482
3.2874999999999996 -58.19434964950823
3.2925 136.17126799526432
3.2975 -128.70805755472057
3.3024999999999998 136.88981481767672
3.3074999999999997 -226.58511901908827
3.3125 66.71554146234182
3.3175 -252.68469859682324
3.3225 50.26240342735524
3.3274999999999997 165.28194483568348
3.3325 94.91331882640735
3.3375 83.49190968095739
3.3425 88.05675549844382
3.3474999999999997 7.6264291524858
3.3525 -257.2851961780418
3.3575 146.75962260396253
3.3625 65.78013551238026
3.3674999999999997 83.5385021683399
3.3725 97.50883675535083
3.3775 70.43029334168162
3.3825 -138.01815283547162
3.3874999999999997 -180.8054837440637
3.3924999999999996 252.26252266964406
3.3975 -141.15506065665016
3.4025 81.5948227277551
3.4074999999999998 -70.00150476775663
3.4124999999999996 -74.30036438994728
3.4175 -118.84835440426282
3.4225 125.04521022845215
3.4274999999999998 -75.74277273215066
3.4324999999999997 21.579893555750484
3.4375 24.624555125885216
3.4425 -24.476189670692147
3.4475 5.506412289900801
3.4524999999999997 -78.85221992383366
3.4575 92.38221334541059
3.4625 -229.46662845903072
3.4675 -15.774931594701798
3.4724999999999997 2.3099640679440583
3.4775 149.9107778669178
3.4825 186.8764479537154
3.4875 -260.5302677623338
3.4924999999999997 34.75771083852794
3.4975 -17.095859297498126
3.5025 224.62295116875177
3.5075 -132.36892874518236
3.5124999999999997 -306.0519598121683
3.5174999999999996 11.532590403990072
3.5225 444.77212798477234
3.5275 -162.3252330199646
3.5324999999999998 -66.94226824206021
3.5374999999999996 126.10954489446644
3.5425 -250.65523791414742
3.5475 -73.51381786333823
3.5524999999999998 272.72584107111686
3.5574999999999997 23.846452112556364
3.5625 305.5596172474814
3.5675 -89.35445775000221
3.5725 163.41598577159402
3.5774999999999997 -221.29775542257912
3.5825 18.531982638325175
3.5875 -256.83853843095494
3.5925 380.55994346707683
3.5974999999999997 -192.5924527495255
3.6025 -210.45767574514838
3.6075 -111.49188253526756
3.6125 72.40273708505435
3.6174999999999997 208.2308237937946
3.6225 -130.77287551504952
3.6275 23.31093536225726
3.6325 26.18239253699699
3.6374999999999997 202.00897750986803
3.6424999999999996 36.379599892926585
3.6475 123.71939100398335
3.6525 -196.66602315250432
3.6574999999999998 286.6891514151106
3.6624999999999996 -163.879588705584
3.6675 78.35055801952961
3.6725 47.5384993051937
3.6774999999999998 -228.85853128541777
3.6824999999999997 73.24419993623637
3.6875 -56.95828209740285
3.6925 324.99276676307477
3.6975 -102.31855182669439
3.7024999999999997 3.184406136160845
3.7075 23.158462628926667
3.7125 17.17087192844615
3.7175 -197.08867831038057
3.7224999999999997 -26.254651630996666
3.7275 -151.16001623653767
3.7325 -85.60471860858318
3.7375 8.170097298506791
3.7424999999999997 10.29851188297096
3.7474999999999996 -100.5010471704605
3.7525 316.2368274381952
3.7575 -150.93499202848008
3.7624999999999997 30.459731253377832
3.7674999999999996 203.57095141087314
3.7725 -302.34212208703246
3.7775 -47.43782217298029
3.7824999999999998 80.84095020796617
3.7874999999999996 -139.54892647589674
3.7925 40.405696455637504
3.7975 -175.61878938469883
3.8024999999999998 218.28289089606855
3.8074999999999997 5.448691965729229
3.8125 -205.1342895798263
3.8175 -132.91694181092208
3.8225 240.57860694903894
3.8274999999999997 -61.07206419288228
3.8325 92.19449728659153
3.8375 34.053997008853734
3.8425 -126.4119503857996
3.8474999999999997 114.47163097848737
3.8525 54.55946573705533
3.8575 -18.844085774672035
3.8625 58.91828261967495
3.8674999999999997 -114.62946420059755
3.8724999999999996 154.8022663800861
3.8775 188.51939276276678
3.8825 -139.71144121084018
3.8874999999999997 -24.378726950088343
3.8924999999999996 75.88171186953963
3.8975 213.8472826892151
3.9025 -261.8123336978686
3.9074999999999998 -120.40592114608745
3.9124999999999996 2.130784684221105
3.9175 -164.05291363236793
3.9225 19.677891132499337
3.9274999999999998 109.68066853854288
3.9324999999999997 14.239299591894598
3.9375 69.57269198228627
3.9425 172.79451261682388
3.9475 38.59607397326769
3.9524999999999997 70.98562829454521
3.9575 -75.4324970411416
3.9625 284.0309187412553
3.9675 -35.85618654679373
3.9724999999999997 18.089510067391373
3.9775 -29.42429293518293
3.9825 -317.71288798628564
3.9875 246.855668780659
3.9924999999999997 -127.0668229492302
3.9974999999999996 -72.50559069045396
4.0024999999999995 -39.01201437483722
4.007499999999999 -141.5477419213534
4.0125 51.61427269563261
4.0175 293.1402989950111
4.0225 -218.09459349699154
4.0275 -29.67893102126052
4.0325 -130.7012617113679
4.0375 9.743963278994078
4.0424999999999995 -112.57153310908267
4.047499999999999 -57.29325882807281
4.0525 -60.9281970849183
4.0575 -66.53078447543781
4.0625 138.21414318992223
4.0675 128.0368540407663
4.0725 -61.72888683839137
4.0775 77.29118158852206
4.0825 -66.05056531575906
4.0874999999999995 21.948995933287126
4.0925 23.404682202776346
4.0975 -16.7924299472815
4.1025 1.5422088585728646
4.1075 -120.07606844687623
4.1125 200.2642814444462
4.1175 58.35528089675041
4.1225 -74.79191271067826
4.1274999999999995 111.92341793533213
4.132499999999999 -193.41364836608548
4.1375 100.36441220900112
4.1425 -0.4863659973450619
4.1475 -10.067298730211663
4.1525 195.2627272460078
4.1575 -66.664978018349
4.1625 98.65319281576235
4.1674999999999995 98.08541076005581
4.172499999999999 146.6673040554678
4.1775 -310.34831124490825
4.1825 103.5608304296951
4.1875 -132.27997000092998
4.1925 -80.1929831983466
4.1975 315.8075991089189
4.2025 -47.82680407145176
4.2075 -299.72052042865204
4.2124999999999995 10.23186328827376
4.2175 -69.41934210677381
4.2225 19.955850463320477
4.2275 165.3965165000829
4.2325 -60.23908334344255
4.2375 -133.98111423326546
4.2425 74.3086521071964
4.2475 70.67670739740122
4.2524999999999995 175.32924851378186
4.257499999999999 -147.84415035674112
4.2625 178.34385039765888
4.2675 -54.91429606651644
4.2725 97.75010191014387
4.2775 44.575924874297684
4.2825 -121.99279964795289
4.2875 -120.63741496855481
4.2924999999999995 -247.32494353232184
4.297499999999999 129.97037726440462
4.3025 -87.19863016962628
4.3075 206.8105614495005
4.3125 149.44319160737587
4.3175 -182.10117064763867
4.3225 57.70174496852582
4.3275 -24.826859298714528
4.3325 -73.67591771239815
4.3374999999999995 -334.6645122655977
4.342499999999999 221.48807027499132
4.3475 -98.34569461007806
4.3525 31.672890209686912
4.3575 -0.8657756508177589
4.3625 156.1023187305596
4.3675 41.18575349857942
4.3725 -13.843358979479872
4.3774999999999995 27.724511128612647
4.382499999999999 78.05925707453152
4.3875 -98.8676623690507
4.3925 120.41670554736876
4.3975 216.59067942457924
4.4025 -350.8568735515266
4.4075 35.18491645108962
4.4125 -60.22340965742504
4.4174999999999995 87.97990384272325
4.422499999999999 11.497999474381855
4.4275 28.847159433244634
4.4325 -147.0602992067377
4.4375 -41.784863188648146
4.4425 53.84762038091658
4.4475 98.6305752848485
4.4525 141.84685477410022
4.4575 -204.22370756943528
4.4624999999999995 -12.217873721086281
4.467499999999999 21.053058355066266
4.4725 1.3825816135842592
4.4775 -91.79044363533252
4.4825 19.21011414124533
4.4875 45.898144210405924
4.4925 -100.57736775119666
4.4975 386.43853589563554
4.5024999999999995 -7.382731000551643
4.507499999999999 -67.63404117440804
4.5125 -66.47141460815317
4.5175 130.48437284572495
4.5225 -213.64446777120443
4.5275 -3.179054595126281
4.5325 22.594448100215477
4.5375 -316.43832512971153
4.5424999999999995 133.26928348300464
4.547499999999999 163.63271884120587
4.5525 -127.1982882194143
4.5575 74.52187213420825
4.5625 39.10156209124774
4.5675 211.99444305889844
4.5725 142.8934732997095
4.5775 -306.60992698108436
4.5825 -101.20932356059285
4.5874999999999995 -6.6137149486382025
4.592499999999999 31.565680434095032
4.5975 -2.5119325687502707
4.6025 55.17475545024266
4.6075 162.88270148367977
4.6125 -419.707592498113
4.6175 299.4182240208575
4.6225 151.8644914140463
4.6274999999999995 240.87591314679668
4.632499999999999 -175.70647291902796
4.6375 -6.558414619415747
4.6425 -47.188859852110085
4.6475 -129.50778410975812
4.6525 154.5958282174687
4.6575 82.85011714174611
4.6625 -201.7374739770857
4.6674999999999995 116.8083385404798
4.672499999999999 9.499415880789032
4.6775 -191.70439168703587
4.6825 -82.27434080219363
4.6875 150.78979696988617
4.6925 -73.19622923295033
4.6975 187.52354071601184
4.7025 -180.18425575461995
4.7075 287.39329868408083
4.7124999999999995 -104.08356822107824
4.717499999999999 -5.163254688584155
4.7225 135.0679633995413
4.7275 -52.05368092706278
4.7325 -244.1358432512171
4.7375 65.98212164550756
4.7425 161.058032052198
4.7475 122.1408032458102
4.7524999999999995 -193.1994467188101
4.757499999999999 206.02255959847926
4.7625 -447.0038506016575
4.7675 156.57589629490576
4.7725 -74.96283358890796
4.7775 -88.22848746344354
4.7825 72.0744093842405
4.7875 322.2700905873341
4.7924999999999995 -228.83174515799604
4.797499999999999 86.42085164363925
4.8025 -218.53529125638187
4.8075 -16.934635406359696
4.8125 117.7111307493157
4.8175 191.10064995990052
4.8225 -126.66047479350128
4.8275 -9.284586312347749
4.8325 95.35415159148
4.8374999999999995 106.77262903458794
4.842499999999999 187.9489873071683
4.8475 -128.65830046045633
4.8525 173.04304162998253
4.8575 -221.5443946193538
4.8625 -96.72738386418432
4.8675 -155.6681817736277
4.8725 183.86989338634405
4.8774999999999995 73.55439127747806
4.882499999999999 -96.65106466508524
4.8875 158.17856197440761
4.8925 74.66166749184585
4.8975 -399.03257702846616
4.9025 92.41566764823109
4.9075 -210.4805590767234
4.9125 27.29952797801491
4.9174999999999995 10.082170935126602
4.922499999999999 141.17847111567505
4.9275 171.00332696308735
4.9325 101.27289755219651
4.9375 -93.20411714967275
4.9425 -145.45030065280744
4.9475 239.19398446008103
4.9525 -223.8142526571393
4.9575 212.97047045544912
4.9624999999999995 26.66412044438911
4.967499999999999 -51.76906763196733
4.9725 176.2108916745646
4.9775 -9.915894594489668
4.9825 67.5132103978799
4.9875 -147.2722336204279
4.9925 -65.45217223479962
4.9975 -56.08019619160728
5.0024999999999995 -116.21751604132223
5.007499999999999 207.3315002177947
5.0125 -77.80041302195211
5.0175 -165.34642465488693
5.0225 -77.96573787517275
5.0275 59.1118164233615
5.0325 -30.350428231786992
5.0375 71.55433170482084
5.0424999999999995 79.9267722567492
5.047499999999999 -169.65094741017433
5.0525 -178.85928393423924
5.0575 96.46024393611768
5.0625 230.88960887825425
5.0675 -100.17111144143878
5.0725 -5.6027110799361
5.0775 -57.3171743083539
5.0825 94.43871674525535
5.0874999999999995 136.03673206952126
5.092499999999999 71.67484046121629
5.0975 -213.47646859489586
5.1025 -268.2497708322787
5.1075 201.31990087521723
5.1125 -28.217214234790376
5.1175 52.74263071426932
5.1225 107.17970011548142
5.1274999999999995 -218.47765698846396
5.132499999999999 256.8325860751586
5.1375 -287.48810425337206
5.1425 159.9013762635675
5.1475 -67.06185735448491
5.1525 314.6582453381549
5.1575 -97.97246508514654
5.1625 -69.01815048387162
5.1674999999999995 213.1943220360261
5.172499999999999 -128.84099247968973
5.177499999999999 73.80991670764718
5.1825 -48.40453398007161
5.1875 34.96892301787208
5.1925 -125.97436992866844
5.1975 173.22285959321476
5.2025 -281.1075188539433
5.2075 314.4590336639093
5.2124999999999995 191.34518841036055
5.217499999999999 -309.3323670942577
5.2225 -85.15009631574414
5.2275 -100.4799420716256
5.2325 30.31834135494218
5.2375 -175.18385923648697
5.2425 197.267843746148
5.2475 -4.788009157746813
5.2524999999999995 21.30587860147353
5.257499999999999 160.12763026022867
5.2625 -185.45365885833408
5.2675 -37.50601914575057
5.2725 142.73852651487826
5.2775 -10.930676385361512
5.2825 149.2628858604551
5.2875 -101.45312855912941
5.2924999999999995 -55.251711847213855
5.297499999999999 47.195669349246515
5.302499999999999 -19.17963437151696
5.3075 -67.31345662844909
5.3125 2.1226896066591086
5.3175 -119.35724845507146
5.3225 107.15429509882188
5.3275 -216.12222205929373
5.3325 119.56837628876023
5.3374999999999995 -131.29451904984936
5.342499999999999 -72.95986481074375
5.3475 90.40622912407261
5.3525 131.0070135277576
5.3575 89.12194980590336
5.3625 -22.42169451326857
5.3675 -9.198344787725626
5.3725 -10.676386998171095
5.3774999999999995 32.321071965187215
5.382499999999999 -87.895350810222
5.3875 -74.07057879727365
5.3925 68.69451620428694
5.3975 147.16641952858004
5.4025 -192.01669858195888
5.4075 144.2319233847556
5.4125 -212.92324827051016
5.4174999999999995 13.491872869723547
5.422499999999999 101.01290029318419
5.427499999999999 -68.60506888683902
5.4325 -222.69007639345904
5.4375 494.34900124253613
5.4425 -387.9948574534717
5.4475 280.2261736004363
5.4525 -263.80904484422956
5.4575 -2.120144367951669
5.4624999999999995 306.2852496312813
5.467499999999999 -47.75253884038268
5.4725 -74.11808329672675
5.4775 9.98811934493857
5.4825 118.32551529282568
5.4875 3.503304558519675
5.4925 62.88546183414763
5.4975 -212.90116780167477
5.5024999999999995 24.897800310920665
5.507499999999999 141.50499854334743
5.5125 136.88791368502692
5.5175 29.084614954006877
5.5225 -193.92059180847767
5.5275 243.55026597282964
5.5325 -168.68320483601406
5.5375 -0.3955129628361094
5.5424999999999995 -143.1557796032774
5.547499999999999 -43.67915555054253
5.552499999999999 66.78796530011763
5.5575 -38.689991873618226
5.5625 -51.20278563939807
5.5675 48.82418631419128
5.5725 -81.62363657210192
5.5775 -225.9652658243514
5.5825 252.86621755270247
5.5874999999999995 -11.722267729568905
5.592499999999999 47.85085600484456
5.5975 -4.559858239139381
5.6025 39.112357808794826
5.6075 -155.81553823898423
5.6125 81.99981293159131
5.6175 -152.98036627569095
5.6225 129.95528110269495
5.6274999999999995 48.45694190959313
5.632499999999999 102.8439021293533
5.6375 -167.30951994557498
5.6425 145.9413668479827
5.6475 -106.83705227246249
5.6525 171.92523287115117
5.6575 -60.95346130617811
5.6625 -75.10562933598912
5.6674999999999995 -114.94870105825369
5.672499999999999 336.9243508027174
5.677499999999999 -49.34024514024782
5.6825 -327.84625239192275
5.6875 276.3562412422185
5.6925 -3.051780553981602
5.6975 72.29252066975583
5.7025 -235.51376008662731
5.7075 269.87644771977506
5.7124999999999995 -0.3492325938537431
5.717499999999999 -149.50514395177743
5.7225 8.281286188947087
5.7275 76.48842516911614
5.7325 -313.8541505729447
5.7375 94.44953035829248
5.7425 -6.9858795603267065
5.7475 -26.277869713503407
5.7524999999999995 85.65283510747939
5.757499999999999 10.188741473286813
5.7625 -147.07463323110605
5.7675 196.306331171049
5.7725 79.184436275162
5.7775 -34.08751289321355
5.7825 381.7091552581808
5.7875 -64.92234414498752
5.7924999999999995 52.33490407946792
5.797499999999999 -140.914137884689
5.802499999999999 253.61074810034265
5.8075 194.28216965878246
5.8125 -429.44710848465843
5.8175 -88.06512690342583
5.8225 217.20466761917018
5.8275 -62.508966777033805
5.8325 -249.90368943954542
5.8374999999999995 -0.23698102710670552
5.842499999999999 226.42935851579728
5.8475 152.6115269355413
5.8525 -317.601373925909
5.8575 122.58922940203294
5.8625 -156.93516253886946
5.8675 -0.22355322509160375
5.8725 -154.0933545684722
5.8774999999999995 -35.26257221960247
5.882499999999999 81.14331503969326
5.8875 -55.70139735331733
5.8925 98.79131152388283
5.8975 85.48430906688998
5.9025 24.369468863049235
5.9075 -66.11649466965727
5.9125 -122.44467891415437
5.9174999999999995 19.917406460353103
5.922499999999999 -100.50825905295427
5.927499999999999 29.098301319536436
5.9325 205.68766681871125
5.9375 15.599644480066683
5.9425 -164.82995133770035
5.9475 94.3252443376497
5.9525 11.957656452813815
5.9575 -88.73522642354492
5.9624999999999995 68.53129762392936
5.967499999999999 47.457541950349444
5.9725 -76.49121160218593
5.9775 166.4820614009362
5.9825 -7.261693537692537
5.9875 72.66933179280437
5.9925 72.10404247359544
5.9975 -181.2191874725448
6.0024999999999995 65.03678369856324
6.007499999999999 -228.42914558109655
6.012499999999999 142.97804475403876
6.0175 -26.122108420705487
6.0225 222.1490234890919
6.0275 -119.3325499155158
6.0325 -86.60479701743527
6.0375 297.60277024041824
6.0424999999999995 -48.73344117896063
6.047499999999999 -22.549497129292416
6.052499999999999 -223.45199622564164
6.0575 178.94673577296112
6.0625 32.87381496685093
6.0675 -141.04739276967123
6.0725 5.980712318865806
6.0775 11.886263184730227
6.0825 96.41814058505027
6.0874999999999995 -67.8230296552041
6.092499999999999 -193.54636421522193
6.0975 77.82979557444624
6.1025 -9.269057500849026
6.1075 42.65083332133581
6.1125 -7.265781604495139
6.1175 275.960842494716
6.1225 -2.535823574317019
6.1274999999999995 -127.39810557704783
6.132499999999999 -82.9702143018702
6.137499999999999 -211.66965833615507
6.1425 -8.598952191012588
6.1475 49.94875969984948
6.1525 -112.09419512330341
6.1575 -56.6092608282332
6.1625 216.17838652850605
6.1674999999999995 162.63525606876107
6.172499999999999 -126.2273591953476
6.177499999999999 113.91019287400674
6.1825 -26.628956332761053
6.1875 6.493297248706875
6.1925 129.2088246845217
6.1975 -109.49026289283555
6.2025 -141.88557877240515
6.2075 79.00027010259893
6.2124999999999995 109.2317346430219
6.217499999999999 59.62972927482195
6.2225 -66.15219011943869
6.2275 -10.439759933330997
6.2325 -201.7328095702356
6.2375 32.85793377209942
6.2425 -2.4911753792956253
6.2475 121.87621000388035
6.2524999999999995 -233.3162781214493
6.257499999999999 289.32495498703565
6.262499999999999 50.67443498019172
6.2675 6.37924455351919
6.2725 20.790456117989976
6.2775 34.83144946848515
6.2825 -145.32229394924622
6.2875 -150.8855902123273
6.2924999999999995 -182.42751122534133
6.297499999999999 100.47951889591948
6.302499999999999 0.7260597702095392
6.3075 13.473179451343064
6.3125 110.0863077170627
6.3175 80.95726799849119
6.3225 86.25634024570937
6.3275 -86.39601244026834
6.3325 -74.97276979659425
6.3374999999999995 13.226925665527094
6.342499999999999 -32.97095563442591
6.3475 -176.54697766244922
6.3525 172.66964420324723
6.3575 42.53502318375674
6.3625 44.41412359043587
6.3675 -44.14574545235854
6.3725 92.30274052673433
6.3774999999999995 -152.67468051471306
6.382499999999999 139.28294554398042
6.387499999999999 -83.13919825646997
6.3925 -193.58165412161836
6.3975 250.88878616519042
6.4025 80.24059783401424
6.4075 -133.80195590306022
6.4125 -242.08458823017006
6.4174999999999995 63.83459704618109
6.422499999999999 183.65705613448915
6.427499999999999 -20.880832290322648
6.4325 513.9034050722211
6.4375 -228.6704604748252
6.4425 -92.08851651009635
6.4475 20.125005214582714
6.4525 -139.99047637641664
6.4575 33.572041197132336
6.4624999999999995 101.65148164460577
6.467499999999999 -150.87790567836078
6.4725 -12.167195009083969
6.4775 175.68505585804945
6.4825 -106.55957611987294
6.4875 -130.0187819333246
6.4925 113.83115533680927
6.4975 194.98736881413154
6.5024999999999995 -70.71437279851847
6.507499999999999 -28.039409251020853
6.512499999999999 230.61495337070073
6.5175 -231.34484882866926
6.5225 87.28119206568952
6.5275 -297.0835478601558
6.5325 151.10227933272088
6.5375 -152.31240697723226
6.5424999999999995 259.60958440572693
6.547499999999999 105.8255532513406
6.552499999999999 -246.62752575712068
6.5575 -63.87023604621813
6.5625 257.8812015927155
6.5675 -146.0512874613573
6.5725 -88.69927925264228
6.5775 10.705003597373798
6.5825 -155.68100797137407
6.5874999999999995 180.59918585050806
6.592499999999999 -190.23110322930629
6.5975 -222.69069589321785
6.6025 152.17183790281857
6.6075 149.3043540532099
6.6125 269.9215988307009
6.6175 -178.36316384213612
6.6225 -163.9759021014972
6.6274999999999995 189.49575122588357
6.632499999999999 -32.06694824286432
6.637499999999999 -21.814707123208272
6.6425 168.5177887947448
6.6475 117.63234467007044
6.6525 -80.61389288801963
6.6575 -95.39551175337202
6.6625 -52.54680786686903
6.6674999999999995 -148.91652562434032
6.672499999999999 -140.41775093924883
6.677499999999999 13.638882609960167
6.6825 -55.29568119787338
6.6875 -21.24199999178539
6.6925 251.28219969755673
6.6975 -53.87306750461155
6.7025 -11.094077670777528
6.7075 70.26670244302167
6.7124999999999995 -52.508459937024305
6.717499999999999 120.21595170295029
6.722499999999999 -5.461551322765985
6.7275 -45.31073336800207
6.7325 21.785245291061496
6.7375 -57.28876706006799
6.7425 -68.71788416152292
6.7475 76.24608128470909
6.7524999999999995 53.520527139955576
6.757499999999999 -73.91655731454604
6.762499999999999 -76.60523304605825
6.7675 -206.9187235842559
6.7725 137.14163543319398
6.7775 -17.150722132977627
6.7825 128.1540355518556
6.7875 -5.823653010908428
6.7924999999999995 25.505804322717694
6.797499999999999 133.40251303797336
6.802499999999999 28.435706588976387
6.8075 -15.446133545143695
6.8125 84.85711003665286
6.8175 13.545633027212647
6.8225 102.80110555831894
6.8275 -159.65722651367832
6.8325 101.47068350853938
6.8374999999999995 122.96793384901446
6.842499999999999 -4.879905920396561
6.847499999999999 -122.63258394474299
6.8525 124.95788550034351
6.8575 -14.016527386518035
6.8625 16.654528748315958
6.8675 -379.6356687093088
6.8725 222.73205460768054
6.8774999999999995 1.105875493405193
6.882499999999999 55.3731969604934
6.887499999999999 224.2134286688891
6.8925 -54.602946777688324
6.8975 -130.1568207696622
6.9025 290.8070882907269
6.9075 -92.08772739793545
6.9125 -281.01573499078233
6.9174999999999995 -102.28619151728824
6.922499999999999 349.4961916590384
6.927499999999999 -304.62478671647597
6.9325 0.07318755413097525
6.9375 0.6395659981282749
6.9425 -101.27466104747424
6.9475 231.95818267006072
6.9525 -224.1287193140188
6.9575 75.13930838511125
6.9624999999999995 -253.37561925645701
6.967499999999999 130.06699962069032
6.972499999999999 42.918976317937144
6.9775 -66.32943600072836
6.9825 -70.87220536270623
6.9875 -32.727458806754925
6.9925 11.130699804299692
6.9975 22.69558814664968
7.0024999999999995 37.35341719645499
7.007499999999999 -204.4090335276556
7.012499999999999 186.16375453556614
7.0175 -112.77721163446398
7.0225 -156.6965336093437
7.0275 224.93591236753002
7.0325 -56.938908255646666
7.0375 -154.6372907520906
7.0424999999999995 178.93146328804062
7.047499999999999 -66.51761707911997
7.052499999999999 58.47463434136117
7.0575 -60.03213436985152
7.0625 -21.905161456725477
7.0675 -2.801870298476218
7.0725 97.3317879876208
7.0775 -54.73656437530547
7.0825 99.00684638516762
7.0874999999999995 91.8754441208775
7.092499999999999 -143.28872572526387
7.097499999999999 212.76797272184132
7.1025 -140.86073168946652
7.1075 -282.48456286603016
7.1125 400.2043895076697
7.1175 -198.13634161680653
7.1225 205.95487622338632
7.1274999999999995 -211.2213694677831
7.132499999999999 113.18340596792908
7.137499999999999 -12.004512635505725
7.1425 168.21196368579655
7.1475 -70.32386544110395
7.1525 -145.63274412128334
7.1575 76.0019649572793
7.1625 -159.9447538787947
7.1674999999999995 82.91322874546694
7.172499999999999 13.080937152484214
7.177499999999999 -99.75773693734095
7.1825 -66.02604059930906
7.1875 69.4153103581311
7.1925 152.6598564697199
7.1975 -90.55561593804391
7.2025 76.17806473769826
7.2075 -93.75869812343312
7.2124999999999995 221.6874005068587
7.217499999999999 -142.11508159001895
7.222499999999999 -149.1444821926623
7.2275 208.38091570323266
7.2325 23.54374989820787
7.2375 -127.6532573689577
7.2425 5.784202929411239
7.2475 41.48390578458041
7.2524999999999995 -99.29093018429248
7.257499999999999 327.1539953602519
7.262499999999999 -96.46552652688172
7.2675 -64.06092473015427
7.2725 166.97709249983538
7.2775 -323.8407674862252
7.2825 158.9525392219787
7.2875 124.19023450588502
7.2924999999999995 -90.06429210044558
7.297499999999999 -111.27024912782275
7.302499999999999 218.3219506979811
7.3075 135.12268096574854
7.3125 -340.26274631499143
7.3175 240.58887974983975
7.3225 -180.01728741117256
7.3275 136.86064674789435
7.3325 -80.83997700910973
7.3374999999999995 32.36281740645344
7.342499999999999 -44.624450864113484
7.347499999999999 97.03443678796891
7.3525 82.1903009491867
7.3575 -186.96110888549498
7.3625 -17.571889596658217
7.3675 79.2040773650087
7.3725 75.59535442208585
7.3774999999999995 129.2970607667785
7.382499999999999 -64.12123174214629
7.387499999999999 37.00607652433704
7.3925 -74.8003946466283
7.3975 9.958500466708076
7.4025 119.51341002787497
7.4075 -103.73826631898216
7.4125 76.79253112675839
7.4174999999999995 93.53468237887418
7.422499999999999 -44.83292371763372
7.427499999999999 -73.25601369005341
7.4325 -3.3599636733621914
7.4375 -165.57088135550558
7.4425 394.4048340899706
7.4475 -177.18021194670877
7.4525 -163.01521706122895
7.4575 68.03627863080281
7.4624999999999995 -75.78146120264445
7.467499999999999 -52.94389918561146
7.472499999999999 100.47245123002205
7.4775 93.32066284452704
7.4825 -167.42095828730407
7.4875 -1.4752276182957438
7.4925 68.56967055482637
7.4975 290.21151388103624
7.5024999999999995 156.53658964049797
7.507499999999999 -237.34956209193967
7.512499999999999 -73.86128301437967
7.5175 123.01889599399902
7.5225 -6.202357108368651
7.5275 98.05775354333853
7.5325 -24.730865126763685
7.5375 -353.01046102116936
7.5424999999999995 375.69539582468553
7.547499999999999 -331.4486582268547
7.552499999999999 -111.85222283348406
7.557499999999999 271.974033111909
7.5625 -76.2539634585732
7.5675 5.683242364215563
7.5725 -23.08537244731513
7.5775 99.02441791422278
7.5825 -117.15963332639389
7.5874999999999995 -70.5120359927367
7.592499999999999 87.5344132500248
7.597499999999999 -375.62375938847237
7.6025 -53.21174651187335
7.6075 3.3499967900426504
7.6125 226.64013791376783
7.6175 230.32562408763684
7.6225 -175.13220653612126
7.6274999999999995 10.629945043440253
7.632499999999999 162.85220941080203
7.637499999999999 -60.78472473041152
7.6425 -87.09146723811135
7.6475 37.277062140583574
7.6525 1.9672145101176555
7.6575 162.09346458067554
7.6625 -100.98650714282908
7.6674999999999995 -84.21713106061611
7.672499999999999 5.627423172693792
7.677499999999999 178.53006244580607
7.682499999999999 -183.33580998173596
7.6875 134.85898486684238
7.6925 -14.399735291963518
7.6975 7.56742087936792
7.7025 -219.69413476867206
7.7075 144.6610300641748
7.7124999999999995 -90.33769229200522
7.717499999999999 219.45999438744326
7.722499999999999 -148.90029796763787
7.7275 -241.14324966208497
7.7325 233.80053587216403
7.7375 281.07936503737693
7.7425 -407.4065581715534
7.7475 143.09153821516213
7.7524999999999995 -172.9976501142013
7.757499999999999 -15.229620747960977
7.762499999999999 30.921750699666557
7.7675 257.18620885379414
7.7725 -181.68176167902536
7.7775 -198.27794836647467
7.7825 212.14883508353785
7.7875 67.97672270305533
7.7924999999999995 357.20620051358463
7.797499999999999 -151.78594521331854
7.802499999999999 -170.45032947702825
7.807499999999999 113.75871018234677
7.8125 308.5644145081579
7.8175 -108.80966898364173
7.8225 -117.2118876310283
7.8275 -56.952305793230046
7.8325 -150.48589075749325
7.8374999999999995 -105.60097261458444
7.842499999999999 98.04827814452125
7.847499999999999 30.44915133438735
7.8525 182.08553762122725
7.8575 66.10394414140852
7.8625 -70.96327445894075
7.8675 -63.71233900563237
7.8725 -80.66137291275838
7.8774999999999995 -83.44735385824498
7.882499999999999 14.03439175684619
7.887499999999999 5.088357062476658
7.8925 139.49821170974533
7.8975 55.45111260836556
7.9025 -158.95019438644303
7.9075 89.09186590810029
7.9125 -87.36076041470243
7.9174999999999995 104.9772476779395
7.922499999999999 300.4016075164984
7.927499999999999 -175.85739626971122
7.932499999999999 -117.52020350270693
7.9375 -33.68671286574089
7.9425 -43.469786211921026
7.9475 89.23893367709512
7.9525 -12.044866176081923
7.9575 -164.6268472627823
7.9624999999999995 4.129851982383463
7.967499999999999 -320.09420374161584
7.972499999999999 60.300458295120734
7.9775 -132.33814666009803
7.9825 282.8783783890004
7.9875 51.43228240412552
7.9925 105.75083997509762
7.9975 -310.5291843101152
8.0025 48.50357466182828
8.0075 199.3987397508441
8.0125 87.80566782496014
8.0175 -122.41491978331014
8.022499999999999 1.329116468512164
8.0275 -75.49721739678493
8.032499999999999 -196.68417075843803
8.0375 -137.74278835070902
8.0425 -94.48576372545156
8.0475 459.31458796819464
8.0525 -26.932085933519193
8.0575 -8.96410519179458
8.0625 24.379886669953304
8.067499999999999 -74.4030044995188
8.0725 44.30174228138591
8.077499999999999 68.65735029787751
8.0825 -178.77090547756887
8.0875 -106.97349538374166
8.0925 39.111093018718
8.0975 50.44261232809453
8.1025 -71.26359657311139
8.1075 210.17146054052367
8.112499999999999 -109.29447333631015
8.1175 125.84113267600729
8.1225 -243.93616589947635
8.1275 101.04349158076421
8.1325 34.0066126460361
8.1375 -22.14781745953266
8.1425 -7.8030242169090505
8.147499999999999 -17.723619403982386
8.1525 208.5387510306946
8.157499999999999 181.7011377577178
8.1625 -78.86754872691407
8.1675 -74.46978809989835
8.1725 -26.38732721528049
8.1775 -240.49561582438326
8.1825 -98.48397200908829
8.1875 157.0417435338843
8.192499999999999 -66.34604091015136
8.1975 -167.040104625685
8.202499999999999 179.06639344090286
8.2075 -79.48640056371454
8.2125 352.95590188268295
8.2175 -314.406399869618
8.2225 438.19588540281086
8.2275 59.11161746761908
8.2325 -63.43144613028641
8.237499999999999 -295.33608167814043
8.2425 -16.606528438520638
8.2475 148.22165782488813
8.2525 -126.60407820925614
8.2575 95.1147917800403
8.2625 218.53053210870206
8.2675 80.45943520272183
8.272499999999999 -168.99753753988708
8.2775 199.52308393182955
8.282499999999999 43.89452145734765
8.2875 -164.69875344719125
8.2925 55.729553801573445
8.2975 -25.181831476251247
8.3025 -74.21702325055958
8.3075 174.202615830922
8.3125 -377.5524366186703
8.317499999999999 225.98134571167637
8.3225 -76.04013024785785
8.327499999999999 -255.71850865758896
8.3325 218.79918525835456
8.3375 98.76943402411669
8.3425 -107.70441114781254
8.3475 284.12011907462346
8.3525 -82.96682679086963
8.3575 -10.682275930245373
8.362499999999999 92.88475476041724
8.3675 -258.38363846384823
8.3725 353.7164844217371
8.3775 -170.14643958111157
8.3825 2.4373299550597753
8.3875 96.14072627716901
8.3925 -213.36730557919782
8.397499999999999 -159.7600155768877
8.4025 -28.847299965475393
8.407499999999999 -273.30957695621106
8.4125 210.6496564571499
8.4175 67.50770375163277
8.4225 -0.07999849869675064
8.4275 -186.22777380906953
8.4325 119.22955176455861
8.4375 67.01230566360286
8.442499999999999 284.8148833170854
8.4475 -536.8704821457751
8.452499999999999 134.5655903468841
8.4575 70.69698673779594
8.4625 191.0873909807806
8.4675 91.77207805969822
8.4725 -96.36093765107658
8.4775 -44.02481562560877
8.4825 -136.1983249235577
8.487499999999999 -198.9163060242705
8.4925 198.41426160386646
8.4975 30.99141205274899
8.5025 175.86476210605326
8.5075 -114.54539737277106
8.5125 17.186869970220982
8.5175 -212.12711022177515
8.522499999999999 86.76841785156572
8.5275 123.87033340974493
8.532499999999999 -155.8777955962237
8.5375 -63.7027214955705
8.5425 301.2396859489152
8.5475 -154.60717080013845
8.5525 34.44460134403424
8.5575 0.1463727397412074
8.5625 14.209775191324855
8.567499999999999 -42.34557915747111
8.5725 123.87906983009036
8.577499999999999 70.64884490888622
8.5825 -136.14675748993878
8.5875 -100.02118881544159
8.5925 5.654949857601209
8.5975 97.41663076915961
8.6025 55.048677248904276
8.6075 132.53045712282076
8.612499999999999 -73.79706425879591
8.6175 16.85653922457312
8.6225 13.916379158145004
8.6275 217.05273832976565
8.6325 -160.03456213248697
8.6375 -46.65273465514898
8.6425 129.02082650856522
8.647499999999999 -93.8178199539622
8.6525 57.98885271071722
8.657499999999999 -37.460724212981816
8.6625 56.562702289647994
8.6675 -379.95737928950433
8.6725 626.7813058130866
8.6775 -508.1335126628993
8.6825 153.28664322931516
8.6875 163.70111892409645
8.692499999999999 -200.08602463244884
8.6975 -215.04093714037367
8.702499999999999 60.94495056967376
8.7075 6.843040637086154
8.7125 -98.79041619014582
8.7175 111.19162581858633
8.7225 32.710195086708
8.7275 -217.73856772247763
8.7325 58.76045691432851
8.737499999999999 -47.645660674142896
8.7425 159.43026255292443
8.747499999999999 -38.92279325112026
8.7525 303.0342590478601
8.7575 -223.93631029451626
8.7625 -5.542345808913026
8.7675 146.40116366782686
8.772499999999999 59.62340331777444
8.7775 84.10252034852059
8.782499999999999 64.76817844566354
8.7875 -179.37597887259594
8.7925 143.8470497348572
8.7975 11.090325160861594
8.8025 -212.88765983181176
8.8075 101.71013954113427
8.8125 -72.7320627801762
8.817499999999999 182.38377575788115
8.8225 -165.09779200249767
8.827499999999999 115.31221683552008
8.8325 -155.8667806918195
8.8375 -40.55603097397113
8.8425 111.01886318520606
8.8475 -254.63918480805194
8.8525 67.69872402847295
8.8575 -51.699896990328305
8.862499999999999 -76.95614896734179
8.8675 60.39668027271249
8.872499999999999 -48.27916972325667
8.8775 48.85291508916807
8.8825 3.892962603871067
8.8875 35.790331801298926
8.8925 131.20283341450696
8.897499999999999 -129.26186234449577
8.9025 -83.21140767732629
8.907499999999999 340.8047047837893
8.9125 -246.55120662381393
8.9175 91.80896921770145
8.9225 220.14399172936047
8.9275 -73.38246009767897
8.9325 -124.06767421577257
8.9375 -67.99222756617765
8.942499999999999 -74.51184079093876
8.9475 -187.24864756687714
8.952499999999999 19.638170250130518
8.9575 139.53382439288524
8.9625 -84.6662148966586
8.9675 188.07928121226044
8.9725 85.58035784640239
8.9775 292.6154594046374
8.9825 -239.41840048464553
8.987499999999999 -25.480879194677613
8.9925 -100.89458820819348
8.997499999999999 62.49974480993603
9.0025 147.8859765908816
9.0075 18.753582228557175
9.0125 -114.6159560004617
9.0175 -140.51005574538883
9.022499999999999 183.87227769311346
9.0275 9.147364878835479
9.032499999999999 -240.76735818300722
9.0375 227.70675728120779
9.0425 -173.4312594173454
9.0475 115.55042033184337
9.0525 192.09463969142902
9.0575 -129.58268357804843
9.0625 16.80188455575004
9.067499999999999 15.39031014291838
9.0725 -78.93236356021816
9.077499999999999 -129.5392922780347
9.0825 -8.407524133851144
9.0875 518.4208065243644
9.0925 -190.97204244157749
9.0975 126.65794363433382
9.1025 -126.5220310717011
9.1075 -85.83181632496684
9.112499999999999 -130.60191279295339
9.1175 -21.428605609129384
9.122499999999999 155.51673934682037
9.1275 -118.20983805557721
9.1325 -147.61026893378025
9.1375 182.41934114462245
9.1425 499.16171190048954
9.147499999999999 -128.22247126124572
9.1525 -228.10777363357502
9.157499999999999 116.50277962694616
9.1625 -108.88357130469917
9.1675 -48.07867993600496
9.1725 98.15283122934629
9.1775 -52.32291989084574
9.1825 -39.393152785283405
9.1875 64.3436518932313
9.192499999999999 -161.1127925149476
9.1975 -136.7691039475112
9.202499999999999 178.72105495831977
9.2075 -85.44225440208227
9.2125 94.01924040538535
9.2175 11.331804321372614
9.2225 -153.1797391409317
9.2275 84.78093577786481
9.2325 -44.389297808682514
9.237499999999999 163.13749957649202
9.2425 100.80899960578954
9.247499999999999 -203.97217882475545
9.2525 -119.04644761037986
9.2575 119.95162149840743
9.2625 165.42948801942524
9.2675 3.5078929095370155
9.272499999999999 -35.63574397894474
9.2775 -138.31076251976475
9.282499999999999 31.519359010753124
9.2875 2.390539301441755
9.2925 -129.140981829032
9.2975 53.08951610406664
9.3025 -140.14594620957865
9.3075 -124.1861649924949
9.3125 485.5158273510826
9.317499999999999 -436.0089730930334
9.3225 274.77123479283154
9.327499999999999 -200.89150613365803
9.3325 263.0506347650348
9.3375 -283.65905144471225
9.3425 295.4652603718199
9.3475 -58.89995293370914
9.3525 104.39951546659115
9.3575 10.158966272687273
9.362499999999999 84.45577130229562
9.3675 -41.50013620455704
9.372499999999999 98.0977968076974
9.3775 -193.51618768194092
9.3825 148.9744781951292
9.3875 160.38023194480513
9.3925 29.460310766954382
9.397499999999999 -70.8820791993463
9.4025 240.32431624600363
9.407499999999999 -486.8688161401644
9.4125 155.36277523492853
9.4175 -139.2691360153722
9.4225 -54.68610435671844
9.4275 37.3746928287834
9.4325 -174.76421604748904
9.4375 -270.4792570392445
9.442499999999999 285.6904509589931
9.4475 369.6525983268798
9.452499999999999 -271.6027159043085
9.4575 123.3131954862579
9.4625 33.90803060200445
9.4675 -114.66567388254921
9.4725 142.21124326902014
9.4775 70.9589166439424
9.4825 7.430037333769231
9.487499999999999 318.1700291680388
9.4925 -269.9945797642931
9.497499999999999 21.78660462459131
9.5025 -154.12291252308577
9.5075 209.56453815319932
9.5125 -230.72449640239358
9.5175 104.95612073607997
9.522499999999999 -160.18579323461023
9.5275 49.42885123807848
9.532499999999999 -107.32648892536649
9.5375 515.5254636074374
9.5425 -181.5453533060504
9.5475 -349.2527818087125
9.5525 208.27743476879735
9.5575 -274.056387073482
9.5625 110.10316211067064
9.567499999999999 239.4862857103396
9.5725 -324.5305788886443
9.577499999999999 285.4432955562809
9.5825 -288.82440470846706
9.5875 12.888712746015141
9.5925 166.38757373976244
9.5975 -101.07023454847462
9.6025 -158.08370449503676
9.6075 189.31826678192132
9.612499999999999 -157.26661326175562
9.6175 78.86676395704119
9.622499999999999 327.29880592897854
9.6275 -85.24531953419311
9.6325 -171.03220212580453
9.6375 137.41920499432032
9.6425 -50.30329356946424
9.647499999999999 99.14543879743667
9.6525 220.32690771772462
9.657499999999999 -158.51425919592916
9.6625 0.3696131885102353
9.6675 3.8229801188512154
9.6725 98.00686692784878
9.6775 -82.32646707512343
9.6825 128.15861758681763
9.6875 -111.53165347319717
9.692499999999999 116.61814039117041
9.6975 -171.4702529316799
9.702499999999999 281.5527941086309
9.7075 -184.5881943390328
9.7125 -55.12279846075373
9.7175 -84.04647262764323
9.7225 223.71633294361655
9.7275 -3.8578527050511355
9.7325 -152.10625159378668
9.737499999999999 53.801898526395895
9.7425 236.70716742212167
9.747499999999999 -189.46201210844373
9.7525 -45.314942295154815
9.7575 -44.649169009757514
9.7625 15.2066805718881
9.7675 109.32281795038085
9.772499999999999 -210.89199192014982
9.7775 -137.3404372053186
9.782499999999999 101.4504658154762
9.7875 0.24965603427895644
9.7925 125.91203171276247
9.7975 118.4723738424882
9.8025 -61.59640363062568
9.8075 9.261974571151251
9.8125 -130.95114091293462
9.817499999999999 -147.4474260271294
9.8225 138.96622773971905
9.827499999999999 64.46565334403284
9.8325 95.36372146795804
9.8375 -69.50870139420078
9.8425 46.767793445314545
9.8475 -212.01673004958417
9.8525 29.74353505621848
9.8575 -187.46968608086195
9.862499999999999 226.68782597357853
9.8675 161.8455065126004
9.872499999999999 -54.62871273059221
9.8775 -223.09022218286867
9.8825 -230.63700298297425
9.8875 247.10480979326078
9.8925 -245.15694754504366
9.897499999999999 106.66487857834419
9.9025 69.11990884580426
9.907499999999999 -64.30589319871365
9.9125 209.94522812371818
9.9175 75.69070817234466
9.9225 -65.66467302101248
9.9275 -193.0087044799883
9.9325 145.14430645779498
9.9375 -55.98511087369937
9.942499999999999 204.4723417185981
9.9475 18.109548279216
9.952499999999999 8.153249220954155
9.9575 -118.28651944097324
9.9625 -56.96062430124881
9.9675 10.977174921421213
9.9725 78.13624084107575
9.9775 -118.83718261825554
9.9825 76.6910534345338
9.987499999999999 130.56599628123595
9.9925 168.90987832401575
9.997499999999999 -159.67410801369033
10.0025 85.5279777469996
