0.0075 78.31334566379671
0.012499999999999999 -172.68583067400567
0.017499999999999998 -66.4585138020034
0.0225 77.41028186458229
0.0275 -40.29313724436283
0.0325 -131.02766308110293
0.0375 99.75246250481504
0.042499999999999996 -36.27156876697479
0.0475 -50.06286450249352
0.0525 7.543379867487441
0.057499999999999996 101.44186308496828
0.0625 -1.0604806880117776
0.06749999999999999 -114.93014290872452
0.0725 -75.0108142926149
0.0775 439.995666944662
0.08249999999999999 -151.33060841672201
0.0875 -126.28896047234126
0.0925 87.9540961775374
0.09749999999999999 -195.21739428532265
0.1025 242.1694194322742
0.1075 -140.37737581881697
0.11249999999999999 327.2500970367276
0.1175 -179.11334778562113
0.1225 38.07502362132954
0.1275 -229.79320483613176
0.1325 24.92118287403456
0.13749999999999998 336.3177647453386
0.1425 -132.2732584026509
0.1475 89.72508729708022
0.1525 -121.43958846868895
0.1575 -374.4061173487344
0.1625 315.39829293395087
0.16749999999999998 -136.68215607736968
0.1725 361.6032142670593
0.1775 -365.0120419543331
0.1825 97.36905324031694
0.1875 169.51511564041587
0.1925 -220.54814071357941
0.19749999999999998 106.84938621264774
0.20249999999999999 140.1911416644762
0.2075 46.028801815016614
0.2125 18.246243769538815
0.2175 -123.17993671953332
0.2225 -20.26496531599644
0.22749999999999998 -13.302484898428833
0.23249999999999998 -71.59828381791274
0.2375 73.627648443914
0.2425 34.69021326072882
0.2475 -10.378222343228451
0.2525 -79.71769424617908
0.2575 -93.25897340592796
0.2625 -19.81491874206413
0.2675 -44.9354977717934
0.27249999999999996 103.09561940170505
0.27749999999999997 -147.33427679102073
0.2825 187.59830096791623
0.2875 -297.8366508738722
0.2925 51.98147315101253
0.2975 372.77955309755794
0.3025 -43.4129782945735
0.3075 -278.4089094806423
0.3125 36.29273360516622
0.3175 228.7778563108799
0.3225 171.38082811517904
0.32749999999999996 -87.06120964878711
0.33249999999999996 -150.5274962586589
0.33749999999999997 46.74906614392898
0.34249999999999997 -152.07742300786543
0.3475 -53.44089431454466
0.3525 427.76777095963575
0.3575 -105.45821871136971
0.3625 -95.13555975942278
0.3675 -104.1013905501632
0.3725 80.55895649681261
0.3775 240.33617990323688
0.3825 -211.618774352355
0.38749999999999996 -48.7683479113346
0.39249999999999996 84.15255248725614
0.39749999999999996 151.7627123933494
0.40249999999999997 -135.72580345629402
0.4075 100.76338873867057
0.4125 106.28785205149252
0.4175 81.37251284446914
0.4225 -36.75056287509142
0.4275 74.3534503085315
0.4325 -170.94691985208334
0.4375 -57.73445660850887
0.4425 -117.70585368510007
0.44749999999999995 -62.037266133792116
0.45249999999999996 46.242108424620085
0.45749999999999996 -83.17890466454536
0.46249999999999997 16.32133748753285
0.46749999999999997 167.8842501555698
0.4725 29.54559961989983
0.4775 -60.02480090329292
0.4825 10.537771163863564
0.4875 -77.55124069224269
0.4925 -81.27324550843582
0.4975 111.07688625238315
0.5025 250.4039931287878
0.5075 -109.4412755678128
0.5125 -153.1405536758353
0.5175 21.394807788560833
0.5225 -159.2175352275713
0.5275 -6.081922006389085
0.5325 162.21892963120655
0.5375 -143.2606142789019
0.5425 270.614729057019
0.5475 5.652559493833471
0.5525 -94.15251838344481
0.5575 -242.84903014219066
0.5625 -73.95441456584349
0.5675 144.9198099035252
0.5725 53.01052330559431
0.5775 102.35941617824419
0.5825 -64.655977670528
0.5875 179.81348462263531
0.5925 -318.20609953491623
0.5974999999999999 -86.51097938446287
0.6024999999999999 -66.20447916237734
0.6074999999999999 42.51115086318696
0.6124999999999999 229.1333415363265
0.6174999999999999 65.18904115967518
0.6224999999999999 15.483118786054224
0.6275 233.8021746253493
0.6325 -308.05019312786004
0.6375 66.13310326344589
0.6425 191.44390019669515
0.6475 -90.08166450927772
0.6525 -215.658826436661
0.6575 63.04004389968056
0.6625 339.0858368449409
0.6675 -201.12885520257132
0.6725 -189.2856367572155
0.6775 304.9400898230351
0.6825 117.12915585939399
0.6875 -206.91731785074677
0.6925 241.43307968990936
0.6975 -77.89690708336423
0.7025 105.95120288200896
0.7075 114.24513381369658
0.7125 -196.70076593060912
0.7174999999999999 154.887062580717
0.7224999999999999 -108.32834267210005
0.7274999999999999 -142.76463814022614
0.7324999999999999 62.43410652092025
0.7374999999999999 -119.06136994898385
0.7424999999999999 -140.12143373048582
0.7474999999999999 183.4035341480195
0.7525 294.6863435413429
0.7575 -348.56652634543576
0.7625 -64.13036423179376
0.7675 -49.22819252924321
0.7725 62.598802926637056
0.7775 152.5910735746642
0.7825 -59.88562741393488
0.7875 14.90632056138557
0.7925 -207.50052627942995
0.7975 102.80271694193117
0.8025 65.51095076140541
0.8075 -128.32353321228766
0.8125 268.6452232662514
0.8175 -103.65641313695907
0.8225 66.10051320752764
0.8275 49.77915940351856
0.8325 -13.71233267514017
0.8374999999999999 147.01138583219594
0.8424999999999999 84.68372826537107
0.8474999999999999 -265.6354686916596
0.8524999999999999 -97.82481505480239
0.8574999999999999 29.175829845851585
0.8624999999999999 -126.66646451929165
0.8674999999999999 -175.07601627634978
0.8724999999999999 74.52191970199985
0.8775 228.92866272407545
0.8825 -121.15490681545317
0.8875 -216.99655428736105
0.8925 233.5784021147122
0.8975 -72.90041852576901
0.9025 -61.84995621048827
0.9075 201.76792354817456
0.9125 -212.30617907453006
0.9175 -6.1000246433247725
0.9225 188.92860669701042
0.9275 60.171506814952
0.9325 -132.52813149862
0.9375 44.84363614220134
0.9425 6.62254374129262
0.9475 206.2661559040215
0.9524999999999999 -150.04231624050777
0.9574999999999999 -121.00729585747722
0.9624999999999999 56.90989190277632
0.9674999999999999 -78.23515158315274
0.9724999999999999 82.06741367162724
0.9774999999999999 115.45253331706533
0.9824999999999999 108.45694519021264
0.9874999999999999 129.1779333843142
0.9924999999999999 -218.45474049759852
0.9974999999999999 81.85389126346718
1.0025 30.676444848485776
1.0075 -171.30059026430277
1.0125 12.866428387019136
1.0174999999999998 -183.56384405332008
1.0225 -13.360137061836799
1.0274999999999999 43.300609617634166
1.0325 -43.44176713786802
1.0374999999999999 163.25150542760278
1.0425 -295.198258245606
1.0474999999999999 20.923485401371433
1.0525 -59.96786245413555
1.0574999999999999 141.26110512003643
1.0625 227.10170707794637
1.0675 -167.75776141063596
1.0725 -12.191717357013239
1.0775 72.13338791926459
1.0825 136.06450244889626
1.0875 -325.974155174743
1.0925 -8.576976002882155
1.0975 161.9816535587867
1.1025 -62.382242627454985
1.1075 -157.71957877433482
1.1125 420.29712323237413
1.1175 -227.087775044182
1.1225 -92.27851371755999
1.1275 309.571629270009
1.1324999999999998 42.59026682473794
1.1375 -63.07821310489755
1.1424999999999998 41.54139609907092
1.1475 -8.184407242914213
1.1524999999999999 -227.09141453947274
1.1575 -197.97784224823735
1.1624999999999999 147.8170383603405
1.1675 -77.16797666601404
1.1724999999999999 -57.66810809223138
1.1775 -123.9774675736017
1.1824999999999999 114.51233386764916
1.1875 294.6456392211999
1.1925 219.2779320863264
1.1975 -61.89495115941366
1.2025 -282.8823934634216
1.2075 317.41299095579615
1.2125 -140.7993031171104
1.2175 -15.530889217752977
1.2225 -20.503819053504035
1.2275 158.34860722367702
1.2325 -81.23974673005915
1.2375 112.5393909009616
1.2425 -177.52325941181084
1.2475 85.14183971822592
1.2525 -50.243578950826965
1.2574999999999998 -248.03384218548715
1.2625 -148.9225633455718
1.2674999999999998 237.5232084796222
1.2725 225.70581171320003
1.2774999999999999 -259.1902996857643
1.2825 40.27208806893436
1.2874999999999999 5.728781813854916
1.2925 196.18442182938753
1.2974999999999999 66.96332057551635
1.3025 -130.68301443018626
1.3074999999999999 179.83906227814012
1.3125 -148.08364721342272
1.3175 -202.2002060849491
1.3225 -124.66132262334563
1.3275 154.4367288853248
1.3325 39.04921591391418
1.3375 -245.1637858612385
1.3425 143.5587283725059
1.3475 230.42447416926592
1.3525 110.08065228165835
1.3575 -86.00693178764031
1.3625 102.5037646880492
1.3675 10.079826099590926
1.3724999999999998 302.68515310407383
1.3775 -57.692604320640235
1.3824999999999998 -276.32438200653405
1.3875 -139.85920611444038
1.3924999999999998 179.5122990510693
1.3975 54.394738145815424
1.4024999999999999 -80.77828941269347
1.4075 54.631421002477474
1.4124999999999999 -272.7218137963466
1.4175 289.71470718108657
1.4224999999999999 9.562518010426887
1.4275 -150.8476301935465
1.4324999999999999 -270.5703942962426
1.4375 9.187394063654356
1.4425 -62.4369624305985
1.4475 156.04022138005476
1.4525 -55.64755863989026
1.4575 16.740175774231563
1.4625 -143.61104810752585
1.4675 121.53429337584862
1.4725 47.45827382325907
1.4775 51.023065706607746
1.4825 -173.27813534081045
1.4874999999999998 169.34512164330363
1.4925 96.0216628447648
1.4974999999999998 17.01893842833807
1.5025 -362.46970863233815
1.5074999999999998 175.89317909159118
1.5125 67.58744500265993
1.5174999999999998 146.34639415864388
1.5225 -112.77405136987025
1.5274999999999999 -42.86335595057331
1.5325 205.56414346174776
1.5374999999999999 -70.1767489858494
1.5425 167.03937248960645
1.5474999999999999 -285.3301500045378
1.5525 -56.8103192907361
1.5574999999999999 -128.11104821621305
1.5625 145.85397501178633
1.5675 -183.75376441544407
1.5725 330.12170842848457
1.5775 18.07850828853964
1.5825 72.10595255399028
1.5875 -194.0867163006181
1.5925 -44.27461587648407
1.5975 242.0013560427366
1.6025 31.88433910952087
1.6075 165.2995251808992
1.6124999999999998 -154.19299690384176
1.6175 -346.0658800576434
1.6224999999999998 -65.98442187390256
1.6275 109.93508806278967
1.6324999999999998 12.824933614198217
1.6375 157.0760311612529
1.6424999999999998 -209.11741367594155
1.6475 -16.08262428225602
1.6524999999999999 307.8311933838971
1.6575 -66.79204047164063
1.6624999999999999 28.739173835524905
1.6675 -84.6676237717473
1.6724999999999999 27.259668142429167
1.6775 -136.10548746341948
1.6824999999999999 -62.14285663070263
1.6875 54.75587703027579
1.6925 156.59193947015916
1.6975 -85.5835883771115
1.7025 68.36710097608936
1.7075 43.404965588899564
1.7125 12.09643018850422
1.7175 2.9664369618900874
1.7225 145.79450382444767
1.7274999999999998 -307.73271897597476
1.7325 61.50829808017874
1.7374999999999998 -89.64615107993676
1.7425 -51.774627076489345
1.7474999999999998 244.3412868982914
1.7525 -297.47849053583076
1.7574999999999998 24.549751714269508
1.7625 99.43329275524663
1.7674999999999998 2.6748246879987634
1.7725 62.58533683353661
1.7774999999999999 -34.80969776348737
1.7825 45.37731281505202
1.7874999999999999 59.458387852575875
1.7925 -104.2305451967779
1.7974999999999999 299.739753606593
1.8025 -84.08108342650878
1.8074999999999999 92.87222686470004
1.8125 -171.87938436245093
1.8175 -74.71769037615154
1.8225 -166.1741966008746
1.8275 216.72529902160716
1.8325 -132.04617542372964
1.8375 -87.15919666777432
1.8425 453.6129819363199
1.8475 -80.10318731359598
1.8524999999999998 -13.573010232144277
1.8575 -10.199492452108746
1.8624999999999998 -191.8674669718885
1.8675 -329.9298156149195
1.8724999999999998 219.99430503434616
1.8775 182.3135493234488
1.8824999999999998 8.570159663352465
1.8875 -229.36958963784767
1.8924999999999998 146.41686107194792
1.8975 -60.20129070012759
1.9024999999999999 -33.497857811613365
1.9075 64.70699376515171
1.9124999999999999 202.87935967036213
1.9175 -0.8905793263775174
1.9224999999999999 41.037503311395845
1.9275 -77.96483731095242
1.9324999999999999 -57.540856880994966
1.9375 65.37865703529918
1.9425 193.14698898456075
1.9475 -219.069599797933
1.9525 -241.2135491999232
1.9575 43.69344588886159
1.9625 290.99233200864364
1.9674999999999998 -182.7477578623409
1.9725 28.60364602592844
1.9774999999999998 179.08841910479993
1.9825 -48.152793318577515
1.9874999999999998 -2.275072862539407
1.9925 83.68202215643053
1.9974999999999998 -60.59661812883882
2.0025 9.228098145300534
2.0075 122.34251673588307
2.0124999999999997 -106.47165268235423
2.0175 109.4606526991811
2.0225 -320.74241628788576
2.0275 186.99985893752807
2.0324999999999998 234.34501957882753
2.0375 -134.76792498152187
2.0425 4.456799690903256
2.0475 -199.8803900233896
2.0524999999999998 98.98512626044639
2.0575 16.45870826943642
2.0625 -115.58243457405206
2.0675 -216.00926151533756
2.0725 111.6893470307118
2.0775 -24.986078763381855
2.0825 -339.3274340531837
2.0875 221.9730151598905
2.0925 -60.83773222464225
2.0974999999999997 -46.751611974766604
2.1025 -47.03039081376487
2.1075 33.96127547464744
2.1125 289.9047499167823
2.1174999999999997 -247.09893638815583
2.1225 135.26783944385545
2.1275 23.07686419446795
2.1325 80.55245306518998
2.1374999999999997 169.62275043389664
2.1425 42.57008255413415
2.1475 -319.13083082505756
2.1525 334.0553855749684
2.1574999999999998 -160.16156063571856
2.1625 155.34081641595023
2.1675 20.941470368880758
2.1725 47.58521442931692
2.1774999999999998 -144.8175248088962
2.1825 -239.74105327555117
2.1875 -234.51421854247698
2.1925 268.3593880776215
2.1975 67.88326929593941
2.2024999999999997 169.6613062672288
2.2075 257.5758455166666
2.2125 -122.35994983805926
2.2175 -293.48248734500584
2.2224999999999997 196.58333256681408
2.2275 -339.2933615664492
2.2325 259.9252046637928
2.2375 227.04568656216145
2.2424999999999997 -100.59410635045715
2.2475 -151.30742823054715
2.2525 -152.00072162162758
2.2575 89.06342839538267
2.2624999999999997 -11.50718986120305
2.2675 -160.4887207215983
2.2725 307.81403371428223
2.2775 63.40184383170111
2.2824999999999998 -170.89170937039256
2.2875 -99.03468203044751
2.2925 22.660662992447715
2.2975 117.29786124963746
2.3024999999999998 -9.656960143368561
2.3075 14.852674356061112
2.3125 -158.50601187511717
2.3175 15.28125867796813
2.3225 159.66628863852205
2.3274999999999997 -73.27531150887296
2.3325 94.82103652121441
2.3375 -68.03960903413659
2.3425 58.94956222569982
2.3474999999999997 232.85856648805435
2.3525 -67.90363962700602
2.3575 -87.60473015701513
2.3625 131.4797078970355
2.3674999999999997 -223.95575545506372
2.3725 6.51675402547072
2.3775 -133.2913628333719
2.3825 128.93209566864212
2.3874999999999997 -389.71157102532754
2.3925 162.87369873633523
2.3975 218.191766797519
2.4025 -112.9248471905147
2.4074999999999998 -199.81808108503174
2.4125 95.83641688991183
2.4175 152.39687592724712
2.4225 129.70248572575554
2.4274999999999998 96.02622329987115
2.4325 -193.57450750502946
2.4375 -202.97814803886743
2.4425 183.1979244413242
2.4475 -130.12246287617822
2.4524999999999997 51.703462765410926
2.4575 -188.29242044639804
2.4625 397.90835865775045
2.4675 -174.85037598973003
2.4724999999999997 144.65885497262573
2.4775 -13.157888549244957
2.4825 14.201768538537271
2.4875 76.11542262742252
2.4924999999999997 36.77259169701614
2.4975 -33.9283701423014
2.5025 -51.644071844608554
2.5075 61.09700576898308
2.5124999999999997 -139.2903724355239
2.5175 15.465875691875436
2.5225 -255.98476539058737
2.5275 133.8511663953708
2.5324999999999998 -8.36549104889911
2.5375 -230.88442813388212
2.5425 395.16284257331495
2.5475 -236.92546608394474
2.5524999999999998 66.78208321043661
2.5574999999999997 95.73668716599566
2.5625 69.72754744748443
2.5675 94.45144754424956
2.5725 67.15459231030874
2.5774999999999997 -107.49451073420661
2.5825 16.233796960867615
2.5875 -136.857256868373
2.5925 8.72146734764642
2.5974999999999997 97.47609011389459
2.6025 -155.0011381716052
2.6075 45.0945543348674
2.6125 309.8158042841194
2.6174999999999997 133.0684373978617
2.6225 -133.43016472814222
2.6275 -211.69463517689803
2.6325 110.65147597854477
2.6374999999999997 155.0064276047625
2.6425 -271.29816150673895
2.6475 -61.17531643348139
2.6525 -37.65221819397062
2.6574999999999998 213.7520109818832
2.6625 202.9427136527057
2.6675 -297.333146523599
2.6725 -30.780680288362255
2.6774999999999998 -17.409614871816757
2.6824999999999997 -112.8663805191401
2.6875 224.14270595534478
2.6925 -147.53216064622097
2.6975 112.28563726000482
2.7024999999999997 194.8302860183435
2.7075 -46.22479427481899
2.7125 -53.26274892171056
2.7175 -194.15817259767033
2.7224999999999997 -156.64220434895384
2.7275 392.38816631416626
2.7325 -266.07457559461744
2.7375 -208.2935507102714
2.7424999999999997 55.17412595006293
2.7475 -97.62216257783935
2.7525 55.145543957579974
2.7575 -22.8920035189892
2.7624999999999997 226.00437247034083
2.7675 -275.1939954814653
2.7725 -26.50241077622549
2.7775 272.20097776263964
2.7824999999999998 -39.733134529244765
2.7875 243.95602857759704
2.7925 8.553805027621312
2.7975 -37.85343192616669
2.8024999999999998 13.288635894474917
2.8074999999999997 -277.5543166689286
2.8125 219.76730390097507
2.8175 -339.24561666214066
2.8225 170.6775016702308
2.8274999999999997 -143.22585965819343
2.8325 8.472351599265865
2.8375 39.30019597801664
2.8425 -10.311670331543777
2.8474999999999997 156.27826139910263
2.8525 73.75457806266729
2.8575 -191.8314738122081
2.8625 -3.7978199809196194
2.8674999999999997 181.2741534702611
2.8725 -79.69382771532669
2.8775 -213.51631764055375
2.8825 188.77422862032645
2.8874999999999997 190.18705282260353
2.8925 -74.13583114899279
2.8975 -93.26891435065576
2.9025 -43.891066838259334
2.9074999999999998 293.55092575187797
2.9125 -94.67450772227313
2.9175 -67.4001473825055
2.9225 119.14661511588005
2.9274999999999998 -50.96905106472325
2.9324999999999997 -75.62741544257922
2.9375 -27.405127620047175
2.9425 21.529542094364178
2.9475 130.75386734657917
2.9524999999999997 -5.454635373780598
2.9575 -4.572636934886385
2.9625 -122.94269147077928
2.9675 197.1345481357675
2.9724999999999997 0.03071445065866761
2.9775 -167.95019951030986
2.9825 326.0067765477688
2.9875 48.52726565897672
2.9924999999999997 -241.96376603952965
2.9975 51.70473281886717
3.0025 -152.59707356404442
3.0075 241.95229463564831
3.0124999999999997 -197.18094232533
3.0175 217.98218745005826
3.0225 34.57407521461132
3.0275 -54.23534354219759
3.0324999999999998 34.72401547292959
3.0374999999999996 -1.7359320123343795
3.0425 214.85559664206772
3.0475 -83.41396771618808
3.0524999999999998 164.68562342086736
3.0574999999999997 -74.89279511468942
3.0625 -96.64486302248064
3.0675 -37.95569017756062
3.0725 78.15820018639201
3.0774999999999997 -23.949738565121766
3.0825 -103.6207716368168
3.0875 -145.56241984556183
3.0925 0.18051970329457984
3.0974999999999997 -145.26961278454007
3.1025 -257.7981248723519
3.1075 175.4904602991476
3.1125 94.1851321245705
3.1174999999999997 218.77084669717019
3.1225 -18.42219485948891
3.1275 -187.83178316354739
3.1325 7.056276470684359
3.1374999999999997 166.59970977378086
3.1425 -78.34181107242532
3.1475 -24.648699300002512
3.1525 13.118885591830272
3.1574999999999998 -69.55556889315847
3.1624999999999996 -15.03276351491839
3.1675 188.19321127070742
3.1725 144.01488181531695
3.1774999999999998 -246.07747128966938
3.1824999999999997 32.020893014937045
3.1875 -119.00257457956388
3.1925 89.67392514367732
3.1975 91.80126863042769
3.2024999999999997 -209.12978117017065
3.2075 -26.92643885372968
3.2125 0.5590377402919827
3.2175 291.3121257318433
3.2224999999999997 -91.86889674003663
3.2275 -135.6135401127355
3.2325 104.79205758070076
3.2375 -65.45345465719751
3.2424999999999997 307.27253855445855
3.2475 -4.897714038357068
3.2525 -48.69116176785132
3.2575 -88.904271959684
3.2624999999999997 -157.72782504247093
3.2675 83.23858770290605
3.2725 88.14414917682299
3.2775 -287.7161114817211
3.2824999999999998 159.78354025124617
3.2874999999999996 -135.23191319488606
3.2925 45.80360654712761
3.2975 -111.50328841007499
3.3024999999999998 -131.9612929036761
3.3074999999999997 248.957430401201
3.3125 13.116609706565116
3.3175 -59.361154812691915
3.3225 -124.63500638412243
3.3274999999999997 157.77641261382604
3.3325 68.70792742665684
3.3375 -42.7845676343918
3.3425 -46.182925802058605
3.3474999999999997 205.83500920452778
3.3525 87.21455952429957
3.3575 -218.74709017094787
3.3625 210.7403268523926
3.3674999999999997 -146.12308002256282
3.3725 84.73162501817613
3.3775 -86.03203606795772
3.3825 78.13125247322179
3.3874999999999997 -129.78949701961915
3.3924999999999996 295.95812378079734
3.3975 92.49828625720767
3.4025 -107.07142345287926
3.4074999999999998 81.55195079170656
3.4124999999999996 -171.3407036631925
3.4175 76.33655930343373
3.4225 -184.7154027853114
3.4274999999999998 -44.66430823249013
3.4324999999999997 12.613558294763873
3.4375 174.21175635544714
3.4425 -32.41347611761393
3.4475 40.04711925794529
3.4524999999999997 -70.35183846058695
3.4575 11.523648711846901
3.4625 147.20553110898766
3.4675 -67.6619160318647
3.4724999999999997 -77.68063692797318
3.4775 145.03463947351662
3.4825 164.0008190712992
3.4875 -445.2373936203239
3.4924999999999997 -2.817400425819799
3.4975 171.53804631140295
3.5025 -202.0320705871133
3.5075 299.55434922401923
3.5124999999999997 -331.0914008215543
3.5174999999999996 101.00007370068438
3.5225 76.442262699833
3.5275 36.0398816468979
3.5324999999999998 -69.4631568456626
3.5374999999999996 99.8576606167891
3.5425 1.2723577637622927
3.5475 -146.4504780131928
3.5524999999999998 -91.55970846321763
3.5574999999999997 78.73003767594871
3.5625 28.60247492400546
3.5675 255.10913906199906
3.5725 -141.77150160250312
3.5774999999999997 -24.870118356320088
3.5825 -133.49818574902557
3.5875 -29.729672893815987
3.5925 57.88836834977539
3.5974999999999997 42.24833085378679
3.6025 68.15027606050649
3.6075 -25.9360698009105
3.6125 -150.2284515008835
3.6174999999999997 -99.62551400368805
3.6225 -306.2717893278982
3.6275 334.8262972329833
3.6325 118.70315355595152
3.6374999999999997 59.80915077399864
3.6424999999999996 -331.63713273864954
3.6475 -156.20160238306917
3.6525 295.6468181780185
3.6574999999999998 -208.18308342915086
3.6624999999999996 266.1616687340312
3.6675 -82.86364718490663
3.6725 92.49443964793639
3.6774999999999998 -69.38857607499673
3.6824999999999997 -126.01932649193213
3.6875 62.697814725599095
3.6925 64.66273005999761
3.6975 -65.40345413163465
3.7024999999999997 456.6071124322453
3.7075 -241.85390983676078
3.7125 -138.24917729607836
3.7175 62.06578680790473
3.7224999999999997 -110.42587806212941
3.7275 -24.186457739101876
3.7325 303.19216207553995
3.7375 -68.12927254489456
3.7424999999999997 -5.2992759400021
3.7474999999999996 26.378632901970484
3.7525 81.30606899523174
3.7575 -72.9962893701606
3.7624999999999997 226.69621777415585
3.7674999999999996 -22.7478554781482
3.7725 104.24451058720945
3.7775 -345.7056369181215
3.7824999999999998 292.7350758866352
3.7874999999999996 32.09371344835284
3.7925 -142.73115725733953
3.7975 103.98568699601758
3.8024999999999998 -36.55138028101704
3.8074999999999997 -40.46979467983232
3.8125 23.616622965417957
3.8175 161.1190222508399
3.8225 -91.90127310275004
3.8274999999999997 -42.479122409853815
3.8325 -49.75100927131778
3.8375 72.8513133997354
3.8425 -72.53240155575901
3.8474999999999997 -277.3365482925831
3.8525 92.63313574878019
3.8575 -1.2794499043740692
3.8625 27.253314453951297
3.8674999999999997 -149.28640079756164
3.8724999999999996 277.3388161511946
3.8775 -117.35767653040634
3.8825 172.35587731266287
3.8874999999999997 20.6622573010796
3.8924999999999996 -152.75045344081963
3.8975 2.5119104625566693
3.9025 -7.092047186791617
3.9074999999999998 144.8403152418243
3.9124999999999996 -135.75863089062452
3.9175 199.83990410882078
3.9225 -249.34163130896803
3.9274999999999998 -14.129050477851372
3.9324999999999997 -412.2084350182512
3.9375 264.75597035799416
3.9425 -43.92493115833737
3.9475 240.08136996782096
3.9524999999999997 -239.37614054804013
3.9575 119.14482425102929
3.9625 -14.29840576386986
3.9675 47.09739731826324
3.9724999999999997 138.9699023680675
3.9775 -68.27077192162234
3.9825 260.36744064582126
3.9875 -54.76240835780939
3.9924999999999997 -164.27119834623545
3.9974999999999996 -24.340233685179122
4.0024999999999995 47.43973751675454
4.007499999999999 -133.7977933594387
4.0125 228.44577601790976
4.0175 -219.85746032721653
4.0225 254.58730078216038
4.0275 -70.37995122279379
4.0325 -136.75897588964472
4.0375 -68.67322228171501
4.0424999999999995 173.64324491871213
4.047499999999999 -134.1035085953414
4.0525 -74.54300960282664
4.0575 61.87251262040852
4.0625 173.97272904977885
4.0675 -158.9986598473954
4.0725 -95.99332033604585
4.0775 -212.30951816243996
4.0825 133.54047858175244
4.0874999999999995 243.19725703581994
4.0925 -155.0595283923936
4.0975 53.68509071113403
4.1025 99.63421282376669
4.1075 240.85606579004457
4.1125 -391.1779293805154
4.1175 -78.85363213787868
4.1225 85.3181703636251
4.1274999999999995 -72.21867175555153
4.132499999999999 165.4329719654058
4.1375 -15.921532353908711
4.1425 166.75739660815069
4.1475 -122.11383671605853
4.1525 123.98402187907614
4.1575 -83.12593098752745
4.1625 158.44534445321875
4.1674999999999995 -82.98283009602387
4.172499999999999 -201.96766945543234
4.1775 -120.031049973112
4.1825 -111.464002282847
4.1875 62.1309337604508
4.1925 85.52762878494346
4.1975 54.62218219256552
4.2025 -71.46068697386268
4.2075 166.16476094057202
4.2124999999999995 -121.0617336174996
4.2175 5.212894409487162
4.2225 -2.674258085203218
4.2275 267.40392180964164
4.2325 -240.4044201438735
4.2375 -36.27488680136691
4.2425 -47.904465761266465
4.2475 0.8594938074690964
4.2524999999999995 46.779196556847744
4.257499999999999 97.81977089512648
4.2625 -117.05760218982232
4.2675 11.814617800771984
4.2725 -229.6414139736062
4.2775 321.3233738981483
4.2825 125.55566381858563
4.2875 -59.84625233559455
4.2924999999999995 -42.24753424131019
4.297499999999999 -303.73787504446915
4.3025 -110.31911014724061
4.3075 99.4386635076161
4.3125 -30.576918817353512
4.3175 157.90896214017252
4.3225 -10.355531388171544
4.3275 20.409560875673407
4.3325 -157.65146840758567
4.3374999999999995 413.1973421674339
4.342499999999999 -98.49872210360047
4.3475 -111.58384916927925
4.3525 36.821004787343185
4.3575 -45.30319232691723
4.3625 -83.0616884151518
4.3675 225.7084121187031
4.3725 -92.12281742749805
4.3774999999999995 -141.4375933378573
4.382499999999999 297.0391457281227
4.3875 31.1040502147151
4.3925 -241.81900994678008
4.3975 110.6451793977337
4.4025 -84.24874127266138
4.4075 -44.690342058510836
4.4125 98.61682917996241
4.4174999999999995 226.49967410694273
4.422499999999999 -205.4843540507988
4.4275 103.37543525803534
4.4325 -5.024971236687573
4.4375 -354.19819759166677
4.4425 195.21840485417306
4.4475 29.764388039178737
4.4525 141.49769139368598
4.4575 0.5226280499220288
4.4624999999999995 15.92149578986974
4.467499999999999 -118.3970608699515
4.4725 187.58039778016476
4.4775 -214.95944430246473
4.4825 -279.91790641501734
4.4875 218.49253116714615
4.4925 20.31909785758015
4.4975 90.48479558881118
4.5024999999999995 116.477938186639
4.507499999999999 -64.56615073183875
4.5125 125.13839072934466
4.5175 -87.53643307188072
4.5225 -146.91512954394952
4.5275 -4.555198042992832
4.5325 313.01927990712096
4.5375 47.29815339961795
4.5424999999999995 164.57552260253956
4.547499999999999 -217.32213993197297
4.5525 -11.932055901608484
4.5575 77.90717475237008
4.5625 -8.317801146905623
4.5675 89.17273194331145
4.5725 -12.829499069515041
4.5775 26.13311309441591
4.5825 -30.31207674916115
4.5874999999999995 -7.678078694823817
4.592499999999999 -11.19373153623768
4.5975 -282.1550447861662
4.6025 244.85787653616336
4.6075 71.42653053622634
4.6125 -41.68421171540945
4.6175 -190.59732324868304
4.6225 -61.40598206319558
4.6274999999999995 157.22880930217488
4.632499999999999 164.65489186422556
4.6375 -374.5064313077673
4.6425 -160.53416868712392
4.6475 257.2322784244303
4.6525 -191.8803743572625
4.6575 -121.651709502076
4.6625 92.54677474544503
4.6674999999999995 -62.230227413381265
4.672499999999999 15.465722790703017
4.6775 -11.890648632470574
4.6825 114.54203999461772
4.6875 14.654812607054474
4.6925 31.337388720087876
4.6975 -1.1995118029562677
4.7025 -90.68092726499947
4.7075 211.2525968347671
4.7124999999999995 84.85685476275053
4.717499999999999 84.69534059623659
4.7225 -363.756895967642
4.7275 3.8222445615759955
4.7325 -11.2955159518985
4.7375 51.886092031180695
4.7425 105.56907521939907
4.7475 -47.649687142958115
4.7524999999999995 -15.20969096175259
4.757499999999999 198.5692166785203
4.7625 -155.1690328698321
4.7675 -91.93216703464725
4.7725 56.31628165470411
4.7775 29.741788666923895
4.7825 42.028351858081024
4.7875 -81.15512027341487
4.7924999999999995 -210.6343605172948
4.797499999999999 183.9978125492141
4.8025 112.66662132184926
4.8075 -141.61062483123806
4.8125 241.33664806533574
4.8175 -206.68117942489445
4.8225 103.87696820954336
4.8275 -45.14351613249993
4.8325 64.82709329379657
4.8374999999999995 -89.19030031433897
4.842499999999999 172.22652344713677
4.8475 -126.89523835885451
4.8525 120.81812204815705
4.8575 -180.3010830402737
4.8625 -131.20177330409769
4.8675 86.73024677126982
4.8725 163.2138046302589
4.8774999999999995 -50.84274259053484
4.882499999999999 -62.238602502728895
4.8875 -112.27496299493805
4.8925 75.90993766281971
4.8975 189.36262233304643
4.9025 -1.9839440300486482
4.9075 81.12527375402404
4.9125 17.55851508635983
4.9174999999999995 -96.26002340361987
4.922499999999999 -90.31160224651298
4.9275 125.37412196700592
4.9325 141.1507594229807
4.9375 -97.18270171261491
4.9425 -46.50995390869918
4.9475 287.3230212524362
4.9525 -186.91844603719423
4.9575 -12.838523528299735
4.9624999999999995 19.71758332945026
4.967499999999999 -237.88050549185283
4.9725 206.61628590406792
4.9775 -248.15175622740853
4.9825 179.9027146940973
4.9875 -272.95414752258637
4.9925 35.04369603347158
4.9975 -15.582280591329996
5.0024999999999995 27.35588771860406
5.007499999999999 -131.51629364744736
5.0125 86.17411678494346
5.0175 -321.03252112990856
5.0225 254.6530759190413
5.0275 396.57826135848165
5.0325 -201.1017737995636
5.0375 32.11795894252413
5.0424999999999995 312.50710282339344
5.047499999999999 -221.32164234902683
5.0525 92.73737827777084
5.0575 -14.779317699417915
5.0625 38.17092344720411
5.0675 303.42212478093137
5.0725 -180.49663877116797
5.0775 92.60218763697101
5.0825 -38.49588768408216
5.0874999999999995 -206.45269954507273
5.092499999999999 -8.297907941184269
5.0975 36.75600205139347
5.1025 -108.49620052667095
5.1075 -80.62860127024985
5.1125 -2.732154995754638
5.1175 150.94539272940102
5.1225 -93.51790193574722
5.1274999999999995 40.59309921179604
5.132499999999999 -113.16946788127831
5.1375 72.98880497619686
5.1425 -25.984960016582797
5.1475 28.636754261551474
5.1525 -53.130929162921916
5.1575 -4.066638532270682
5.1625 -141.29500654693948
5.1674999999999995 107.91241148144454
5.172499999999999 -26.406603026594805
5.177499999999999 49.52464448051961
5.1825 -261.5382033439977
5.1875 5.178960349631698
5.1925 132.1870924075236
5.1975 211.9985890228747
5.2025 -250.3900928068844
5.2075 -93.9367277219198
5.2124999999999995 154.58275556198055
5.217499999999999 -24.53674458785527
5.2225 157.347283499252
5.2275 -198.95166014389594
5.2325 64.34037254467798
5.2375 -184.49839075658983
5.2425 300.71430791482595
5.2475 7.05831589862866
5.2524999999999995 19.950535765941915
5.257499999999999 140.60163058659424
5.2625 -229.6682555638887
5.2675 48.62322982966481
5.2725 -67.0083168115025
5.2775 24.16896608182955
5.2825 146.1900019182369
5.2875 -68.47533059723787
5.2924999999999995 177.30887525685372
5.297499999999999 -222.20926464304878
5.302499999999999 -6.152535208745154
5.3075 34.76076634747898
5.3125 157.74946609930825
5.3175 -60.188940081608784
5.3225 98.01673678405815
5.3275 89.57348552146065
5.3325 -125.74576471462402
5.3374999999999995 26.78499434773245
5.342499999999999 93.21895580054382
5.3475 -234.86736792947713
5.3525 88.97142626645596
5.3575 -151.47393298540328
5.3625 105.44069014464912
5.3675 -228.78196562857696
5.3725 213.3790980759524
5.3774999999999995 -36.05114754254058
5.382499999999999 -158.15328472628372
5.3875 176.43343110698586
5.3925 84.09131293601378
5.3975 -44.41863614878943
5.4025 230.84048154733867
5.4075 -155.56266016119548
5.4125 -243.99631533904676
5.4174999999999995 -14.740573650926962
5.422499999999999 100.32391307019145
5.427499999999999 166.00163078498886
5.4325 103.59791863546573
5.4375 65.30155234261257
5.4425 -225.08029679989966
5.4475 -19.275376740106296
5.4525 78.02714037735262
5.4575 -158.53370711975083
5.4624999999999995 87.03044460389368
5.467499999999999 341.3010715968031
5.4725 8.727460034087697
5.4775 -4.235899340628418
5.4825 -314.55684291225623
5.4875 -52.722251567042164
5.4925 234.4666570669416
5.4975 -72.86424525982379
5.5024999999999995 -95.44098419361202
5.507499999999999 -159.07090183541192
5.5125 95.11734372955652
5.5175 47.15617426585521
5.5225 77.61897512211611
5.5275 214.06723188103484
5.5325 25.729620848365244
5.5375 84.72978336171388
5.5424999999999995 -89.77685184425876
5.547499999999999 168.70582184058998
5.552499999999999 -71.29332466646504
5.5575 -39.056172022895815
5.5625 -148.07177862177124
5.5675 160.5418216408139
5.5725 105.28063544745864
5.5775 -88.76188544035344
5.5825 89.96121749890219
5.5874999999999995 153.73004361890588
5.592499999999999 -305.66554302166156
5.5975 -151.1806178931302
5.6025 -102.4506531762825
5.6075 -43.894050911226685
5.6125 -55.555368575421824
5.6175 -42.62697198807059
5.6225 160.82053330593217
5.6274999999999995 -93.56797351693238
5.632499999999999 28.933282794998576
5.6375 5.190019762488178
5.6425 -165.23673003786652
5.6475 387.6158972926022
5.6525 14.09024831836191
5.6575 -156.36204183329593
5.6625 81.54782134158319
5.6674999999999995 -85.52287990085351
5.672499999999999 -91.73693381732753
5.677499999999999 190.06952813917542
5.6825 -27.890811022872523
5.6875 91.21037270712706
5.6925 -105.72352829923986
5.6975 165.18052740915337
5.7025 -212.95349342510048
5.7075 12.56675077365959
5.7124999999999995 137.00143793691993
5.717499999999999 -326.0944952398278
5.7225 14.832621143605111
5.7275 9.468724852168824
5.7325 126.89658420497454
5.7375 58.974820657242255
5.7425 17.31393610787821
5.7475 169.32535739037831
5.7524999999999995 55.52123977052747
5.757499999999999 -308.2123041616013
5.7625 217.84913579731426
5.7675 -302.99292368964365
5.7725 14.29559196122705
5.7775 163.04233741324444
5.7825 -4.693645975496575
5.7875 -191.7642568383248
5.7924999999999995 317.00611455414924
5.797499999999999 -227.11022033100403
5.802499999999999 -23.413001763470994
5.8075 74.85653200943656
5.8125 -73.4929351422842
5.8175 97.59255001566417
5.8225 -100.48144055574906
5.8275 -79.99831711016034
5.8325 69.47484075848836
5.8374999999999995 9.444716736409779
5.842499999999999 193.238226245768
5.8475 -186.5666528092482
5.8525 112.40399526798105
5.8575 102.85651341673832
5.8625 148.87505401038888
5.8675 -36.54996206342986
5.8725 -31.186838962431715
5.8774999999999995 -193.18595233504522
5.882499999999999 142.7226808479379
5.8875 -164.40993958055788
5.8925 110.73049693609703
5.8975 -115.238515624901
5.9025 251.1921460387986
5.9075 -161.38188594628934
5.9125 -38.87778083024237
5.9174999999999995 -180.14052575613997
5.922499999999999 -11.159481673616467
5.927499999999999 291.18362969847584
5.9325 -65.40728185853224
5.9375 -252.79469273302922
5.9425 177.85058424969077
5.9475 144.02832431367432
5.9525 -219.11828312989763
5.9575 129.74996808611888
5.9624999999999995 -575.7927263277326
5.967499999999999 484.36614436004726
5.9725 152.30165714566257
5.9775 -140.4986799376364
5.9825 277.0880869796423
5.9875 -602.4131034507126
5.9925 503.98746037693843
5.9975 -348.6352157497143
6.0024999999999995 3.0665441359035728
6.007499999999999 -81.89062715177725
6.012499999999999 235.95888395336408
6.0175 127.48534438048728
6.0225 -151.47639139479818
6.0275 71.56473359000215
6.0325 -216.62554074385758
6.0375 323.3474207838798
6.0424999999999995 -169.25855423325456
6.047499999999999 14.02182589900485
6.052499999999999 172.25271576667052
6.0575 -19.23417031001376
6.0625 89.07467340815626
6.0675 -166.0760641234625
6.0725 178.99392618024677
6.0775 -135.27672376516284
6.0825 -33.085442163663046
6.0874999999999995 -222.74586551792578
6.092499999999999 73.91068436998678
6.0975 205.87078827624984
6.1025 -154.90376328364562
6.1075 151.34558345491254
6.1125 -152.2994167265283
6.1175 6.642599460021872
6.1225 -38.734237006855764
6.1274999999999995 -167.0190914961816
6.132499999999999 143.96729050299942
6.137499999999999 -108.42009972492207
6.1425 189.2691130025241
6.1475 115.67873606156931
6.1525 -34.04498873496078
6.1575 86.51566033806203
6.1625 -74.02540975796163
6.1674999999999995 -39.52036373166718
6.172499999999999 65.22891425239786
6.177499999999999 34.24530258553106
6.1825 -101.63870975013185
6.1875 66.6998839704681
6.1925 3.452513365426149
6.1975 155.40537498024432
6.2025 -179.365758056919
6.2075 -37.88945698583282
6.2124999999999995 151.52103336422857
6.217499999999999 15.139191123542991
6.2225 -22.881078737621692
6.2275 -94.87899935559317
6.2325 -22.445405873116183
6.2375 -82.64290197274046
6.2425 -136.19436544769377
6.2475 140.49324645236334
6.2524999999999995 207.09270594002663
6.257499999999999 -239.9638233262318
6.262499999999999 5.062470709768327
6.2675 41.59802696949291
6.2725 28.51018288156059
6.2775 76.61696788207998
6.2825 -38.18004350211769
6.2875 175.43523382994175
6.2924999999999995 -132.11200470762645
6.297499999999999 99.8925296502079
6.302499999999999 -61.2705756402872
6.3075 57.89233187186226
6.3125 42.45136551788862
6.3175 -85.67083770730981
6.3225 20.591191744157715
6.3275 -103.40577785093733
6.3325 20.207048437499317
6.3374999999999995 -85.23959379977725
6.342499999999999 5.103077287310581
6.3475 61.84490356361304
6.3525 171.68495802119767
6.3575 -47.28228773183577
6.3625 175.02701552970944
6.3675 -294.17990090950343
6.3725 154.5952397716485
6.3774999999999995 -150.2225996756342
6.382499999999999 76.12133234984555
6.387499999999999 130.96454937203032
6.3925 -54.289229757624014
6.3975 14.797188599626175
6.4025 62.1883422293912
6.4075 -110.02461271901907
6.4125 220.32970576312528
6.4174999999999995 -134.07305711627745
6.422499999999999 -31.214920407530958
6.427499999999999 -2.7039514402526352
6.4325 69.05027183585169
6.4375 -22.335505359271767
6.4425 48.656519783462635
6.4475 -125.08093173196174
6.4525 2.376660559394063
6.4575 -38.31304758707014
6.4624999999999995 11.754279603256853
6.467499999999999 -20.98801522267944
6.4725 36.73019491254556
6.4775 34.58203872413565
6.4825 74.56244658868792
6.4875 72.78320329615521
6.4925 -81.47165004344609
6.4975 17.566540424144392
6.5024999999999995 -92.27796711560629
6.507499999999999 -259.31048839579427
6.512499999999999 26.23946770243504
6.5175 172.67674292308334
6.5225 9.893328513109717
6.5275 82.4257571752728
6.5325 30.025979575820152
6.5375 44.861781116445314
6.5424999999999995 -48.00185038647799
6.547499999999999 162.51943619393003
6.552499999999999 119.47510631041743
6.5575 -343.98944159176284
6.5625 -21.993856768837453
6.5675 -103.93763760520908
6.5725 -144.2500380287756
6.5775 66.59869759704287
6.5825 67.854460978141
6.5874999999999995 -172.7455926630578
6.592499999999999 124.76325072926487
6.5975 268.03200061375037
6.6025 -190.66396447464905
6.6075 355.06373954843787
6.6125 -178.35915104165937
6.6175 48.78984881630257
6.6225 -32.14520811575115
6.6274999999999995 -216.9289006390538
6.632499999999999 200.8406604625314
6.637499999999999 46.13525103228098
6.6425 -49.251626673475506
6.6475 -75.16968597948645
6.6525 85.71880762108891
6.6575 -156.60257399671121
6.6625 188.39906940891177
6.6674999999999995 -34.93017888714081
6.672499999999999 -114.22526718804133
6.677499999999999 81.15706140774832
6.6825 -15.48223980168956
6.6875 174.55702364259943
6.6925 -312.74197481436283
6.6975 109.20841629313703
6.7025 78.23993520554691
6.7075 78.19236425592852
6.7124999999999995 -452.9375379807285
6.717499999999999 89.26360313647942
6.722499999999999 63.46416434949374
6.7275 -99.3047994522572
6.7325 325.5560296812035
6.7375 -20.626718700005163
6.7425 47.28406017485853
6.7475 22.399923284422723
6.7524999999999995 -160.26060686047165
6.757499999999999 100.6989386575609
6.762499999999999 -140.20389035896045
6.7675 15.303380957773841
6.7725 -0.6104451671762612
6.7775 -94.00350526941301
6.7825 37.8318223324135
6.7875 54.677074502969816
6.7924999999999995 -21.066338782457354
6.797499999999999 232.78083111092764
6.802499999999999 -291.98441350196003
6.8075 223.9213434803561
6.8125 158.5329715624756
6.8175 -39.32744265113842
6.8225 -107.90320240962635
6.8275 -10.111879553976364
6.8325 26.63430945280945
6.8374999999999995 -8.614033088921893
6.842499999999999 -151.80657634483586
6.847499999999999 72.0474587762116
6.8525 0.07158511826377768
6.8575 203.24490558241854
6.8625 -113.09626651077636
6.8675 -176.44825692836963
6.8725 346.21433128947314
6.8774999999999995 -140.84956227197995
6.882499999999999 148.7558018858321
6.887499999999999 -144.842438489086
6.8925 -111.21569972658826
6.8975 -199.1184558484981
6.9025 216.66018101764794
6.9075 158.70318188448232
6.9125 18.496831158807755
6.9174999999999995 -55.44771930764761
6.922499999999999 84.72859067993524
6.927499999999999 -227.17681208120337
6.9325 -16.613779006853232
6.9375 -129.12421901822614
6.9425 71.51141147726602
6.9475 247.35956104199616
6.9525 171.4647932281981
6.9575 -221.10157005992068
6.9624999999999995 267.15278939743285
6.967499999999999 -67.11737153316876
6.972499999999999 218.92084406315527
6.9775 210.92142236939677
6.9825 -143.68703696377347
6.9875 4.449690707477306
6.9925 -225.6369388472522
6.9975 -69.83214290251385
7.0024999999999995 -51.92161878965141
7.007499999999999 33.00152823700897
7.012499999999999 -352.30980179374683
7.0175 173.00715683012615
7.0225 150.9987133947078
7.0275 -219.80341147336574
7.0325 -4.530299100265407
7.0375 128.6933598308337
7.0424999999999995 146.40184438726766
7.047499999999999 -94.43550108359314
7.052499999999999 -145.15961710221637
7.0575 -94.8602644880997
7.0625 -13.314415137411864
7.0675 -41.52785131844801
7.0725 156.85794948224685
7.0775 -50.20379911860855
7.0825 -31.461919751043066
7.0874999999999995 171.6726606614995
7.092499999999999 -250.72203598882038
7.097499999999999 -30.966147831489184
7.1025 -166.81958744943262
7.1075 222.5955897849612
7.1125 -88.94512973200949
7.1175 152.94030590534896
7.1225 -45.45536675821868
7.1274999999999995 -204.39748047560093
7.132499999999999 99.54852911867569
7.137499999999999 259.46368181735323
7.1425 -262.8592686841661
7.1475 -80.39608516791287
7.1525 -183.7966749057469
7.1575 511.73147760367834
7.1625 -60.23582110087237
7.1674999999999995 189.9063991678526
7.172499999999999 -234.6824664134636
7.177499999999999 -37.53109467485785
7.1825 -68.13375062811286
7.1875 243.42213610618975
7.1925 -14.09816023031977
7.1975 31.690713328278793
7.2025 158.04903961494753
7.2075 -439.8785246457494
7.2124999999999995 392.94584031284813
7.217499999999999 -220.80348251348667
7.222499999999999 -67.67648822415218
7.2275 220.50407543782978
7.2325 -58.26393468358894
7.2375 -88.71217282164534
7.2425 -29.035732107065776
7.2475 224.88259867620098
7.2524999999999995 -82.61358297555294
7.257499999999999 32.53359380491779
7.262499999999999 -7.600792415546896
7.2675 32.6716548790335
7.2725 -189.13925990545914
7.2775 -12.168783496995678
7.2825 -43.95163889430174
7.2875 205.83995785031507
7.2924999999999995 -225.67310495829102
7.297499999999999 -71.68747467719797
7.302499999999999 459.44396341357645
7.3075 -1.4102096185456872
7.3125 -114.63062451259272
7.3175 -44.27920291165656
7.3225 11.394380902574468
7.3275 -85.33882373292052
7.3325 75.87488434532864
7.3374999999999995 -312.6674269398184
7.342499999999999 195.97155786999403
7.347499999999999 97.46133712452372
7.3525 -73.88629511976482
7.3575 144.8820619989354
7.3625 94.84077893111511
7.3675 -45.98280382634062
7.3725 -3.13842946417154
7.3774999999999995 -43.48213146837205
7.382499999999999 -232.04356771126527
7.387499999999999 476.9496681192652
7.3925 -28.41238600215527
7.3975 -213.81396003667257
7.4025 -91.44788184856725
7.4075 165.42309715833017
7.4125 82.9155884500495
7.4174999999999995 -162.82188208170035
7.422499999999999 158.8158629429908
7.427499999999999 -10.156525380477014
7.4325 27.355070578947682
7.4375 50.184196451431674
7.4425 7.397233189892715
7.4475 -143.4656126440765
7.4525 114.83795929189591
7.4575 15.6222791169637
7.4624999999999995 -146.99889451696575
7.467499999999999 179.17102784494008
7.472499999999999 -165.69995900874807
7.4775 69.2933250922213
7.4825 32.14863168090083
7.4875 11.074122949309096
7.4925 7.965989760300579
7.4975 316.13328808024824
7.5024999999999995 -169.30579893558863
7.507499999999999 -64.44771048355895
7.512499999999999 -122.02601973038878
7.5175 -282.7401867830749
7.5225 246.50374686308592
7.5275 175.50480116590916
7.5325 -354.90472943468734
7.5375 141.16483396274316
7.5424999999999995 -57.184878213726925
7.547499999999999 -278.3281026584497
7.552499999999999 71.84509104807567
7.557499999999999 140.21013799034282
7.5625 51.22631899833261
7.5675 107.80748364400415
7.5725 2.103796706198259
7.5775 -125.58074908494484
7.5825 114.58302803558409
7.5874999999999995 10.963743566624998
7.592499999999999 -201.06153684284178
7.597499999999999 -176.35682018508194
7.6025 72.83600301848297
7.6075 -124.05687784030307
7.6125 215.5411315487006
7.6175 101.64490242031935
7.6225 -244.4353940171324
7.6274999999999995 -75.19808243784453
7.632499999999999 -70.79119642674357
7.637499999999999 163.15201334526782
7.6425 -36.10154450543086
7.6475 11.987094533960917
7.6525 293.05339533725675
7.6575 -71.1124412636519
7.6625 -37.62181665121901
7.6674999999999995 -92.84296536993277
7.672499999999999 65.24428769551507
7.677499999999999 171.42452074366508
7.682499999999999 -165.77676382039172
7.6875 -5.292193010304325
7.6925 -92.77718444333448
7.6975 61.0039005344164
7.7025 24.44316985984352
7.7075 -109.08310180815383
7.7124999999999995 468.8127382694
7.717499999999999 94.29426329682299
7.722499999999999 -302.67451055086815
7.7275 203.4416280729477
7.7325 -82.48518730825191
7.7375 -11.793583494390395
7.7425 -93.91533261087832
7.7475 -107.03624749864751
7.7524999999999995 222.26192179358628
7.757499999999999 66.00363702476898
7.762499999999999 -250.4766206593475
7.7675 92.1840450045522
7.7725 -144.13801462952682
7.7775 -86.88490591241528
7.7825 -5.127462129452267
7.7875 234.33391490090798
7.7924999999999995 -116.93872376520504
7.797499999999999 66.44948579043759
7.802499999999999 -158.37186557103638
7.807499999999999 153.92450759332206
7.8125 -262.9805858956419
7.8175 63.98417281547389
7.8225 14.720860650158812
7.8275 -201.71292715444207
7.8325 23.662860964195918
7.8374999999999995 -146.26606525130344
7.842499999999999 5.623849601230386
7.847499999999999 388.2234265475747
7.8525 -241.21093987957119
7.8575 11.230740593940126
7.8625 236.35920251320346
7.8675 -275.5563499434048
7.8725 242.17071422361374
7.8774999999999995 -24.3663058351813
7.882499999999999 -82.44834523126185
7.887499999999999 53.10467647900532
7.8925 -122.53446639394595
7.8975 -104.37507391153612
7.9025 61.19503910570924
7.9075 231.66913616205662
7.9125 -55.49571080128238
7.9174999999999995 147.72165835897678
7.922499999999999 -35.36660883532101
7.927499999999999 -145.64936587352054
7.932499999999999 13.829079167919682
7.9375 -222.60162135461798
7.9425 -66.02844780589096
7.9475 142.68702151809782
7.9525 -35.43745872527079
7.9575 198.286077392834
7.9624999999999995 -12.833796487234435
7.967499999999999 105.67657553353543
7.972499999999999 -55.59152746576198
7.9775 -164.60277677597702
7.9825 301.43032713085205
7.9875 -65.41865187656728
7.9925 4.503741403510892
7.9975 -26.742955078309592
8.0025 -286.09195970050587
8.0075 378.7280576792287
8.0125 72.22085975882827
8.0175 -247.435110011308
8.022499999999999 93.12182868617089
8.0275 67.70582024820379
8.032499999999999 -178.58683220365273
8.0375 20.332128932370782
8.0425 76.1969486904141
8.0475 189.21881759612867
8.0525 -177.33447607122804
8.0575 174.06855676735523
8.0625 -322.4639461150883
8.067499999999999 -355.208601435114
8.0725 325.5705013429438
8.077499999999999 23.75651043219556
8.0825 -137.33040467778875
8.0875 81.15400180528616
8.0925 -215.86326431771866
8.0975 297.49732790763863
8.1025 -30.080330547650167
8.1075 -150.40059058828203
8.112499999999999 91.95863472761353
8.1175 28.116804482251958
8.1225 131.1776909746887
8.1275 309.9497888708673
8.1325 -15.94561404184334
8.1375 -184.66285741579455
8.1425 8.264562327148981
8.147499999999999 -8.06223828506233
8.1525 339.0373271058091
8.157499999999999 -375.246365609321
8.1625 108.72957298084103
8.1675 -361.7235227518675
8.1725 265.4857792333711
8.1775 -205.42479049115119
8.1825 -123.43904173704406
8.1875 172.1950217593961
8.192499999999999 188.72934988928606
8.1975 -166.59720098397597
8.202499999999999 -27.005484285996303
8.2075 88.22899143202388
8.2125 133.79884814067628
8.2175 -17.138382271490528
8.2225 67.6540616223271
8.2275 -42.76092427082719
8.2325 115.3428576482109
8.237499999999999 53.29073246795243
8.2425 167.14733756014635
8.2475 17.743428395632876
8.2525 10.305544284226215
8.2575 -195.12028046098277
8.2625 90.00043730754936
8.2675 6.067776707069429
8.272499999999999 -60.58976284030137
8.2775 74.50153285708026
8.282499999999999 -12.476666982054203
8.2875 -131.9066163918284
8.2925 -76.37143419236216
8.2975 -85.473208073336
8.3025 28.64585174972575
8.3075 38.50054837367053
8.3125 14.839384586171537
8.317499999999999 -64.31344877988417
8.3225 0.9317884292799203
8.327499999999999 -80.36886928556073
8.3325 1.9509844848944868
8.3375 200.7401927912312
8.3425 -11.768852190297787
8.3475 -206.5883199901471
8.3525 92.08098671948505
8.3575 -148.21277639843944
8.362499999999999 74.24907907346577
8.3675 107.53990422375519
8.3725 -99.14758283504713
8.3775 106.09404178880143
8.3825 3.6813123139817043
8.3875 68.58820738766885
8.3925 10.282995966751837
8.397499999999999 -47.854973941325426
8.4025 52.83949610710016
8.407499999999999 -10.169253021443556
8.4125 4.520407368135278
8.4175 -487.67775913575133
8.4225 596.0843482591207
8.4275 30.64275474626685
8.4325 -217.69067281185534
8.4375 -30.440484390650376
8.442499999999999 382.34889639525954
8.4475 -187.30342408293396
8.452499999999999 62.825522469208735
8.4575 -67.18983800431795
8.4625 37.83791048339917
8.4675 116.88696606041977
8.4725 98.5314966409677
8.4775 144.6494419448547
8.4825 -353.82327181112976
8.487499999999999 -75.53120909064515
8.4925 4.372931950403668
8.4975 9.79652943885968
8.5025 -20.32479678165704
8.5075 -72.33119019208368
8.5125 -11.587929838476882
8.5175 -265.98398493957296
8.522499999999999 72.57106423569361
8.5275 -84.1820693875102
8.532499999999999 291.4785258276891
8.5375 -121.03923846015746
8.5425 -91.19278699984358
8.5475 85.23403376312504
8.5525 68.96477244772908
8.5575 -139.01553428870423
8.5625 -66.00245092221462
8.567499999999999 240.17488074577264
8.5725 -151.4195845301265
8.577499999999999 113.25634930125455
8.5825 3.8280226995132898
8.5875 181.22690306044998
8.5925 86.85075789618601
8.5975 147.40978917984557
8.6025 -280.3141757254774
8.6075 61.16795454467388
8.612499999999999 59.50746991842836
8.6175 -117.65399676561253
8.6225 -82.59354871126288
8.6275 -19.57426203393309
8.6325 66.27277993187735
8.6375 42.596219180534334
8.6425 30.856801387018052
8.647499999999999 -142.05446114378194
8.6525 214.77766178286063
8.657499999999999 -190.73295579953012
8.6625 17.04959840301965
8.6675 -49.71971874378058
8.6725 -144.5937040725451
8.6775 277.2785600623985
8.6825 -218.7470022725114
8.6875 233.19748443724083
8.692499999999999 -234.19417322974056
8.6975 108.37088525218081
8.702499999999999 -67.42030033600169
8.7075 -3.5264526380800016
8.7125 -81.96801027723565
8.7175 459.8343611611143
8.7225 -325.0074834351276
8.7275 176.22914165322817
8.7325 -96.88208195433754
8.737499999999999 116.97185700188038
8.7425 78.46379936477828
8.747499999999999 32.005954754610265
8.7525 -448.8504672726829
8.7575 230.67144574845153
8.7625 1.6664604040803677
8.7675 -136.69597218520218
8.772499999999999 165.1700098612091
8.7775 -13.774558813960411
8.782499999999999 -215.81954106294356
8.7875 9.591159215928421
8.7925 -139.35427091446934
8.7975 191.57146872391885
8.8025 92.79148136087781
8.8075 363.741470581549
8.8125 -48.4817787444433
8.817499999999999 54.74104719556525
8.8225 -147.2646783353225
8.827499999999999 -254.4730541314407
8.8325 -95.98613424411128
8.8375 54.11233994395273
8.8425 -200.45075824057866
8.8475 -16.660653348204175
8.8525 72.60924426373455
8.8575 75.15403505758498
8.862499999999999 -48.492108916079864
8.8675 -32.73203084129603
8.872499999999999 -8.942349276093257
8.8775 33.51351110203559
8.8825 42.58688102433567
8.8875 74.12156785128556
8.8925 -192.64241268127455
8.897499999999999 130.5943237893235
8.9025 -117.12736288919149
8.907499999999999 211.23886096057478
8.9125 98.21462708689819
8.9175 27.31877201167593
8.9225 -283.15334693604547
8.9275 59.385634264078824
8.9325 -206.11037632098007
8.9375 318.8869220063617
8.942499999999999 18.594319604178523
8.9475 79.31406225740457
8.952499999999999 3.2382778772938408
8.9575 25.591019093597684
8.9625 -138.08038308630702
8.9675 -77.5484054413287
8.9725 120.03582346350076
8.9775 13.850235847872996
8.9825 1.1807152223389712
8.987499999999999 -159.81502157628765
8.9925 226.81694272386133
8.997499999999999 32.56632202454605
9.0025 -210.66999626061576
9.0075 202.71024518395254
9.0125 -59.876654667853074
9.0175 -85.67396639162696
9.022499999999999 -17.561513502036117
9.0275 343.8359351307123
9.032499999999999 -182.46679682623133
9.0375 -165.36608416656162
9.0425 -57.59401517104635
9.0475 41.265608701771214
9.0525 -165.4491273328814
9.0575 2.542130073308695
9.0625 173.37080111609092
9.067499999999999 -75.44347632727029
9.0725 10.505865865385024
9.077499999999999 -14.311084981745655
9.0825 63.59925411433721
9.0875 106.64078190622625
9.0925 75.22150842383871
9.0975 -131.4596825804905
9.1025 17.765393530666508
9.1075 348.4818075164825
9.112499999999999 -235.73888298304917
9.1175 -133.28052579829625
9.122499999999999 68.29888994720862
9.1275 77.23716168325814
9.1325 3.341026017728133
9.1375 1.5110866275929256
9.1425 92.97060468960984
9.147499999999999 91.27036319263867
9.1525 -155.3200437653185
9.157499999999999 -170.89309738934028
9.1625 -139.4534615038514
9.1675 262.8007308255847
9.1725 -55.370254040573975
9.1775 120.55437502605493
9.1825 -61.87598480602567
9.1875 -3.7737042290512477
9.192499999999999 12.92674638631571
9.1975 -354.6100461104836
9.202499999999999 40.480262752009935
9.2075 305.5256109230712
9.2125 -78.84766441136952
9.2175 149.37598381151045
9.2225 -152.74554132617513
9.2275 -263.20924736205393
9.2325 131.7963689554874
9.237499999999999 -268.35771910112464
9.2425 187.21366801071431
9.247499999999999 165.66500602442736
9.2525 0.2730034643351614
9.2575 -13.53225032578003
9.2625 -93.51998317466186
9.2675 -26.3887010148797
9.272499999999999 121.68071683318503
9.2775 -303.44777915019137
9.282499999999999 -29.214705824237537
9.2875 171.14409459849
9.2925 156.09147057659496
9.2975 -145.14911185742153
9.3025 -284.8700128743174
9.3075 297.65877233437516
9.3125 -85.1145540303041
9.317499999999999 69.70130344814388
9.3225 271.1429319468479
9.327499999999999 -358.99494566986425
9.3325 229.56002489006428
9.3375 -1.7122307515960518
9.3425 -30.40706916842214
9.3475 -158.3762607560287
9.3525 46.00305382339502
9.3575 29.339699374660064
9.362499999999999 13.383770227603764
9.3675 -29.183251868769077
9.372499999999999 -80.10382576152072
9.3775 195.03580006311762
9.3825 -161.25755137097136
9.3875 -12.584019263644125
9.3925 135.22726655194154
9.397499999999999 -114.33564045204686
9.4025 395.7294784376865
9.407499999999999 -67.08057002532047
9.4125 49.560670174464086
9.4175 -135.57636183738444
9.4225 6.825333230601411
9.4275 37.504239597165586
9.4325 148.07164391215397
9.4375 -272.2120994807501
9.442499999999999 20.988506131499566
9.4475 160.75243767664546
9.452499999999999 -225.1772020957258
9.4575 157.2109536493189
9.4625 -320.29211723622143
9.4675 -30.129294450634475
9.4725 1.4269036106655335
9.4775 444.87023395613454
9.4825 -195.3594997401917
9.487499999999999 292.585512486284
9.4925 -70.89683903111042
9.497499999999999 -233.36843715891607
9.5025 75.3546571859332
9.5075 -3.4552217452518046
9.5125 -149.7598949373438
9.5175 -275.3114849002513
9.522499999999999 264.7210557305511
9.5275 -25.512520263284777
9.532499999999999 -38.34769444008479
9.5375 16.018412632234504
9.5425 13.290429917353334
9.5475 73.71037087304981
9.5525 129.14912901405035
9.5575 54.79435049171991
9.5625 -48.67213833558063
9.567499999999999 143.94848244163575
9.5725 -66.37579282029694
9.577499999999999 -159.8601393963386
9.5825 89.03959239213094
9.5875 107.47667629934897
9.5925 49.65874249309415
9.5975 -68.7378942142676
9.6025 -52.421053231781066
9.6075 46.15924704226734
9.612499999999999 -177.44633709522148
9.6175 87.70171292320724
9.622499999999999 -103.75614733474778
9.6275 255.54755830443446
9.6325 10.662447990428939
9.6375 -233.05610848676068
9.6425 83.4134742743666
9.647499999999999 76.5840255087012
9.6525 93.16234907587497
9.657499999999999 -145.58221752094656
9.6625 0.35969803434164677
9.6675 266.1119771688408
9.6725 -240.051284754173
9.6775 143.718370387853
9.6825 -196.97407559204257
9.6875 129.02526116890326
9.692499999999999 19.38861316738483
9.6975 -210.334824258569
9.702499999999999 -4.46261204080684
9.7075 -42.50759683201969
9.7125 47.06401045249167
9.7175 255.5019155938699
9.7225 -299.88710322955626
9.7275 253.96412129610493
9.7325 -215.8251202451384
9.737499999999999 361.94586961039397
9.7425 -150.62838859729874
9.747499999999999 -87.23503689934532
9.7525 -86.2547653109997
9.7575 244.8970868049353
9.7625 -50.24821598810403
9.7675 74.95342003479895
9.772499999999999 56.003914823047865
9.7775 -128.7483831993858
9.782499999999999 -117.35424414909612
9.7875 -56.77837663048765
9.7925 211.36875909242997
9.7975 -36.686461756037914
9.8025 146.64719787203225
9.8075 149.7312605742355
9.8125 -183.20257200536014
9.817499999999999 105.21471556764341
9.8225 -154.8476077621783
9.827499999999999 -17.458435874049567
9.8325 -62.8455630495541
9.8375 -2.2754757742347067
9.8425 12.702818934946695
9.8475 155.5138104735448
9.8525 13.13120242603237
9.8575 -52.40580443206797
9.862499999999999 174.4369870113388
9.8675 -105.01458635477871
9.872499999999999 -96.51510861377997
9.8775 20.865268740519692
9.8825 101.02387180760418
9.8875 -213.9837054706912
9.8925 23.06876727472315
9.897499999999999 -250.67312077209579
9.9025 22.751037059428615
9.907499999999999 266.90080615993935
9.9125 36.57559643184802
9.9175 -69.9059945635443
9.9225 163.9432203311924
9.9275 93.32531961947696
9.9325 63.527115946479924
9.9375 -253.69021262919625
9.942499999999999 -13.409792441293607
9.9475 31.470788545381147
9.952499999999999 66.6122892217427
9.9575 -62.1926939915032
9.9625 100.12667851863604
9.9675 -118.36338149186817
9.9725 -53.6212756567525
9.9775 -37.310370187248175
9.9825 267.5352068090803
9.987499999999999 -168.45284794462353
9.9925 -214.59522942504972
9.997499999999999 166.80888137381643
10.0025 108.68706008950987
