0.0075 -180.68146931379945
0.012499999999999999 356.1547496793214
0.017499999999999998 29.52366027542541
0.0225 -199.87848652221905
0.0275 252.87093933038832
0.0325 -60.09455778671199
0.0375 -29.357919615229868
0.042499999999999996 167.09117967015834
0.0475 -183.93686212198304
0.0525 -393.9214447968617
0.057499999999999996 274.59136722224827
0.0625 -48.46034415805612
0.06749999999999999 267.7963670117775
0.0725 39.45764813145615
0.0775 -69.54695958342623
0.08249999999999999 -295.49630526401836
0.0875 36.35986300957427
0.0925 238.87088533459982
0.09749999999999999 -172.049250722612
0.1025 148.14946057559675
0.1075 4.573613818108432
0.11249999999999999 92.73284336650278
0.1175 -193.2421050932383
0.1225 0.6541022678511508
0.1275 99.26535016026692
0.1325 -20.86821596983103
0.13749999999999998 41.44720608200391
0.1425 -71.2802254309108
0.1475 -7.056491611318525
0.1525 -180.9525295384494
0.1575 -227.67502989317802
0.1625 218.16992903626755
0.16749999999999998 50.08741211464404
0.1725 3.9663029933822154
0.1775 197.16955145115395
0.1825 -29.468307945658996
0.1875 -55.980403833475904
0.1925 -10.69715497755357
0.19749999999999998 -10.153367089650567
0.20249999999999999 239.03166078581089
0.2075 -153.1762179400936
0.2125 -42.35637408551127
0.2175 138.51026196928075
0.2225 -162.26468218192053
0.22749999999999998 -95.27542604109819
0.23249999999999998 101.01668505774718
0.2375 -239.3026799561013
0.2425 317.7786043049014
0.2475 -308.01365711638385
0.2525 169.622650298103
0.2575 48.28289274179974
0.2625 54.08442719016419
0.2675 46.11591732379294
0.27249999999999996 212.8680703559796
0.27749999999999997 141.09763481855768
0.2825 144.29715369607337
0.2875 -185.84157544880912
0.2925 -299.6566580038556
0.2975 -117.94141149440912
0.3025 108.74841403701453
0.3075 -183.3661549431587
0.3125 284.69278607277823
0.3175 285.15330440325374
0.3225 -322.28856636497517
0.32749999999999996 -334.84958058139495
0.33249999999999996 340.94112565729046
0.33749999999999997 11.032998323646531
0.34249999999999997 -73.79334936559485
0.3475 185.34856811930038
0.3525 -107.6706963077103
0.3575 -8.570800479797962
0.3625 -204.67977755478634
0.3675 125.76237225573675
0.3725 3.273502780954298
0.3775 -86.39299889237618
0.3825 196.7231408197313
0.38749999999999996 -35.78238133508674
0.39249999999999996 177.1271439236146
0.39749999999999996 -369.4590367588668
0.40249999999999997 -54.89456681506431
0.4075 26.668014818828716
0.4125 16.146265645116383
0.4175 -99.15601976910305
0.4225 -7.32838081822854
0.4275 157.44710664815304
0.4325 66.0491755204208
0.4375 -372.5077134979991
0.4425 176.72986509698
0.44749999999999995 151.0101846670046
0.45249999999999996 79.90234833401526
0.45749999999999996 -226.86779065351226
0.46249999999999997 96.50382340194598
0.46749999999999997 -267.7965554407611
0.4725 421.5580880166086
0.4775 24.26528763598088
0.4825 -76.4705141520878
0.4875 48.516399148976305
0.4925 138.48217947150562
0.4975 -246.7175995483052
0.5025 -7.6322588715415005
0.5075 0.06812181459941247
0.5125 -43.37535802693484
0.5175 49.800719784674094
0.5225 72.47866718882912
0.5275 -150.3332380165862
0.5325 117.9794149360702
0.5375 40.97022047947743
0.5425 97.05105301365771
0.5475 -213.92187997373392
0.5525 -111.17078599407466
0.5575 160.23193465037568
0.5625 -152.3666904462211
0.5675 -103.28018809120998
0.5725 101.99400079799766
0.5775 118.41273343750088
0.5825 74.72524937851867
0.5875 39.138567859338046
0.5925 -127.86897460633972
0.5974999999999999 -155.0147034794079
0.6024999999999999 168.87536371340926
0.6074999999999999 -63.63611369206387
0.6124999999999999 -172.98304476262336
0.6174999999999999 54.66841282261229
0.6224999999999999 -58.59923353307995
0.6275 -3.858528983515536
0.6325 248.196579166627
0.6375 -249.21735370973232
0.6425 300.66023313883153
0.6475 -315.0173961126205
0.6525 -65.27773384009745
0.6575 21.387762047928337
0.6625 118.66805786825604
0.6675 -109.37188133123638
0.6725 55.179961458836
0.6775 -1.6706176843224632
0.6825 115.9099083573458
0.6875 202.97475605399435
0.6925 -129.7352457888293
0.6975 29.833623584865354
0.7025 -72.5360409194653
0.7075 95.24986825485072
0.7125 -114.38162192686988
0.7174999999999999 229.28660982945777
0.7224999999999999 211.84790057517063
0.7274999999999999 141.38360211801125
0.7324999999999999 62.404577909646974
0.7374999999999999 -55.851841053878005
0.7424999999999999 -10.652641788214533
0.7474999999999999 77.16697925561222
0.7525 -180.08742220523467
0.7575 2.635721989543897
0.7625 -307.631934207652
0.7675 374.7157403806943
0.7725 -95.27363793952162
0.7775 83.5152267149974
0.7825 -182.23045319437352
0.7875 -64.5154520189946
0.7925 70.84470525786492
0.7975 -8.390118138079021
0.8025 54.496136097841664
0.8075 32.86346795240018
0.8125 -419.0097107560152
0.8175 -140.3210310788592
0.8225 88.8743028035525
0.8275 20.15689024082642
0.8325 -158.07694052613238
0.8374999999999999 104.78645754236487
0.8424999999999999 237.68874215742173
0.8474999999999999 -80.9429817392912
0.8524999999999999 -73.55107614205664
0.8574999999999999 -4.147835370878959
0.8624999999999999 85.55067054423931
0.8674999999999999 6.610621660547705
0.8724999999999999 340.2678138967057
0.8775 -215.8603705117085
0.8825 -4.2358061130202795
0.8875 99.4022787525062
0.8925 -74.50246822539708
0.8975 36.54531523955668
0.9025 260.37190871217064
0.9075 -198.7320674308961
0.9125 101.91844796339153
0.9175 -222.80991202941777
0.9225 410.4645333283696
0.9275 27.358474735385716
0.9325 -92.22069733671384
0.9375 -142.1880135083903
0.9425 104.46494220065
0.9475 164.8373383755927
0.9524999999999999 -416.40572977760735
0.9574999999999999 228.70698622785156
0.9624999999999999 -1.6219753255050982
0.9674999999999999 -295.21971385261475
0.9724999999999999 -146.21812589802116
0.9774999999999999 134.1776225042519
0.9824999999999999 65.34023594448038
0.9874999999999999 -194.9895365369494
0.9924999999999999 156.1927326676397
0.9974999999999999 26.961683166101786
1.0025 91.65752304073627
1.0075 -213.87980905824224
1.0125 165.07207567339293
1.0174999999999998 50.69380428228316
1.0225 138.43257376519216
1.0274999999999999 -82.23404489562218
1.0325 78.58308991200487
1.0374999999999999 -112.55388473468783
1.0425 -35.19182279440755
1.0474999999999999 -11.759251259881118
1.0525 342.03540276778557
1.0574999999999999 -12.554565260774247
1.0625 -368.8564182369016
1.0675 -138.75391801417948
1.0725 179.92107099302532
1.0775 -53.947125226946646
1.0825 -118.50780072833426
1.0875 -48.49066069722995
1.0925 369.3133553640136
1.0975 -245.275373845368
1.1025 128.22081073082808
1.1075 82.75743666189936
1.1125 -98.28220812215739
1.1175 -13.550648896224118
1.1225 -260.7972279459929
1.1275 88.23125534310081
1.1324999999999998 108.90913876240633
1.1375 299.23234086813244
1.1424999999999998 -220.62218172468476
1.1475 25.580533125930007
1.1524999999999999 244.37771040503233
1.1575 -53.966314817526694
1.1624999999999999 -153.300245956456
1.1675 243.88333920232907
1.1724999999999999 -167.35533078821612
1.1775 9.488981757408734
1.1824999999999999 -146.78702007290497
1.1875 300.04536607501234
1.1925 -13.055151198738496
1.1975 20.582009186613423
1.2025 -276.5664570638367
1.2075 317.82170743489144
1.2125 43.44794450313501
1.2175 -116.18612208837928
1.2225 49.03143082653726
1.2275 94.14035813478074
1.2325 12.401436447197812
1.2375 -53.08819104829535
1.2425 21.636724895136474
1.2475 -158.10129128789225
1.2525 96.17029436378802
1.2574999999999998 -20.408688207364058
1.2625 73.57548230088501
1.2674999999999998 -68.21227209095731
1.2725 -289.4250567660852
1.2774999999999999 72.48322363060866
1.2825 209.90839815250078
1.2874999999999999 -533.4875162049109
1.2925 237.37471209786585
1.2974999999999999 -206.53546066004733
1.3025 97.43371754096935
1.3074999999999999 94.41338541590783
1.3125 99.28931774800438
1.3175 29.326629087692684
1.3225 209.30780471577103
1.3275 -459.1723614555988
1.3325 -67.20070293530452
1.3375 148.06649392565544
1.3425 -16.83266032477906
1.3475 174.9676203982035
1.3525 2.651963199448353
1.3575 -363.4478245378463
1.3625 299.20278969011986
1.3675 12.05850819763979
1.3724999999999998 -20.02547326214859
1.3775 120.69999493805717
1.3824999999999998 -436.18151558556906
1.3875 207.4641910658789
1.3924999999999998 41.3247727709202
1.3975 183.355310013014
1.4024999999999999 -90.42796003872165
1.4075 41.25236103891707
1.4124999999999999 -191.03178758781544
1.4175 -47.545327224158136
1.4224999999999999 233.20476974387765
1.4275 111.245058067537
1.4324999999999999 -319.15328177001254
1.4375 84.91559855105211
1.4425 -85.7493965401482
1.4475 -9.190217866718083
1.4525 205.074833393119
1.4575 237.62657506713947
1.4625 -68.6135845084174
1.4675 -81.85519079184822
1.4725 47.91842582252634
1.4775 186.8176733746442
1.4825 -52.47965490883803
1.4874999999999998 -99.55277357363957
1.4925 8.536454034164224
1.4974999999999998 -59.398115447303596
1.5025 154.96875259797778
1.5074999999999998 113.64103483468251
1.5125 -153.78516212304115
1.5174999999999998 64.21660154571235
1.5225 -454.34490945350143
1.5274999999999999 406.62395213974617
1.5325 -7.932512495987321
1.5374999999999999 60.72766706571007
1.5425 -194.5596538380256
1.5474999999999999 212.2615703548544
1.5525 -80.0828488259749
1.5574999999999999 11.97323335844207
1.5625 -6.151495164969958
1.5675 251.5581493385274
1.5725 -415.637186175678
1.5775 -15.404092038784578
1.5825 -59.994539892772075
1.5875 160.85254287689165
1.5925 -116.00727613974317
1.5975 199.93729426058067
1.6025 -186.61579362757357
1.6075 -64.27886673222872
1.6124999999999998 96.22083306989752
1.6175 169.05007080363126
1.6224999999999998 -260.3056598875891
1.6275 -70.95298060462223
1.6324999999999998 97.01878830038042
1.6375 13.846356803025975
1.6424999999999998 23.782730877913156
1.6475 -45.935597102578726
1.6524999999999999 135.21416139508545
1.6575 106.03556064313341
1.6624999999999999 -248.8577206781266
1.6675 20.69739430630359
1.6724999999999999 75.39669869229233
1.6775 118.65914275617898
1.6824999999999999 110.44945984415472
1.6875 -460.0294872686627
1.6925 291.520719248337
1.6975 -228.19094397630022
1.7025 149.03479915507668
1.7075 221.12029295322597
1.7125 -38.60443669367366
1.7175 -32.17036035861361
1.7225 -10.965210733640866
1.7274999999999998 72.15435801241715
1.7325 13.904349441290762
1.7374999999999998 -82.59875919372874
1.7425 -76.28028009254986
1.7474999999999998 -30.535873405551353
1.7525 119.36702965623358
1.7574999999999998 -88.60945639307211
1.7625 118.93618941700711
1.7674999999999998 0.040786190365272604
1.7725 -71.22767058731097
1.7774999999999999 155.36686935461748
1.7825 -37.75037732546514
1.7874999999999999 -95.26837666544428
1.7925 11.495230673633163
1.7974999999999999 -27.700486433208397
1.8025 -42.6810248552482
1.8074999999999999 -23.186049579528547
1.8125 -115.0373463682611
1.8175 153.44343787152755
1.8225 62.55207517040322
1.8275 -275.897198236997
1.8325 77.59838425545142
1.8375 -45.11945801463631
1.8425 -64.24893632772827
1.8475 250.0843554647881
1.8524999999999998 133.62642509395758
1.8575 3.781164148300634
1.8624999999999998 -253.62413340056884
1.8675 -190.11013326928835
1.8724999999999998 379.0070465270663
1.8775 -96.04949270032735
1.8824999999999998 -61.9473394540627
1.8875 -63.78787586917153
1.8924999999999998 11.017995323752778
1.8975 -16.673100451047144
1.9024999999999999 380.434892677403
1.9075 -215.0373948202256
1.9124999999999999 -54.275218904752656
1.9175 -110.64794740897545
1.9224999999999999 165.25192067723694
1.9275 139.86328602300486
1.9324999999999999 -38.44773115060616
1.9375 14.892581035723778
1.9425 -77.32229776661566
1.9475 154.55762279362202
1.9525 -228.02625770258882
1.9575 308.68557263399043
1.9625 44.503107072571595
1.9674999999999998 -113.76791418816225
1.9725 244.20377604470275
1.9774999999999998 -162.0053899525827
1.9825 -156.61094079623626
1.9874999999999998 -51.5627705279186
1.9925 -43.81153138536787
1.9974999999999998 54.51338833714221
2.0025 -147.5299350920216
2.0075 143.69594352285895
2.0124999999999997 -109.02554616196612
2.0175 -81.70325758780523
2.0225 -246.15598646935464
2.0275 143.23732484470776
2.0324999999999998 15.574610498760782
2.0375 64.30402956764227
2.0425 -199.31280049223375
2.0475 301.1884775271176
2.0524999999999998 -133.7943535559411
2.0575 -56.154391144224945
2.0625 3.5346231423364265
2.0675 383.031222091982
2.0725 99.19484227073158
2.0775 -208.26453887650575
2.0825 19.809308582002902
2.0875 47.79016577565394
2.0925 112.29919217263314
2.0974999999999997 -96.23524979511511
2.1025 -234.5017706501271
2.1075 129.37870584793737
2.1125 -94.93424312815885
2.1174999999999997 -17.54927930289106
2.1225 18.18957046312018
2.1275 -61.71786163750118
2.1325 159.8610806859573
2.1374999999999997 36.900795579929216
2.1425 -275.19285398605166
2.1475 81.99540814093156
2.1525 66.72632862689733
2.1574999999999998 6.368811219645805
2.1625 105.19098509514924
2.1675 -5.463715492802756
2.1725 325.19167039803943
2.1774999999999998 -192.10181525660474
2.1825 213.25460978322698
2.1875 -560.3059991990147
2.1925 152.68144027291387
2.1975 131.95615952971892
2.2024999999999997 -123.87788978042238
2.2075 311.50345505378147
2.2125 -70.60576204290705
2.2175 -158.54153797566548
2.2224999999999997 -264.01482521600286
2.2275 231.85977997568313
2.2325 73.67763660053522
2.2375 -125.43505558431897
2.2424999999999997 37.024457034810474
2.2475 -246.95679277378593
2.2525 -12.04472301216145
2.2575 27.093604310736684
2.2624999999999997 -76.0438361933139
2.2675 9.11155626639633
2.2725 116.4276272861704
2.2775 -51.11566246171343
2.2824999999999998 41.613666044678666
2.2875 -134.29876497153063
2.2925 122.77410220384446
2.2975 -73.05201270238452
2.3024999999999998 -56.434395178705856
2.3075 324.5429073022812
2.3125 16.706320270314077
2.3175 -364.8239914077513
2.3225 276.47256508562987
2.3274999999999997 -70.440468506794
2.3325 46.2883882672645
2.3375 -231.69085865529857
2.3425 -139.70186264978608
2.3474999999999997 49.03198742891188
2.3525 109.13860703909263
2.3575 282.4081170168636
2.3625 -212.53175830594847
2.3674999999999997 151.06671283573547
2.3725 61.8516925335697
2.3775 -175.40601779761434
2.3825 69.31187179390018
2.3874999999999997 -109.17438854512774
2.3925 76.00791599723084
2.3975 70.20584915803715
2.4025 -33.128902808700744
2.4074999999999998 200.81320533799615
2.4125 -73.35534961449991
2.4175 13.627610424990266
2.4225 -228.4012367748426
2.4274999999999998 49.47320178899316
2.4325 -8.70777492923052
2.4375 -32.937975825260956
2.4425 240.10291245348643
2.4475 -129.8183142851626
2.4524999999999997 -80.02105359344931
2.4575 -127.76674240867395
2.4625 346.0883412497402
2.4675 -119.84395394038971
2.4724999999999997 6.797610057160681
2.4775 -143.81450864481573
2.4825 -7.262813848004025
2.4875 57.75917106978731
2.4924999999999997 87.30423119329566
2.4975 -289.71899604581444
2.5025 359.1514942326403
2.5075 -312.56725009181974
2.5124999999999997 185.61865790836808
2.5175 -114.8588312230221
2.5225 10.924168479866367
2.5275 29.227822297359406
2.5324999999999998 -17.95750845884345
2.5375 222.53480117375142
2.5425 4.25407010543159
2.5475 95.33083403110206
2.5524999999999998 199.0828280331423
2.5574999999999997 -212.14254027911733
2.5625 -104.15763959530373
2.5675 -149.03877370970028
2.5725 0.7794249892007695
2.5774999999999997 65.32510701823378
2.5825 19.37022226173703
2.5875 -134.3326054090245
2.5925 -200.81755585005556
2.5974999999999997 -97.1019954209694
2.6025 217.36427960035843
2.6075 -156.6772889835525
2.6125 167.03458413017074
2.6174999999999997 -7.2322382189778
2.6225 9.701040551334037
2.6275 16.786981296896467
2.6325 -2.860953508958721
2.6374999999999997 372.6877576220661
2.6425 -279.1211793612281
2.6475 67.63456149236075
2.6525 58.29774699489898
2.6574999999999998 191.27938590390656
2.6625 -227.1874201592738
2.6675 176.13761148495567
2.6725 -315.5381627684074
2.6774999999999998 -87.67258222341877
2.6824999999999997 157.16272152055583
2.6875 55.726987114594834
2.6925 -245.87543199640987
2.6975 178.48547741133783
2.7024999999999997 -142.96236962059191
2.7075 18.963141575176074
2.7125 105.40604098890599
2.7175 214.23038927460655
2.7224999999999997 -123.69063742533103
2.7275 248.07715282421117
2.7325 -243.20823526104874
2.7375 101.71552381380965
2.7424999999999997 171.53885213479356
2.7475 154.18925821029683
2.7525 -218.06952428393961
2.7575 -120.23350296799467
2.7624999999999997 45.38837828079485
2.7675 11.97343343265262
2.7725 243.21917809005086
2.7775 -59.81034661380494
2.7824999999999998 -182.8390911802228
2.7875 84.80654843484282
2.7925 -92.28165884993787
2.7975 190.571240571922
2.8024999999999998 -284.81778501816467
2.8074999999999997 340.93021256638207
2.8125 -36.07667609030412
2.8175 -89.19364071809366
2.8225 142.00796718028312
2.8274999999999997 170.22162554172343
2.8325 -178.2321331955084
2.8375 -92.65279512887041
2.8425 194.49713449607506
2.8474999999999997 -106.90871107803828
2.8525 -160.84072737958016
2.8575 314.1187088134013
2.8625 -82.95144666983977
2.8674999999999997 -71.29626610605901
2.8725 -218.36821514524067
2.8775 -56.357573170614735
2.8825 177.28927118336767
2.8874999999999997 67.18927080939221
2.8925 -152.80360403317857
2.8975 -248.72501588208698
2.9025 214.43990651419003
2.9074999999999998 18.4114030894764
2.9125 -64.6562321549234
2.9175 0.5260521414096471
2.9225 -71.58261605319709
2.9274999999999998 93.5327912466453
2.9324999999999997 -376.4289027504493
2.9375 90.52298509093511
2.9425 30.79222261628136
2.9475 2.543820489852662
2.9524999999999997 207.94776405092992
2.9575 -252.19340686583942
2.9625 27.76419490415649
2.9675 17.77550342987397
2.9724999999999997 -120.62499286676413
2.9775 231.17004489226576
2.9825 -55.11355392691665
2.9875 121.49821514679822
2.9924999999999997 -206.01549588011642
2.9975 239.0401671964753
3.0025 102.1497228786188
3.0075 -240.3228167092043
3.0124999999999997 -7.440363163117778
3.0175 141.04270092745588
3.0225 -146.76484966607362
3.0275 -220.70217930229018
3.0324999999999998 151.4808876366755
3.0374999999999996 -54.296712967327366
3.0425 251.7094214950102
3.0475 81.78744662472286
3.0524999999999998 -145.60507831045436
3.0574999999999997 233.1606082387488
3.0625 69.99059483487594
3.0675 -55.49753482542355
3.0725 -25.243109581747937
3.0774999999999997 -40.12999432508454
3.0825 174.25568148549542
3.0875 13.118518997453034
3.0925 -146.26131320918586
3.0974999999999997 -18.073912305622127
3.1025 59.38043667689257
3.1075 94.19780028934949
3.1125 -111.45610695053435
3.1174999999999997 142.268675159999
3.1225 -2.2261647513770493
3.1275 -86.77525787630285
3.1325 -25.466647937792654
3.1374999999999997 -11.933376746676224
3.1425 149.26547647936206
3.1475 -130.50220186917062
3.1525 40.15889192295652
3.1574999999999998 -148.73756953948964
3.1624999999999996 -13.686064826111593
3.1675 -172.1797263129828
3.1725 218.4041762640988
3.1774999999999998 -136.3966072165807
3.1824999999999997 392.83895634044296
3.1875 -307.5554130263674
3.1925 -67.40096524587655
3.1975 -42.84706158053662
3.2024999999999997 -113.77375601299063
3.2075 87.07630360645663
3.2125 -9.089197924023223
3.2175 263.177025545319
3.2224999999999997 -146.7745148097193
3.2275 210.7282521665404
3.2325 -77.75874886700194
3.2375 -51.774266436310086
3.2424999999999997 -313.5825951629789
3.2475 140.16187306414668
3.2525 239.92499901120453
3.2575 -193.0496419925121
3.2624999999999997 -66.27875153190479
3.2675 213.3003230888681
3.2725 -50.93009705673725
3.2775 28.775640501977175
3.2824999999999998 -111.03171941711126
3.2874999999999996 150.9638267289679
3.2925 352.6553481798174
3.2975 -221.6756032997907
3.3024999999999998 38.43016844593557
3.3074999999999997 -143.23938490674422
3.3125 135.93011817427302
3.3175 64.48422425725711
3.3225 -36.94658612566346
3.3274999999999997 -46.18785982551996
3.3325 -64.72356209408768
3.3375 21.067030127345372
3.3425 -206.57867221565354
3.3474999999999997 117.16593569692232
3.3525 -143.186918808656
3.3575 80.48838352641306
3.3625 310.84308646955094
3.3674999999999997 -137.86532271867776
3.3725 42.183046527037625
3.3775 -99.40611213753668
3.3825 56.36662851063343
3.3874999999999997 51.83538252840873
3.3924999999999996 -10.901650163654734
3.3975 3.292755170230157
3.4025 268.76422616979215
3.4074999999999998 -233.21465805481117
3.4124999999999996 90.38227337893888
3.4175 151.69016433981906
3.4225 -1.4278022011185711
3.4274999999999998 -145.93275332754695
3.4324999999999997 -6.687134354633031
3.4375 24.992289814277203
3.4425 -229.32623676050378
3.4475 36.039080823717754
3.4524999999999997 212.83192199239826
3.4575 -288.9025601032722
3.4625 75.13336997727033
3.4675 100.95688425127177
3.4724999999999997 315.26858352714436
3.4775 -148.4033412613745
3.4825 58.46689348923475
3.4875 -176.4166898102434
3.4924999999999997 5.827079207747818
3.4975 82.59684174460273
3.5025 -100.1378405673914
3.5075 6.139361035826292
3.5124999999999997 -71.82986724941487
3.5174999999999996 122.19407838288491
3.5225 -41.02389958092332
3.5275 109.40666095299714
3.5324999999999998 -131.96116052968347
3.5374999999999996 -72.73440111050387
3.5425 30.478543360964448
3.5475 -160.97197500902485
3.5524999999999998 6.2395057772104545
3.5574999999999997 52.824535214241834
3.5625 -67.11804682474953
3.5675 137.95689209912703
3.5725 -84.75688450239446
3.5774999999999997 104.80594967857373
3.5825 -164.0227142033864
3.5875 -11.523903722580242
3.5925 23.933651309065617
3.5974999999999997 127.99027813302897
3.6025 -167.84697227076305
3.6075 -38.642376711612634
3.6125 151.81676045769328
3.6174999999999997 -20.19643848434996
3.6225 -100.93935693460381
3.6275 -147.0431376949401
3.6325 123.84263540183709
3.6374999999999997 94.49955641124559
3.6424999999999996 -1.2549222930653683
3.6475 20.45293296435221
3.6525 -2.443931548708757
3.6574999999999998 -67.70653817315794
3.6624999999999996 135.13920929300087
3.6675 -168.69995264618856
3.6725 6.629040593690962
3.6774999999999998 56.66192146575954
3.6824999999999997 107.82538413427363
3.6875 12.339399362387441
3.6925 59.84801675196368
3.6975 -107.83528362988842
3.7024999999999997 85.13489330743208
3.7075 -54.61863730652001
3.7125 66.0986604979686
3.7175 -39.79919737560375
3.7224999999999997 9.075740186537617
3.7275 127.7041253323466
3.7325 -61.29398748094916
3.7375 26.457693301972355
3.7424999999999997 -97.52699321034117
3.7474999999999996 79.76392698157763
3.7525 29.751302488411014
3.7575 -113.12132809192813
3.7624999999999997 3.662435203659142
3.7674999999999996 -185.653347921094
3.7725 150.44782086566687
3.7775 3.7425694975451638
3.7824999999999998 112.13424996709699
3.7874999999999996 83.81796330579279
3.7925 -277.7238559265062
3.7975 -29.24292031769992
3.8024999999999998 84.8384688573132
3.8074999999999997 242.85950663577532
3.8125 8.785492764500479
3.8175 -102.30814134740136
3.8225 -50.13676254705517
3.8274999999999997 -64.11818069267571
3.8325 -262.2162309609664
3.8375 -40.21171919578599
3.8425 -3.545587209896952
3.8474999999999997 150.11004362238717
3.8525 327.9156943278752
3.8575 -15.244399823956142
3.8625 136.11934393479297
3.8674999999999997 -105.68979332671131
3.8724999999999996 -41.525678463835185
3.8775 -344.9760593024784
3.8825 142.87422064726468
3.8874999999999997 -50.06714810384191
3.8924999999999996 315.1150915403873
3.8975 -65.94281393842392
3.9025 98.01040128713544
3.9074999999999998 -129.20344156321053
3.9124999999999996 -95.6592878556455
3.9175 12.363426952650375
3.9225 232.0663460384207
3.9274999999999998 -180.84246319525684
3.9324999999999997 -11.962079665301566
3.9375 21.60345257365974
3.9425 101.0448145311837
3.9475 -248.733267545187
3.9524999999999997 170.3799621731799
3.9575 -68.45676053931275
3.9625 119.96686240305138
3.9675 -189.74200461694608
3.9724999999999997 28.053737090918336
3.9775 182.72238942616843
3.9825 72.12209152274932
3.9875 -58.194778253074375
3.9924999999999997 11.737914868416418
3.9974999999999996 -153.4585921935799
4.0024999999999995 76.14345380724822
4.007499999999999 -34.99913994759021
4.0125 26.904977950445364
4.0175 -223.5351798583999
4.0225 -61.1589502183155
4.0275 430.3070881020488
4.0325 -141.17861138473685
4.0375 -31.943129741899355
4.0424999999999995 -80.90741221586262
4.047499999999999 -139.6977485292553
4.0525 213.9183277189572
4.0575 152.56802681515788
4.0625 167.43825322577024
4.0675 -141.16975680152322
4.0725 -214.45512899700597
4.0775 307.0101954072347
4.0825 -155.96597746567238
4.0874999999999995 -68.37750470345345
4.0925 155.05836281701903
4.0975 -4.787894481867501
4.1025 12.085586639996576
4.1075 4.101025505926023
4.1125 -76.20555510528763
4.1175 77.94945718992255
4.1225 -49.96300069398638
4.1274999999999995 -23.50464943668926
4.132499999999999 -93.5692088320844
4.1375 91.48659407006072
4.1425 -14.865211100834983
4.1475 -161.15610986448033
4.1525 96.01096430236042
4.1575 48.74013057235772
4.1625 -132.49374038005337
4.1674999999999995 -10.029730570029358
4.172499999999999 -6.52634574497339
4.1775 142.77459750678193
4.1825 156.44477893410192
4.1875 -69.17205959344842
4.1925 161.9270791564999
4.1975 -341.20534638354115
4.2025 83.97243799838537
4.2075 -84.92701130114888
4.2124999999999995 78.40784697686085
4.2175 155.78713210916644
4.2225 -45.995940102927584
4.2275 -100.64685859340166
4.2325 -69.75857655982463
4.2375 88.17221580221953
4.2425 48.752534096063826
4.2475 -127.66477423527883
4.2524999999999995 8.904704805133262
4.257499999999999 77.85228928435903
4.2625 -224.40774572922695
4.2675 178.69608617712655
4.2725 -35.94656222568457
4.2775 20.725558123290902
4.2825 -97.1702051340053
4.2875 -85.10037606513588
4.2924999999999995 29.24479380115966
4.297499999999999 181.26107949892818
4.3025 41.608418393707595
4.3075 -197.7869126989001
4.3125 107.80196130630709
4.3175 156.2014823780182
4.3225 -116.31346876416008
4.3275 37.64563028510815
4.3325 -3.7173409356809892
4.3374999999999995 12.196303076340866
4.342499999999999 -232.11319879991598
4.3475 225.50323006158646
4.3525 61.9837034846161
4.3575 -27.16658948792861
4.3625 -78.47671951384744
4.3675 74.4799325071372
4.3725 -153.76881738904257
4.3774999999999995 61.387439572220224
4.382499999999999 15.072295705134673
4.3875 -113.36210848947574
4.3925 -35.37763903642166
4.3975 168.08927483764154
4.4025 99.06998377944763
4.4075 87.12622501684746
4.4125 -47.140595189082944
4.4174999999999995 142.5321965147081
4.422499999999999 -284.49897212572154
4.4275 122.8434983483959
4.4325 -519.5273507301259
4.4375 150.16709812906097
4.4425 117.87102168961371
4.4475 2.269223142641876
4.4525 -222.22463259251373
4.4575 18.608519543955875
4.4624999999999995 -88.36016247929787
4.467499999999999 226.46469658211544
4.4725 75.99831875117978
4.4775 330.76470443940235
4.4825 -13.372106776165548
4.4875 -7.193868051354983
4.4925 -14.198923945124795
4.4975 250.27336552543983
4.5024999999999995 -89.38623171893997
4.507499999999999 -208.133155784945
4.5125 9.636222708034834
4.5175 -135.81874976969806
4.5225 361.27049210496784
4.5275 -241.53969765605262
4.5325 14.099246715194399
4.5375 -121.82437138697239
4.5424999999999995 1.6397821882729713
4.547499999999999 66.0736754989875
4.5525 -41.81235224039264
4.5575 -86.1983028029272
4.5625 -157.65494986990907
4.5675 227.56685402429193
4.5725 -125.95789127455949
4.5775 226.5154892462824
4.5825 102.88691732801068
4.5874999999999995 -23.40990794904256
4.592499999999999 10.357075663696051
4.5975 -4.260183783807493
4.6025 -290.5750031275807
4.6075 241.75964876407144
4.6125 145.34862584702321
4.6175 -112.97444559388921
4.6225 144.423957980604
4.6274999999999995 -196.8124933963495
4.632499999999999 -23.3759350717638
4.6375 25.96409992806031
4.6425 -170.9174259791143
4.6475 39.97060287949436
4.6525 17.559368016996324
4.6575 -95.61964223960251
4.6625 87.81200124942721
4.6674999999999995 -46.16635418351049
4.672499999999999 -42.329400450197376
4.6775 206.42554879704105
4.6825 202.5484028457312
4.6875 167.2890532617687
4.6925 -142.70127284161683
4.6975 -2.2975482822086915
4.7025 87.8448839492417
4.7075 -403.4707730416082
4.7124999999999995 146.59630967752867
4.717499999999999 -9.41467441930421
4.7225 21.4500130891125
4.7275 316.7541423697525
4.7325 -351.8056232045688
4.7375 268.6572579833161
4.7425 -59.510983224197304
4.7475 -199.0661362779587
4.7524999999999995 38.35668863443776
4.757499999999999 183.00763380045743
4.7625 81.59071676546245
4.7675 59.456336713612345
4.7725 53.31339894829499
4.7775 -321.3295109985626
4.7825 168.6347512176654
4.7875 7.177514205130744
4.7924999999999995 -160.1068401746526
4.797499999999999 67.02116386538982
4.8025 89.07950321670491
4.8075 -170.25636815534753
4.8125 -112.16196929169152
4.8175 33.195189546062196
4.8225 14.390652278082674
4.8275 78.81858140273313
4.8325 53.063051569128014
4.8374999999999995 11.592097908646807
4.842499999999999 -4.891596149277623
4.8475 -139.89570028205017
4.8525 261.8510512485338
4.8575 -25.963892287741828
4.8625 -59.63159198480192
4.8675 -161.42125549808128
4.8725 240.07804956490807
4.8774999999999995 -206.83136706204587
4.882499999999999 -53.141925941563194
4.8875 37.916875912298465
4.8925 -46.71496122161879
4.8975 -35.475772903694924
4.9025 158.4431285704791
4.9075 75.13767752699512
4.9125 -238.90810953293644
4.9174999999999995 248.96392777993728
4.922499999999999 -10.27363425693022
4.9275 -54.55854530357767
4.9325 -38.212993375812154
4.9375 75.60374707796232
4.9425 -84.07682883953949
4.9475 -201.9560418278704
4.9525 146.1927509484166
4.9575 9.707806757174666
4.9624999999999995 97.84653333734079
4.967499999999999 85.29848282445494
4.9725 6.539579986209985
4.9775 -176.31441182117666
4.9825 99.08868614557313
4.9875 -86.50420936267214
4.9925 -31.78975512850358
4.9975 -2.911589390210932
5.0024999999999995 1.5637047633303887
5.007499999999999 -41.66733639986827
5.0125 -213.38765485674674
5.0175 166.14402980484553
5.0225 -40.32544913067824
5.0275 81.41730762460764
5.0325 -58.72054390216247
5.0375 169.65765032387733
5.0424999999999995 -211.4103913710385
5.047499999999999 -244.48373473599227
5.0525 148.04611754170247
5.0575 83.56632465517126
5.0625 76.12540383700295
5.0675 181.26136082655864
5.0725 -39.00551989095962
5.0775 68.46182469983049
5.0825 105.50324455386516
5.0874999999999995 -19.14697602325063
5.092499999999999 -63.80771236197954
5.0975 -72.01930811767285
5.1025 -127.1228999147595
5.1075 254.57960052384777
5.1125 -98.05163808857209
5.1175 19.129045663302882
5.1225 76.68262136910386
5.1274999999999995 64.55066902758591
5.132499999999999 -117.19759518735748
5.1375 110.92026466021755
5.1425 13.842688951278545
5.1475 -64.94908579685307
5.1525 -67.66160338712662
5.1575 65.8494694832622
5.1625 -5.109931917925618
5.1674999999999995 -143.4051214138044
5.172499999999999 126.23481161428133
5.177499999999999 14.4391282657939
5.1825 -53.88808524196771
5.1875 121.88869710840699
5.1925 -170.3501715771955
5.1975 83.40443257801428
5.2025 -83.64752123061055
5.2075 -195.2923687567698
5.2124999999999995 87.38052782565543
5.217499999999999 230.0929250828647
5.2225 -67.97899569346181
5.2275 183.5082653982382
5.2325 -42.24974749236014
5.2375 133.94398609160345
5.2425 -383.16066503609295
5.2475 -167.4192542682139
5.2524999999999995 335.7363297465619
5.257499999999999 -10.683825205980336
5.2625 -84.31960557111233
5.2675 15.003179901330068
5.2725 76.29521203682131
5.2775 -138.34672587555912
5.2825 399.4224915977724
5.2875 -140.98908209170443
5.2924999999999995 -107.35936478278775
5.297499999999999 210.10761495854146
5.302499999999999 -145.8795329296183
5.3075 -161.72793051122287
5.3125 3.1343135672502056
5.3175 -154.04974669684302
5.3225 360.3401167450321
5.3275 -209.3214534152415
5.3325 161.11350471597657
5.3374999999999995 -317.7848340407938
5.342499999999999 -0.4324110948170863
5.3475 -38.17495809070551
5.3525 100.25658951287473
5.3575 8.01940332425427
5.3625 109.21939386044338
5.3675 -8.493893821762365
5.3725 -139.12885274246153
5.3774999999999995 147.89590279814698
5.382499999999999 226.0521373754912
5.3875 -63.69838131289324
5.3925 35.74647561329713
5.3975 -122.07140085099569
5.4025 126.55421058402386
5.4075 -143.75567458955695
5.4125 318.89026464705273
5.4174999999999995 -142.1559917329698
5.422499999999999 -49.04080464213156
5.427499999999999 -367.0685919350858
5.4325 145.91310644798284
5.4375 129.9172979250447
5.4425 -275.6482195996506
5.4475 66.97637375650058
5.4525 -20.255644923703347
5.4575 62.27946817012355
5.4624999999999995 96.302737833039
5.467499999999999 8.34738949753543
5.4725 157.55517882846434
5.4775 -167.95103375594937
5.4825 149.20050981400948
5.4875 -211.0896868200286
5.4925 -130.07575169958955
5.4975 292.4770426576568
5.5024999999999995 73.2293150992108
5.507499999999999 -110.66639634338146
5.5125 -1.0959598128986618
5.5175 -153.7412467220208
5.5225 -131.1869579436806
5.5275 132.35501421215457
5.5325 -155.29194541161283
5.5375 142.89938170628767
5.5424999999999995 79.31771425322148
5.547499999999999 -93.98853516564067
5.552499999999999 -69.68399745658091
5.5575 77.43828725384877
5.5625 5.2670556364887595
5.5675 0.02939860580138599
5.5725 69.48063152853626
5.5775 -197.64205581243448
5.5825 -40.28417726197615
5.5874999999999995 110.32507954322791
5.592499999999999 -8.818187800166235
5.5975 118.00444316055486
5.6025 -362.5709700654605
5.6075 175.30899345072473
5.6125 186.34650617490766
5.6175 -6.100579403516604
5.6225 28.37359555368504
5.6274999999999995 -65.94533088646693
5.632499999999999 279.55856629047685
5.6375 -207.4202200046211
5.6425 -52.80951037132345
5.6475 -153.48407721360675
5.6525 -158.42684841156685
5.6575 -2.848039083814687
5.6625 198.4585114926496
5.6674999999999995 210.11094904624082
5.672499999999999 -156.76530689873198
5.677499999999999 204.40335276223772
5.6825 -165.8707088271463
5.6875 25.379558745913467
5.6925 -48.78241481919688
5.6975 128.8834075667399
5.7025 149.21485015443312
5.7075 -53.71161491963692
5.7124999999999995 51.360573070107215
5.717499999999999 89.45917215740675
5.7225 55.87450858689645
5.7275 -114.08767810747595
5.7325 223.41536869715557
5.7375 -196.27481096279203
5.7425 23.404470614923298
5.7475 -96.81989881074801
5.7524999999999995 20.97886641655573
5.757499999999999 -233.31828267950488
5.7625 -224.086914659734
5.7675 257.35907191903317
5.7725 78.30789898717897
5.7775 -298.7646422354397
5.7825 312.5039734153616
5.7875 -255.5179892967241
5.7924999999999995 197.36617867451548
5.797499999999999 -163.43672664457245
5.802499999999999 166.09417902242743
5.8075 58.97977158931002
5.8125 -39.06243182584311
5.8175 144.32468143365665
5.8225 -185.0266611492599
5.8275 4.172211561340708
5.8325 13.36328577989191
5.8374999999999995 -28.091625330362174
5.842499999999999 -2.860818437484121
5.8475 147.19090608552918
5.8525 -36.52203674332293
5.8575 64.80337979570105
5.8625 45.38086112229417
5.8675 -130.81208032306532
5.8725 128.6853812055416
5.8774999999999995 -2.9095250927988285
5.882499999999999 49.95051424738218
5.8875 -123.92721991592657
5.8925 19.779786564345958
5.8975 153.95318426906653
5.9025 50.42339479225932
5.9075 -28.26037419283012
5.9125 -188.0978039655629
5.9174999999999995 -58.650689514639474
5.922499999999999 -59.72079323926152
5.927499999999999 -129.32365109648546
5.9325 179.18825403051244
5.9375 -64.35728819086403
5.9425 95.49977581287413
5.9475 -299.15157917941843
5.9525 109.92946229968686
5.9575 236.65591914667291
5.9624999999999995 -330.6595557374027
5.967499999999999 -22.423664727773378
5.9725 9.514383052694532
5.9775 -27.173097488000103
5.9825 111.7941313752705
5.9875 -92.58597211893739
5.9925 113.55378407350291
5.9975 -21.8922433636639
6.0024999999999995 444.7205003512512
6.007499999999999 -221.6809028649534
6.012499999999999 -4.839596526415324
6.0175 -200.01594803162556
6.0225 -300.0200669838638
6.0275 192.1858459644899
6.0325 143.88682734658744
6.0375 93.46011466796854
6.0424999999999995 -19.76241406504948
6.047499999999999 237.73707241531497
6.052499999999999 -24.985558346740802
6.0575 -74.91017084602981
6.0625 -206.53065032600256
6.0675 63.65656922408498
6.0725 42.04267344771544
6.0775 -28.057993524182443
6.0825 9.898814603392953
6.0874999999999995 -35.7609976061033
6.092499999999999 200.32709468034565
6.0975 -278.6679807138363
6.1025 115.39976274070115
6.1075 -76.87611772055617
6.1125 106.75480892599117
6.1175 -36.06910781123074
6.1225 -71.06926154840723
6.1274999999999995 419.2941798314303
6.132499999999999 -460.2486484667897
6.137499999999999 187.4878284234162
6.1425 -174.8193283671535
6.1475 41.61032610558168
6.1525 -95.96120740547289
6.1575 19.134490892491286
6.1625 -74.72372668284983
6.1674999999999995 196.99209871905273
6.172499999999999 -84.33321167010561
6.177499999999999 -100.49156440291202
6.1825 78.85850808323762
6.1875 16.087996350470355
6.1925 18.49514450886969
6.1975 -45.62903472575691
6.2025 62.84757708169266
6.2075 17.62482919329431
6.2124999999999995 -54.83246893822153
6.217499999999999 -56.011213156548784
6.2225 303.1363593320789
6.2275 -79.62455901034967
6.2325 -71.35154461692892
6.2375 203.9949200450859
6.2425 -106.26974773685465
6.2475 20.383109367598873
6.2524999999999995 233.58847655190078
6.257499999999999 -197.36807743864455
6.262499999999999 -176.51830987688157
6.2675 93.82993901668225
6.2725 81.45781880339774
6.2775 115.33115610306409
6.2825 -68.9184624393413
6.2875 -59.820126795187285
6.2924999999999995 -222.29988503618702
6.297499999999999 -89.04955549239654
6.302499999999999 420.38061278261375
6.3075 -83.06966993530261
6.3125 138.24002296340626
6.3175 117.86960268251961
6.3225 -164.14479855241396
6.3275 103.07973070663786
6.3325 -65.96240292081428
6.3374999999999995 -30.78342593024146
6.342499999999999 90.61772960502498
6.3475 25.154106756692812
6.3525 -79.82139321610727
6.3575 -8.842412306612061
6.3625 -9.457429771498404
6.3675 -9.299836691074672
6.3725 62.51830585432388
6.3774999999999995 -4.411984909922929
6.382499999999999 -312.22644101040436
6.387499999999999 196.9982889795993
6.3925 -50.725077638044944
6.3975 291.27221378880125
6.4025 -49.633480377186125
6.4075 -124.27295561917597
6.4125 30.511299213334706
6.4174999999999995 4.400373368564334
6.422499999999999 -17.592393091224377
6.427499999999999 10.148147922608644
6.4325 43.17307161801112
6.4375 -274.4379470806204
6.4425 44.1380352594173
6.4475 -247.11419900423994
6.4525 170.52124877779423
6.4575 5.266829837511249
6.4624999999999995 -230.01792166283064
6.467499999999999 25.306736733483845
6.4725 -76.71790482786045
6.4775 4.915658543637031
6.4825 113.64745806556108
6.4875 7.768118537210971
6.4925 -163.32640936976563
6.4975 -60.54578046277774
6.5024999999999995 -5.744287302003544
6.507499999999999 391.7746854929042
6.512499999999999 88.65387878911599
6.5175 -239.6372152208216
6.5225 266.208498336657
6.5275 -247.76784796353775
6.5325 142.5574175762566
6.5375 5.857472592261308
6.5424999999999995 -64.96600993023846
6.547499999999999 -18.61223548983284
6.552499999999999 76.02920663019063
6.5575 -25.825645679501253
6.5625 310.8341284609316
6.5675 -114.43924908922557
6.5725 125.88440449730795
6.5775 -68.76756704213724
6.5825 167.60652715048502
6.5874999999999995 -208.3904076816952
6.592499999999999 -210.17383064028058
6.5975 80.66025865533324
6.6025 -76.37724706860368
6.6075 63.923273673296094
6.6125 139.28324345125608
6.6175 -300.417948730612
6.6225 -21.468516236326625
6.6274999999999995 -220.32528159665
6.632499999999999 -24.61081244219577
6.637499999999999 62.652352812117954
6.6425 283.6864816123994
6.6475 87.56271865191876
6.6525 7.08981235588601
6.6575 76.09003392723923
6.6625 -108.85500510235451
6.6674999999999995 -220.7373415717354
6.672499999999999 -96.23187853479851
6.677499999999999 68.52244409339163
6.6825 83.65040056232723
6.6875 -100.36536830187441
6.6925 165.5525406986833
6.6975 58.599219585124466
6.7025 98.1561761069735
6.7075 -285.1553818591144
6.7124999999999995 172.7246291491295
6.717499999999999 -237.08325483049873
6.722499999999999 199.9071478601469
6.7275 42.696130885794275
6.7325 161.32180644387316
6.7375 -111.72396072443604
6.7425 -169.83530016953816
6.7475 188.15464543695433
6.7524999999999995 -29.436138170588173
6.757499999999999 95.51027579428957
6.762499999999999 -129.84002296203354
6.7675 -40.23337775541593
6.7725 415.71954530004865
6.7775 -42.23672773383529
6.7825 8.256724628841068
6.7875 49.390534230587896
6.7924999999999995 84.21385612014308
6.797499999999999 -148.7847109973466
6.802499999999999 83.55867235940373
6.8075 126.2326421808651
6.8125 -106.14853697722782
6.8175 15.32129776451956
6.8225 -169.26172918596652
6.8275 -59.63672127964008
6.8325 75.29285392675398
6.8374999999999995 -98.91185238689279
6.842499999999999 -100.00337615781633
6.847499999999999 219.02735713179132
6.8525 -179.18264149165043
6.8575 39.9136801217869
6.8625 -22.46313023755152
6.8675 -106.72966337748942
6.8725 89.020160373584
6.8774999999999995 99.15893471087121
6.882499999999999 171.59921939603197
6.887499999999999 -77.27599999558505
6.8925 -99.2238177049389
6.8975 -47.538574637311775
6.9025 114.7458210059226
6.9075 -175.7286469526567
6.9125 74.99179265318283
6.9174999999999995 80.4819222676181
6.922499999999999 -12.751911988103744
6.927499999999999 -89.9730292131597
6.9325 -94.58300679865258
6.9375 161.68230947920236
6.9425 112.88921338806485
6.9475 9.437249744494284
6.9525 157.5756483413371
6.9575 -359.1558057298996
6.9624999999999995 21.842293284303246
6.967499999999999 111.45863567538883
6.972499999999999 32.44323480436051
6.9775 -223.67695049654503
6.9825 -39.865327527427176
6.9875 193.11154459797805
6.9925 -313.39888854923225
6.9975 161.07749948341967
7.0024999999999995 -109.90727686344002
7.007499999999999 129.4075403880566
7.012499999999999 -17.234141959887793
7.0175 97.43746579083756
7.0225 -72.54201413140267
7.0275 -203.2306008355983
7.0325 239.58463320502545
7.0375 -51.10615315110696
7.0424999999999995 274.5866099825435
7.047499999999999 -244.46740589082034
7.052499999999999 -31.120506038915778
7.0575 252.88678552366662
7.0625 -386.20579238241106
7.0675 167.48106338290276
7.0725 53.29797116078518
7.0775 276.5396277109115
7.0825 -313.71802333022356
7.0874999999999995 241.44927076612476
7.092499999999999 -105.24974194321102
7.097499999999999 173.1586210341659
7.1025 -174.49878053326603
7.1075 7.259731366289419
7.1125 -75.0883601716341
7.1175 -117.87006382034986
7.1225 198.74304040919353
7.1274999999999995 -22.048559367309455
7.132499999999999 14.360181813844651
7.137499999999999 -69.0741207631671
7.1425 -28.355307399072533
7.1475 166.63420091300472
7.1525 -110.13092344361223
7.1575 -76.85084469958386
7.1625 -142.47769356279704
7.1674999999999995 263.54082269956007
7.172499999999999 -359.05877039570555
7.177499999999999 340.7346469666514
7.1825 -77.93690087195644
7.1875 7.459848654310105
7.1925 85.10724181463995
7.1975 -113.696685992816
7.2025 -90.77237341657784
7.2075 66.45462409881303
7.2124999999999995 -73.38197099814552
7.217499999999999 121.73479984143388
7.222499999999999 -147.43774114581086
7.2275 44.95616627330466
7.2325 56.4254077609539
7.2375 85.71304376006835
7.2425 122.69496604407493
7.2475 -116.92906263488617
7.2524999999999995 -95.35953425224544
7.257499999999999 119.82397204672498
7.262499999999999 4.0774610324006275
7.2675 20.02674061298286
7.2725 167.49541405270853
7.2775 -34.43255767922451
7.2825 23.823079549863387
7.2875 146.25360130564633
7.2924999999999995 -124.3071878494761
7.297499999999999 -64.17545244533544
7.302499999999999 -82.34955423106688
7.3075 -322.4146187757544
7.3125 368.8599336480224
7.3175 -150.66316585053875
7.3225 213.4010655527787
7.3275 -332.56602065111053
7.3325 257.42390701634804
7.3374999999999995 -127.53022508529496
7.342499999999999 25.368005364897563
7.347499999999999 -60.52583883396564
7.3525 174.23996056064752
7.3575 -72.68353449585592
7.3625 -125.05474931416053
7.3675 -19.34604111237925
7.3725 39.170539205004395
7.3774999999999995 175.62789108357669
7.382499999999999 -58.34197559989151
7.387499999999999 69.450383676464
7.3925 -364.07970376507177
7.3975 299.27669516920497
7.4025 234.35015742665732
7.4075 -309.08034648677017
7.4125 44.750568014459645
7.4174999999999995 396.91904517567576
7.422499999999999 -238.93126787608665
7.427499999999999 -50.03201057227997
7.4325 -152.44621853038134
7.4375 88.830900187273
7.4425 -107.06891255772261
7.4475 47.93860746144041
7.4525 199.16993669952538
7.4575 -199.32728779607984
7.4624999999999995 222.0187678750851
7.467499999999999 -332.11584051892527
7.472499999999999 -181.72025408863541
7.4775 89.5064944123471
7.4825 188.87378386321456
7.4875 82.97053826287407
7.4925 -47.55934044555025
7.4975 -5.153736656393495
7.5024999999999995 -132.3373568900147
7.507499999999999 158.35587595066863
7.512499999999999 -251.60062665270326
7.5175 138.15620022480078
7.5225 57.514600512712775
7.5275 -97.13483075036905
7.5325 147.12342633742787
7.5375 81.77330260835193
7.5424999999999995 -176.15864131746474
7.547499999999999 -245.58140251551566
7.552499999999999 62.802187276509706
7.557499999999999 7.856400937206737
7.5625 180.05932470682814
7.5675 182.02305683353103
7.5725 28.364221211752792
7.5775 1.5708108518976525
7.5825 161.82314162389915
7.5874999999999995 -236.73161818809075
7.592499999999999 -115.52530822224907
7.597499999999999 -163.9233710746893
7.6025 152.92093982707743
7.6075 90.02602259495436
7.6125 -56.520420773186906
7.6175 8.962324853702679
7.6225 -158.71587557665157
7.6274999999999995 -100.3401954002477
7.632499999999999 0.9598169774159048
7.637499999999999 182.99904607058087
7.6425 -32.33640155777454
7.6475 322.4244249779687
7.6525 -78.39507305105144
7.6575 101.60778691076794
7.6625 -221.4928610029477
7.6674999999999995 43.7245195651663
7.672499999999999 -237.2284691004276
7.677499999999999 93.51359043848785
7.682499999999999 77.95008800594715
7.6875 -231.80679392972357
7.6925 61.19212520016892
7.6975 -82.75507975348712
7.7025 161.24582837755335
7.7075 0.09454766369922782
7.7124999999999995 -152.6515824372573
7.717499999999999 369.3224504836671
7.722499999999999 156.2168803945381
7.7275 17.33559017718758
7.7325 -181.6219360030821
7.7375 -157.04489682450028
7.7425 300.3216309924108
7.7475 -84.22688982662342
7.7524999999999995 240.86051118274221
7.757499999999999 -231.81284957934128
7.762499999999999 -128.7262712160661
7.7675 -26.77413191685111
7.7725 -72.72492202732097
7.7775 -179.71634132337064
7.7825 74.40777285811261
7.7875 71.89033874201404
7.7924999999999995 190.7092353274569
7.797499999999999 -125.64507363445512
7.802499999999999 167.57083038485874
7.807499999999999 -148.90554739911153
7.8125 -10.288525410011106
7.8175 65.36788473979055
7.8225 178.0702065116317
7.8275 62.97065673577027
7.8325 -150.50289621009082
7.8374999999999995 -38.42344354939943
7.842499999999999 156.44688823340812
7.847499999999999 -15.257119800126391
7.8525 -77.18329099480103
7.8575 -28.962429679678767
7.8625 307.66569628658465
7.8675 -171.42196826781094
7.8725 -159.56737694245754
7.8774999999999995 -49.89826046908569
7.882499999999999 19.480366766114102
7.887499999999999 -59.876788357690565
7.8925 13.78896103198845
7.8975 13.978319528358362
7.9025 -26.088309103363407
7.9075 -144.14650209202523
7.9125 -14.202848057658182
7.9174999999999995 83.9267453515085
7.922499999999999 41.31271094745144
7.927499999999999 50.409987797041026
7.932499999999999 -207.84527842154466
7.9375 -74.80271487586515
7.9425 -179.14678800890167
7.9475 2.8517951629597973
7.9525 362.6163228296106
7.9575 68.3280466883892
7.9624999999999995 -134.86756442614478
7.967499999999999 -35.203263802272645
7.972499999999999 137.4181825828662
7.9775 -169.4564452762573
7.9825 -44.90330207457889
7.9875 163.35038195771352
7.9925 -79.3171729146472
7.9975 -201.0366373737764
8.0025 119.41532616270626
8.0075 28.16349381581597
8.0125 132.75259857796502
8.0175 0.7879997456694426
8.022499999999999 -57.03459952011136
8.0275 -204.00773584765787
8.032499999999999 130.199358481117
8.0375 -9.725284071738052
8.0425 118.03563993414598
8.0475 -66.08364933983673
8.0525 51.92137851638048
8.0575 54.03670544472515
8.0625 -189.13290345370706
8.067499999999999 87.91418212914353
8.0725 188.2123326018355
8.077499999999999 -88.64055822845675
8.0825 38.82627708351454
8.0875 92.61577686025396
8.0925 -176.96493841221263
8.0975 -309.3065015318981
8.1025 81.78357646182862
8.1075 140.59018161786776
8.112499999999999 -53.66785018285271
8.1175 120.8323092242393
8.1225 -0.9042393750099293
8.1275 89.43061779766579
8.1325 94.35064672261956
8.1375 36.47565735701505
8.1425 -106.19779089241867
8.147499999999999 -82.20865224790431
8.1525 -152.66915028194688
8.157499999999999 32.22566242310646
8.1625 42.77146997785139
8.1675 27.685561068161224
8.1725 323.1123868288564
8.1775 -197.59215134354616
8.1825 -168.18188426186597
8.1875 68.01922896581804
8.192499999999999 45.862576923913586
8.1975 -33.589955109019364
8.202499999999999 -76.04937590016306
8.2075 138.23341294835018
8.2125 -268.26308507688265
8.2175 -25.40770940445221
8.2225 -27.749808509162854
8.2275 143.90957290920593
8.2325 -258.9294503843107
8.237499999999999 111.73574003601395
8.2425 15.764756955927353
8.2475 237.66037517398843
8.2525 -223.72797823639576
8.2575 342.1837729600201
8.2625 -272.54964023381285
8.2675 4.893812295186256
8.272499999999999 8.262656457457695
8.2775 119.11123810055409
8.282499999999999 -133.9845520095396
8.2875 134.7485952205684
8.2925 -132.04396506753838
8.2975 140.61174331486814
8.3025 -41.16542501137928
8.3075 312.9512352010302
8.3125 7.8602108344065105
8.317499999999999 -177.86563263800807
8.3225 50.09833336379051
8.327499999999999 43.705222700334254
8.3325 39.49850721962652
8.3375 -59.40929394411967
8.3425 74.31347125740169
8.3475 -153.4887153035597
8.3525 52.372346708050834
8.3575 -299.56126740994085
8.362499999999999 58.6783866014559
8.3675 366.8354026465198
8.3725 -210.16420207712193
8.3775 -70.47615764052011
8.3825 124.98461557277435
8.3875 149.6867960711562
8.3925 -202.15244854852995
8.397499999999999 -200.2460377818379
8.4025 -82.56847949821092
8.407499999999999 233.37768965361448
8.4125 82.69082043698566
8.4175 59.78294782901764
8.4225 -78.78892804936739
8.4275 -0.12784432830582487
8.4325 -24.040760027772457
8.4375 203.52529159432547
8.442499999999999 -18.914589268463125
8.4475 -98.48565655367459
8.452499999999999 234.54019200411489
8.4575 -57.26605189346571
8.4625 -0.3695055524009097
8.4675 -165.71026681102208
8.4725 -126.44776320894229
8.4775 76.06436758379103
8.4825 -71.8333731864526
8.487499999999999 40.54316250470874
8.4925 117.93236716636707
8.4975 -31.161503685549615
8.5025 -31.082510097570367
8.5075 149.71170317212173
8.5125 58.13105356433841
8.5175 -131.72202072750392
8.522499999999999 -113.86348748713547
8.5275 172.78133074621257
8.532499999999999 -13.598126552442126
8.5375 -48.69004829993308
8.5425 105.55922375212157
8.5475 73.41806304356693
8.5525 -222.09876045247998
8.5575 145.45381395857638
8.5625 212.04184505403714
8.567499999999999 -193.90044227617815
8.5725 -65.66308216458002
8.577499999999999 -59.94812767613501
8.5825 133.78714791137435
8.5875 -146.26969461458881
8.5925 49.870539828646315
8.5975 4.2528182106343735
8.6025 20.869988412853793
8.6075 -62.36228191889245
8.612499999999999 -80.48850853167448
8.6175 277.66441406605975
8.6225 -290.9715479759539
8.6275 179.83171683739332
8.6325 96.39334526510535
8.6375 -18.553348669195287
8.6425 -31.708987855672994
8.647499999999999 21.625617462166733
8.6525 -93.87849112601847
8.657499999999999 -204.9907137999137
8.6625 -101.98234504425186
8.6675 -3.0559211147699794
8.6725 275.4301482418026
8.6775 -248.85333269738496
8.6825 83.04526005921251
8.6875 -147.92097664955207
8.692499999999999 42.53336334415764
8.6975 242.5806769064772
8.702499999999999 -32.33221990150646
8.7075 -16.700186196342887
8.7125 74.30063104590762
8.7175 306.2083811985388
8.7225 -185.80316791119236
8.7275 -42.83964314329636
8.7325 -167.50633908490894
8.737499999999999 252.44992088613782
8.7425 -139.2110222535883
8.747499999999999 136.8555875217948
8.7525 -19.69852930378664
8.7575 -55.770930181253334
8.7625 -1.2708506115108231
8.7675 -69.37981623261284
8.772499999999999 -23.549053694634193
8.7775 -358.8138450169532
8.782499999999999 206.35085019246816
8.7875 -84.33084749165053
8.7925 418.68852355311157
8.7975 -235.17392051970282
8.8025 73.64146045617937
8.8075 -15.631994967924587
8.8125 -205.69257085941388
8.817499999999999 98.38811195462453
8.8225 -47.15882418002105
8.827499999999999 46.66789435571717
8.8325 57.72178173292111
8.8375 -57.64083747073318
8.8425 -148.45735919287114
8.8475 -76.4850400266363
8.8525 85.07651568585818
8.8575 68.93403723961778
8.862499999999999 66.17477182647633
8.8675 -113.1798663781591
8.872499999999999 -92.14154900537937
8.8775 -341.8696459226983
8.8825 20.628584107467095
8.8875 216.48595148042077
8.8925 328.67222955842124
8.897499999999999 -54.37425300728501
8.9025 -162.71861250484523
8.907499999999999 62.73369462393339
8.9125 -277.4280980669439
8.9175 -158.75058170847703
8.9225 247.4924026201087
8.9275 -229.20690723137332
8.9325 439.49054385849337
8.9375 -207.8450242825585
8.942499999999999 224.54208271567566
8.9475 195.73839588520886
8.952499999999999 -6.189908344271549
8.9575 38.22851557519047
8.9625 -408.30559857773994
8.9675 267.7183006009808
8.9725 -93.6683656371497
8.9775 -95.27743658624787
8.9825 -31.368962812191807
8.987499999999999 162.63254207295066
8.9925 -99.64091524402785
8.997499999999999 -79.12896995211081
9.0025 -212.9012652153144
9.0075 106.36067051114102
9.0125 122.9039947104629
9.0175 63.36733948468449
9.022499999999999 0.06745862879134251
9.0275 47.830399617524286
9.032499999999999 148.43862156210346
9.0375 283.63338194323643
9.0425 -352.51012075143996
9.0475 -140.14377799537493
9.0525 -24.698031390769938
9.0575 -99.89726917535128
9.0625 74.5817438153773
9.067499999999999 198.09737229567602
9.0725 -192.53319525539163
9.077499999999999 155.18744074987856
9.0825 268.16304428724214
9.0875 -329.29338632776205
9.0925 94.99380190142085
9.0975 -113.02537867515049
9.1025 61.03045747456012
9.1075 310.2499648275704
9.112499999999999 -201.8843600279057
9.1175 -111.16207483795048
9.122499999999999 259.1845474370745
9.1275 -258.40839582166905
9.1325 167.89353659906558
9.1375 -16.572101726350606
9.1425 219.51062967656526
9.147499999999999 -95.59798080156195
9.1525 -76.88447947052654
9.157499999999999 79.60788988769764
9.1625 -111.36409044600258
9.1675 -289.7318652716876
9.1725 373.46519090325876
9.1775 246.16681531329604
9.1825 -225.37760108968234
9.1875 126.5519752267803
9.192499999999999 -62.566658678956465
9.1975 40.58763411335029
9.202499999999999 22.803236361748013
9.2075 -83.32681141622119
9.2125 -173.42195797321827
9.2175 -144.63088563750833
9.2225 168.25015660911708
9.2275 139.1044517154281
9.2325 317.0556261117632
9.237499999999999 -223.48238842589475
9.2425 -138.45851821245097
9.247499999999999 140.38273578125865
9.2525 -41.358427082159004
9.2575 -50.76155706819233
9.2625 92.55938843424694
9.2675 -141.6184417391972
9.272499999999999 164.45917257381552
9.2775 -99.45712402145686
9.282499999999999 40.4181340843975
9.2875 -221.60039921341593
9.2925 146.01890011133932
9.2975 -135.91487983552653
9.3025 8.969813326785468
9.3075 -93.71656582377886
9.3125 176.1307654073322
9.317499999999999 189.20926429929588
9.3225 -136.12564686455545
9.327499999999999 -15.609965177620287
9.3325 35.37237855185122
9.3375 88.4725348406028
9.3425 34.35898931959184
9.3475 -55.88561747551957
9.3525 -96.39348059974894
9.3575 241.4180230693377
9.362499999999999 -245.17703286411418
9.3675 58.87674968735317
9.372499999999999 37.97484519431704
9.3775 -211.67505487908372
9.3825 -138.1402932394901
9.3875 259.36250716419926
9.3925 -217.513834184549
9.397499999999999 174.74981307285023
9.4025 210.08669539383138
9.407499999999999 -1.898204105486121
9.4125 -67.44712120172765
9.4175 -21.14505472717171
9.4225 -185.53395776441178
9.4275 32.003975592360426
9.4325 59.43233728242935
9.4375 -32.962944376181326
9.442499999999999 30.856870732042033
9.4475 -137.56404204442472
9.452499999999999 171.68999958208002
9.4575 151.10646924591546
9.4625 -83.76609043168638
9.4675 -250.54909790397642
9.4725 87.11507096184961
9.4775 238.04358997117134
9.4825 -101.44196746436158
9.487499999999999 -272.0865750198237
9.4925 -60.02693461152125
9.497499999999999 -2.1172528646700353
9.5025 98.11878071722094
9.5075 132.5724765229863
9.5125 109.05414164185886
9.5175 -169.35929645044425
9.522499999999999 -71.16400817093287
9.5275 63.169067192082395
9.532499999999999 81.18023448836092
9.5375 70.81879232509047
9.5425 85.87316517059308
9.5475 78.23979651549895
9.5525 97.25203305180713
9.5575 -201.08473781936536
9.5625 40.06650375804482
9.567499999999999 -56.22068236779495
9.5725 -66.29593511699991
9.577499999999999 -47.69635147546983
9.5825 79.32603670877481
9.5875 -65.7421344392399
9.5925 92.55366845665232
9.5975 168.7031885718616
9.6025 -145.31472652547197
9.6075 124.23296840980802
9.612499999999999 4.790196091899615
9.6175 41.39270299850838
9.622499999999999 -118.54661512518089
9.6275 2.6853614472779315
9.6325 19.82762822437164
9.6375 -3.3618933433973335
9.6425 251.81002730843235
9.647499999999999 -56.982483116017974
9.6525 -31.160309951095087
9.657499999999999 181.4928647810314
9.6625 -288.41506458470167
9.6675 -68.46169337851374
9.6725 -70.24372733126783
9.6775 -242.30555753071545
9.6825 150.2758856026367
9.6875 133.75847775728593
9.692499999999999 -73.20278819322594
9.6975 91.30098888956172
9.702499999999999 79.88823563475194
9.7075 -47.151383274729845
9.7125 -164.52119702651527
9.7175 147.22549326497955
9.7225 184.14318606926685
9.7275 34.87998809041158
9.7325 -223.16389028354152
9.737499999999999 26.78549002649019
9.7425 -248.335190263893
9.747499999999999 143.8777323585184
9.7525 71.129063805396
9.7575 -61.2610768852237
9.7625 19.10257691766072
9.7675 28.26160005034723
9.772499999999999 93.77533803432934
9.7775 -107.17503491912443
9.782499999999999 107.01859228185941
9.7875 -250.79654833555367
9.7925 167.24034015881418
9.7975 -76.27986033804038
9.8025 104.93049649966721
9.8075 -12.044516161349886
9.8125 53.22644818329479
9.817499999999999 -92.35317580743806
9.8225 3.98814233364749
9.827499999999999 -296.25151705070306
9.8325 10.506212467144465
9.8375 -54.694087850636535
9.8425 141.25358480350812
9.8475 -148.61722026349088
9.8525 -17.482858744107624
9.8575 223.87695582261645
9.862499999999999 -129.25656116742311
9.8675 157.57527256894195
9.872499999999999 -168.81281844931502
9.8775 70.36730016399795
9.8825 -117.37024140136404
9.8875 -122.25603493799
9.8925 119.72350439701282
9.897499999999999 -74.04364332146062
9.9025 51.38517515823484
9.907499999999999 58.83597691860544
9.9125 156.07790796627424
9.9175 -73.18144966351335
9.9225 -0.5050086241140564
9.9275 -90.30132444550172
9.9325 99.86984218213988
9.9375 84.6506813481184
9.942499999999999 46.676551447065776
9.9475 -9.006451710991618
9.952499999999999 -92.44237554867605
9.9575 15.12009404096843
9.9625 -135.51147110450415
9.9675 146.1989790230548
9.9725 -64.30155525297265
9.9775 284.0378331112268
9.9825 -147.78783693389096
9.987499999999999 213.37710651803283
9.9925 -207.73546801017685
9.997499999999999 -72.05668811204056
10.0025 -64.71684339024641
