0.0075 -484.0334212727524
0.012499999999999999 39.94764454476246
0.017499999999999998 -222.94649692298032
0.0225 122.13369268337043
0.0275 -64.11136816909611
0.0325 -126.28435238365105
0.0375 -211.1451154687967
0.042499999999999996 191.2788027214658
0.0475 209.15529566512234
0.0525 -58.342779054761365
0.057499999999999996 100.99053014110349
0.0625 -156.053449831574
0.06749999999999999 276.3106387965066
0.0725 -121.47175771742184
0.0775 -163.1577805616928
0.08249999999999999 231.61407752886237
0.0875 103.5556869237325
0.0925 156.48865551769896
0.09749999999999999 -36.56940077633751
0.1025 -68.56910395203083
0.1075 -228.7045445409944
0.11249999999999999 70.85306192538455
0.1175 1.0838724620396727
0.1225 48.508606715731496
0.1275 20.903116912487626
0.1325 61.62097440164571
0.13749999999999998 -108.66777537979469
0.1425 -128.95274364297362
0.1475 8.389040197971937
0.1525 112.70618298699036
0.1575 -67.64508032325372
0.1625 -58.45385267719217
0.16749999999999998 185.1331603686288
0.1725 38.4174877724064
0.1775 -92.45800969355561
0.1825 86.59296494047861
0.1875 74.55454666736632
0.1925 -100.49239443784798
0.19749999999999998 -31.258543559408533
0.20249999999999999 129.834703396029
0.2075 0.4343869674547804
0.2125 -51.91532220884036
0.2175 -290.5622999613285
0.2225 51.42338571387647
0.22749999999999998 24.663548872385906
0.23249999999999998 -39.176204443452924
0.2375 67.6111902126165
0.2425 319.089992000898
0.2475 -295.82922506600744
0.2525 32.25950463699088
0.2575 4.257412614538058
0.2625 -70.09984995971398
0.2675 142.51422181078865
0.27249999999999996 -63.55949520405202
0.27749999999999997 194.2160663501941
0.2825 72.29933200907507
0.2875 -153.34891389303576
0.2925 -216.6815261265848
0.2975 214.5866476904913
0.3025 -13.957064817963179
0.3075 -104.8358501476037
0.3125 341.72568210013736
0.3175 -377.93094886595037
0.3225 -64.16785344128463
0.32749999999999996 -237.276040050046
0.33249999999999996 154.09238886993143
0.33749999999999997 179.59830161826537
0.34249999999999997 -109.58402512873948
0.3475 20.597744717339225
0.3525 66.4004803067558
0.3575 197.90127093326365
0.3625 -82.3884590264552
0.3675 -64.63942447380788
0.3725 193.71648650720772
0.3775 -4.361007501138011
0.3825 -56.237316488973796
0.38749999999999996 -283.0845786468676
0.39249999999999996 -52.12755666805411
0.39749999999999996 232.3455141043277
0.40249999999999997 -85.16318502453953
0.4075 17.884944088836885
0.4125 125.05739942570308
0.4175 -15.667486217088225
0.4225 -159.20767744835052
0.4275 -180.24785285163696
0.4325 48.287441354302395
0.4375 114.45796382429273
0.4425 -14.45879435669289
0.44749999999999995 139.5650918931374
0.45249999999999996 9.13116222318534
0.45749999999999996 17.182366096443477
0.46249999999999997 0.6235180858333541
0.46749999999999997 -62.97566957833857
0.4725 -202.20221274835646
0.4775 386.96156185704234
0.4825 291.5424512156619
0.4875 -55.93612565402837
0.4925 84.82750115884328
0.4975 -115.60622294371996
0.5025 -126.53192701453476
0.5075 30.856374000608405
0.5125 2.6992615060123124
0.5175 -186.89038880364038
0.5225 135.5568089749354
0.5275 -152.22762090860675
0.5325 152.2508629394899
0.5375 158.17257376183886
0.5425 -82.60546737081116
0.5475 -51.89461923219383
0.5525 -82.32459054877246
0.5575 -154.67176457150651
0.5625 193.56301307386317
0.5675 117.78514044331351
0.5725 -151.91541513636105
0.5775 -77.53632295909568
0.5825 84.84043959815595
0.5875 -80.77990684919203
0.5925 202.96610858476126
0.5974999999999999 -46.72991869328049
0.6024999999999999 10.67545538001214
0.6074999999999999 32.183181424565014
0.6124999999999999 37.31108830957904
0.6174999999999999 -86.81955898434701
0.6224999999999999 -149.13741337540063
0.6275 -33.96543831433406
0.6325 9.272435504870518
0.6375 82.9703654924443
0.6425 159.1629220243093
0.6475 12.054949363638787
0.6525 150.61558411099256
0.6575 -10.686825990177367
0.6625 -169.96660424872726
0.6675 -82.348280756414
0.6725 66.53657590340818
0.6775 -196.8023062570489
0.6825 52.461426444237865
0.6875 -53.840627257630324
0.6925 -54.40790041033832
0.6975 -51.684874877788
0.7025 24.30987227569566
0.7075 177.62614203158952
0.7125 -150.34328028136798
0.7174999999999999 -108.30437850555924
0.7224999999999999 14.389685658450517
0.7274999999999999 75.04742925478259
0.7324999999999999 -211.3703520542142
0.7374999999999999 149.0598502094696
0.7424999999999999 -1.7724553917000025
0.7474999999999999 286.04260578110586
0.7525 -302.6407799206276
0.7575 106.49092217761323
0.7625 -78.59175027651756
0.7675 -109.75127335238798
0.7725 14.377173026533653
0.7775 -77.51311329799603
0.7825 175.8870959408159
0.7875 186.952045082949
0.7925 -52.097239076204396
0.7975 93.45547483452116
0.8025 -318.863395358236
0.8075 -101.22508527663129
0.8125 372.32316704627215
0.8175 -268.9402780534583
0.8225 -140.32618708534798
0.8275 296.81093822818644
0.8325 -121.31935182900997
0.8374999999999999 150.69684068895734
0.8424999999999999 -126.72066364262513
0.8474999999999999 99.36178527182943
0.8524999999999999 17.34736422538605
0.8574999999999999 -107.20216698215913
0.8624999999999999 61.84715273722759
0.8674999999999999 160.4642877195348
0.8724999999999999 -29.35228858874762
0.8775 102.28226082553057
0.8825 -99.10387836395739
0.8875 39.32245323060859
0.8925 60.41687424767209
0.8975 14.183439872351222
0.9025 -112.59282058401479
0.9075 168.52045640702397
0.9125 -140.01219255360326
0.9175 67.74458345868548
0.9225 -0.5186907789400708
0.9275 -113.51977275710624
0.9325 -20.386706887438685
0.9375 97.92024183445075
0.9425 154.03777670289725
0.9475 93.68098011545852
0.9524999999999999 -136.76258090980022
0.9574999999999999 -44.79998877877839
0.9624999999999999 162.00812914682214
0.9674999999999999 18.25977118100961
0.9724999999999999 110.56295541062981
0.9774999999999999 -157.41873045380578
0.9824999999999999 -145.72077493174243
0.9874999999999999 153.55690054188125
0.9924999999999999 -74.38918970753117
0.9974999999999999 26.81611473652959
1.0025 245.80590617534776
1.0075 -296.884784494253
1.0125 -132.25357204774113
1.0174999999999998 162.71507442829684
1.0225 -25.709282887082125
1.0274999999999999 -1.9598606479637657
1.0325 230.8083207200129
1.0374999999999999 -101.1890127057138
1.0425 96.07284315682669
1.0474999999999999 -24.20141731611534
1.0525 -62.867265541954225
1.0574999999999999 -47.43798560091157
1.0625 89.05908794953643
1.0675 -189.06718989836546
1.0725 -99.3443611173983
1.0775 -110.53048351757975
1.0825 -46.57518165411948
1.0875 204.09238414732684
1.0925 -23.077966082951434
1.0975 111.20523428610035
1.1025 -121.61679776949157
1.1075 215.7142746257253
1.1125 2.5270939963648416
1.1175 0.8132394922149042
1.1225 32.11785051690789
1.1275 44.331572352715995
1.1324999999999998 -225.20426629406197
1.1375 220.7991010132809
1.1424999999999998 -155.30626259316696
1.1475 290.88239027595904
1.1524999999999999 94.44309324525068
1.1575 -187.5909593431195
1.1624999999999999 86.28211922547735
1.1675 -367.024278754165
1.1724999999999999 -33.579574408940275
1.1775 176.02924981877572
1.1824999999999999 237.03533676100696
1.1875 -51.799433120569844
1.1925 -298.29095394274884
1.1975 313.6377372536332
1.2025 5.686773828643536
1.2075 70.15316509847233
1.2125 -160.90146625185432
1.2175 -184.58138293392136
1.2225 150.16859898170517
1.2275 113.5484276473943
1.2325 -147.01958591417755
1.2375 77.11026357898918
1.2425 -44.24933826650284
1.2475 -97.81601557259216
1.2525 -59.49783688139718
1.2574999999999998 -15.038277957546285
1.2625 49.064163651622515
1.2674999999999998 -83.7394267436286
1.2725 155.0985268471517
1.2774999999999999 -62.937148125565294
1.2825 133.40218355042109
1.2874999999999999 72.04116561659714
1.2925 69.94880676023634
1.2974999999999999 147.58036872791925
1.3025 -62.41447543149448
1.3074999999999999 -155.81526217473316
1.3125 173.48793785555898
1.3175 -377.4368056991608
1.3225 -20.679469341319756
1.3275 124.96943835502145
1.3325 3.4237872642872325
1.3375 124.11935204877503
1.3425 3.641823020307768
1.3475 -334.4560553338003
1.3525 418.3581028036755
1.3575 -76.03552584353325
1.3625 58.355523012204145
1.3675 -135.4697458367844
1.3724999999999998 126.58421053092503
1.3775 -128.9672997819538
1.3824999999999998 248.5977744738948
1.3875 -168.99521612638986
1.3924999999999998 -21.77268282152066
1.3975 102.2053147908376
1.4024999999999999 -288.38328140484987
1.4075 180.79639994067597
1.4124999999999999 -141.47996485810663
1.4175 58.88203938367944
1.4224999999999999 150.00188249096348
1.4275 -284.4507372007881
1.4324999999999999 -25.93590795199305
1.4375 -158.9726013821797
1.4425 -122.54533079859458
1.4475 116.47335891495116
1.4525 -286.0951153596426
1.4575 272.88474565410985
1.4625 -55.46263677762564
1.4675 322.7572745138424
1.4725 -249.90677851693235
1.4775 90.91113563862574
1.4825 -80.36736369587504
1.4874999999999998 -48.81479907697944
1.4925 187.92137219748648
1.4974999999999998 -72.59790352324758
1.5025 -22.72707631408443
1.5074999999999998 -26.1622995860263
1.5125 236.00234617741555
1.5174999999999998 -44.93447864995144
1.5225 45.05254282977103
1.5274999999999999 -40.20930239998467
1.5325 169.87563265659665
1.5374999999999999 -0.7002205247471
1.5425 70.1368241475277
1.5474999999999999 -140.53466401798727
1.5525 101.44416581346852
1.5574999999999999 -69.11179653067464
1.5625 -0.09035985585644332
1.5675 85.99500240395645
1.5725 -129.08685514295794
1.5775 167.7120482365793
1.5825 -146.41681422787101
1.5875 -48.00483366993843
1.5925 -92.57094549962845
1.5975 69.37927015699707
1.6025 17.22654321900597
1.6075 306.10104082534485
1.6124999999999998 -120.45453174472759
1.6175 -154.0985175489387
1.6224999999999998 17.34709434560582
1.6275 12.168633227512977
1.6324999999999998 -60.09828978589622
1.6375 234.8624134610763
1.6424999999999998 -219.910359922169
1.6475 -92.26059348961766
1.6524999999999999 -66.6109762717441
1.6575 73.5203984034695
1.6624999999999999 139.97333749715054
1.6675 150.33428424483222
1.6724999999999999 -416.3810449845185
1.6775 178.99698999341246
1.6824999999999999 201.26798000566964
1.6875 36.430549142631556
1.6925 34.48420169501413
1.6975 -44.46092608665761
1.7025 44.82199602084745
1.7075 -243.23275813531595
1.7125 -117.68318378356086
1.7175 121.97824982502797
1.7225 -46.12201705421335
1.7274999999999998 -94.7184656250824
1.7325 84.22661507821722
1.7374999999999998 136.38405142495253
1.7425 138.65859505469032
1.7474999999999998 -183.79742520048453
1.7525 -247.71336593355997
1.7574999999999998 236.26230580326504
1.7625 -0.8714698378531595
1.7674999999999998 91.18882680026498
1.7725 17.06843366947575
1.7774999999999999 196.47280633584393
1.7825 -93.41253539563141
1.7874999999999999 -109.18997920133472
1.7925 -30.411353954030908
1.7974999999999999 57.45182971280998
1.8025 -29.95711325620049
1.8074999999999999 -249.55086827359688
1.8125 74.56478551936979
1.8175 -84.22725668416963
1.8225 230.56361015704553
1.8275 -276.53460480213
1.8325 75.25055780441497
1.8375 187.72511209484009
1.8425 -143.71805563776314
1.8475 159.33572199478743
1.8524999999999998 3.579929823132541
1.8575 267.4338934658784
1.8624999999999998 -234.28868049700267
1.8675 74.79221890777656
1.8724999999999998 -119.11997966914251
1.8775 3.01369423054256
1.8824999999999998 -48.03674527624824
1.8875 48.85932542476705
1.8924999999999998 177.45121072140387
1.8975 -163.46189826325045
1.9024999999999999 -33.21041686460799
1.9075 175.01710300723062
1.9124999999999999 -65.2442338774604
1.9175 8.337131697366006
1.9224999999999999 186.10064056332456
1.9275 -146.3843962844601
1.9324999999999999 251.29027753755116
1.9375 -64.33484915430505
1.9425 273.2024137615271
1.9475 -111.84051997249237
1.9525 -119.33305559469444
1.9575 -29.04246739055226
1.9625 20.105397810364362
1.9674999999999998 -151.4919875775536
1.9725 110.92209315823123
1.9774999999999998 22.597224006526393
1.9825 -287.99354184290956
1.9874999999999998 240.86037301903218
1.9925 -271.1366326027626
1.9974999999999998 139.60303506910404
2.0025 225.11254730205243
2.0075 -66.36754207828832
2.0124999999999997 59.66602652624884
2.0175 -0.6240170542032352
2.0225 -58.715611260338214
2.0275 -127.23221096300398
2.0324999999999998 -35.81540798832862
2.0375 166.72672854102322
2.0425 -25.237519872794206
2.0475 40.177279473199924
2.0524999999999998 87.70604126328077
2.0575 61.09750342150811
2.0625 -26.245953106983123
2.0675 79.08321675169842
2.0725 -17.298504405729954
2.0775 35.02266277976588
2.0825 -109.95708596236027
2.0875 35.15426252929439
2.0925 -67.57151670066254
2.0974999999999997 76.16284225488232
2.1025 -57.838241503106225
2.1075 -190.76597692622363
2.1125 -30.618777947615406
2.1174999999999997 85.40617367292664
2.1225 -226.9589202786102
2.1275 50.741306215838776
2.1325 -72.71248150370229
2.1374999999999997 31.712619250293848
2.1425 158.23230943399383
2.1475 -143.10112940832684
2.1525 165.7815592853896
2.1574999999999998 -73.19958147930875
2.1625 -134.8583845784185
2.1675 3.6910032481866124
2.1725 168.1332198451712
2.1774999999999998 -307.1213592966227
2.1825 297.7681648334163
2.1875 -11.471542571343406
2.1925 -82.14023673673273
2.1975 -158.06842727307472
2.2024999999999997 -125.22775238529236
2.2075 72.33676305822324
2.2125 -103.48647624751368
2.2175 65.18069712426619
2.2224999999999997 83.02965154041156
2.2275 -90.46801514568422
2.2325 468.47778969781
2.2375 -354.71437089622594
2.2424999999999997 -45.70636719118832
2.2475 16.774293657613587
2.2525 12.729403409144055
2.2575 -32.9586869601456
2.2624999999999997 -34.24837782187492
2.2675 -71.95616309149264
2.2725 55.40785289283758
2.2775 -54.940029781221334
2.2824999999999998 37.14837382938628
2.2875 236.39529508496284
2.2925 126.26534164928323
2.2975 83.13490143088076
2.3024999999999998 -120.67361412374758
2.3075 -17.26218748242244
2.3125 -136.94625416687975
2.3175 82.90269677257345
2.3225 18.429592095178908
2.3274999999999997 15.099352501843553
2.3325 167.57335601747783
2.3375 -241.6256847045034
2.3425 21.528584027723586
2.3474999999999997 -90.80722547559797
2.3525 -0.4812997314755562
2.3575 12.080270166227457
2.3625 103.16745163563301
2.3674999999999997 62.3329604215997
2.3725 -65.27979840067853
2.3775 35.76765308359919
2.3825 -209.34518234161797
2.3874999999999997 139.26132437079247
2.3925 -2.592775708260911
2.3975 -7.421247095369132
2.4025 -161.32204895408037
2.4074999999999998 101.44218362477551
2.4125 90.09055978499354
2.4175 31.621938854630166
2.4225 -84.72869752653766
2.4274999999999998 -87.93736507859258
2.4325 103.54307948519366
2.4375 54.33467463091425
2.4425 -91.24084662134584
2.4475 20.136587017847535
2.4524999999999997 63.47389870657893
2.4575 119.41992714583425
2.4625 66.60157719192856
2.4675 -167.30094376223704
2.4724999999999997 224.81395026048972
2.4775 2.5043317225166692
2.4825 -88.72252957334804
2.4875 -218.15077790125346
2.4924999999999997 20.943566180777193
2.4975 -26.28250964563915
2.5025 -25.85370159721027
2.5075 19.111661510555393
2.5124999999999997 101.38952298724917
2.5175 208.9560512263397
2.5225 -63.36385275898167
2.5275 -69.924930228963
2.5324999999999998 151.93737027097376
2.5375 11.576842266540455
2.5425 -132.0514451192141
2.5475 299.3180229613135
2.5524999999999998 -59.92875159744257
2.5574999999999997 -19.73487826791643
2.5625 -45.790349936528436
2.5675 -66.51030644246964
2.5725 -143.90928454180545
2.5774999999999997 194.35312975073901
2.5825 22.062474393779087
2.5875 -190.11717014441612
2.5925 69.7446384299977
2.5974999999999997 71.4999107300444
2.6025 -76.24496676411499
2.6075 131.30531608324128
2.6125 -254.1894250882985
2.6174999999999997 20.38076755850637
2.6225 6.354843000147817
2.6275 8.756580141325038
2.6325 78.61264747186502
2.6374999999999997 4.827463976285488
2.6425 -8.579748487996447
2.6475 77.75805966036181
2.6525 -75.67378351262131
2.6574999999999998 -153.2903072157683
2.6625 -174.6163835094632
2.6675 232.87974974807375
2.6725 -157.37859113277233
2.6774999999999998 -26.121509711295428
2.6824999999999997 207.4193033870935
2.6875 0.9561323486465447
2.6925 -215.34559042368426
2.6975 -23.58055644738678
2.7024999999999997 180.06738004587547
2.7075 -180.70262783593557
2.7125 19.288055777053422
2.7175 -209.5175272271522
2.7224999999999997 475.4707803469144
2.7275 -215.62539930603683
2.7325 -81.11687024242751
2.7375 437.1167326131052
2.7424999999999997 57.359563197755335
2.7475 -266.9780975710112
2.7525 137.93776182025394
2.7575 -121.51772044145565
2.7624999999999997 -2.8369115101945996
2.7675 -4.415106620262345
2.7725 -5.05626386957653
2.7775 314.6748285361378
2.7824999999999998 -74.91398969097463
2.7875 -108.15248079643126
2.7925 2.2234608217798213
2.7975 82.86182302918098
2.8024999999999998 -97.88929382132993
2.8074999999999997 85.9835913973541
2.8125 -32.15355863169607
2.8175 -184.50470746982717
2.8225 101.27431376312028
2.8274999999999997 120.98665795758292
2.8325 -49.968451778684404
2.8375 122.72831468455338
2.8425 -55.898949089275604
2.8474999999999997 116.92203207581369
2.8525 126.00765251373505
2.8575 -84.78103446622912
2.8625 -145.85147253803675
2.8674999999999997 -119.23810870366553
2.8725 65.54335528319878
2.8775 162.80332419534017
2.8825 -13.490482548047346
2.8874999999999997 122.89081033974638
2.8925 -190.97936169701163
2.8975 8.866275547852322
2.9025 -26.51497785122332
2.9074999999999998 -48.92104065392533
2.9125 -159.9349008325034
2.9175 173.1695212955869
2.9225 -33.29339999550615
2.9274999999999998 -123.48332712074217
2.9324999999999997 240.25350194965728
2.9375 -92.22476487633666
2.9425 -20.33440376496005
2.9475 65.77464452468695
2.9524999999999997 -134.74117908605666
2.9575 -140.30842048229272
2.9625 88.81169108929295
2.9675 -65.34436388138217
2.9724999999999997 8.299331290566391
2.9775 -168.17361246633968
2.9825 -47.36747500155824
2.9875 295.62881906517697
2.9924999999999997 168.42047147499773
2.9975 -125.11464874320801
3.0025 -237.70176750828722
3.0075 88.31782997384856
3.0124999999999997 23.21815428607118
3.0175 101.36234013260295
3.0225 -181.15563311992562
3.0275 169.61384647360475
3.0324999999999998 -188.7211869963697
3.0374999999999996 62.87809890911228
3.0425 -70.31271194534015
3.0475 171.91261365168884
3.0524999999999998 50.40207950776855
3.0574999999999997 -167.61512797301796
3.0625 -70.7687567980544
3.0675 64.98750320330628
3.0725 286.9331380002375
3.0774999999999997 -76.53477185667931
3.0825 13.978276237062556
3.0875 12.64824999341607
3.0925 166.2466159647779
3.0974999999999997 224.50838213604203
3.1025 -102.5169320185748
3.1075 0.17472340669825429
3.1125 61.35419448873203
3.1174999999999997 -130.72581642908062
3.1225 -71.32603946447574
3.1275 96.94461800751779
3.1325 154.305740481429
3.1374999999999997 -156.53480377585765
3.1425 -226.28816599409018
3.1475 71.74212645116236
3.1525 -42.10472112507691
3.1574999999999998 -100.16297609902415
3.1624999999999996 130.96518413558948
3.1675 -42.86821036542079
3.1725 26.325337237716003
3.1774999999999998 57.19753295688837
3.1824999999999997 -211.73489371347551
3.1875 249.0410386570947
3.1925 -109.46005767413664
3.1975 -1.397831992311182
3.2024999999999997 -85.15934670509084
3.2075 209.16717037545237
3.2125 -107.23337605889967
3.2175 -237.2300933793194
3.2224999999999997 252.70701295708201
3.2275 130.32474639024323
3.2325 -71.70336245117376
3.2375 -74.68590224748951
3.2424999999999997 -90.24097711725689
3.2475 50.36245921762705
3.2525 -93.05558510852075
3.2575 12.57060356740171
3.2624999999999997 -74.01689693255356
3.2675 84.96079361119618
3.2725 313.75903841180167
3.2775 -13.589923575601832
3.2824999999999998 -223.0535645873276
3.2874999999999996 115.75103956533293
3.2925 86.33772630280814
3.2975 -219.5916849302669
3.3024999999999998 -28.22027278457664
3.3074999999999997 128.45851468309937
3.3125 -143.0280989660718
3.3175 226.75275607489212
3.3225 -61.919363539721004
3.3274999999999997 -129.97456086154386
3.3325 218.93647051034236
3.3375 -89.73680989574476
3.3425 14.624735814813645
3.3474999999999997 -42.225544631562215
3.3525 -67.28782318112235
3.3575 158.7722205797783
3.3625 -184.92483791617576
3.3674999999999997 154.25112634062754
3.3725 -18.220541635110504
3.3775 146.47843734788927
3.3825 79.30312074424732
3.3874999999999997 -18.302410870440852
3.3924999999999996 -89.84710137999238
3.3975 83.95104321630514
3.4025 -175.83829836062156
3.4074999999999998 -118.65123584443158
3.4124999999999996 214.2244303395859
3.4175 -188.46770203448477
3.4225 -190.6666082701363
3.4274999999999998 125.4675822165151
3.4324999999999997 366.96612893823203
3.4375 -219.74448820382565
3.4425 -131.35890070702644
3.4475 -2.5982640971606323
3.4524999999999997 158.99809219192397
3.4575 -293.7869954248365
3.4625 134.68498438530875
3.4675 -46.591990519495376
3.4724999999999997 -98.2755374466534
3.4775 0.4896256082255199
3.4825 77.59323140699031
3.4875 -29.779472358284668
3.4924999999999997 65.59107176525838
3.4975 -119.12644268787999
3.5025 132.06010337837498
3.5075 84.88699471554452
3.5124999999999997 -159.70341977373113
3.5174999999999996 168.7599872782951
3.5225 3.939294751348567
3.5275 -7.386005612063473
3.5324999999999998 -68.16595145712232
3.5374999999999996 -135.4900801137019
3.5425 106.1634152350291
3.5475 231.07186628626735
3.5524999999999998 95.76171927222263
3.5574999999999997 -265.1833972956609
3.5625 80.45726747990393
3.5675 -51.8451926781577
3.5725 268.6031067567354
3.5774999999999997 53.908741900875256
3.5825 -229.53201357949595
3.5875 -90.57584205251415
3.5925 116.70033925797355
3.5974999999999997 -233.66095789209686
3.6025 77.08755407051979
3.6075 -228.0997406638903
3.6125 56.46132854916713
3.6174999999999997 152.07059456256306
3.6225 -45.288059453136064
3.6275 261.7938187080508
3.6325 -54.617896617449844
3.6374999999999997 -106.93848654180678
3.6424999999999996 -15.57480067123878
3.6475 7.672683994077934
3.6525 -208.06558979966138
3.6574999999999998 -267.14746312061953
3.6624999999999996 170.96933632190303
3.6675 146.84212805028136
3.6725 162.28506185548562
3.6774999999999998 -49.11459287943988
3.6824999999999997 244.0362405721219
3.6875 -94.14412756975116
3.6925 -16.920155191627742
3.6975 2.0118230982088456
3.7024999999999997 111.24951878160317
3.7075 -75.3850700449506
3.7125 -106.19035084242664
3.7175 42.13409157179834
3.7224999999999997 231.3263466354427
3.7275 -320.10611335473067
3.7325 12.53889091683431
3.7375 -29.044926309837063
3.7424999999999997 240.4208141233659
3.7474999999999996 -139.27828850586152
3.7525 -9.833911012241222
3.7575 -150.4397875012287
3.7624999999999997 242.579677489412
3.7674999999999996 -276.1980732691767
3.7725 316.1595681337379
3.7775 -34.943242331714934
3.7824999999999998 156.5800398903613
3.7874999999999996 -132.42804491757852
3.7925 -34.00933197101816
3.7975 -131.05747986239996
3.8024999999999998 127.20496586889602
3.8074999999999997 -395.5491380429258
3.8125 150.67155436150392
3.8175 27.127327045908068
3.8225 149.79339661057915
3.8274999999999997 72.81503108314762
3.8325 53.14318125755704
3.8375 -209.506096482877
3.8425 -162.10867344449719
3.8474999999999997 225.63101754539443
3.8525 132.61336120433913
3.8575 -0.38667390659180584
3.8625 -191.0070244402773
3.8674999999999997 -134.78159081987164
3.8724999999999996 103.41898472260091
3.8775 -37.06267759087302
3.8825 114.35849990103773
3.8874999999999997 -157.7495706945824
3.8924999999999996 60.52720362825161
3.8975 11.658923879230768
3.9025 216.60885859434146
3.9074999999999998 -128.63148179877047
3.9124999999999996 106.75993728328987
3.9175 36.58917345066994
3.9225 -135.7377923819577
3.9274999999999998 75.89667921003775
3.9324999999999997 -131.83262117212405
3.9375 -76.94851637635101
3.9425 93.74330458078573
3.9475 66.10396624760212
3.9524999999999997 43.596092843926634
3.9575 104.22962226319501
3.9625 -1.8303859878797688
3.9675 -151.20666609475595
3.9724999999999997 -125.7405613377204
3.9775 373.8139345291635
3.9825 151.9840769736899
3.9875 -110.23644272041982
3.9924999999999997 -163.78252547547885
3.9974999999999996 -71.5789388425031
4.0024999999999995 78.21811834978064
4.007499999999999 -284.2500066468237
4.0125 206.44371653540102
4.0175 -68.22554712338449
4.0225 -137.05893969926072
4.0275 235.00362854952266
4.0325 -172.95304067081094
4.0375 86.44979365127516
4.0424999999999995 -116.29510193847317
4.047499999999999 91.41622742413477
4.0525 -31.946830950313917
4.0575 182.01969011287915
4.0625 -210.43782096209685
4.0675 291.5329239725572
4.0725 -200.3865984348445
4.0775 173.1993493931497
4.0825 7.211612219255427
4.0874999999999995 58.70535352596103
4.0925 139.44868673051388
4.0975 -144.5595784256784
4.1025 -245.2495040723049
4.1075 97.40855937680506
4.1125 93.2703957287961
4.1175 -242.20486145033607
4.1225 192.47442699237573
4.1274999999999995 12.234081508531364
4.132499999999999 -98.55634321306981
4.1375 62.691387876147154
4.1425 -6.68658854218623
4.1475 -32.656939259656575
4.1525 -9.711983248751677
4.1575 67.34278838933173
4.1625 -151.58344274266923
4.1674999999999995 83.36703225384352
4.172499999999999 74.94638125169615
4.1775 119.5520021785252
4.1825 -237.23022180577746
4.1875 -33.735490181924426
4.1925 70.44305203658679
4.1975 73.87437843398382
4.2025 44.07358070443513
4.2075 77.76509199582482
4.2124999999999995 -1.383272333445968
4.2175 88.12944970944166
4.2225 -92.55740992991954
4.2275 -17.89085117957019
4.2325 -24.148000857302968
4.2375 64.94463468845434
4.2425 -85.45524902797035
4.2475 -81.29177418304018
4.2524999999999995 -61.962076390126306
4.257499999999999 15.111764471628833
4.2625 -186.64031038316222
4.2675 433.40086858169207
4.2725 -314.708599431231
4.2775 149.87695381169243
4.2825 14.060030467552378
4.2875 89.92178294437433
4.2924999999999995 -200.95577344391702
4.297499999999999 -182.2151033377754
4.3025 226.93231100073731
4.3075 23.485288490212678
4.3125 31.46315611887097
4.3175 150.0590859512751
4.3225 -50.89131358224476
4.3275 -18.601522670511766
4.3325 80.52031302821295
4.3374999999999995 -89.25282978829492
4.342499999999999 -173.7637596622017
4.3475 88.83971147919083
4.3525 -102.30604689246995
4.3575 68.13474708452716
4.3625 233.6323455035977
4.3675 -86.6119719061845
4.3725 -2.0784470064229184
4.3774999999999995 -31.90608601168492
4.382499999999999 185.8335064249753
4.3875 -114.37053646028524
4.3925 51.631179690138715
4.3975 -159.9040766074875
4.4025 128.54704669886456
4.4075 -188.04984178237234
4.4125 19.371995773883736
4.4174999999999995 151.86305334364985
4.422499999999999 -136.75420114920334
4.4275 16.83580955272405
4.4325 117.24432608517093
4.4375 -134.02393445661113
4.4425 13.133083722320947
4.4475 53.29011583015618
4.4525 -144.46176562455034
4.4575 202.04463308955025
4.4624999999999995 -50.91877513283175
4.467499999999999 91.65539834604522
4.4725 123.14267557885236
4.4775 -3.395993561562151
4.4825 14.926925178629013
4.4875 111.06350628132861
4.4925 113.51024268493515
4.4975 -74.01744550827456
4.5024999999999995 183.42998453762587
4.507499999999999 17.643205756233165
4.5125 -253.3556318362439
4.5175 148.25058430555472
4.5225 -146.52728914089175
4.5275 -235.78484333856224
4.5325 27.58915122081997
4.5375 110.30186389503417
4.5424999999999995 87.92143717134864
4.547499999999999 -126.97435405723652
4.5525 -85.82825828047275
4.5575 20.011451487764912
4.5625 -43.5516736059104
4.5675 282.62224629267183
4.5725 -200.80478945745796
4.5775 -12.71075657167152
4.5825 -0.3491983818874538
4.5874999999999995 212.43103169796845
4.592499999999999 -68.3089951093746
4.5975 95.28675270204519
4.6025 -186.50542496902509
4.6075 -93.24306010456195
4.6125 -171.76595300920485
4.6175 234.64274421524993
4.6225 -134.67302782942855
4.6274999999999995 145.7095055100467
4.632499999999999 -79.28372282253025
4.6375 102.63711339276975
4.6425 -25.957918878427712
4.6475 92.4133330762853
4.6525 104.16684462089897
4.6575 -87.8684580993668
4.6625 -82.5864752556481
4.6674999999999995 -107.7353587661799
4.672499999999999 164.91146924245376
4.6775 57.501755498384966
4.6825 -164.36259028500572
4.6875 -161.92667183672435
4.6925 263.5447556940462
4.6975 94.41574472573693
4.7025 -35.43985376028777
4.7075 7.978688979018204
4.7124999999999995 -22.609011344757928
4.717499999999999 -134.5859244264249
4.7225 102.83084575744526
4.7275 158.1842213573465
4.7325 -362.2591939823528
4.7375 83.14347185739744
4.7425 238.25526968664133
4.7475 -117.44957368780953
4.7524999999999995 166.55249357593598
4.757499999999999 -289.9918591095033
4.7625 -71.27141584959129
4.7675 78.50826228884378
4.7725 -94.59197030092426
4.7775 -96.03821775208323
4.7825 181.9994889994612
4.7875 4.4244775409979615
4.7924999999999995 227.3777268534479
4.797499999999999 -1.991499348050188
4.8025 -140.81829200845357
4.8075 153.55106687529096
4.8125 -111.99044233532058
4.8175 -71.69859593476275
4.8225 -23.38981894560644
4.8275 70.08639807773798
4.8325 -5.048620916307495
4.8374999999999995 181.5359923857357
4.842499999999999 10.639244645384608
4.8475 -150.97305784118743
4.8525 -22.740944792542233
4.8575 79.02213812828208
4.8625 -142.5350250548133
4.8675 137.9460634854585
4.8725 99.65011188111212
4.8774999999999995 -198.37474454586604
4.882499999999999 -53.642511484773976
4.8875 146.60829228713703
4.8925 117.55741427942601
4.8975 -226.13180388653043
4.9025 -100.82026350093685
4.9075 -64.42636353243927
4.9125 292.97113371699
4.9174999999999995 -457.8828071785656
4.922499999999999 129.28012663297218
4.9275 19.83868079483486
4.9325 245.10351319074127
4.9375 19.535692252645426
4.9425 -261.21487920904593
4.9475 150.60804984650872
4.9525 14.253390184964314
4.9575 -220.46090809461077
4.9624999999999995 -6.208595528837023
4.967499999999999 20.50305954785241
4.9725 -223.9629302307325
4.9775 109.58824438527434
4.9825 26.395916524170875
4.9875 45.073776091895034
4.9925 251.04025997489762
4.9975 58.12018289811868
5.0024999999999995 255.15964583728265
5.007499999999999 -161.88931082341873
5.0125 -26.2609286715116
5.0175 -187.03389971240145
5.0225 98.69853775063568
5.0275 1.7461235597152402
5.0325 19.606911895000092
5.0375 155.8286868187206
5.0424999999999995 -143.47955908634205
5.047499999999999 143.12212417357046
5.0525 -260.48852874197934
5.0575 124.08993328381922
5.0625 -154.45546563200924
5.0675 -155.61791494573782
5.0725 466.469622668369
5.0775 -284.520899563856
5.0825 269.02839717355533
5.0874999999999995 -218.70122733598677
5.092499999999999 153.79531908015034
5.0975 160.97650899920154
5.1025 -230.91775779329856
5.1075 -124.91771206603214
5.1125 53.22957292007738
5.1175 86.06095682469919
5.1225 -21.47998172713009
5.1274999999999995 -129.43343809403882
5.132499999999999 86.67098312247722
5.1375 -364.2009857252694
5.1425 248.3016573393423
5.1475 -7.657406508946952
5.1525 -3.07013198428368
5.1575 89.40915485482194
5.1625 -32.46642571467094
5.1674999999999995 -148.3033233674346
5.172499999999999 151.5768662158648
5.177499999999999 229.0386287012015
5.1825 308.6162343043724
5.1875 -218.49908757797235
5.1925 48.34156929042911
5.1975 240.4672406827119
5.2025 -116.2305836965999
5.2075 -40.93450377880156
5.2124999999999995 68.38026133263722
5.217499999999999 -97.43154929181354
5.2225 230.26176718938882
5.2275 -290.70620496562435
5.2325 -68.35191402108455
5.2375 -176.00972636545927
5.2425 154.67166351462149
5.2475 91.93994394092275
5.2524999999999995 -199.07384765516034
5.257499999999999 67.33040642080921
5.2625 41.4094950210701
5.2675 119.10807178307402
5.2725 -237.25289618118921
5.2775 -223.97645211565495
5.2825 81.88442623288731
5.2875 -142.50812839642356
5.2924999999999995 178.82879791424782
5.297499999999999 118.03080828341452
5.302499999999999 41.173258762152614
5.3075 -169.494821365182
5.3125 280.80378251712153
5.3175 39.05878739613414
5.3225 22.2472119061792
5.3275 23.23881101077097
5.3325 -295.1965680428868
5.3374999999999995 138.97930552700214
5.342499999999999 -47.435893144419516
5.3475 28.869237730935993
5.3525 -178.4905482168721
5.3575 273.4648475046694
5.3625 -128.91080319349953
5.3675 110.79195215431152
5.3725 -89.61061195252438
5.3774999999999995 163.9282431218579
5.382499999999999 -226.4323912750243
5.3875 265.03484841169467
5.3925 -53.63946346174657
5.3975 43.11946620387723
5.4025 15.493326057781129
5.4075 -30.712480312578318
5.4125 -152.82319702889575
5.4174999999999995 -16.917906544351133
5.422499999999999 133.89949356102866
5.427499999999999 8.143826982269106
5.4325 7.828411469663014
5.4375 -80.46102395380251
5.4425 -7.17726051024226
5.4475 23.22620863823484
5.4525 33.740481576221555
5.4575 17.804830058961667
5.4624999999999995 -201.0138914821967
5.467499999999999 62.697565307206396
5.4725 49.34022882377159
5.4775 -134.48316418021793
5.4825 243.7180902733567
5.4875 89.3379754773199
5.4925 -198.15608797424184
5.4975 182.44623069744998
5.5024999999999995 -37.87784163777618
5.507499999999999 250.27567799119203
5.5125 -78.84665653177706
5.5175 -301.31253559408685
5.5225 -145.22338110181744
5.5275 -7.971257613602221
5.5325 229.21306383918767
5.5375 -116.95067111017121
5.5424999999999995 42.921621034515795
5.547499999999999 -35.79347838110614
5.552499999999999 84.55586393622343
5.5575 55.10900005103458
5.5625 -45.31872613862642
5.5675 -90.35019913420469
5.5725 100.31455116299313
5.5775 93.97605990371777
5.5825 -71.12758821697305
5.5874999999999995 -324.0585582319333
5.592499999999999 -153.13871583532313
5.5975 257.7379528660422
5.6025 73.92700130676278
5.6075 3.312815751417358
5.6125 306.9791843651452
5.6175 -149.1672086755304
5.6225 -80.18381202286031
5.6274999999999995 -70.12352332454132
5.632499999999999 -20.710759605687972
5.6375 -24.000297798411047
5.6425 219.47837305573387
5.6475 175.54538050546284
5.6525 -164.92987475397953
5.6575 -53.27354121806101
5.6625 -101.48659628356745
5.6674999999999995 50.691828080684246
5.672499999999999 -64.64759784413889
5.677499999999999 130.6369355828438
5.6825 0.62268068216618
5.6875 -54.46084092806583
5.6925 -90.638464688286
5.6975 79.037381730408
5.7025 -230.79008370242116
5.7075 181.7918858535994
5.7124999999999995 73.6105400922486
5.717499999999999 174.6514877501502
5.7225 34.43251300629161
5.7275 22.729500889818457
5.7325 -67.93597414585298
5.7375 -142.431838869626
5.7425 -63.85396891416999
5.7475 79.56900456681318
5.7524999999999995 -167.12169911260915
5.757499999999999 243.47560625147236
5.7625 -311.2194773117521
5.7675 242.95187210236324
5.7725 98.08917144465791
5.7775 92.3209741889217
5.7825 -172.33710652260476
5.7875 -81.23398227690838
5.7924999999999995 62.36793373572345
5.797499999999999 -65.9225801920535
5.802499999999999 54.77387410355781
5.8075 -61.94241082556526
5.8125 -44.45211597900016
5.8175 -81.99991635699709
5.8225 55.39537420971803
5.8275 191.58673699813585
5.8325 -166.5777875352896
5.8374999999999995 -139.78527589747196
5.842499999999999 60.82705493313233
5.8475 90.75278607899357
5.8525 167.27535505363542
5.8575 -85.48696233646018
5.8625 -70.48495774775664
5.8675 -75.58625351271495
5.8725 -5.082039428147877
5.8774999999999995 17.10747399688438
5.882499999999999 102.92150996821722
5.8875 68.30855706462161
5.8925 -33.008966707987184
5.8975 135.8818979210098
5.9025 -162.3145702027481
5.9075 -86.535825693396
5.9125 166.9688095196278
5.9174999999999995 -165.13581947477547
5.922499999999999 73.40962268831439
5.927499999999999 -226.8674993254609
5.9325 62.3685445509062
5.9375 170.13380747048166
5.9425 157.2618849048454
5.9475 146.77069964914008
5.9525 -62.83812642075869
5.9575 -132.42337682636287
5.9624999999999995 -130.36404225472316
5.967499999999999 211.78119566231354
5.9725 -25.45206390290146
5.9775 -242.21234150201178
5.9825 319.5852304769468
5.9875 -13.630307512194236
5.9925 -227.98898402848556
5.9975 160.16796274728716
6.0024999999999995 146.1841960159731
6.007499999999999 -213.80003931917392
6.012499999999999 85.58356350764369
6.0175 -63.689861743780284
6.0225 177.7093581657158
6.0275 -60.82811708310112
6.0325 208.46978628587965
6.0375 -375.34817726297035
6.0424999999999995 123.25772736214404
6.047499999999999 9.944675542715045
6.052499999999999 -11.003025483149424
6.0575 91.53198084880052
6.0625 -300.9358809249918
6.0675 123.93593932897724
6.0725 -17.041324633726035
6.0775 241.18784390746723
6.0825 -217.88916379787273
6.0874999999999995 -61.74319151941937
6.092499999999999 151.88298245548773
6.0975 209.85124100992815
6.1025 12.944890636845006
6.1075 -286.7229973133606
6.1125 12.970864624820832
6.1175 10.288941743323951
6.1225 -25.987952510957225
6.1274999999999995 205.25153622523607
6.132499999999999 -22.25417575191739
6.137499999999999 18.02686558859488
6.1425 22.15755760633523
6.1475 -232.61619023386382
6.1525 212.3388893986683
6.1575 -178.38423472900476
6.1625 36.288072751097246
6.1674999999999995 -21.441457071097
6.172499999999999 -20.953774044634287
6.177499999999999 -88.38409874992769
6.1825 67.06691072507482
6.1875 -135.39822295798237
6.1925 143.66134996156103
6.1975 -218.08134346561667
6.2025 70.76674618711247
6.2075 338.5016203475126
6.2124999999999995 22.687111210910103
6.217499999999999 -38.116436417015855
6.2225 -31.96478394279321
6.2275 87.48056493093026
6.2325 -332.66265846857334
6.2375 284.7667600415881
6.2425 -370.3972739464155
6.2475 49.50185108694057
6.2524999999999995 80.19810992728728
6.257499999999999 -147.51138615340645
6.262499999999999 255.36409635559093
6.2675 -19.435724410154265
6.2725 99.29501186924753
6.2775 -251.45154143037323
6.2825 108.01300788657596
6.2875 -41.28308127929311
6.2924999999999995 -58.635315446495966
6.297499999999999 77.72146713334894
6.302499999999999 72.29510893659011
6.3075 68.14109942426406
6.3125 6.823062378442836
6.3175 -124.4263581284827
6.3225 1.9800584717695813
6.3275 87.35064643637591
6.3325 -56.63565371541933
6.3374999999999995 -34.35580043537246
6.342499999999999 61.69176264426391
6.3475 -61.82480653352329
6.3525 -167.7943122911591
6.3575 -229.75099200677224
6.3625 190.10701563806802
6.3675 -11.816595120839022
6.3725 -9.973201940752782
6.3774999999999995 80.09465708613966
6.382499999999999 61.929373105758096
6.387499999999999 -8.545785347969638
6.3925 -293.2017859908789
6.3975 242.74230505805193
6.4025 -152.74126068547767
6.4075 -168.64466025315542
6.4125 216.06832130378166
6.4174999999999995 18.09133172301179
6.422499999999999 67.09518191500248
6.427499999999999 94.37661590776165
6.4325 -423.08472733828444
6.4375 59.023314606235786
6.4425 302.3591608305049
6.4475 -209.19568328608034
6.4525 162.35964440254207
6.4575 -107.83233311096495
6.4624999999999995 77.23693470002026
6.467499999999999 -375.9449535653537
6.4725 413.09997477978993
6.4775 181.8877342957323
6.4825 -143.77710312305777
6.4875 375.105799429766
6.4925 -319.22214124723894
6.4975 18.047689754552763
6.5024999999999995 167.0825645049165
6.507499999999999 -21.21004318620472
6.512499999999999 -152.31300976576136
6.5175 -20.04725944228163
6.5225 313.24071606942175
6.5275 -85.89802378267564
6.5325 -161.54140325244012
6.5375 173.20973996206524
6.5424999999999995 -277.7837826099903
6.547499999999999 162.56866836478463
6.552499999999999 -71.94838210609808
6.5575 -10.07341464552382
6.5625 126.5715923682506
6.5675 -71.33431198371674
6.5725 5.047172236911871
6.5775 124.72545374366189
6.5825 -157.77249113298237
6.5874999999999995 -5.821821091698121
6.592499999999999 172.90566229508738
6.5975 153.913396007217
6.6025 -231.59240780099918
6.6075 -93.27994067001407
6.6125 41.93572999912267
6.6175 131.8049883643289
6.6225 -70.91710251557461
6.6274999999999995 -105.1022425442069
6.632499999999999 -117.92427531262499
6.637499999999999 -51.54189435319273
6.6425 279.98774451896026
6.6475 -55.750464089577235
6.6525 -57.11890898972953
6.6575 21.013312932190864
6.6625 272.25719565515317
6.6674999999999995 -172.248742309955
6.672499999999999 -89.33067003825677
6.677499999999999 226.8327066110438
6.6825 -166.12643630118126
6.6875 43.304662090833375
6.6925 -144.3048741526045
6.6975 -48.17963082974092
6.7025 105.47818336746683
6.7075 -24.121008175134754
6.7124999999999995 -81.16479189759649
6.717499999999999 -90.91303117893492
6.722499999999999 159.56184973613455
6.7275 76.23915411814632
6.7325 -202.78832560849696
6.7375 310.4930035109582
6.7425 -288.9826935418591
6.7475 -50.009918787178826
6.7524999999999995 -62.39137847250685
6.757499999999999 9.392032742637207
6.762499999999999 3.833318843479363
6.7675 -15.830814341530179
6.7725 327.94071656526575
6.7775 80.98642837058115
6.7825 -263.56792791935965
6.7875 295.63775003318455
6.7924999999999995 -86.2351661308117
6.797499999999999 -57.71908405358696
6.802499999999999 249.29765511591523
6.8075 -223.2916073038574
6.8125 22.088778658814096
6.8175 -7.377126488343266
6.8225 155.3542085585697
6.8275 -288.3970070483485
6.8325 -29.252035355954977
6.8374999999999995 -151.41203526501133
6.842499999999999 133.98174379923742
6.847499999999999 199.8087043087865
6.8525 -140.88188961947245
6.8575 -150.6165425723866
6.8625 -218.48861679186476
6.8675 212.1578058558524
6.8725 -130.45967891162627
6.8774999999999995 96.99030071976598
6.882499999999999 48.32621495995846
6.887499999999999 -37.695002626336155
6.8925 -101.0301312815903
6.8975 140.3410133672774
6.9025 -113.9494634742654
6.9075 399.09193294779527
6.9125 -150.53535787244712
6.9174999999999995 18.184556403395387
6.922499999999999 161.36432270705677
6.927499999999999 -30.612637623381143
6.9325 -6.6621841597484135
6.9375 -65.12306358006295
6.9425 0.07472474054131235
6.9475 6.3461818954724
6.9525 247.7608230625982
6.9575 -279.9953029620933
6.9624999999999995 -114.44568482063029
6.967499999999999 60.10927725493512
6.972499999999999 -53.23663045396941
6.9775 102.81377388757855
6.9825 244.12772876494344
6.9875 60.5584306004822
6.9925 -224.01256856999842
6.9975 -32.83303153975986
7.0024999999999995 -78.23675503879971
7.007499999999999 134.98869016163377
7.012499999999999 94.96521535282506
7.0175 -10.984351407688344
7.0225 145.75995848886373
7.0275 143.92267484224212
7.0325 -209.67838814248677
7.0375 192.11242688745628
7.0424999999999995 -72.0430387217515
7.047499999999999 32.95731019167142
7.052499999999999 8.665242086401692
7.0575 -170.3011972132446
7.0625 144.23173916647556
7.0675 -228.2751985093956
7.0725 13.907674778621843
7.0775 176.7413156447203
7.0825 -76.29578370561956
7.0874999999999995 -69.47871144772053
7.092499999999999 -74.56954720005096
7.097499999999999 -120.76496372520955
7.1025 82.71928610878325
7.1075 -100.97364804896128
7.1125 355.54709048466924
7.1175 -63.28990056740413
7.1225 55.84898349939368
7.1274999999999995 -2.938609672225024
7.132499999999999 -283.95023205569817
7.137499999999999 108.4091635738326
7.1425 -61.20528618174309
7.1475 7.908995585113497
7.1525 -20.74754312758188
7.1575 -4.192320664307022
7.1625 -10.502795218050103
7.1674999999999995 -146.89494882612686
7.172499999999999 21.679953359349103
7.177499999999999 -75.53960793099245
7.1825 152.55627151774863
7.1875 -147.20704136992262
7.1925 111.73687883394567
7.1975 216.78420623783998
7.2025 -63.57992922200971
7.2075 -139.23929772001176
7.2124999999999995 86.26199344417748
7.217499999999999 -130.06668519956168
7.222499999999999 17.26942074739516
7.2275 294.63483466282014
7.2325 -168.33941477386676
7.2375 -8.271911715430356
7.2425 256.87320686382526
7.2475 -152.513384120523
7.2524999999999995 -66.54625999521981
7.257499999999999 80.61256204253098
7.262499999999999 -180.56920103582274
7.2675 68.341242519292
7.2725 58.410906198532466
7.2775 -227.10462489812517
7.2825 161.49369631025573
7.2875 21.147296466262823
7.2924999999999995 144.07619104054453
7.297499999999999 -214.66860587693395
7.302499999999999 -54.701695670847876
7.3075 123.48695641823531
7.3125 -47.37894982663616
7.3175 46.8925621836432
7.3225 83.0593796337652
7.3275 51.14181846804116
7.3325 -0.5771813328988532
7.3374999999999995 -88.53635601366292
7.342499999999999 -145.60379810032063
7.347499999999999 109.96223223159708
7.3525 205.40673058627718
7.3575 -142.62257650299085
7.3625 -128.37136700191627
7.3675 82.86016644629791
7.3725 -123.3269884352209
7.3774999999999995 226.31434156949817
7.382499999999999 -65.42931245684753
7.387499999999999 40.85023187655407
7.3925 -79.04318368513721
7.3975 -3.0419755360275675
7.4025 -204.87819386660803
7.4075 50.532086422985294
7.4125 188.96284254588386
7.4174999999999995 -239.34662022658944
7.422499999999999 101.55626882133117
7.427499999999999 270.31837414930084
7.4325 -76.16089237018056
7.4375 24.80237261018089
7.4425 238.14659234928016
7.4475 -159.774930678345
7.4525 -146.70617831503142
7.4575 -88.8433497902212
7.4624999999999995 -67.8123143357778
7.467499999999999 -29.94128706376402
7.472499999999999 146.66026954063676
7.4775 232.01001314106665
7.4825 -77.48808250761391
7.4875 -208.0410967950724
7.4925 -157.80502598920884
7.4975 212.5731611670061
7.5024999999999995 -47.31756316393875
7.507499999999999 113.87471407808108
7.512499999999999 1.3349615829526946
7.5175 -115.36439769956341
7.5225 8.682288198605347
7.5275 179.3854383167943
7.5325 44.20148575898112
7.5375 -379.65454081942084
7.5424999999999995 243.34519273608265
7.547499999999999 -228.07873583243347
7.552499999999999 176.5830931957013
7.557499999999999 59.06928680435257
7.5625 -100.57001540226435
7.5675 -136.53124413341655
7.5725 160.4740470118801
7.5775 -98.9179050100673
7.5825 108.17629620671097
7.5874999999999995 -106.10965955141252
7.592499999999999 287.3047249560336
7.597499999999999 -287.14363883385175
7.6025 218.19927645570397
7.6075 -136.5984190002644
7.6125 79.75191344961513
7.6175 76.03933547756405
7.6225 80.7987603400994
7.6274999999999995 -18.099920439772
7.632499999999999 -65.07875072810343
7.637499999999999 101.42628466611843
7.6425 -309.43163324603063
7.6475 317.8377659397375
7.6525 -73.01182048438781
7.6575 -71.02172316903307
7.6625 254.5396542372549
7.6674999999999995 65.05236711762353
7.672499999999999 -94.56011119682424
7.677499999999999 -62.80577183527766
7.682499999999999 91.1102819811743
7.6875 -45.706394560761346
7.6925 -68.04589936468459
7.6975 82.9552583434301
7.7025 -109.06475366746388
7.7075 -153.8486947313241
7.7124999999999995 -111.31001389361755
7.717499999999999 202.54076403737344
7.722499999999999 36.623238108127495
7.7275 -84.89232388721649
7.7325 -16.299516569095577
7.7375 -53.22765527357462
7.7425 20.127973365827284
7.7475 -219.73779029033312
7.7524999999999995 314.27282036570944
7.757499999999999 -71.95557109289136
7.762499999999999 -137.81877010139445
7.7675 10.604012241408462
7.7725 72.16061577580493
7.7775 -37.62915827601573
7.7825 129.6947339521168
7.7875 -146.73578502169698
7.7924999999999995 196.03913242471728
7.797499999999999 148.66931442980618
7.802499999999999 -203.4220397484798
7.807499999999999 -120.84215444125373
7.8125 -55.78574242476292
7.8175 228.12188986094733
7.8225 -76.58474596665668
7.8275 105.4947863689148
7.8325 -198.03250421999942
7.8374999999999995 -4.341453651805349
7.842499999999999 -150.97979042719194
7.847499999999999 -71.0344319276259
7.8525 81.85654795423402
7.8575 158.89854069919372
7.8625 -50.22162348725304
7.8675 -84.86763590731583
7.8725 70.42276134703017
7.8774999999999995 51.33786573278184
7.882499999999999 70.58838624577439
7.887499999999999 125.87215819239022
7.8925 181.77625407724057
7.8975 -105.03522873676955
7.9025 111.04346543781428
7.9075 -168.9198439408346
7.9125 -34.91896177027819
7.9174999999999995 -125.27674839489119
7.922499999999999 101.18117638904297
7.927499999999999 -186.41682123971515
7.932499999999999 151.44446945910622
7.9375 -160.94860955189412
7.9425 93.9811655133485
7.9475 -0.2497739997704117
7.9525 95.63222263752952
7.9575 239.99572001415052
7.9624999999999995 -33.7966889090801
7.967499999999999 -239.32503754186357
7.972499999999999 163.11263260879466
7.9775 -228.20176831347297
7.9825 28.9927442450853
7.9875 8.478359352130756
7.9925 28.102341110334176
7.9975 -24.2962505181486
8.0025 121.57191903845117
8.0075 14.240848736045077
8.0125 137.39071655840672
8.0175 -54.116921781538025
8.022499999999999 107.07536184232936
8.0275 -131.16233309143692
8.032499999999999 -2.307160463098891
8.0375 -37.68562650801336
8.0425 102.64601600432067
8.0475 -42.56965562827021
8.0525 179.49870736057724
8.0575 -112.91261601781282
8.0625 -111.4047984093911
8.067499999999999 -92.00054734696889
8.0725 178.3588124747776
8.077499999999999 -152.99826860814323
8.0825 -25.434450464187588
8.0875 157.63814732058847
8.0925 -184.0445806360928
8.0975 18.195767598956156
8.1025 109.2123294841581
8.1075 -207.9515528288197
8.112499999999999 -181.69996178716886
8.1175 84.52640427522067
8.1225 43.93121642288266
8.1275 -100.24908531544588
8.1325 314.33820377557635
8.1375 -371.69434531615707
8.1425 -152.45658676283045
8.147499999999999 253.8422285998808
8.1525 -56.89955640196808
8.157499999999999 60.21933323584942
8.1625 74.76496710285983
8.1675 37.788333594088094
8.1725 -108.92588426985233
8.1775 52.61649751061589
8.1825 232.06925520691954
8.1875 18.42346211677484
8.192499999999999 -72.51125145502999
8.1975 227.4554115705476
8.202499999999999 -132.7011572022834
8.2075 44.27155206331838
8.2125 -83.65650233230718
8.2175 33.88874202699502
8.2225 0.38055167522433175
8.2275 3.684862529198893
8.2325 -59.11184188495949
8.237499999999999 2.014188855677752
8.2425 135.02143867816892
8.2475 -40.75381110770049
8.2525 90.97053682301802
8.2575 -88.40946415965705
8.2625 -113.33370518872442
8.2675 6.059658996975887
8.272499999999999 -78.89752288325602
8.2775 110.710563728692
8.282499999999999 177.65568327497343
8.2875 16.29821190891958
8.2925 104.0111768846704
8.2975 -141.00709850790588
8.3025 -159.2729378390593
8.3075 7.530971713652248
8.3125 71.02537286212146
8.317499999999999 -54.734122956757275
8.3225 55.860438257837544
8.327499999999999 179.5627786757447
8.3325 59.58181396860441
8.3375 40.472283863548846
8.3425 47.48886432133219
8.3475 -40.44597762474655
8.3525 49.980080491818384
8.3575 106.09895015328809
8.362499999999999 -145.132562608236
8.3675 -65.5391737914113
8.3725 -154.28349763733823
8.3775 62.561204107269575
8.3825 160.4841247386808
8.3875 9.871189818139408
8.3925 -265.0731885780547
8.397499999999999 127.94531321415042
8.4025 -120.59238596803172
8.407499999999999 74.93057644173861
8.4125 -181.12462592668234
8.4175 42.634488093895385
8.4225 -165.40197962476134
8.4275 -84.45647791098396
8.4325 239.43832800102155
8.4375 -115.98242835048457
8.442499999999999 1.2873398417228155
8.4475 -53.369693521667585
8.452499999999999 -151.8715513493552
8.4575 247.1581404589885
8.4625 -102.83446696249251
8.4675 -31.674037165856763
8.4725 -10.642516164661021
8.4775 107.2700882620023
8.4825 -77.50060507415945
8.487499999999999 111.5461154758139
8.4925 -131.5332886390783
8.4975 219.23509965851963
8.5025 18.099615278901535
8.5075 -64.73303925284748
8.5125 -122.50356450118736
8.5175 -43.3599261932021
8.522499999999999 -23.97196298738453
8.5275 31.726050407713334
8.532499999999999 -252.95929061486237
8.5375 281.6671455663934
8.5425 -190.30797284630916
8.5475 17.22807834940871
8.5525 -95.52474396904107
8.5575 90.26619158518902
8.5625 206.84652730540012
8.567499999999999 -11.77827442898284
8.5725 160.43083743004115
8.577499999999999 -14.957223164390351
8.5825 21.46532748369173
8.5875 22.745487286366302
8.5925 -78.25604996276059
8.5975 -138.99039046724886
8.6025 178.30145723176167
8.6075 -324.8066173491428
8.612499999999999 -66.3918265214674
8.6175 134.48539118184664
8.6225 -137.95514294655825
8.6275 151.30130889403836
8.6325 27.80140173334098
8.6375 -16.28144455844894
8.6425 -70.47126006596132
8.647499999999999 70.08113640890717
8.6525 -57.146522586189775
8.657499999999999 -51.31156113878563
8.6625 -12.330100484157759
8.6675 -31.581949079364765
8.6725 57.17114868848604
8.6775 -208.5045816319864
8.6825 220.32433320146913
8.6875 -160.88978352328897
8.692499999999999 134.00350188608277
8.6975 94.75448312789264
8.702499999999999 104.8610183121889
8.7075 184.41693252540068
8.7125 -269.30528469939605
8.7175 -78.39001629216104
8.7225 -108.4354176393863
8.7275 69.7889501634891
8.7325 -76.67190187187013
8.737499999999999 72.60781923665023
8.7425 190.97008591185923
8.747499999999999 148.4178952292107
8.7525 -230.19835498091035
8.7575 140.88131946389578
8.7625 -69.42971899090281
8.7675 154.9458704506631
8.772499999999999 -142.27506635005528
8.7775 -80.67400370754342
8.782499999999999 -29.351604744175287
8.7875 39.07789096335665
8.7925 33.25996793046374
8.7975 188.74194285353147
8.8025 -186.91792687060578
8.8075 -169.25663660319987
8.8125 171.6724199934751
8.817499999999999 -97.94595785104232
8.8225 73.62752514925087
8.827499999999999 49.334198964713096
8.8325 -77.10864883997256
8.8375 8.957030551919406
8.8425 -7.983007055501861
8.8475 -205.81359132937027
8.8525 14.479475687691512
8.8575 280.57341874221754
8.862499999999999 -106.19945523878643
8.8675 -114.3508228673869
8.872499999999999 16.419722023251424
8.8775 106.26715775942205
8.8825 -80.86744566525894
8.8875 -56.18140420142837
8.8925 189.4141835821945
8.897499999999999 -6.148851632651679
8.9025 -145.37706243864946
8.907499999999999 67.05749888156413
8.9125 76.51939502526162
8.9175 138.20063498978632
8.9225 -134.55355773517118
8.9275 64.16526866143924
8.9325 176.0958153836624
8.9375 -161.240783823124
8.942499999999999 -49.50728203921227
8.9475 103.63892634831272
8.952499999999999 92.54927919296189
8.9575 -199.7098450162434
8.9625 -216.60045620121304
8.9675 -35.146640497958586
8.9725 7.4507658378059896
8.9775 12.06058719550616
8.9825 -140.90488114227887
8.987499999999999 54.23650069616507
8.9925 90.9339571254925
8.997499999999999 -40.3411657132381
9.0025 -89.92281640892524
9.0075 246.56352036578056
9.0125 135.89073033223758
9.0175 -131.75853608021592
9.022499999999999 -7.977877892248176
9.0275 -62.09043797704553
9.032499999999999 51.866489627172804
9.0375 72.0807608357821
9.0425 -85.5385934569702
9.0475 -192.03912656542104
9.0525 -66.80162903311563
9.0575 47.241123104489546
9.0625 -40.23749845517099
9.067499999999999 45.905813612156585
9.0725 238.9907845916574
9.077499999999999 -203.44076527347482
9.0825 250.01325878813537
9.0875 -246.52265739586787
9.0925 289.9607550371824
9.0975 -109.13077592000901
9.1025 152.31298568580047
9.1075 114.05782895639543
9.112499999999999 8.11471917818118
9.1175 22.844733239920696
9.122499999999999 59.33783791023639
9.1275 -59.2727234590583
9.1325 -133.75441008607862
9.1375 236.64941078063205
9.1425 -195.17673125803603
9.147499999999999 66.19300098189504
9.1525 22.987870514534578
9.157499999999999 199.61812701111754
9.1625 -134.34484309515844
9.1675 73.45768471123351
9.1725 -358.8811398271718
9.1775 160.5631066156408
9.1825 -15.033688948606514
9.1875 -233.6040228641361
9.192499999999999 51.87350308026212
9.1975 -11.775258117816492
9.202499999999999 165.54975375572363
9.2075 6.442018495001578
9.2125 242.40782874318126
9.2175 -366.4213641013148
9.2225 94.04948852062658
9.2275 -43.8009826519005
9.2325 117.19670186028388
9.237499999999999 -112.6919083072251
9.2425 -99.54930316441298
9.247499999999999 -0.5632023563691577
9.2525 -60.28462147723705
9.2575 97.67910931681932
9.2625 13.658717540202403
9.2675 186.6474319822507
9.272499999999999 -61.941676978888346
9.2775 -179.13624032811018
9.282499999999999 124.11250597115156
9.2875 368.85959837075274
9.2925 -269.6592135764416
9.2975 181.30410486248707
9.3025 35.746776678600476
9.3075 -78.68426219663809
9.3125 270.23248849492035
9.317499999999999 -61.20546020222546
9.3225 -126.3442516153218
9.327499999999999 -1.401808607054373
9.3325 226.6039371795612
9.3375 -93.63857017253936
9.3425 -73.96444498802158
9.3475 -44.476733330928134
9.3525 181.82312131302928
9.3575 167.82065287351216
9.362499999999999 -75.87802210897532
9.3675 186.42165999600886
9.372499999999999 -355.7712634068964
9.3775 155.6923193685207
9.3825 -129.41048264594158
9.3875 -67.57441827015734
9.3925 -37.12219693813346
9.397499999999999 40.81591319524682
9.4025 -9.444093683869855
9.407499999999999 -185.63787937528983
9.4125 147.21837954451212
9.4175 -36.96189124353644
9.4225 135.7591152531165
9.4275 -353.04059149988035
9.4325 14.119328358123347
9.4375 10.536605588488982
9.442499999999999 -272.1547553237271
9.4475 -153.78082325620878
9.452499999999999 94.47820117030331
9.4575 143.21414304662295
9.4625 -136.5301732988717
9.4675 166.60089061295577
9.4725 -20.305282868215794
9.4775 139.82415036263632
9.4825 -79.37322474753974
9.487499999999999 -77.77764298461928
9.4925 239.91973553308708
9.497499999999999 -171.03938716506323
9.5025 -0.3877914536290951
9.5075 157.6190469113936
9.5125 -66.2204370050918
9.5175 281.23323829018136
9.522499999999999 90.41737314575342
9.5275 -445.7548835592473
9.532499999999999 107.49460718563466
9.5375 3.1202946219329695
9.5425 143.91758548329537
9.5475 10.111067677699422
9.5525 -102.19032577179547
9.5575 -97.27420161645568
9.5625 -29.29041716880478
9.567499999999999 -145.38300742571465
9.5725 120.58715324778777
9.577499999999999 -144.2612437635802
9.5825 337.67584822253895
9.5875 15.027311903882428
9.5925 229.0058816320957
9.5975 159.7057730306739
9.6025 -138.1468171982925
9.6075 -175.27195636552682
9.612499999999999 5.271586090332381
9.6175 90.17161319651238
9.622499999999999 104.07867669940578
9.6275 -133.85563776778034
9.6325 12.478583773257807
9.6375 -31.880221173040006
9.6425 195.07800565533043
9.647499999999999 -77.52197873692973
9.6525 6.492760186628375
9.657499999999999 85.39609706459406
9.6625 -67.34429240000361
9.6675 -129.61178098696197
9.6725 -158.71629388373168
9.6775 69.35823637695341
9.6825 94.7376129441464
9.6875 305.33861459026895
9.692499999999999 -191.68245346102955
9.6975 181.96962030808456
9.702499999999999 -151.22826924086934
9.7075 -144.77206302699952
9.7125 -69.67289666040368
9.7175 -112.69463986956434
9.7225 222.88895733009986
9.7275 -138.6790020978285
9.7325 240.27574696489205
9.737499999999999 32.84093831992278
9.7425 212.49133831520697
9.747499999999999 -206.8577178421966
9.7525 174.3131576546537
9.7575 -68.7517315072023
9.7625 94.45097923506485
9.7675 -42.59502847252298
9.772499999999999 57.769576507749726
9.7775 82.76416385293999
9.782499999999999 -240.5311338324857
9.7875 66.42925921542165
9.7925 -151.3966013259268
9.7975 -75.45730604587303
9.8025 -23.506323257139965
9.8075 -145.21491067950993
9.8125 189.71367434558434
9.817499999999999 -292.043412564164
9.8225 134.83081618122912
9.827499999999999 139.329975286609
9.8325 -4.282752628461645
9.8375 91.5101353240644
9.8425 232.0477476240389
9.8475 -75.47625111958247
9.8525 -109.40584920830467
9.8575 18.43380205855948
9.862499999999999 -86.15866639779823
9.8675 -20.700409827963018
9.872499999999999 62.14382502672535
9.8775 -291.2747258024261
9.8825 261.00705684343086
9.8875 -34.1069179862851
9.8925 60.36906118259997
9.897499999999999 31.693720560115626
9.9025 -180.5852048015227
9.907499999999999 -50.17509935801086
9.9125 -115.67867750647316
9.9175 -169.33502279719298
9.9225 -55.094693396239286
9.9275 47.56581959983526
9.9325 -239.82563624352292
9.9375 173.18688807918227
9.942499999999999 -16.816561226119187
9.9475 -8.537495656953249
9.952499999999999 335.2826284135385
9.9575 -174.1346028695884
9.9625 22.86113027875238
9.9675 -216.37135655846353
9.9725 186.16055900633023
9.9775 122.82600326992694
9.9825 139.2370488095662
9.987499999999999 -64.32346722787405
9.9925 -80.14341782267803
9.997499999999999 47.270006853094394
10.0025 49.99309824367983
