0.0075 144.55416582944247
0.012499999999999999 -105.82811033265176
0.017499999999999998 124.63170019233404
0.0225 13.9822108763548
0.0275 88.84656926783352
0.0325 -63.27487690874612
0.0375 -41.13250599424673
0.042499999999999996 -22.934646629617063
0.0475 -248.2624374649029
0.0525 71.26002050154275
0.057499999999999996 175.6829001094198
0.0625 -204.3549899371842
0.06749999999999999 64.427555424711
0.0725 64.7271743513899
0.0775 -1.5365823059631285
0.08249999999999999 -7.910017667606391
0.0875 5.796792143498795
0.0925 120.93774129342897
0.09749999999999999 -54.08003726855133
0.1025 150.63489176575243
0.1075 -98.78283011427072
0.11249999999999999 -53.63925450558323
0.1175 -47.164331977632415
0.1225 489.72463265659263
0.1275 -555.9831204079682
0.1325 222.82371780786812
0.13749999999999998 37.66743462390022
0.1425 65.68256508987488
0.1475 -64.42881179338073
0.1525 -333.78015372736746
0.1575 20.269858943020676
0.1625 79.26781031067114
0.16749999999999998 170.92877224614966
0.1725 -134.87734590281192
0.1775 -147.24095128402496
0.1825 162.0999711703258
0.1875 260.3288663906611
0.1925 301.55170460802225
0.19749999999999998 -414.97613098360085
0.20249999999999999 36.23461800119952
0.2075 171.42411704246288
0.2125 -21.61527530811793
0.2175 73.3208378987521
0.2225 -61.8287220930651
0.22749999999999998 -223.4389781777151
0.23249999999999998 -42.74381907718944
0.2375 -63.130804792153384
0.2425 164.99066257568236
0.2475 185.32064904945653
0.2525 -57.96054217702832
0.2575 11.504581593526947
0.2625 -95.66404173994589
0.2675 37.21632642633705
0.27249999999999996 -72.72155714885194
0.27749999999999997 -15.052935942918458
0.2825 -234.54397347906573
0.2875 241.93780863119903
0.2925 -64.85124904734859
0.2975 69.76603038301151
0.3025 -343.7337704358877
0.3075 296.5935273257685
0.3125 -151.4703037290303
0.3175 -214.55168621897124
0.3225 322.16131114041195
0.32749999999999996 27.11753541667546
0.33249999999999996 131.55045301283852
0.33749999999999997 42.69560546894276
0.34249999999999997 -28.424391902217593
0.3475 -6.340271597367251
0.3525 10.353683415653979
0.3575 -93.40201626867334
0.3625 -103.80951142293482
0.3675 -77.7175403233336
0.3725 22.956325699978724
0.3775 -64.30888714051743
0.3825 -63.53822812471518
0.38749999999999996 -289.7105203601275
0.39249999999999996 357.5564514068772
0.39749999999999996 42.536264387314496
0.40249999999999997 35.86152808740738
0.4075 275.06802254771554
0.4125 -134.97584689080037
0.4175 18.101148451985054
0.4225 80.27840442528468
0.4275 90.00254792270046
0.4325 -14.28938143666965
0.4375 -82.39804416673358
0.4425 -11.290200465013024
0.44749999999999995 11.38393441025251
0.45249999999999996 -137.50566047531623
0.45749999999999996 -2.6160953739906274
0.46249999999999997 118.99635247557174
0.46749999999999997 124.14108368713873
0.4725 -28.62485172110269
0.4775 -197.25229164419534
0.4825 247.8894062377914
0.4875 9.419450409798198
0.4925 -149.2427531709697
0.4975 150.70640977592845
0.5025 80.25646929151378
0.5075 41.26519631599294
0.5125 -209.50125627915398
0.5175 213.38608873819757
0.5225 302.7579480100994
0.5275 -373.802211404161
0.5325 241.1363485821465
0.5375 -230.2550474328717
0.5425 189.33650781283987
0.5475 153.53453486367306
0.5525 -215.58515340156995
0.5575 -7.862451718198461
0.5625 -257.5215163878612
0.5675 1.3210579714372
0.5725 -184.8860560206971
0.5775 -215.54934873666537
0.5825 219.394490051434
0.5875 82.79183284646871
0.5925 -66.98020760207675
0.5974999999999999 210.6463931619038
0.6024999999999999 304.94171992454045
0.6074999999999999 -448.88297232502333
0.6124999999999999 211.06434706927396
0.6174999999999999 -109.9672598116278
0.6224999999999999 30.616525484388717
0.6275 151.26650387647186
0.6325 -279.11896462985266
0.6375 201.54389951379304
0.6425 48.08230660180834
0.6475 -327.90379566916874
0.6525 251.87090421283204
0.6575 -281.1827249140854
0.6625 181.33090454311082
0.6675 -177.92473775730744
0.6725 235.81648203864867
0.6775 -180.22121888933685
0.6825 -40.03964683816976
0.6875 279.27850397640486
0.6925 147.2306137436572
0.6975 -141.25376875861915
0.7025 -148.25253491397118
0.7075 19.574056235797414
0.7125 203.82695376489878
0.7174999999999999 65.32766699440363
0.7224999999999999 -116.66206685762363
0.7274999999999999 151.77750064736244
0.7324999999999999 181.70360799326838
0.7374999999999999 -470.2155350759422
0.7424999999999999 217.0464081949107
0.7474999999999999 -14.070779209438056
0.7525 -62.14074680505846
0.7575 52.66127018456079
0.7625 180.3432932379435
0.7675 -307.23860054706853
0.7725 -165.284273091574
0.7775 397.2263802165978
0.7825 -8.566976371473729
0.7875 -233.21024260580808
0.7925 134.8245384169995
0.7975 -172.96191347847582
0.8025 -146.96448622662373
0.8075 -10.098790450427526
0.8125 -16.676164790550782
0.8175 97.37511099528642
0.8225 104.1449821217642
0.8275 -30.09054531969276
0.8325 123.49063321772775
0.8374999999999999 -247.63936650315205
0.8424999999999999 207.08526959084824
0.8474999999999999 -208.30143512107176
0.8524999999999999 453.86462358048846
0.8574999999999999 -241.7508703682751
0.8624999999999999 116.53873035062989
0.8674999999999999 -140.9163129762381
0.8724999999999999 205.35578870530347
0.8775 -326.5531872434336
0.8825 40.40397822542286
0.8875 50.831043413908745
0.8925 -55.80874134508466
0.8975 -69.66469256509525
0.9025 238.08933007070343
0.9075 85.29467042714994
0.9125 -132.70613767506822
0.9175 18.630083872645976
0.9225 118.49549481564448
0.9275 -187.0657374998148
0.9325 383.6842679954697
0.9375 112.82642857441434
0.9425 -334.3655415240955
0.9475 -26.79299547397164
0.9524999999999999 -72.19061927548721
0.9574999999999999 25.333912877321286
0.9624999999999999 64.80562475861207
0.9674999999999999 91.10598147121948
0.9724999999999999 -131.3605391970427
0.9774999999999999 15.26889819061289
0.9824999999999999 11.87558563005133
0.9874999999999999 84.5721011985933
0.9924999999999999 -101.93908085485134
0.9974999999999999 64.20854225913045
1.0025 -421.5280788587935
1.0075 214.30193360167976
1.0125 139.4434265091124
1.0174999999999998 57.11052297886959
1.0225 53.29559227776383
1.0274999999999999 9.432854263436898
1.0325 76.44995841848082
1.0374999999999999 0.08614033615259833
1.0425 -372.68009956947725
1.0474999999999999 400.1171830740138
1.0525 -143.43247085440956
1.0574999999999999 75.21765405108276
1.0625 -201.3514685854736
1.0675 88.93738361650367
1.0725 43.43653402287062
1.0775 -144.56568889668247
1.0825 207.01927400060953
1.0875 -24.861729253224734
1.0925 128.78300465659473
1.0975 -252.50167405125833
1.1025 -148.22211600206745
1.1075 1.5795933268130926
1.1125 27.534452602778657
1.1175 -35.167872838991194
1.1225 22.331404923527504
1.1275 346.11887937718797
1.1324999999999998 -31.303310706805025
1.1375 -70.75971247001236
1.1424999999999998 33.42573424963399
1.1475 39.414569739349496
1.1524999999999999 106.17202270257853
1.1575 -302.165063450466
1.1624999999999999 190.94206341660953
1.1675 -68.3046986127466
1.1724999999999999 -218.1464175203577
1.1775 184.16594202705969
1.1824999999999999 -73.60980650874066
1.1875 4.412015569108104
1.1925 -37.42665185783186
1.1975 -154.04084801637862
1.2025 96.70488581198347
1.2075 141.50565041288974
1.2125 -141.8583115721036
1.2175 53.87933329465296
1.2225 126.80901762458113
1.2275 -12.564575418941532
1.2325 66.03027077735624
1.2375 -2.7042743485806113
1.2425 -2.1274910587510862
1.2475 -222.46341612969817
1.2525 169.03147370509433
1.2574999999999998 -22.89776731421755
1.2625 21.452132573880323
1.2674999999999998 162.97081824759215
1.2725 -22.366834638440004
1.2774999999999999 -183.60813169040253
1.2825 168.15187563038876
1.2874999999999999 -51.53237322876666
1.2925 -57.777235859735285
1.2974999999999999 92.86620439082081
1.3025 62.131516671498545
1.3074999999999999 -186.75301061188543
1.3125 150.85276669263527
1.3175 241.72307367200295
1.3225 -212.40960401976673
1.3275 -69.44170831131994
1.3325 9.01932725292012
1.3375 30.161456593805124
1.3425 28.195512531897172
1.3475 194.21406679234897
1.3525 -141.6330010362051
1.3575 -120.92504444323211
1.3625 -52.63370007677308
1.3675 153.18485382989195
1.3724999999999998 58.3869788098554
1.3775 -93.32158972564451
1.3824999999999998 -153.7523835065549
1.3875 95.28247620625903
1.3924999999999998 -73.18414188209134
1.3975 210.33576166644536
1.4024999999999999 -118.5820026672657
1.4075 -13.892040238988834
1.4124999999999999 -57.02116023734987
1.4175 119.00805831366243
1.4224999999999999 117.05605437796477
1.4275 -174.1054354248323
1.4324999999999999 -6.884686008350989
1.4375 -39.55866628953642
1.4425 -254.4245023428417
1.4475 239.5553611177071
1.4525 158.8880689426505
1.4575 -69.02225177491503
1.4625 -50.26345715591695
1.4675 126.17849055953097
1.4725 75.23892520953866
1.4775 -136.57323412444953
1.4825 -112.31630762986079
1.4874999999999998 237.59462424865285
1.4925 33.75756163722253
1.4974999999999998 -40.111135110252036
1.5025 -93.01822511499486
1.5074999999999998 83.94619643335783
1.5125 54.13863841927036
1.5174999999999998 -59.32251792331652
1.5225 157.4293264261035
1.5274999999999999 -95.50381078533675
1.5325 -137.98248146565106
1.5374999999999999 11.694522219661721
1.5425 -58.301490474829585
1.5474999999999999 82.54068859165616
1.5525 -79.14577846385338
1.5574999999999999 33.896822367094614
1.5625 8.821032327786464
1.5675 9.340757229199872
1.5725 65.5259662618253
1.5775 73.04913087056258
1.5825 -132.02755914675393
1.5875 115.7716119772735
1.5925 -128.19631272602865
1.5975 -79.61737614223499
1.6025 -101.64827287468097
1.6075 106.47547703739939
1.6124999999999998 163.15417369935452
1.6175 17.96441914444941
1.6224999999999998 -21.14444641209419
1.6275 -147.41223651969563
1.6324999999999998 120.1745212749429
1.6375 -192.4511341698811
1.6424999999999998 14.658777642362923
1.6475 -65.29107229624675
1.6524999999999999 35.604770833187125
1.6575 117.41486156888996
1.6624999999999999 -191.5832797473578
1.6675 288.249841577873
1.6724999999999999 -268.5603283772562
1.6775 44.17216130103745
1.6824999999999999 46.03610817517115
1.6875 -73.83632933250618
1.6925 38.4746491256826
1.6975 -147.01765635927885
1.7025 24.25738019789553
1.7075 284.5746500478294
1.7125 -65.98157530672282
1.7175 170.20949249815177
1.7225 -98.34682123644485
1.7274999999999998 -83.90439730562142
1.7325 49.09576057363471
1.7374999999999998 189.02887835163102
1.7425 -275.4186662535942
1.7474999999999998 244.66654637785928
1.7525 -128.0420343903849
1.7574999999999998 -68.67282739667334
1.7625 124.78592194664891
1.7674999999999998 321.040778319557
1.7725 -6.436044970551038
1.7774999999999999 -140.0692548237617
1.7825 76.31479144644032
1.7874999999999999 -161.15745423027488
1.7925 99.98509183560198
1.7974999999999999 -58.34109951038554
1.8025 -67.19943821101995
1.8074999999999999 -11.529607778452071
1.8125 267.2963342549913
1.8175 -296.75249741316327
1.8225 208.92775444322953
1.8275 -195.8400180571988
1.8325 285.0895038889579
1.8375 -54.08371873929303
1.8425 78.77871189568769
1.8475 -268.27045065930776
1.8524999999999998 -61.93194498929589
1.8575 13.219933800517474
1.8624999999999998 -50.18928177237952
1.8675 151.3270175830189
1.8724999999999998 -293.7734764347728
1.8775 -70.42718400028387
1.8824999999999998 -39.13091911635164
1.8875 -55.78505587448461
1.8924999999999998 130.79425325693887
1.8975 -6.716774812719185
1.9024999999999999 53.85725078625806
1.9075 134.1746168514289
1.9124999999999999 34.733218228692444
1.9175 23.43474557339963
1.9224999999999999 31.325714018176132
1.9275 -106.15635309568009
1.9324999999999999 7.02738867585657
1.9375 244.53003931652003
1.9425 112.1484281954342
1.9475 -156.8207413372175
1.9525 -162.01219247574141
1.9575 -62.384386796649935
1.9625 91.92434486330866
1.9674999999999998 -214.6774265113503
1.9725 52.330000188853795
1.9774999999999998 186.16897528162184
1.9825 -59.404128989885876
1.9874999999999998 -23.68493689336653
1.9925 161.5515136121933
1.9974999999999998 -93.70551667451225
2.0025 -27.856231146361107
2.0075 -116.07322391546937
2.0124999999999997 -153.35749478051906
2.0175 192.66584978615774
2.0225 -6.909798989692512
2.0275 111.62347031060789
2.0324999999999998 -80.8345394118215
2.0375 -91.92981956742187
2.0425 408.3334821855649
2.0475 -238.84045536959928
2.0524999999999998 -55.65615465958942
2.0575 -20.002722699319648
2.0625 243.16994812323642
2.0675 -140.92743686549258
2.0725 68.88832633539353
2.0775 -72.91554202415556
2.0825 75.8609102045288
2.0875 4.320193678030735
2.0925 160.4637062476924
2.0974999999999997 -157.5833962661296
2.1025 76.902650037953
2.1075 -62.08662992202856
2.1125 -93.10701622061246
2.1174999999999997 173.5156146783646
2.1225 -74.27062050645534
2.1275 -21.715683152681304
2.1325 111.75513953674485
2.1374999999999997 -37.96593197171096
2.1425 50.21072294415901
2.1475 -145.5077599133593
2.1525 21.155274104671303
2.1574999999999998 -66.28220190739343
2.1625 -87.52163086991219
2.1675 152.1118439303181
2.1725 69.64671193987397
2.1774999999999998 18.956609458135556
2.1825 10.986934016389728
2.1875 129.22039096081718
2.1925 201.20602871394397
2.1975 -283.1680913724247
2.2024999999999997 144.197619243534
2.2075 -143.51486629609835
2.2125 114.08252854862698
2.2175 -265.2954799079282
2.2224999999999997 104.89521514626237
2.2275 83.30196208084487
2.2325 96.67295762602845
2.2375 -176.3737827411372
2.2424999999999997 32.553110152672026
2.2475 153.35285563789026
2.2525 -97.01787661727106
2.2575 -108.00006411809159
2.2624999999999997 34.59361880035409
2.2675 66.71298438103067
2.2725 -14.945580634885367
2.2775 33.90175106138429
2.2824999999999998 -22.56920878131959
2.2875 37.676453852201604
2.2925 50.98645811317125
2.2975 -107.39389755205328
2.3024999999999998 9.99485225990431
2.3075 22.48536133772693
2.3125 -81.58101602821334
2.3175 3.536157454448154
2.3225 -4.089891303737466
2.3274999999999997 -62.15503653479926
2.3325 -4.103350011658653
2.3375 -89.45311047135075
2.3425 151.17065577974824
2.3474999999999997 80.36481602285461
2.3525 147.92499458182377
2.3575 -7.586522670199862
2.3625 -223.31509510166376
2.3674999999999997 58.10036898335801
2.3725 -81.77597337865876
2.3775 -65.19192963651365
2.3825 142.80456771558934
2.3874999999999997 -176.75261658090034
2.3925 70.84038547078295
2.3975 28.71940839833919
2.4025 -169.82392168075188
2.4074999999999998 76.89459208366402
2.4125 134.58956161898715
2.4175 -57.4580608303394
2.4225 89.58939790173528
2.4274999999999998 -110.82988736941675
2.4325 10.660808052983308
2.4375 66.18982005853704
2.4425 46.70962040471982
2.4475 -30.990603597668674
2.4524999999999997 -197.41996370147243
2.4575 52.09532886422508
2.4625 98.07071816796388
2.4675 203.15960317627108
2.4724999999999997 -69.11212825516314
2.4775 -95.67446323121555
2.4825 -148.1578290857201
2.4875 125.03646170233402
2.4924999999999997 70.2313683900303
2.4975 -135.48642996006782
2.5025 170.2522166648228
2.5075 20.834004793048624
2.5124999999999997 76.66978753945733
2.5175 153.9998860291404
2.5225 -399.3292810956172
2.5275 398.7549563961113
2.5324999999999998 -127.8796134751798
2.5375 -124.93911049958187
2.5425 -10.386129518144827
2.5475 -69.95061473107023
2.5524999999999998 -34.969269479823
2.5574999999999997 180.70812701476314
2.5625 -76.24565228638951
2.5675 -61.381404087924956
2.5725 217.55726298614118
2.5774999999999997 -367.07240420080626
2.5825 95.60111382816714
2.5875 25.498695602460717
2.5925 19.422334849880325
2.5974999999999997 -69.9041127738139
2.6025 -7.160300849045728
2.6075 -114.96196661659789
2.6125 372.84562745755943
2.6174999999999997 -120.45435384250287
2.6225 73.82338615615201
2.6275 -234.7669918132229
2.6325 33.040995950827245
2.6374999999999997 -19.42817058892625
2.6425 11.86443690422516
2.6475 -42.74850105056838
2.6525 225.10780104965224
2.6574999999999998 144.77601279850765
2.6625 -10.166103415193168
2.6675 -228.94011892994865
2.6725 -68.55197902072022
2.6774999999999998 74.30685624213517
2.6824999999999997 25.049705388779827
2.6875 -61.57453060473207
2.6925 20.800070733193163
2.6975 109.0804051157033
2.7024999999999997 -343.326485003867
2.7075 238.78002203650098
2.7125 -78.96940090858504
2.7175 -52.66888708410165
2.7224999999999997 107.13419004207852
2.7275 22.39690978587476
2.7325 129.84623414451337
2.7375 -187.6044404368513
2.7424999999999997 223.79631795490351
2.7475 -12.82213283841949
2.7525 -42.58718643192704
2.7575 20.74291253794462
2.7624999999999997 163.46776663524878
2.7675 -307.2034169609366
2.7725 86.79335047992149
2.7775 -179.08332678520225
2.7824999999999998 105.30169343904767
2.7875 -127.76462100359504
2.7925 114.65538358101182
2.7975 -21.695910412556632
2.8024999999999998 55.928226637350114
2.8074999999999997 -44.95594850098078
2.8125 22.172680874448943
2.8175 128.5200680633402
2.8225 -187.30077055019478
2.8274999999999997 198.71101975224116
2.8325 36.269836325635694
2.8375 -60.85574324587975
2.8425 129.80899784040406
2.8474999999999997 -18.52989991908507
2.8525 403.9117605500361
2.8575 -147.47139256219097
2.8625 -61.17960003482978
2.8674999999999997 -164.92563062797683
2.8725 100.54410056151487
2.8775 -113.31618524078766
2.8825 -5.702302376973288
2.8874999999999997 -0.439441653889542
2.8925 159.039654993924
2.8975 -389.0679084074051
2.9025 267.99974951946734
2.9074999999999998 35.02358623968672
2.9125 -29.588654853137
2.9175 -82.27180595866055
2.9225 0.0586066772674376
2.9274999999999998 26.766486858230298
2.9324999999999997 -16.31914239514193
2.9375 104.77491179324913
2.9425 -83.09919394111888
2.9475 19.318622853088076
2.9524999999999997 0.9800283544237505
2.9575 -97.52259825562174
2.9625 -62.04957836253722
2.9675 162.20896963962446
2.9724999999999997 -290.84783283460246
2.9775 -92.65436427386273
2.9825 244.6801836952718
2.9875 -58.53542272229809
2.9924999999999997 16.613851904658322
2.9975 35.71068489634804
3.0025 81.01017443583689
3.0075 -97.0832792384729
3.0124999999999997 -78.4101119735098
3.0175 298.7518675530195
3.0225 -229.1124251296441
3.0275 -125.05503853686015
3.0324999999999998 113.57811679174017
3.0374999999999996 296.8693835828743
3.0425 -96.02779073426515
3.0475 -46.10699273763291
3.0524999999999998 229.53762289453806
3.0574999999999997 -2.81249350876251
3.0625 -1.672185250300943
3.0675 -71.81242217305049
3.0725 -83.58748988811612
3.0774999999999997 -56.19980622596521
3.0825 54.896303730275925
3.0875 -73.24435349533121
3.0925 140.07315248781345
3.0974999999999997 -18.770466097089923
3.1025 -109.99530717634525
3.1075 9.186874436520215
3.1125 136.54940581889022
3.1174999999999997 -154.90377433674243
3.1225 1.1797533726444198
3.1275 -110.39729355309318
3.1325 -7.377834330636181
3.1374999999999997 119.54593429155032
3.1425 70.34398589323214
3.1475 -413.2976741535412
3.1525 300.27569905914663
3.1574999999999998 -35.6054625728286
3.1624999999999996 -191.41394722545536
3.1675 198.40358260175822
3.1725 -77.14136028257889
3.1774999999999998 215.2919021113244
3.1824999999999997 -232.47089017085025
3.1875 -141.5937935964996
3.1925 106.97278245899801
3.1975 144.6960765392726
3.2024999999999997 -30.128861537676432
3.2075 105.24068402907085
3.2125 251.9154956949401
3.2175 -230.7841065429492
3.2224999999999997 -135.14762648938392
3.2275 100.45625923271527
3.2325 4.547192706050103
3.2375 -109.35016199602208
3.2424999999999997 -87.41380001554766
3.2475 155.396487969679
3.2525 -285.0530396568186
3.2575 200.83473571788892
3.2624999999999997 321.3639158677081
3.2675 -87.05476977247109
3.2725 -427.6514567218918
3.2775 240.16000248797133
3.2824999999999998 -89.10692943685748
3.2874999999999996 177.9675424865799
3.2925 -164.78926505285585
3.2975 -53.01799477138231
3.3024999999999998 102.53210890736645
3.3074999999999997 -93.19142224034704
3.3125 70.37017837724652
3.3175 109.17300671065085
3.3225 -165.75908123403062
3.3274999999999997 47.81566939226945
3.3325 -69.95219150796272
3.3375 -67.40424334437725
3.3425 70.0988475491017
3.3474999999999997 -60.44481989758207
3.3525 80.87417713279534
3.3575 66.09924999646465
3.3625 -56.32732817228101
3.3674999999999997 -32.6173691731084
3.3725 -82.6311434515113
3.3775 -55.06691512179517
3.3825 -45.722255491502054
3.3874999999999997 209.13151203249598
3.3924999999999996 59.463483330201214
3.3975 84.3968675072594
3.4025 -17.934678287400644
3.4074999999999998 98.8453023489754
3.4124999999999996 -247.0565114446053
3.4175 246.30572037030316
3.4225 13.251789738365801
3.4274999999999998 157.41923915942758
3.4324999999999997 -4.717593825561159
3.4375 -209.6677438128905
3.4425 -58.437477382696756
3.4475 -90.78526231433165
3.4524999999999997 235.84362002298525
3.4575 -214.94447301443202
3.4625 -93.04166662795838
3.4675 -68.2490917985848
3.4724999999999997 -20.406688912687905
3.4775 86.08397062229182
3.4825 -83.88040313781784
3.4875 157.94346306599252
3.4924999999999997 -60.88835238154842
3.4975 58.196180910796116
3.5025 -56.019974577946506
3.5075 105.10151606626118
3.5124999999999997 -61.27906435283825
3.5174999999999996 69.25352591708346
3.5225 201.00191078056338
3.5275 -21.985046463803283
3.5324999999999998 2.7233585070914677
3.5374999999999996 -85.20377936472461
3.5425 188.76320828806223
3.5475 -102.71211247051573
3.5524999999999998 -114.11060683569855
3.5574999999999997 -85.9659336804608
3.5625 26.81206048693982
3.5675 -7.35518234103511
3.5725 -47.04305068872126
3.5774999999999997 -41.189216802243784
3.5825 124.9568844055761
3.5875 13.647209670970502
3.5925 -78.98190176369043
3.5974999999999997 -68.0527947864902
3.6025 -116.05714534398926
3.6075 -58.32740084170656
3.6125 32.10284988553488
3.6174999999999997 65.84934875449655
3.6225 21.494336237558027
3.6275 82.82133542046189
3.6325 9.32574069255215
3.6374999999999997 290.50306286278993
3.6424999999999996 -529.9496363753367
3.6475 -14.160970768737252
3.6525 362.44987266586804
3.6574999999999998 -139.62968224330888
3.6624999999999996 391.36789666073264
3.6675 -472.267643685548
3.6725 -63.613138119764336
3.6774999999999998 89.78652554089604
3.6824999999999997 19.8269477352037
3.6875 81.69913113122892
3.6925 -202.1428438021632
3.6975 -102.57717521209123
3.7024999999999997 -61.61947407533943
3.7075 284.84065466495315
3.7125 95.89101853018717
3.7175 -21.897863978523713
3.7224999999999997 157.98136999043334
3.7275 -179.8707121629078
3.7325 -19.37934948800508
3.7375 142.33954235330864
3.7424999999999997 14.416717980445052
3.7474999999999996 -219.7719283061415
3.7525 367.20330786840526
3.7575 -29.24897542453161
3.7624999999999997 -159.38194019010027
3.7674999999999996 -60.83651177853712
3.7725 97.62373843364043
3.7775 -53.42235037613996
3.7824999999999998 146.41350422013252
3.7874999999999996 51.73926190376711
3.7925 6.843911742829736
3.7975 -46.599385830762266
3.8024999999999998 63.60118945895331
3.8074999999999997 -67.7306626753946
3.8125 -145.18693476516822
3.8175 229.81387873260692
3.8225 -231.95444514432813
3.8274999999999997 92.69634143540831
3.8325 22.914199847964255
3.8375 -4.352907752326772
3.8425 176.50308601242855
3.8474999999999997 78.8829483224478
3.8525 -92.75652738967347
3.8575 14.228963630540651
3.8625 6.60550762950988
3.8674999999999997 -21.37881778988769
3.8724999999999996 43.10382324283714
3.8775 1.3669462186520962
3.8825 -32.390068948201204
3.8874999999999997 -9.328851464931189
3.8924999999999996 -277.8916634335633
3.8975 102.84410072323837
3.9025 68.24649524192793
3.9074999999999998 -100.8232740223858
3.9124999999999996 9.917129909641684
3.9175 -97.66277928738701
3.9225 -138.95803607914456
3.9274999999999998 170.71654791894133
3.9324999999999997 -71.51605812021054
3.9375 17.185406487570717
3.9425 219.96982453028338
3.9475 -75.06902496637254
3.9524999999999997 -196.07190663312332
3.9575 119.8137680646102
3.9625 -230.38849179951336
3.9675 136.98910774689253
3.9724999999999997 161.6600639047335
3.9775 -2.720310878817518
3.9825 139.31587429836492
3.9875 38.97889475715616
3.9924999999999997 -65.02367900225285
3.9974999999999996 78.25601200063646
4.0024999999999995 -5.31581933367803
4.007499999999999 -59.18599836145112
4.0125 -102.75829994085119
4.0175 -331.24663786531306
4.0225 129.1232765936913
4.0275 -60.60142359425762
4.0325 234.36319626493258
4.0375 -137.05325031505905
4.0424999999999995 83.10940930529168
4.047499999999999 -53.32722545130185
4.0525 230.42929648572292
4.0575 204.68205517532186
4.0625 -201.21996512289255
4.0675 -66.85866850626194
4.0725 95.05031745448916
4.0775 -69.07825932962812
4.0825 -85.25692212780667
4.0874999999999995 99.47716828616784
4.0925 -144.49770832158043
4.0975 207.87245667073384
4.1025 -11.270851722997492
4.1075 -115.70670299526986
4.1125 26.219388078505542
4.1175 36.324695966079396
4.1225 -151.22328671207697
4.1274999999999995 72.67394279280133
4.132499999999999 -65.89027758244436
4.1375 -121.50420174745702
4.1425 -1.857555577165011
4.1475 155.43446143474947
4.1525 147.51425127399872
4.1575 -81.74796542349479
4.1625 -139.21560224899082
4.1674999999999995 -41.429047883519125
4.172499999999999 -16.952981289553296
4.1775 174.19470889861452
4.1825 18.22101908941697
4.1875 52.25223140571578
4.1925 -156.22978868455547
4.1975 -92.20603984478352
4.2025 -150.25436498569596
4.2075 -57.94321856034029
4.2124999999999995 188.25419356528514
4.2175 15.219964544607276
4.2225 -73.84902003935238
4.2275 129.47041989730468
4.2325 213.29103180964248
4.2375 -227.13303953159036
4.2425 18.721782312803644
4.2475 -48.33034752698933
4.2524999999999995 86.49840911854126
4.257499999999999 135.6158067377425
4.2625 -66.86517767825775
4.2675 -44.70543788868926
4.2725 -10.108112473648642
4.2775 -221.56136142723273
4.2825 61.8169286937232
4.2875 251.54191079320873
4.2924999999999995 -98.53841466240874
4.297499999999999 108.87745084972225
4.3025 -141.98034711151098
4.3075 4.1278652293536044
4.3125 234.7737905533276
4.3175 25.272184441398256
4.3225 -157.0453237678403
4.3275 132.39959480564642
4.3325 -185.48352541146286
4.3374999999999995 99.14370563238292
4.342499999999999 19.68607011984307
4.3475 -57.66745154321581
4.3525 -102.92961256254294
4.3575 260.05669707327706
4.3625 158.52561424622897
4.3675 -352.9918142988333
4.3725 -49.689517176551156
4.3774999999999995 151.93898287174247
4.382499999999999 172.67612602211807
4.3875 -305.9866133446457
4.3925 50.758538141784335
4.3975 33.265376969806546
4.4025 206.10538336822918
4.4075 51.117162866147986
4.4125 106.95376063041323
4.4174999999999995 -270.0707132647867
4.422499999999999 -58.94563324454047
4.4275 228.7235408298529
4.4325 -23.655837934223257
4.4375 -133.94287407111455
4.4425 -71.23587024986702
4.4475 -86.08425968873489
4.4525 -21.666498368689645
4.4575 67.83512182534487
4.4624999999999995 -40.995576694740826
4.467499999999999 31.502918055599327
4.4725 85.63807169003803
4.4775 161.58845579208088
4.4825 143.1642930537118
4.4875 -287.6237296328647
4.4925 155.877470327599
4.4975 -143.78416386843367
4.5024999999999995 -37.97091159536463
4.507499999999999 -7.079153880957543
4.5125 132.16978769890937
4.5175 -43.55624462067175
4.5225 -68.9040687414087
4.5275 -4.72129501752766
4.5325 -10.590383263162742
4.5375 -62.83307535289729
4.5424999999999995 160.02822825158623
4.547499999999999 -128.674805863224
4.5525 -187.82991894034586
4.5575 272.40553666852804
4.5625 10.74210078378556
4.5675 -2.0985744469209227
4.5725 2.8700645503350244
4.5775 -67.78506239927657
4.5825 35.02254720746726
4.5874999999999995 81.87378521757529
4.592499999999999 39.49163707849023
4.5975 157.8131653449503
4.6025 -74.13386056440662
4.6075 -21.61809645995987
4.6125 -170.7101895540742
4.6175 22.367226307885797
4.6225 -128.44504371314892
4.6274999999999995 -58.96407015541408
4.632499999999999 5.51988182064594
4.6375 -62.52336679821774
4.6425 93.07411502392569
4.6475 -320.1179282434639
4.6525 116.7508178628692
4.6575 -31.868496781536834
4.6625 164.22003000836176
4.6674999999999995 133.30511502404042
4.672499999999999 -1.5051811158734456
4.6775 19.750985903119812
4.6825 -15.319688264210283
4.6875 -245.8614005258944
4.6925 221.32865247138383
4.6975 -84.05722554733632
4.7025 -93.7233160503285
4.7075 -61.572611395663536
4.7124999999999995 354.5380132760072
4.717499999999999 -112.99130669830593
4.7225 176.94629019310298
4.7275 13.532512647676358
4.7325 -116.80876021118836
4.7375 23.56896822937828
4.7425 -112.11460392638402
4.7475 -3.977960967616213
4.7524999999999995 35.6795984234521
4.757499999999999 -164.21688145478728
4.7625 71.52066732736887
4.7675 -69.10613648981328
4.7725 245.73031526348103
4.7775 -175.33195392370453
4.7825 25.69885116511869
4.7875 77.2397861687221
4.7924999999999995 -148.70076075337448
4.797499999999999 107.48118463055094
4.8025 -290.88519046783165
4.8075 177.04551563181366
4.8125 233.1367915496324
4.8175 -388.3806115680602
4.8225 -139.8952479932766
4.8275 243.60441887711252
4.8325 109.88887041848686
4.8374999999999995 -114.03218581293687
4.842499999999999 3.444950853454054
4.8475 -90.10744548028904
4.8525 -408.84679367559204
4.8575 250.66563224966885
4.8625 131.2203152687351
4.8675 -174.2288990424393
4.8725 159.9454327889488
4.8774999999999995 4.451305610974527
4.882499999999999 201.56161634501655
4.8875 148.93983068419212
4.8925 -194.86935832078214
4.8975 258.61145884222753
4.9025 -13.53575471670006
4.9075 -162.00223179334077
4.9125 101.01951557161968
4.9174999999999995 -48.723013108466674
4.922499999999999 79.23512077688169
4.9275 -90.81413497694358
4.9325 -167.019221904631
4.9375 -147.92461032222934
4.9425 -102.36611172321598
4.9475 114.42260838882245
4.9525 77.71569629835061
4.9575 149.9760943002815
4.9624999999999995 21.643222537041737
4.967499999999999 254.52380626758605
4.9725 -137.5405748395904
4.9775 1.5302601977618329
4.9825 84.97183302321083
4.9875 -194.08243098867135
4.9925 201.5866505236992
4.9975 32.87651534366704
5.0024999999999995 0.5375736789800049
5.007499999999999 -89.85679836708366
5.0125 44.54795053896981
5.0175 -10.293580622783812
5.0225 104.01597932364602
5.0275 -39.16649087671648
5.0325 170.0650564188715
5.0375 -186.05292092323728
5.0424999999999995 -79.0796331798141
5.047499999999999 195.16201090161763
5.0525 184.8690639897171
5.0575 -155.8541980240601
5.0625 11.946442033433145
5.0675 -81.75186091640253
5.0725 157.48559116269394
5.0775 -194.12352613940914
5.0825 -169.5197076757988
5.0874999999999995 25.89146187074174
5.092499999999999 134.53500307263093
5.0975 214.80312232817312
5.1025 -137.4901308743106
5.1075 146.9303066301179
5.1125 -271.4509587274114
5.1175 -122.26265258494625
5.1225 13.698374456063098
5.1274999999999995 -284.16868796098163
5.132499999999999 376.14311493223425
5.1375 -78.02702756010417
5.1425 255.15032237434224
5.1475 131.93606868409998
5.1525 -221.6880279016866
5.1575 -54.941585636180584
5.1625 198.28331911884413
5.1674999999999995 -248.91562890494384
5.172499999999999 86.02575159291936
5.177499999999999 72.78219996445152
5.1825 -245.32584202219314
5.1875 -49.45951094959109
5.1925 -120.00450701381988
5.1975 88.77140978859943
5.2025 41.19151926757506
5.2075 -162.6367585004191
5.2124999999999995 -1.2901081161335646
5.217499999999999 -1.8274313898372285
5.2225 105.53160627391901
5.2275 37.574065036101715
5.2325 -62.1214732306804
5.2375 71.86308851611115
5.2425 -8.266256477402731
5.2475 269.71052376239084
5.2524999999999995 106.86929994554887
5.257499999999999 69.48167354607875
5.2625 -241.81247059259283
5.2675 84.5166805764788
5.2725 38.60121458437164
5.2775 -190.4357980290723
5.2825 75.93513346014694
5.2875 -17.7011274046679
5.2924999999999995 12.325767472834977
5.297499999999999 111.28351942320842
5.302499999999999 -171.1837793609175
5.3075 -122.84899575083291
5.3125 49.80056833093103
5.3175 -262.89327748400945
5.3225 323.9558204866734
5.3275 1.813135261800807
5.3325 -160.9904743402889
5.3374999999999995 133.5159983408586
5.342499999999999 -77.36448677918328
5.3475 19.912755096815157
5.3525 154.2754643386923
5.3575 102.37698810205279
5.3625 190.84993893055918
5.3675 33.699506118021624
5.3725 -393.1799210863049
5.3774999999999995 58.5487945022184
5.382499999999999 101.20666726457945
5.3875 16.94382332597179
5.3925 -6.921109249866965
5.3975 199.06561881991257
5.4025 -56.371992535746074
5.4075 15.198588356288669
5.4125 252.92438590559988
5.4174999999999995 -275.30347500719574
5.422499999999999 -15.74443422554846
5.427499999999999 -147.36081489813495
5.4325 150.76685431015613
5.4375 -55.07929419545901
5.4425 -121.13570534937328
5.4475 10.65631602180952
5.4525 6.3915262546635985
5.4575 -152.961234417804
5.4624999999999995 -97.8446084536913
5.467499999999999 3.261742614919072
5.4725 -88.49575792332001
5.4775 140.57441924390687
5.4825 133.47371774548893
5.4875 -152.73992108962074
5.4925 43.238873795503864
5.4975 7.411247266583979
5.5024999999999995 148.82662545888476
5.507499999999999 56.741603898521575
5.5125 -211.06088014703624
5.5175 10.560227964328117
5.5225 -20.480866245320527
5.5275 68.53721260973181
5.5325 -153.6464232572395
5.5375 186.9712191136636
5.5424999999999995 103.0537216513966
5.547499999999999 -10.319200780077512
5.552499999999999 -147.66797333622904
5.5575 255.61920974127906
5.5625 -290.38303517927426
5.5675 88.35413459400668
5.5725 -22.738930102481252
5.5775 -76.61714348157618
5.5825 61.451968735605796
5.5874999999999995 99.57170897588931
5.592499999999999 62.736548724324955
5.5975 45.27109702866533
5.6025 -378.7056587101457
5.6075 255.4905948542248
5.6125 -215.89944518266793
5.6175 84.95356383321234
5.6225 -72.35535224524297
5.6274999999999995 6.728706482683497
5.632499999999999 -167.86238086081596
5.6375 85.43594345954419
5.6425 52.67149489123206
5.6475 -78.62728509453802
5.6525 -36.490823225606015
5.6575 145.50723299151025
5.6625 138.1874576053836
5.6674999999999995 -367.21570091058476
5.672499999999999 69.62007947023542
5.677499999999999 144.9674614815372
5.6825 217.5813614346497
5.6875 -30.11851004935317
5.6925 -167.3407973475597
5.6975 45.11642972928177
5.7025 -26.22308109167385
5.7075 5.276257076406759
5.7124999999999995 448.33458661202
5.717499999999999 -379.3515090517279
5.7225 43.526988619556775
5.7275 -159.21850081097563
5.7325 12.359896935651745
5.7375 -77.76643869724401
5.7425 212.30530298502413
5.7475 -73.27850684073215
5.7524999999999995 5.72644293251722
5.757499999999999 3.3864147702352048
5.7625 104.27938172598003
5.7675 -59.08633166650361
5.7725 -24.721755401232237
5.7775 -110.96434348916921
5.7825 -81.97376525630347
5.7875 101.22929387482284
5.7924999999999995 94.67072401038602
5.797499999999999 80.88521364995131
5.802499999999999 201.1007957320812
5.8075 -95.61106654970641
5.8125 -144.78245912246345
5.8175 42.8750086120837
5.8225 80.53780573816114
5.8275 -133.21610446839676
5.8325 72.33790073768684
5.8374999999999995 -397.4050730666848
5.842499999999999 6.200104891862866
5.8475 245.58618840774224
5.8525 10.179415801166225
5.8575 107.96070265874556
5.8625 -37.03235279477271
5.8675 -0.745562433177253
5.8725 119.72372608397514
5.8774999999999995 61.91434451268187
5.882499999999999 -218.02690992452187
5.8875 112.17965159843561
5.8925 -143.35378045353352
5.8975 80.8022696818857
5.9025 78.93190806407276
5.9075 -76.15732156199137
5.9125 18.129105878706504
5.9174999999999995 -1.0906664568788804
5.922499999999999 -31.253726950428604
5.927499999999999 73.51519627661847
5.9325 316.50969568713526
5.9375 -307.8536037720463
5.9425 -369.78500845591174
5.9475 -11.479714658725676
5.9525 86.88347369752843
5.9575 190.1673508749322
5.9624999999999995 -89.65135761486805
5.967499999999999 393.76288932395744
5.9725 -75.47157977165075
5.9775 -21.123332464202615
5.9825 -252.3232642065041
5.9875 -137.87257726744105
5.9925 91.01313930693591
5.9975 142.3629477463308
6.0024999999999995 -173.99025840600635
6.007499999999999 327.3825375617757
6.012499999999999 1.971243516046242
6.0175 59.289141185438346
6.0225 -70.17559650313115
6.0275 210.97119531959157
6.0325 -198.2445153145486
6.0375 -192.03822738283782
6.0424999999999995 -189.48321115860142
6.047499999999999 -190.4861296869935
6.052499999999999 -0.5494158879420824
6.0575 395.6362971061669
6.0625 208.35014638184344
6.0675 -162.6744637387394
6.0725 23.517202497939365
6.0775 225.60261424464312
6.0825 -384.14154329471006
6.0874999999999995 142.959464498316
6.092499999999999 0.1628521504609524
6.0975 16.9263344977659
6.1025 -14.949050715150745
6.1075 -38.434693496591244
6.1125 -48.57547045106285
6.1175 334.1187802169181
6.1225 -190.60389665035595
6.1274999999999995 -280.8886168443571
6.132499999999999 158.60499209380262
6.137499999999999 -212.20750860572403
6.1425 226.0531057715139
6.1475 186.55565826754318
6.1525 -239.1806556095992
6.1575 15.051419234343713
6.1625 92.29228265235436
6.1674999999999995 48.847258930049044
6.172499999999999 -22.136419150833188
6.177499999999999 -148.272131067716
6.1825 388.92447572562065
6.1875 -144.86567719746088
6.1925 13.74864673648512
6.1975 81.89452132884011
6.2025 -44.37222000106586
6.2075 217.32808053665795
6.2124999999999995 -115.01567434692146
6.217499999999999 106.39915045312108
6.2225 -365.22281143412306
6.2275 76.18258348052267
6.2325 -57.36350034537684
6.2375 235.2350947968162
6.2425 28.361335169227317
6.2475 -31.873515759231786
6.2524999999999995 -10.106012678751505
6.257499999999999 -9.770726560059483
6.262499999999999 82.35523585178389
6.2675 -321.0083314933515
6.2725 -65.26162809642105
6.2775 315.93155899741384
6.2825 -10.435632522767163
6.2875 8.898747835655831
6.2924999999999995 -23.050639801215784
6.297499999999999 -13.270018860888396
6.302499999999999 -138.34840515676595
6.3075 61.20846085483801
6.3125 7.4938931135490945
6.3175 -165.85952855393967
6.3225 33.69614826287451
6.3275 -99.61480236862734
6.3325 -84.48684701815985
6.3374999999999995 135.2628356148244
6.342499999999999 150.62778186123504
6.3475 42.87352328640879
6.3525 -82.69001961380552
6.3575 219.15562282651658
6.3625 31.163040526550674
6.3675 -226.6425155796327
6.3725 -61.96714502451656
6.3774999999999995 -57.93731522901686
6.382499999999999 12.685276041965235
6.387499999999999 -315.6418261940763
6.3925 17.34442569709883
6.3975 317.4997183890279
6.4025 82.19331581292371
6.4075 55.63430525311099
6.4125 -275.66846617550834
6.4174999999999995 43.5204562393473
6.422499999999999 -109.30749625286268
6.427499999999999 235.5668298203198
6.4325 -8.951317482510303
6.4375 -44.58159846836107
6.4425 194.84852750980772
6.4475 114.02098510301481
6.4525 -5.749367482932414
6.4575 24.461733174063742
6.4624999999999995 244.21555588261862
6.467499999999999 -468.31020912464663
6.4725 192.21452700719448
6.4775 -290.1310262499099
6.4825 4.580560524967357
6.4875 82.91228137006583
6.4925 -58.84849616264271
6.4975 77.34893066390377
6.5024999999999995 -138.26175456887384
6.507499999999999 6.9013279423586695
6.512499999999999 -105.59619050541184
6.5175 232.31307589690604
6.5225 4.0060853586019896
6.5275 31.068640007202614
6.5325 69.62755448880455
6.5375 -188.1722133474361
6.5424999999999995 31.69633297270303
6.547499999999999 -161.25689611312853
6.552499999999999 112.67664802676562
6.5575 227.9556418027508
6.5625 -118.1371098299898
6.5675 -156.33085459958005
6.5725 120.8733348983686
6.5775 221.53870112313695
6.5825 -6.262966139651534
6.5874999999999995 -0.6878846765868133
6.592499999999999 -26.914486278280204
6.5975 -78.84657873244988
6.6025 -254.42828566819935
6.6075 70.94038961414411
6.6125 -82.86614311232805
6.6175 396.67706675072975
6.6225 -99.75491532186932
6.6274999999999995 -208.41267631634508
6.632499999999999 -264.9218108908144
6.637499999999999 130.7729320963784
6.6425 244.22845443538404
6.6475 -146.7982842805654
6.6525 59.74027336838604
6.6575 83.93900834092784
6.6625 -49.68774613778159
6.6674999999999995 133.76619496532507
6.672499999999999 67.59148945742955
6.677499999999999 -105.9108612169326
6.6825 -148.36750958875422
6.6875 142.6363882027431
6.6925 24.074593392600214
6.6975 -363.302585760307
6.7025 150.17885901881087
6.7075 -14.26107682428261
6.7124999999999995 224.79742203192575
6.717499999999999 37.295689733825064
6.722499999999999 22.230740851074295
6.7275 140.45242374730327
6.7325 -169.48435803004588
6.7375 -286.39693681323587
6.7425 47.952429161613544
6.7475 -144.15377476655144
6.7524999999999995 53.08548093422729
6.757499999999999 -38.06442319160735
6.762499999999999 56.88557115872724
6.7675 144.9778701104234
6.7725 110.78327030863151
6.7775 68.43381618543246
6.7825 29.271384690100696
6.7875 5.941139271666703
6.7924999999999995 65.83792722113535
6.797499999999999 -206.28790204957474
6.802499999999999 -24.81984406923466
6.8075 1.7713095817543845
6.8125 -61.010556763383065
6.8175 184.72288826895914
6.8225 -300.3966563418217
6.8275 2.762019162886587
6.8325 79.52609161032922
6.8374999999999995 -29.21102280737813
6.842499999999999 -109.29339611169371
6.847499999999999 7.7809134260737505
6.8525 282.4203684289042
6.8575 -229.48599468122276
6.8625 161.73531745453886
6.8675 -57.16469983152887
6.8725 201.353020143377
6.8774999999999995 -14.201598720534404
6.882499999999999 -166.41110091833815
6.887499999999999 2.596258095787722
6.8925 128.78864596722693
6.8975 8.746378938932539
6.9025 -45.68262770515689
6.9075 -152.63865671640758
6.9125 201.10795441743463
6.9174999999999995 -189.1342329381187
6.922499999999999 70.50200880671456
6.927499999999999 -32.40220938517616
6.9325 36.64948871958843
6.9375 76.89964760894988
6.9425 86.44887222268981
6.9475 -159.09663182463106
6.9525 147.38063882051253
6.9575 -227.90593024905462
6.9624999999999995 -70.32482187938652
6.967499999999999 325.3945177721859
6.972499999999999 -206.06626968246974
6.9775 125.54558969391023
6.9825 -71.86122036182309
6.9875 -22.90826908435956
6.9925 94.2677262218246
6.9975 140.67756092680986
7.0024999999999995 -44.73552061096998
7.007499999999999 8.423601701999536
7.012499999999999 -7.957514913464712
7.0175 -247.83106174261175
7.0225 10.058212097757462
7.0275 276.16530103453795
7.0325 -42.69753479356863
7.0375 131.3994538201473
7.0424999999999995 -166.39022928738905
7.047499999999999 245.55874205516338
7.052499999999999 -217.27404503760448
7.0575 47.896009739236085
7.0625 -33.86435193792197
7.0675 -156.65087889991892
7.0725 59.38732628430872
7.0775 111.63605908059779
7.0825 72.6272901651408
7.0874999999999995 -169.40258288790287
7.092499999999999 -194.03340052038536
7.097499999999999 -75.0863691009883
7.1025 56.62882036859486
7.1075 51.748524228237855
7.1125 -73.36674868597821
7.1175 -5.4761560698776375
7.1225 -205.019371733093
7.1274999999999995 367.6126675324668
7.132499999999999 -63.10707904025265
7.137499999999999 171.34831294728124
7.1425 -320.5667082015847
7.1475 86.53814125138359
7.1525 -23.100906226128195
7.1575 3.352554397691749
7.1625 -105.66666795369879
7.1674999999999995 1.969669045994277
7.172499999999999 91.44406463198047
7.177499999999999 7.793861594414343
7.1825 35.93349052418398
7.1875 -217.29005619670772
7.1925 234.31957913304524
7.1975 -27.453357988867733
7.2025 -63.58866306000962
7.2075 198.5880255293909
7.2124999999999995 -96.61342753818437
7.217499999999999 -240.80941463242948
7.222499999999999 -79.88782787910276
7.2275 257.3765199231524
7.2325 8.180383282428252
7.2375 -26.75319966246223
7.2425 -182.72286632124082
7.2475 106.25509646229125
7.2524999999999995 60.7473362817406
7.257499999999999 223.13923334113142
7.262499999999999 66.52716810612044
7.2675 -325.1639459745461
7.2725 138.21678225248
7.2775 -7.635774591063352
7.2825 327.1785505796305
7.2875 -280.6502620423233
7.2924999999999995 63.049995774144705
7.297499999999999 -38.61648741470143
7.302499999999999 -82.92418880381267
7.3075 58.85664565038955
7.3125 -317.42750839248953
7.3175 202.3415924141556
7.3225 -10.994866455527367
7.3275 188.32727276858716
7.3325 -237.1082924961702
7.3374999999999995 301.8059160314049
7.342499999999999 -103.1170849433425
7.347499999999999 -43.93353041830449
7.3525 20.209598462592425
7.3575 221.56152154087974
7.3625 -111.38378668619686
7.3675 -4.276911264178957
7.3725 -34.90854233501611
7.3774999999999995 -87.29884484816462
7.382499999999999 9.340332589616366
7.387499999999999 8.79561865944699
7.3925 46.97498147502001
7.3975 275.230677074727
7.4025 71.3481517603086
7.4075 -93.98167129121553
7.4125 -189.57190760562963
7.4174999999999995 -0.634729807732065
7.422499999999999 -115.37074962809878
7.427499999999999 -61.43417969739572
7.4325 87.97132042223862
7.4375 192.05688984596804
7.4425 65.18472380690619
7.4475 4.765322331153145
7.4525 132.2916242496782
7.4575 -178.46187400833674
7.4624999999999995 -94.89894713597998
7.467499999999999 -7.618125118760466
7.472499999999999 169.9630026497684
7.4775 306.91876099545965
7.4825 -183.336378340362
7.4875 -108.01620320198707
7.4925 159.68204589713605
7.4975 -85.71177309803383
7.5024999999999995 -63.92582738275481
7.507499999999999 161.85334228648523
7.512499999999999 -46.30763507190974
7.5175 -197.0837430620527
7.5225 -71.99535102379815
7.5275 -201.0607585864009
7.5325 297.21460785012385
7.5375 -75.82501254228893
7.5424999999999995 71.86337035363151
7.547499999999999 -52.87243724687438
7.552499999999999 26.508406670038603
7.557499999999999 106.75805415304254
7.5625 -79.24839224830372
7.5675 20.27128354245541
7.5725 -26.602071122221563
7.5775 -3.9024952090435225
7.5825 122.09936071203012
7.5874999999999995 145.33780312176046
7.592499999999999 -260.5669672346375
7.597499999999999 95.8375835179623
7.6025 -141.06328518200016
7.6075 -5.656028916176423
7.6125 54.837374235144836
7.6175 9.406498006081973
7.6225 107.00354160726168
7.6274999999999995 -82.86513941876703
7.632499999999999 144.92850813969767
7.637499999999999 -71.0553549217566
7.6425 37.12318707849245
7.6475 -364.7608007217546
7.6525 133.98351194931635
7.6575 -128.57822116888534
7.6625 12.66332094024864
7.6674999999999995 152.24592671198843
7.672499999999999 -147.57689614754867
7.677499999999999 214.24634417311816
7.682499999999999 75.4664336339984
7.6875 91.18037238192052
7.6925 -232.95656814581557
7.6975 -192.73981602437917
7.7025 -15.031872984015102
7.7075 101.59257522610386
7.7124999999999995 -162.07111993131298
7.717499999999999 116.57208376104596
7.722499999999999 -117.77427158124041
7.7275 63.70484268682462
7.7325 149.68088171038005
7.7375 166.8611786736816
7.7425 -314.2535764060647
7.7475 79.77768288128385
7.7524999999999995 -44.67832064792725
7.757499999999999 -70.82476838254237
7.762499999999999 36.917767856788316
7.7675 6.008329007561461
7.7725 24.588538906023718
7.7775 -174.6201816997557
7.7825 187.51150323978493
7.7875 5.380506102381388
7.7924999999999995 -96.03821852514207
7.797499999999999 213.97334307730372
7.802499999999999 -94.10322515738886
7.807499999999999 200.3002466424234
7.8125 2.6917049811343174
7.8175 -154.37620988044625
7.8225 375.1875855037013
7.8275 -156.30540553295788
7.8325 -168.4905692218591
7.8374999999999995 344.12647416452995
7.842499999999999 72.27035584292906
7.847499999999999 74.13242115349321
7.8525 -326.4605744196007
7.8575 -249.4456875256349
7.8625 -90.22208765649673
7.8675 111.37192734246754
7.8725 -21.052428398452864
7.8774999999999995 192.54691004317013
7.882499999999999 -122.21733107416739
7.887499999999999 88.6407107862759
7.8925 60.61971602536591
7.8975 -343.5492447087174
7.9025 211.36942056763976
7.9075 11.448799064732512
7.9125 -8.835296513688975
7.9174999999999995 -127.79551033003524
7.922499999999999 31.62987134311199
7.927499999999999 16.316161069000728
7.932499999999999 134.56264096287683
7.9375 31.966868997657937
7.9425 55.926740036950505
7.9475 -169.06537142295963
7.9525 -23.295993680733858
7.9575 -112.6077590417183
7.9624999999999995 4.332767052635822
7.967499999999999 7.826170569423003
7.972499999999999 162.3993110392066
7.9775 -144.69897172691986
7.9825 -58.73274286956147
7.9875 47.35844990129918
7.9925 -19.341993392669586
7.9975 10.927925167589725
8.0025 -173.36337595159384
8.0075 -40.282202113053124
8.0125 186.33779370293857
8.0175 239.6156896931067
8.022499999999999 -21.00847277781202
8.0275 -207.07407905405177
8.032499999999999 -81.84655231970434
8.0375 83.83888662066066
8.0425 5.51989076839097
8.0475 -24.940708819232217
8.0525 107.46823974359846
8.0575 -416.2256924835976
8.0625 300.3491959272834
8.067499999999999 -14.787333102573804
8.0725 -156.92604979100685
8.077499999999999 253.85590802021673
8.0825 -32.09283949298273
8.0875 70.60668295337847
8.0925 228.4495516044549
8.0975 -29.558716750944132
8.1025 -29.95268099727934
8.1075 -83.3967417444405
8.112499999999999 19.419535044537184
8.1175 73.99265225256127
8.1225 -120.73114964573298
8.1275 71.41009866040207
8.1325 -56.64038055088387
8.1375 15.691751753221507
8.1425 220.8283924928628
8.147499999999999 -36.07210639961166
8.1525 -80.09519031582002
8.157499999999999 -163.10254311340648
8.1625 6.270457614505406
8.1675 -14.263080041821244
8.1725 -100.12095327766201
8.1775 -116.84842828705824
8.1825 57.90820122401004
8.1875 10.651185970360558
8.192499999999999 -94.56359729750073
8.1975 23.74351809258792
8.202499999999999 290.4063645082397
8.2075 -104.89124923920672
8.2125 346.63878141599133
8.2175 -215.52614723380387
8.2225 -68.56495357586222
8.2275 16.200501262584588
8.2325 262.9063404762619
8.237499999999999 -84.45781537681707
8.2425 -75.15326963063148
8.2475 -132.19361228720695
8.2525 11.763129301396438
8.2575 207.86447158135385
8.2625 -70.41528280857605
8.2675 0.9753108203375457
8.272499999999999 71.37325859007542
8.2775 -193.51069726992972
8.282499999999999 -65.8573228894681
8.2875 162.69082456716544
8.2925 147.72936728541737
8.2975 -87.24443758284681
8.3025 -10.968969543164055
8.3075 19.116570302691603
8.3125 -45.280440777204646
8.317499999999999 68.70487085063786
8.3225 171.39481715792192
8.327499999999999 -282.42529242727255
8.3325 68.2217574819715
8.3375 195.76248342042905
8.3425 -140.36620622862577
8.3475 93.57381735664819
8.3525 -66.37501385247747
8.3575 134.6315950370124
8.362499999999999 -480.10618381343187
8.3675 -32.71552759733631
8.3725 257.8424826809733
8.3775 -248.47927513184484
8.3825 134.64053867413878
8.3875 -328.254205738569
8.3925 88.77954980226328
8.397499999999999 -27.13452752167175
8.4025 46.856243064519575
8.407499999999999 66.52355040451012
8.4125 37.18431001298434
8.4175 90.66999252844322
8.4225 -120.06602751027533
8.4275 -20.628194703741656
8.4325 52.78616313864397
8.4375 262.9938233442503
8.442499999999999 -297.9977625727885
8.4475 179.2426401518482
8.452499999999999 -0.49071672322923854
8.4575 -167.51920601319367
8.4625 147.61441725496925
8.4675 293.14342447195645
8.4725 -224.02905215852556
8.4775 -31.397467761958367
8.4825 59.84289100990662
8.487499999999999 26.336458857138116
8.4925 1.951960015263539
8.4975 -37.58468613692422
8.5025 172.13495367193406
8.5075 -157.54853164079108
8.5125 0.7180530680777698
8.5175 24.938388762700004
8.522499999999999 -120.08122115141683
8.5275 -127.12133360294565
8.532499999999999 503.4878726142108
8.5375 -57.70811758872158
8.5425 -218.90732740871616
8.5475 214.47059640789405
8.5525 -226.37788406306558
8.5575 9.467169507099458
8.5625 -23.21818158985197
8.567499999999999 -166.0171452208825
8.5725 102.14137756026109
8.577499999999999 -28.932992914376513
8.5825 95.60090638522539
8.5875 -18.869979603023957
8.5925 -301.1077381255258
8.5975 -5.279320971812757
8.6025 134.11559279639675
8.6075 181.0614868711482
8.612499999999999 -271.1626877742541
8.6175 -32.30347273348578
8.6225 126.50238471025095
8.6275 -70.43322557036159
8.6325 95.36490931400682
8.6375 11.30672629216011
8.6425 -64.71095521478293
8.647499999999999 -304.4976922552582
8.6525 251.1619039517716
8.657499999999999 -24.36432974049479
8.6625 91.92006825238606
8.6675 166.89859000160493
8.6725 -229.42052234080353
8.6775 -278.45049971800756
8.6825 89.91704718583684
8.6875 194.55891890577672
8.692499999999999 -50.84111466017353
8.6975 -154.1373013523924
8.702499999999999 359.6284647893032
8.7075 33.82099742810805
8.7125 -262.6287610709712
8.7175 76.90038119245781
8.7225 3.721307023665322
8.7275 48.62178789397408
8.7325 -155.2481117245581
8.737499999999999 -39.4584601722137
8.7425 -73.00139165728307
8.747499999999999 176.58122129125547
8.7525 17.684578023897867
8.7575 161.10870364219
8.7625 27.42207487940593
8.7675 -63.86822184959897
8.772499999999999 160.43620081367945
8.7775 -145.71899710197977
8.782499999999999 -7.631308264096448
8.7875 -160.04503490880998
8.7925 -0.05972033845038272
8.7975 196.3479559452298
8.8025 -129.86123776943344
8.8075 -175.22798293574826
8.8125 231.39084688313753
8.817499999999999 -109.18625605120718
8.8225 122.01915378350796
8.827499999999999 -229.24944841336892
8.8325 236.9600443320981
8.8375 14.554425256774753
8.8425 14.81704961649271
8.8475 97.9359794376322
8.8525 89.99368391577603
8.8575 75.7263818767618
8.862499999999999 -128.1629864096806
8.8675 5.258177717589
8.872499999999999 21.13441158183583
8.8775 38.846764343844775
8.8825 -306.670131488762
8.8875 -82.41017217719867
8.8925 173.2204791147315
8.897499999999999 60.60410143723055
8.9025 -96.35865345954076
8.907499999999999 115.21626371381676
8.9125 -201.48798233294954
8.9175 -9.828162069611697
8.9225 213.88998527191848
8.9275 -49.08790012765883
8.9325 -114.06636803290839
8.9375 -98.49436233950694
8.942499999999999 -27.34125579518409
8.9475 -155.96293774891564
8.952499999999999 321.8689942151515
8.9575 -26.01454524208107
8.9625 188.05504234665756
8.9675 77.70689112511137
8.9725 -60.597083181307504
8.9775 11.964117477223901
8.9825 66.89782447587345
8.987499999999999 -77.02748696171734
8.9925 -17.0539861534885
8.997499999999999 19.723244274954954
9.0025 -76.66803936349216
9.0075 -14.531005893181014
9.0125 89.79347142535191
9.0175 41.132927504586675
9.022499999999999 -292.0876102591384
9.0275 -151.46632360262615
9.032499999999999 200.59251275140022
9.0375 -166.9750368458792
9.0425 141.20306958831333
9.0475 -62.25801416577269
9.0525 71.89334773790539
9.0575 -81.7730038786732
9.0625 168.75733170599642
9.067499999999999 -189.42515631377108
9.0725 80.7058529099109
9.077499999999999 14.821221858302032
9.0825 86.51640521110762
9.0875 -75.95886408067364
9.0925 -139.4161481570257
9.0975 248.35980573251805
9.1025 -47.77117703439931
9.1075 54.28616980975258
9.112499999999999 -98.9969749499444
9.1175 -17.299542146776652
9.122499999999999 -206.73877227659545
9.1275 123.18557307518725
9.1325 36.12702325874658
9.1375 133.23628181436698
9.1425 -25.469377756637446
9.147499999999999 -101.71901343437116
9.1525 30.327650365177266
9.157499999999999 -81.55698216198725
9.1625 159.11931373222654
9.1675 165.47430264414902
9.1725 -96.1144614504716
9.1775 133.66770614478955
9.1825 -140.08876136847175
9.1875 180.65962803266302
9.192499999999999 121.6852085107255
9.1975 -113.09056079365038
9.202499999999999 10.51258720914005
9.2075 -176.0773252386403
9.2125 218.86206254300242
9.2175 132.94060190216447
9.2225 -204.52744169399296
9.2275 236.51542537148114
9.2325 -122.42114290708204
9.237499999999999 -163.3509378692696
9.2425 200.05977528748852
9.247499999999999 -112.05745415254258
9.2525 42.43209993726806
9.2575 -225.6557528463658
9.2625 -84.04617699019991
9.2675 -50.603046568398064
9.272499999999999 233.13351278498527
9.2775 -67.47746750777937
9.282499999999999 -53.421330600487586
9.2875 72.72964646548067
9.2925 -20.24644533830419
9.2975 213.87200341720467
9.3025 -209.16424547438348
9.3075 117.24941375819144
9.3125 75.77018727418012
9.317499999999999 40.26998337508513
9.3225 -29.576617483822513
9.327499999999999 -192.13259440159823
9.3325 248.5596561260815
9.3375 -367.29502755123343
9.3425 170.98035277242494
9.3475 4.328090951214561
9.3525 176.9141823778769
9.3575 78.91761144876253
9.362499999999999 -73.5323166086401
9.3675 -155.0590019228662
9.372499999999999 211.51287380949998
9.3775 148.54190143544457
9.3825 -180.53529102303204
9.3875 -184.07109123382546
9.3925 302.42709669977796
9.397499999999999 -188.1673933501557
9.4025 326.42227252273784
9.407499999999999 -87.15944328999669
9.4125 -96.17423729290287
9.4175 -2.152692810276294
9.4225 -196.04483154617088
9.4275 -141.64173778551174
9.4325 -3.4370917716392064
9.4375 69.66821685816876
9.442499999999999 50.54885301684514
9.4475 -74.18747523057466
9.452499999999999 -31.543211005631868
9.4575 54.890285027114615
9.4625 25.63898331634779
9.4675 62.097932206949565
9.4725 44.89802556959731
9.4775 -101.94087925291392
9.4825 222.17186287144867
9.487499999999999 -103.33975628921075
9.4925 167.720849462284
9.497499999999999 -229.16703652773143
9.5025 30.13973354544113
9.5075 -110.25788539925288
9.5125 -115.33175790470956
9.5175 70.39436733943315
9.522499999999999 -26.671820307948217
9.5275 -48.5673388917022
9.532499999999999 531.1770173118246
9.5375 -204.4472380304109
9.5425 5.157534579405067
9.5475 29.800361232969415
9.5525 -86.09821111681889
9.5575 -278.8794213320717
9.5625 -151.76070963635647
9.567499999999999 395.91784414555957
9.5725 -162.25350565887175
9.577499999999999 -42.05842938431656
9.5825 171.19717917861328
9.5875 31.592913109917152
9.5925 -105.856723823171
9.5975 221.22913098814033
9.6025 -72.61948260996016
9.6075 -220.0931509340558
9.612499999999999 74.57208688342591
9.6175 108.05071729859168
9.622499999999999 -14.743731629240255
9.6275 -107.3333127158677
9.6325 90.78567251251785
9.6375 -139.44252620806108
9.6425 78.07934862741705
9.647499999999999 109.6738169591716
9.6525 47.48553706767353
9.657499999999999 6.6401288060737516
9.6625 -157.59664660898963
9.6675 155.39587439122207
9.6725 -80.67711344369464
9.6775 -63.77496095058567
9.6825 50.98873727160049
9.6875 -89.4240514522109
9.692499999999999 61.75940073784573
9.6975 -138.78819409500946
9.702499999999999 -17.1883398593909
9.7075 0.7948608979405536
9.7125 79.11556683863483
9.7175 180.1399541120138
9.7225 -248.57627716282806
9.7275 110.63524016771623
9.7325 -94.28169180038083
9.737499999999999 100.27383878227229
9.7425 -103.51714743977266
9.747499999999999 -304.67551778265556
9.7525 281.04591072222036
9.7575 -78.20788617980183
9.7625 94.25145236663161
9.7675 -86.85633760883086
9.772499999999999 219.14089379785815
9.7775 -52.08276382056275
9.782499999999999 114.4712292099323
9.7875 -58.95981187585516
9.7925 -173.3138762530317
9.7975 130.08450907476433
9.8025 -208.1063088490428
9.8075 362.39976195474645
9.8125 -88.34498001461363
9.817499999999999 -303.298813850672
9.8225 90.21173901368797
9.827499999999999 249.830388262211
9.8325 -297.5803749639248
9.8375 289.767021622915
9.8425 18.98875226352682
9.8475 -254.27552370947063
9.8525 -110.35294974858189
9.8575 131.95146308513054
9.862499999999999 -68.97226321017631
9.8675 127.1108917948515
9.872499999999999 -130.25858550586088
9.8775 139.64064085422527
9.8825 -226.63333353197825
9.8875 392.7017265595398
9.8925 -61.04272465206692
9.897499999999999 -53.99538161659925
9.9025 117.43277682232194
9.907499999999999 28.7124000431207
9.9125 -133.16211976198278
9.9175 -23.149985594498723
9.9225 118.75145581924545
9.9275 94.89759211184207
9.9325 -13.321916966319955
9.9375 1.6472147256132812
9.942499999999999 -86.64830299332831
9.9475 -8.016351954046506
9.952499999999999 -149.95087771260552
9.9575 -35.55181876069698
9.9625 66.34151505765273
9.9675 -289.9801348948168
9.9725 171.68208470947124
9.9775 -144.47161719051618
9.9825 176.68479336439515
9.987499999999999 -70.60199531775463
9.9925 229.05262463156978
9.997499999999999 48.98817417034856
10.0025 93.03687329709636
