0.0075 -56.55909213769755
0.012499999999999999 -150.70449943236468
0.017499999999999998 -9.606346960440138
0.0225 186.60844614726724
0.0275 -246.28913467221508
0.0325 129.37008778783687
0.0375 -17.860239891148336
0.042499999999999996 110.05763256276383
0.0475 212.19237375817556
0.0525 153.59422711294775
0.057499999999999996 -355.25088900446144
0.0625 48.76746603211125
0.06749999999999999 -215.45132487402216
0.0725 121.29970468627693
0.0775 -31.65102402618655
0.08249999999999999 166.83004683703416
0.0875 180.7890527893308
0.0925 -66.0473362324793
0.09749999999999999 -207.2122370401412
0.1025 -12.110774476462417
0.1075 116.66496171630965
0.11249999999999999 -12.499868221746764
0.1175 18.591381191027725
0.1225 213.31016343725656
0.1275 29.591997099074497
0.1325 -276.74708677176136
0.13749999999999998 152.8591763064129
0.1425 -66.31130944831239
0.1475 66.73440594055376
0.1525 34.74968497440544
0.1575 -189.0401595501382
0.1625 233.99814787381672
0.16749999999999998 116.64544300003469
0.1725 -124.51159645298566
0.1775 -86.25074501020725
0.1825 -48.65962596683273
0.1875 86.71380581611601
0.1925 -8.025165935222248
0.19749999999999998 88.60592045477162
0.20249999999999999 -145.6172600485098
0.2075 -346.22838293353504
0.2125 96.969721695705
0.2175 160.0688743661544
0.2225 -118.54864942133025
0.22749999999999998 184.83130266350975
0.23249999999999998 154.41837522219848
0.2375 -192.55144286553448
0.2425 153.2359001889474
0.2475 -137.666429610472
0.2525 76.24175452364939
0.2575 179.14513517617644
0.2625 34.016719650384886
0.2675 -320.57324127261273
0.27249999999999996 161.14855586232366
0.27749999999999997 -425.70231507771996
0.2825 270.5935473760134
0.2875 -379.8827568065564
0.2925 158.27181030710253
0.2975 146.2647344058148
0.3025 -152.3875955366377
0.3075 173.43429165023448
0.3125 57.91548541217873
0.3175 -88.50068168319144
0.3225 64.13357278789375
0.32749999999999996 -120.07127666624397
0.33249999999999996 93.23907993703764
0.33749999999999997 7.837021437317665
0.34249999999999997 -33.72973072898411
0.3475 19.998765953833797
0.3525 11.131069030366643
0.3575 -46.1841299316875
0.3625 115.30612636535785
0.3675 13.11902612406103
0.3725 199.6123858484207
0.3775 -180.1731787094424
0.3825 95.00675933824365
0.38749999999999996 -141.28401766336734
0.39249999999999996 53.25770476203466
0.39749999999999996 144.24921325721905
0.40249999999999997 -300.4804060962698
0.4075 200.788875629754
0.4125 -249.71450779272433
0.4175 170.41754283388832
0.4225 -114.94511774953833
0.4275 100.95432309084156
0.4325 95.21943881618813
0.4375 292.47787874547913
0.4425 -183.58203481896504
0.44749999999999995 -3.224785993634189
0.45249999999999996 -299.4217990068542
0.45749999999999996 -69.18214176122551
0.46249999999999997 255.46222576543974
0.46749999999999997 -19.22313778151252
0.4725 76.72262107899793
0.4775 -56.44695057558058
0.4825 83.98676445664574
0.4875 49.95522312978845
0.4925 -27.745044361272583
0.4975 -79.49129050637316
0.5025 18.540499312579446
0.5075 156.6565636375434
0.5125 10.204128436709922
0.5175 -17.5041485875605
0.5225 26.999119807590606
0.5275 -55.12262246650407
0.5325 -29.197720504066293
0.5375 -71.26186571078613
0.5425 243.7643976171586
0.5475 -90.37800188336318
0.5525 -96.43960675171402
0.5575 -35.06945238070802
0.5625 152.71936660606636
0.5675 -220.3359902052675
0.5725 194.34214007765996
0.5775 -2.244039977425277
0.5825 -386.44642885942744
0.5875 303.23349092032436
0.5925 175.47380933515458
0.5974999999999999 -61.67689859758709
0.6024999999999999 233.93167981303398
0.6074999999999999 -332.91872562795817
0.6124999999999999 -94.693169823546
0.6174999999999999 149.42616378541575
0.6224999999999999 76.01171563084074
0.6275 -475.0722625207622
0.6325 165.0015906672221
0.6375 150.96822263767487
0.6425 84.81257553062713
0.6475 34.017378362320436
0.6525 -14.180477379239537
0.6575 -13.325686401290367
0.6625 -83.51785550985326
0.6675 -127.04139108933558
0.6725 141.37439909907943
0.6775 -96.26153320400913
0.6825 75.90135361730876
0.6875 -5.98050382324817
0.6925 -88.52365830816689
0.6975 -61.344603295567296
0.7025 59.001081762565946
0.7075 11.736782287851636
0.7125 1.767843223890745
0.7174999999999999 -272.6127342052126
0.7224999999999999 246.3707202113942
0.7274999999999999 -104.73183800659947
0.7324999999999999 79.42503225705288
0.7374999999999999 -58.71003161759764
0.7424999999999999 -46.664486005023655
0.7474999999999999 104.47960489016755
0.7525 -28.452999422090784
0.7575 194.33606955899535
0.7625 18.733171501053448
0.7675 -131.3934958473382
0.7725 163.03716877464507
0.7775 -1.4170022728679466
0.7825 63.151037485847915
0.7875 114.11894271286945
0.7925 -2.3265142382210033
0.7975 -125.38575377237532
0.8025 79.51017209056825
0.8075 -189.28961294430914
0.8125 248.126240679781
0.8175 34.74452238869238
0.8225 0.5824774110726832
0.8275 5.958619744257747
0.8325 227.0396681509532
0.8374999999999999 -203.61207629970468
0.8424999999999999 132.72360143642956
0.8474999999999999 -250.9965049095731
0.8524999999999999 153.63577517748539
0.8574999999999999 -149.5673064366027
0.8624999999999999 82.5179981629372
0.8674999999999999 32.3873564656124
0.8724999999999999 -2.8665467049013245
0.8775 90.70687177805048
0.8825 -106.4036732421684
0.8875 -280.0584079865898
0.8925 7.1719589713122724
0.8975 228.9977960944089
0.9025 -204.85869166418604
0.9075 67.2140388913486
0.9125 89.73310513454909
0.9175 -38.68192337612235
0.9225 81.14923607838206
0.9275 13.51418275610979
0.9325 -272.18669601020827
0.9375 234.5340751677113
0.9425 -379.9748417350208
0.9475 171.2070360634708
0.9524999999999999 36.513565268339505
0.9574999999999999 75.7263720418495
0.9624999999999999 68.18316007616585
0.9674999999999999 116.60767588410997
0.9724999999999999 -138.58548960927845
0.9774999999999999 71.59706850360254
0.9824999999999999 -70.6953197597385
0.9874999999999999 -75.44566417429047
0.9924999999999999 143.12426301359375
0.9974999999999999 -235.22333233627654
1.0025 -177.7676048278303
1.0075 9.189443360435087
1.0125 210.45406638270484
1.0174999999999998 25.09109844679328
1.0225 68.7575739899531
1.0274999999999999 -127.37760997755079
1.0325 173.9864937080774
1.0374999999999999 86.41685312007918
1.0425 -4.09610862134394
1.0474999999999999 -330.26785592848233
1.0525 44.5552113708923
1.0574999999999999 44.57032990196452
1.0625 473.0924218213166
1.0675 -214.45004930951893
1.0725 -172.74137959099374
1.0775 -12.066010223924613
1.0825 -88.16306155178772
1.0875 -230.44354089283243
1.0925 199.35923282484907
1.0975 80.87563035185572
1.1025 -8.377060483222273
1.1075 7.625219101555044
1.1125 -5.503274460461885
1.1175 -118.07966316865239
1.1225 28.072414982329505
1.1275 -43.28799908685991
1.1324999999999998 17.983630216196747
1.1375 287.977297869731
1.1424999999999998 -68.51114493360215
1.1475 11.176084872441164
1.1524999999999999 -204.73938716900398
1.1575 179.5200762205138
1.1624999999999999 56.23717727258789
1.1675 -49.158049840111985
1.1724999999999999 76.26402440835196
1.1775 -185.97943046162018
1.1824999999999999 -175.98361052940783
1.1875 118.84662748947214
1.1925 -4.026958243715712
1.1975 261.4234442374984
1.2025 -46.08166417155958
1.2075 38.53271999092416
1.2125 -24.617622202501177
1.2175 -219.41785866659234
1.2225 6.067436955927279
1.2275 -41.27121762205986
1.2325 -135.66380321513967
1.2375 167.08924853624578
1.2425 235.99589511641827
1.2475 -67.49305260865387
1.2525 -84.42907228380342
1.2574999999999998 120.05961439906612
1.2625 101.28415890611844
1.2674999999999998 -15.801686824441484
1.2725 -5.65061309612058
1.2774999999999999 62.6814171933256
1.2825 127.14508045359628
1.2874999999999999 -364.8731429502123
1.2925 28.391128660070375
1.2974999999999999 -56.34576763260403
1.3025 14.792644987333981
1.3074999999999999 213.10105595176162
1.3125 42.05764230143514
1.3175 102.81875682757246
1.3225 -106.86355601957787
1.3275 194.59023130923467
1.3325 -372.7273664273492
1.3375 46.456365995301894
1.3425 112.93143286244093
1.3475 17.241541218689264
1.3525 58.081782806333386
1.3575 -103.86778519145336
1.3625 104.19230385036661
1.3675 133.4409012326707
1.3724999999999998 18.63019124558633
1.3775 -302.53221377215687
1.3824999999999998 -52.82596790612244
1.3875 -188.50533256571327
1.3924999999999998 162.411674553005
1.3975 -29.53885723085112
1.4024999999999999 246.75599800659242
1.4075 206.42900617940356
1.4124999999999999 -126.03409579777924
1.4175 177.25119151316923
1.4224999999999999 1.6856398955511331
1.4275 -272.782910315253
1.4324999999999999 106.1893526425179
1.4375 -17.26625462729181
1.4425 -147.47464164631256
1.4475 225.9682456866152
1.4525 -80.82238626871965
1.4575 -86.30522125046768
1.4625 229.23384550335666
1.4675 -249.70286914496165
1.4725 115.05901096432933
1.4775 31.41873582817885
1.4825 -192.14187957448132
1.4874999999999998 13.189672518603622
1.4925 23.026408386584457
1.4974999999999998 155.42561235341213
1.5025 -112.48533816536849
1.5074999999999998 -126.17750630757773
1.5125 30.27367526443073
1.5174999999999998 67.41320819538991
1.5225 206.71676223835607
1.5274999999999999 -168.37722537846403
1.5325 -1.3484843889664924
1.5374999999999999 307.73937491401637
1.5425 -226.2865525051262
1.5474999999999999 -39.67510537628519
1.5525 -100.39190139233011
1.5574999999999999 -102.533982341482
1.5625 369.0671315136682
1.5675 -276.083494499215
1.5725 221.3213975525392
1.5775 -161.22064443927786
1.5825 177.83300790957784
1.5875 134.17642015467584
1.5925 -106.5328668579012
1.5975 -67.2990028457507
1.6025 -248.8217179127788
1.6075 37.88625510044945
1.6124999999999998 -99.94954775732333
1.6175 296.49722005675784
1.6224999999999998 -24.493629483677097
1.6275 -136.95571627566395
1.6324999999999998 65.1538165191837
1.6375 -244.5119022373452
1.6424999999999998 59.657420966674465
1.6475 225.64750666047
1.6524999999999999 -179.56482994629275
1.6575 -164.41457701258844
1.6624999999999999 184.4509445490639
1.6675 -44.948797936857346
1.6724999999999999 152.97446892220958
1.6775 -285.9856954910284
1.6824999999999999 313.1292305875506
1.6875 47.470678292728664
1.6925 -10.730877449555983
1.6975 -179.36667055317938
1.7025 236.40417387972178
1.7075 -189.2328595029387
1.7125 1.8459703280314699
1.7175 -111.41164534231372
1.7225 -57.365336861820126
1.7274999999999998 126.72408191149925
1.7325 191.74445735365342
1.7374999999999998 -233.9221220423286
1.7425 -105.68489430472316
1.7474999999999998 -78.32777548167063
1.7525 -70.28197394105855
1.7574999999999998 295.4397185566394
1.7625 -336.76029246662
1.7674999999999998 -62.34221844284657
1.7725 321.88741026988407
1.7774999999999999 18.350371573305967
1.7825 36.33595726654512
1.7874999999999999 -55.60372824244766
1.7925 -215.66378776390314
1.7974999999999999 -60.44478963315035
1.8025 91.75423112431443
1.8074999999999999 -58.15758599687167
1.8125 36.04918045933533
1.8175 265.8223891906779
1.8225 -200.67346445633564
1.8275 -20.139682674458776
1.8325 65.97854333700266
1.8375 -136.9164938353271
1.8425 376.31532560159303
1.8475 137.7686465443374
1.8524999999999998 80.16777003186725
1.8575 9.868758794765583
1.8624999999999998 65.09659568971995
1.8675 -432.93053378541225
1.8724999999999998 -137.14651377996978
1.8775 220.39842204353508
1.8824999999999998 -16.251079793561097
1.8875 47.36913875579579
1.8924999999999998 83.48199136876114
1.8975 67.46920634181227
1.9024999999999999 -256.41471427650754
1.9075 96.10354129100914
1.9124999999999999 -93.05528378004844
1.9175 93.26771430014591
1.9224999999999999 1.2281466924024877
1.9275 -106.31116619067384
1.9324999999999999 48.66685916601322
1.9375 -86.31813968893853
1.9425 78.87481719073672
1.9475 -213.75810308040337
1.9525 73.83362842935213
1.9575 1.5721382761896778
1.9625 -111.3547708432164
1.9674999999999998 -146.53358045832337
1.9725 372.87454472731196
1.9774999999999998 138.92172744565963
1.9825 -148.57442662021134
1.9874999999999998 -18.33675784241253
1.9925 303.43507914196675
1.9974999999999998 -205.85920772303766
2.0025 -26.29692051534713
2.0075 1.5777887771758168
2.0124999999999997 -69.42869750054011
2.0175 161.42634676500307
2.0225 77.22750180299185
2.0275 -116.45085138866737
2.0324999999999998 221.08830265939366
2.0375 -128.70469741329302
2.0425 67.98854399008418
2.0475 79.8718725776137
2.0524999999999998 -117.77582084052733
2.0575 3.644055219523661
2.0625 -67.84583798362227
2.0675 -122.92192770210033
2.0725 -143.12877636145421
2.0775 14.365844918157315
2.0825 14.761191821372437
2.0875 -15.21621965759648
2.0925 436.8151480773785
2.0974999999999997 161.79947878583064
2.1025 -267.9760458902083
2.1075 389.80032660313395
2.1125 -286.8370057961611
2.1174999999999997 21.315823756904866
2.1225 -106.6456265838218
2.1275 -216.72765306805687
2.1325 183.2839539833398
2.1374999999999997 75.99465767603337
2.1425 66.8459083310313
2.1475 -60.74134323344199
2.1525 -100.95212957746448
2.1574999999999998 -144.12386192857983
2.1625 202.15949331872685
2.1675 100.44125596965253
2.1725 -173.30865952030277
2.1774999999999998 1.3106543756575884
2.1825 -205.49991365306718
2.1875 279.45927579557406
2.1925 -175.01721024858645
2.1975 17.103658967889665
2.2024999999999997 -56.33271760964745
2.2075 -91.76450129342552
2.2125 46.9032401988678
2.2175 139.01041617854733
2.2224999999999997 -111.53936887606164
2.2275 155.4391355541794
2.2325 6.417020617188945
2.2375 321.0978096673613
2.2424999999999997 -271.6383529305783
2.2475 79.19630545894364
2.2525 96.71592890836372
2.2575 -8.615498413754962
2.2624999999999997 -93.2180129977036
2.2675 -52.521100863814745
2.2725 -47.34608436438929
2.2775 -97.3904438774859
2.2824999999999998 -392.0748615482957
2.2875 207.61874257091506
2.2925 -1.9740028221518857
2.2975 11.265197307372901
2.3024999999999998 153.3850546247169
2.3075 198.04605097438957
2.3125 -238.0074547824867
2.3175 18.936446241049488
2.3225 -16.47013269765631
2.3274999999999997 -83.49855943452816
2.3325 -22.246583985013306
2.3375 36.74767591147454
2.3425 -56.279978810936576
2.3474999999999997 -178.0057272187662
2.3525 267.4636774826385
2.3575 -179.21225852769814
2.3625 123.25278636470496
2.3674999999999997 -128.97088624869684
2.3725 187.61965660361193
2.3775 -95.78189446349691
2.3825 295.39510534664316
2.3874999999999997 -156.24039217361698
2.3925 58.00267947689304
2.3975 165.41883507104518
2.4025 140.18661305281537
2.4074999999999998 -223.35307903592485
2.4125 -104.50203399209784
2.4175 220.91823550130738
2.4225 -121.94036902010758
2.4274999999999998 436.2951188210495
2.4325 -423.2485707475725
2.4375 74.4125443747341
2.4425 -111.32229158143515
2.4475 352.8781333462659
2.4524999999999997 -28.636021072796996
2.4575 -45.01352855609057
2.4625 -242.91479896301627
2.4675 3.0944197170748984
2.4724999999999997 -291.1865009706428
2.4775 17.323440718451327
2.4825 129.73444812367683
2.4875 65.81951059072058
2.4924999999999997 18.46506219008046
2.4975 -206.20138291458383
2.5025 36.81244258485685
2.5075 95.8126501000996
2.5124999999999997 -86.36989555154102
2.5175 4.518300963687742
2.5225 -141.35884844455606
2.5275 81.31660522817297
2.5324999999999998 -79.1388246185361
2.5375 86.16259445786618
2.5425 204.5921878155234
2.5475 -133.41883530392104
2.5524999999999998 -71.60084892587751
2.5574999999999997 159.4484493052426
2.5625 236.0909306953906
2.5675 -203.9044586060065
2.5725 -32.38424646629221
2.5774999999999997 -91.35300581578389
2.5825 -9.272394746576063
2.5875 -44.8036655124786
2.5925 243.1936422784125
2.5974999999999997 -29.220994378394977
2.6025 160.6802182553682
2.6075 86.13890740825232
2.6125 -140.39262382902314
2.6174999999999997 -113.40912520524026
2.6225 101.8685723608498
2.6275 -208.7856448434492
2.6325 167.38756372384012
2.6374999999999997 227.76470077266717
2.6425 -372.72825620164167
2.6475 -94.83206961717374
2.6525 156.6734409268519
2.6574999999999998 91.04704767492053
2.6625 -62.206819849215094
2.6675 148.3609263182449
2.6725 -29.95412418302269
2.6774999999999998 -22.906702558720916
2.6824999999999997 62.09182158791296
2.6875 73.43901787291914
2.6925 58.14948302424053
2.6975 -200.4240784334214
2.7024999999999997 -233.91998721563215
2.7075 156.62706950140543
2.7125 -147.92854364567674
2.7175 -62.517798464546914
2.7224999999999997 84.45217509830066
2.7275 229.08355944100992
2.7325 -62.66630497830868
2.7375 -27.495821766289612
2.7424999999999997 -63.820271443219866
2.7475 -183.1587180542946
2.7525 -86.29576769467502
2.7575 206.8696884118245
2.7624999999999997 -169.05315540714568
2.7675 170.60144057410054
2.7725 -21.771386615647877
2.7775 106.27786268367397
2.7824999999999998 -2.9484027817831002
2.7875 -43.35967157722222
2.7925 225.21936337686304
2.7975 -66.80197641615796
2.8024999999999998 10.283533357791551
2.8074999999999997 171.24930073711772
2.8125 -142.50144285187267
2.8175 174.2271052827298
2.8225 -479.5961024017922
2.8274999999999997 -37.91381946786397
2.8325 6.248496418782316
2.8375 87.62290539569082
2.8425 -146.6104889585418
2.8474999999999997 0.48121683324954745
2.8525 383.72841024814346
2.8575 -214.26169796080276
2.8625 141.72459377290056
2.8674999999999997 -367.47467817189585
2.8725 107.42187136104319
2.8775 56.31770158288961
2.8825 -102.91240116377715
2.8874999999999997 83.38697480374702
2.8925 27.704501799582633
2.8975 -55.97258778081589
2.9025 -32.09610071988516
2.9074999999999998 213.50753832366598
2.9125 -43.50815243200928
2.9175 198.0755083984561
2.9225 -134.3282455544666
2.9274999999999998 160.3451959964662
2.9324999999999997 -99.54999529880793
2.9375 -8.75488191195223
2.9425 97.28240854083055
2.9475 -44.59976903578751
2.9524999999999997 42.99864059204015
2.9575 130.54314900381002
2.9625 -255.37913095220932
2.9675 57.57220556887485
2.9724999999999997 207.3515152707499
2.9775 149.3745874040518
2.9825 -267.795735406246
2.9875 63.713652218799936
2.9924999999999997 38.278596663354726
2.9975 -4.791417985434086
3.0025 -49.659915174030964
3.0075 1.5690131446536342
3.0124999999999997 -55.44785213396192
3.0175 54.185586637086004
3.0225 -79.65773145920174
3.0275 36.43400297221295
3.0324999999999998 -48.3355718011541
3.0374999999999996 -137.5191191996855
3.0425 188.84290177392108
3.0475 -94.47748942982001
3.0524999999999998 -0.7082055976790279
3.0574999999999997 -212.38067431528026
3.0625 315.59075077129756
3.0675 42.585999013527825
3.0725 161.4153036686228
3.0774999999999997 -172.55853347399147
3.0825 93.7910618540359
3.0875 -85.71206812689888
3.0925 -153.6555979855069
3.0974999999999997 -5.493229498198126
3.1025 -47.32052644655734
3.1075 17.648720750385095
3.1125 -23.528057470139174
3.1174999999999997 8.06069553920747
3.1225 49.7631614604321
3.1275 -310.6558293774181
3.1325 389.8081153520132
3.1374999999999997 -112.18661480269944
3.1425 29.068188209977542
3.1475 22.00934307854729
3.1525 -86.68679954784965
3.1574999999999998 220.0638787521611
3.1624999999999996 -49.05790398025968
3.1675 291.8415708450097
3.1725 -284.92299313055963
3.1774999999999998 -285.47185438989436
3.1824999999999997 439.8237814205674
3.1875 -56.68204402323953
3.1925 67.1762787494016
3.1975 109.97753162143293
3.2024999999999997 28.043133161871218
3.2075 -101.39019827882993
3.2125 -85.59720487127913
3.2175 28.363536709258035
3.2224999999999997 102.23434844706782
3.2275 -54.37580636213904
3.2325 -68.23994842032113
3.2375 -105.14405463301514
3.2424999999999997 270.50960673770874
3.2475 173.93474152984052
3.2525 -251.79749349141326
3.2575 99.22126797591089
3.2624999999999997 -188.65581005059067
3.2675 -14.887839750637898
3.2725 418.29025507955987
3.2775 -61.381762532288114
3.2824999999999998 -61.93338843101219
3.2874999999999996 -72.06667544029956
3.2925 -19.960439406468
3.2975 78.5242041440432
3.3024999999999998 -193.38274226262334
3.3074999999999997 251.53057985576598
3.3125 102.34761143796442
3.3175 -276.37891824931995
3.3225 -25.505162190427342
3.3274999999999997 -147.78819300150934
3.3325 335.7305181861652
3.3375 -103.02607002701998
3.3425 2.321077693608659
3.3474999999999997 -79.83603764827741
3.3525 88.30226635825338
3.3575 -175.04185404899607
3.3625 90.6155299729693
3.3674999999999997 3.2303926111943375
3.3725 -148.0990654281612
3.3775 -53.78768746361749
3.3825 45.761290818700225
3.3874999999999997 -24.32948691706073
3.3924999999999996 92.43790384730534
3.3975 205.68331137223362
3.4025 -132.4586441002277
3.4074999999999998 57.63917444021032
3.4124999999999996 -112.00186465818872
3.4175 86.33261529821347
3.4225 227.79075739570004
3.4274999999999998 -45.017316347096745
3.4324999999999997 -306.925268674794
3.4375 126.68911229818917
3.4425 98.332668025608
3.4475 254.15352956430652
3.4524999999999997 -231.8375598957084
3.4575 -39.49492749247639
3.4625 143.6699154824436
3.4675 -116.56664718353748
3.4724999999999997 155.64321243320043
3.4775 -75.239069689304
3.4825 33.207445851400855
3.4875 -96.11021091383725
3.4924999999999997 153.09763818532198
3.4975 165.03569920810563
3.5025 96.0661755077659
3.5075 -71.59909411517586
3.5124999999999997 -37.68107704021155
3.5174999999999996 7.339412598343017
3.5225 5.127257647161446
3.5275 80.10887492140708
3.5324999999999998 -3.627204773450284
3.5374999999999996 37.12726767787549
3.5425 -150.4568237445959
3.5475 89.27906194503174
3.5524999999999998 -61.227751535199204
3.5574999999999997 -320.4643998493978
3.5625 226.0782279473214
3.5675 7.4519984554760486
3.5725 110.7317617919661
3.5774999999999997 123.6057134561645
3.5825 -117.64215231971419
3.5875 12.291554240044979
3.5925 60.46126264557448
3.5974999999999997 -6.363378096230089
3.6025 44.42336082133399
3.6075 -1.3961090250550576
3.6125 -67.73763790319082
3.6174999999999997 96.85498002415004
3.6225 -136.49579086488112
3.6275 152.43801765889285
3.6325 88.92935801555012
3.6374999999999997 -25.720035971255836
3.6424999999999996 -67.3668857193721
3.6475 -109.3705739077862
3.6525 117.63230479997127
3.6574999999999998 140.39528025662105
3.6624999999999996 42.58145869084778
3.6675 -236.17268637330974
3.6725 190.05863110157435
3.6774999999999998 -163.84386299137086
3.6824999999999997 185.03064526431876
3.6875 -132.71756897857748
3.6925 131.23612241431726
3.6975 55.26223886924108
3.7024999999999997 -184.90794404722212
3.7075 -7.813726772640237
3.7125 12.722782077822213
3.7175 107.44711308135594
3.7224999999999997 -113.69601662253709
3.7275 97.57506533236959
3.7325 -156.91372972476083
3.7375 -162.2122756340361
3.7424999999999997 127.99970089805194
3.7474999999999996 -92.69532231356635
3.7525 -201.85293041556713
3.7575 73.90611095380858
3.7624999999999997 311.18694452798127
3.7674999999999996 -71.58493894701975
3.7725 -47.018471891047604
3.7775 68.68855003211954
3.7824999999999998 26.918891693966255
3.7874999999999996 76.7672621684571
3.7925 109.6932130139053
3.7975 -236.25652819166567
3.8024999999999998 -50.29030381220213
3.8074999999999997 -87.57735742595601
3.8125 192.23636460396534
3.8175 -242.81957890259497
3.8225 35.71627223678102
3.8274999999999997 -52.67909514533547
3.8325 89.04891383709993
3.8375 158.0529979394472
3.8425 176.6964055307801
3.8474999999999997 -183.2045341932113
3.8525 182.0892517249214
3.8575 -134.2209488015297
3.8625 14.223325235327199
3.8674999999999997 223.0676101785032
3.8724999999999996 16.1297241594155
3.8775 -208.19061216708624
3.8825 -151.98767554620557
3.8874999999999997 81.91341982164163
3.8924999999999996 16.280504979428603
3.8975 -216.30844423944632
3.9025 289.04614700207384
3.9074999999999998 -26.297392574689674
3.9124999999999996 -12.940985933023269
3.9175 77.7204413006982
3.9225 -152.49079580136495
3.9274999999999998 -41.27675943426079
3.9324999999999997 178.5758854929083
3.9375 65.2597343982947
3.9425 -82.28133922175545
3.9475 3.4349418456230154
3.9524999999999997 -184.8182697465363
3.9575 26.073359263601898
3.9625 -4.917622343398159
3.9675 211.5023057331132
3.9724999999999997 -25.141726630353073
3.9775 -71.58907171965139
3.9825 21.29219366692525
3.9875 91.29008449967748
3.9924999999999997 -147.95575018553038
3.9974999999999996 -123.81151053916746
4.0024999999999995 59.76662240504233
4.007499999999999 -7.2484796920512276
4.0125 6.380551055877985
4.0175 225.97887955524482
4.0225 -150.9700990982336
4.0275 -130.8643618656883
4.0325 178.94305042047705
4.0375 27.93734916586243
4.0424999999999995 41.00815766834997
4.047499999999999 -208.46103141081008
4.0525 301.4652161651127
4.0575 -58.49648739930907
4.0625 88.32622713649367
4.0675 -104.64464552089899
4.0725 -350.9426605339908
4.0775 15.315311525718084
4.0825 218.46067022086336
4.0874999999999995 -159.97561359872563
4.0925 -9.985758456095635
4.0975 -76.67429378175558
4.1025 114.63759612181556
4.1075 170.93372377034763
4.1125 -114.77427792735187
4.1175 60.29766949353022
4.1225 74.67665443843234
4.1274999999999995 -27.817756369072136
4.132499999999999 -78.68379994033972
4.1375 125.2093937178436
4.1425 38.254924351203265
4.1475 -200.23790191308538
4.1525 12.028539699430716
4.1575 123.9952381406396
4.1625 -15.665572254951066
4.1674999999999995 309.97318880313327
4.172499999999999 -14.14888289154032
4.1775 -392.24899071945646
4.1825 217.51336350684358
4.1875 26.543274568541218
4.1925 -479.12829034327274
4.1975 48.19263657451806
4.2025 253.71154471126908
4.2075 -143.74552626767965
4.2124999999999995 307.8796612133702
4.2175 3.1249481072707463
4.2225 -5.640409771928247
4.2275 -124.27644681875131
4.2325 100.43354459245091
4.2375 -263.6069788393194
4.2425 36.564686498967326
4.2475 52.401688074600926
4.2524999999999995 -49.1085330057546
4.257499999999999 88.46360024065781
4.2625 35.02348774869916
4.2675 -24.97002769305928
4.2725 -288.5362044860829
4.2775 157.38058411139318
4.2825 120.83088442742783
4.2875 12.682332217402465
4.2924999999999995 12.86533939381525
4.297499999999999 176.9336934129075
4.3025 -70.14287269158316
4.3075 112.96142307209016
4.3125 -10.122855542268894
4.3175 183.89737835485747
4.3225 109.08039827331005
4.3275 -219.8945376772671
4.3325 58.21009325623184
4.3374999999999995 -37.075755032746805
4.342499999999999 60.25055145771171
4.3475 -249.2670410642192
4.3525 378.9678490877817
4.3575 -216.0082914745088
4.3625 121.79215725559384
4.3675 97.91139817274944
4.3725 -21.312607042566754
4.3774999999999995 -101.59067645375076
4.382499999999999 49.526217441462
4.3875 -137.48515750708805
4.3925 251.2152728016722
4.3975 59.24458516946122
4.4025 -265.19447591985227
4.4075 477.38787840553726
4.4125 -448.9151728908638
4.4174999999999995 -49.29937184095299
4.422499999999999 257.62052897633015
4.4275 -97.78388806903737
4.4325 14.91852643697008
4.4375 110.72989575947786
4.4425 -78.12505694929577
4.4475 -64.39889027083305
4.4525 -235.933774080706
4.4575 375.41046883217615
4.4624999999999995 -31.50830249275533
4.467499999999999 -2.0404279863923196
4.4725 -117.27434052281356
4.4775 -86.74355522615636
4.4825 20.36376105323292
4.4875 143.61611364968067
4.4925 -80.28964799062895
4.4975 5.782952473819334
4.5024999999999995 -77.90221466695652
4.507499999999999 17.35129879888605
4.5125 149.35967730280495
4.5175 23.207694766885133
4.5225 -101.33133001160485
4.5275 157.2380520431733
4.5325 13.402513467160158
4.5375 68.12237001752672
4.5424999999999995 77.89063024022602
4.547499999999999 96.35949680095786
4.5525 -190.43926541185573
4.5575 108.05606686997096
4.5625 -171.6760590940124
4.5675 188.03637651167492
4.5725 -105.46586543535666
4.5775 -55.65010250929664
4.5825 76.84577480826623
4.5874999999999995 -38.648592065025106
4.592499999999999 111.6742305391991
4.5975 172.1524915811531
4.6025 -359.7445612999554
4.6075 29.202421228234442
4.6125 246.3535131713645
4.6175 -140.3586323983319
4.6225 -112.73776352673407
4.6274999999999995 163.96808821998124
4.632499999999999 78.4394393921044
4.6375 -212.43126644469098
4.6425 -124.04557736466873
4.6475 -288.09462583435294
4.6525 -164.86904087770662
4.6575 359.07812719727076
4.6625 61.26845956437996
4.6674999999999995 -147.6537383949785
4.672499999999999 -93.50012171369768
4.6775 316.8479539498386
4.6825 -104.28073178280358
4.6875 235.47864124006236
4.6925 -218.65247949472803
4.6975 21.00577796044043
4.7025 42.465796213677784
4.7075 111.84791088595902
4.7124999999999995 34.97193844084314
4.717499999999999 127.91667727202831
4.7225 271.55726872828984
4.7275 -30.38672949654071
4.7325 -338.7021553669313
4.7375 -211.81726981224492
4.7425 68.680865761322
4.7475 37.855838869579635
4.7524999999999995 131.82582559004697
4.757499999999999 199.8970960225938
4.7625 -221.68196133055662
4.7675 23.772412154126844
4.7725 -164.859292046328
4.7775 275.5508844502057
4.7825 89.70660454546139
4.7875 -207.5287414801589
4.7924999999999995 -65.04888585267688
4.797499999999999 169.81584333086764
4.8025 -92.71235141847524
4.8075 -64.23372417429445
4.8125 34.8860167652097
4.8175 -74.44170007557483
4.8225 64.47913049023009
4.8275 81.24103520534341
4.8325 -53.800364970894975
4.8374999999999995 -23.40405332762293
4.842499999999999 -20.874824307184905
4.8475 53.8834624158151
4.8525 -311.9420969371667
4.8575 279.35057858895556
4.8625 -73.96293755615308
4.8675 158.6259244222078
4.8725 44.18088640511711
4.8774999999999995 33.77480367872543
4.882499999999999 -120.14602744406538
4.8875 186.2485591576041
4.8925 -290.38559068157167
4.8975 31.23952854854492
4.9025 84.34545376431981
4.9075 101.63031101669694
4.9125 -51.83002703983959
4.9174999999999995 16.898143376997798
4.922499999999999 -124.65561465283535
4.9275 94.48082325435041
4.9325 160.52548463740382
4.9375 -54.118253745494805
4.9425 -203.57128510912895
4.9475 -107.59107861451524
4.9525 94.46807008599365
4.9575 -15.228301745076037
4.9624999999999995 88.6230888089625
4.967499999999999 179.76563050320365
4.9725 -86.98711363536668
4.9775 206.66007853676308
4.9825 -65.48022446814304
4.9875 -253.59909182025888
4.9925 147.52731491594955
4.9975 -24.012764112588933
5.0024999999999995 173.579813564691
5.007499999999999 -74.31773933178077
5.0125 -79.20483950235004
5.0175 42.62521918403233
5.0225 80.84388102211292
5.0275 -207.53254302174383
5.0325 29.356456264164088
5.0375 94.74684603013321
5.0424999999999995 29.219776958733014
5.047499999999999 -111.17595226415332
5.0525 269.7109710180579
5.0575 114.32389291812225
5.0625 110.16393624758699
5.0675 -116.53011867237691
5.0725 -60.59892414695121
5.0775 -174.41119421519983
5.0825 76.1276760379025
5.0874999999999995 -94.08580531234962
5.092499999999999 20.300707609854786
5.0975 166.06303139564173
5.1025 -159.22664418004388
5.1075 233.95410996764016
5.1125 -19.972175624126827
5.1175 -111.3666652912193
5.1225 -94.84490660484794
5.1274999999999995 331.151079780796
5.132499999999999 -66.32482699094675
5.1375 149.13137019341298
5.1425 -251.298945270795
5.1475 200.89887683862608
5.1525 14.752044989016015
5.1575 158.70957360087658
5.1625 -438.0488400031786
5.1674999999999995 234.3382400829539
5.172499999999999 -29.16158740428534
5.177499999999999 18.250142091512995
5.1825 -68.84085749533607
5.1875 -53.851573968374765
5.1925 150.4982165394404
5.1975 -194.65879505032936
5.2025 -7.985379457987296
5.2075 -10.282161721112322
5.2124999999999995 -7.611369308094212
5.217499999999999 104.09969811050776
5.2225 109.27582097228922
5.2275 -162.4683929929023
5.2325 -72.00131051805289
5.2375 62.84060152493524
5.2425 -123.82692079304452
5.2475 14.240609120696565
5.2524999999999995 286.07128988314975
5.257499999999999 -15.825821368219223
5.2625 40.73002484338439
5.2675 6.383109453033997
5.2725 -78.69671238349245
5.2775 -63.339722738420626
5.2825 34.394166589668465
5.2875 -28.221802322638748
5.2924999999999995 101.48678339670616
5.297499999999999 -171.7624610201226
5.302499999999999 327.8451944526575
5.3075 34.860398581683285
5.3125 -225.56146382842135
5.3175 249.3129679972729
5.3225 -11.63962648806079
5.3275 73.19782877395885
5.3325 55.62205664546474
5.3374999999999995 -61.675640123565586
5.342499999999999 -34.49111093319074
5.3475 -270.7804610326385
5.3525 42.82376875804199
5.3575 -39.66640297052931
5.3625 168.32359522644683
5.3675 38.18846971203802
5.3725 -31.720927757891697
5.3774999999999995 165.79124416670817
5.382499999999999 -78.06109557296611
5.3875 -5.840872683048759
5.3925 -60.56492205791663
5.3975 -64.85674822617614
5.4025 -32.5694645252342
5.4075 139.43729046137395
5.4125 -156.93678306349145
5.4174999999999995 40.171015525341325
5.422499999999999 93.96682819936804
5.427499999999999 128.94537017473132
5.4325 -50.949585771749476
5.4375 -157.5232891474195
5.4425 -81.78056598972383
5.4475 -288.1915889286644
5.4525 265.90139573972897
5.4575 14.233096436068402
5.4624999999999995 358.9646255779094
5.467499999999999 -209.17296140866927
5.4725 117.41693547196954
5.4775 4.957554714931664
5.4825 -111.16368780057654
5.4875 -19.250339189571218
5.4925 155.13358769374253
5.4975 -152.59082593266203
5.5024999999999995 31.848821035626212
5.507499999999999 165.52568562099103
5.5125 -199.4944972023051
5.5175 88.70633941822403
5.5225 16.980423386196467
5.5275 -33.996718808554206
5.5325 -171.9113259700235
5.5375 212.70251417723307
5.5424999999999995 -41.08443739210331
5.547499999999999 131.06497938857956
5.552499999999999 178.94252546417127
5.5575 89.7141674953631
5.5625 113.66486860099796
5.5675 -444.1803578141485
5.5725 16.99520978157865
5.5775 -26.67899408028533
5.5825 -107.98464503982994
5.5874999999999995 -15.966459006373995
5.592499999999999 249.8338787380717
5.5975 -18.650155441137738
5.6025 -13.385362399881075
5.6075 -66.70592553129377
5.6125 183.55909085983825
5.6175 -152.8538962486502
5.6225 124.9824649888357
5.6274999999999995 -157.43977558301128
5.632499999999999 -54.86278699061695
5.6375 274.5976774220536
5.6425 -226.9754554482558
5.6475 20.26757509689413
5.6525 84.1583790482842
5.6575 -132.22323123122968
5.6625 166.03366805448252
5.6674999999999995 -69.12161720718247
5.672499999999999 -40.565588185442415
5.677499999999999 -34.78508435909397
5.6825 -80.28865275137113
5.6875 192.12746975744923
5.6925 197.69596123919584
5.6975 89.27146925703626
5.7025 -89.20510777968691
5.7075 -38.298076430621926
5.7124999999999995 0.31307475618947295
5.717499999999999 -60.26984937521962
5.7225 -63.18870025527546
5.7275 152.96438336613198
5.7325 31.299964513332956
5.7375 -262.2138538872317
5.7425 111.45614063616269
5.7475 -81.21057313372836
5.7524999999999995 251.7884732433321
5.757499999999999 -69.72736770307692
5.7625 71.80522279108284
5.7675 -74.48668354786585
5.7725 13.331669284687456
5.7775 89.31804463843562
5.7825 -90.46665087773619
5.7875 -51.76267677087225
5.7924999999999995 -16.72254812439323
5.797499999999999 -164.81795451696755
5.802499999999999 156.50181896648223
5.8075 -113.17738413552422
5.8125 151.59978500945874
5.8175 -3.120891620744718
5.8225 328.28631170338826
5.8275 -376.3055680856384
5.8325 258.69329149707085
5.8374999999999995 -71.84338400254232
5.842499999999999 -149.06359799879212
5.8475 95.94620058962904
5.8525 -20.236498591522984
5.8575 340.8531182688698
5.8625 -275.58856156234214
5.8675 -121.52535786817629
5.8725 152.2541608414557
5.8774999999999995 -38.802729908209
5.882499999999999 23.63887495463047
5.8875 51.04731725366539
5.8925 130.80601059390764
5.8975 -169.00610053188035
5.9025 127.79891271008272
5.9075 -195.65025434640506
5.9125 84.80516074485635
5.9174999999999995 14.684104497837934
5.922499999999999 65.74339942669346
5.927499999999999 -127.71647581928093
5.9325 183.67606259236118
5.9375 -206.4172175911194
5.9425 117.39588389512419
5.9475 251.0068425979734
5.9525 16.371873709985184
5.9575 -75.0245888197499
5.9624999999999995 -123.24115758577872
5.967499999999999 232.84728950025072
5.9725 -144.3850357502713
5.9775 153.28768564161112
5.9825 -5.189476433698546
5.9875 -234.5023724517726
5.9925 97.64950654329628
5.9975 4.247346925661788
6.0024999999999995 -235.2423403238182
6.007499999999999 49.34026987813114
6.012499999999999 -92.03609601425646
6.0175 312.6409935575068
6.0225 -60.2881446189463
6.0275 -361.3669602442362
6.0325 73.3737401911865
6.0375 212.46664400280295
6.0424999999999995 -42.68894540243793
6.047499999999999 262.42353613376025
6.052499999999999 25.58946606770488
6.0575 -15.698284618648785
6.0625 -40.4165187532507
6.0675 41.23995683261645
6.0725 -343.84725218599186
6.0775 8.595024657282574
6.0825 -177.28676603680827
6.0874999999999995 97.52672790312181
6.092499999999999 -113.70444947747396
6.0975 115.67896968982373
6.1025 -53.295055281477566
6.1075 268.3119968724106
6.1125 58.53000851415221
6.1175 -54.95568386115047
6.1225 107.38884128660469
6.1274999999999995 -125.72882821229699
6.132499999999999 -66.85132401950266
6.137499999999999 182.26159476827286
6.1425 -177.39001788265392
6.1475 183.01085498866803
6.1525 151.55802035685755
6.1575 -185.99523928490453
6.1625 22.121482403728
6.1674999999999995 -0.8910503988364243
6.172499999999999 -105.9301767338655
6.177499999999999 -16.659990162396106
6.1825 202.52067141536398
6.1875 -18.182372660166365
6.1925 57.6923732582833
6.1975 -154.85966984881605
6.2025 -227.39180060370347
6.2075 -13.773289977660655
6.2124999999999995 14.411682110591748
6.217499999999999 -159.56407785623136
6.2225 324.1131994791389
6.2275 143.8420248029643
6.2325 82.12169437734188
6.2375 38.83191442605211
6.2425 -176.2270676185641
6.2475 -0.4256955490034638
6.2524999999999995 -74.13065382581733
6.257499999999999 -31.263923522692014
6.262499999999999 269.7096035920822
6.2675 66.34997081240212
6.2725 -185.41524118871195
6.2775 365.60800835420673
6.2825 -53.700396552721685
6.2875 -68.78084654843693
6.2924999999999995 -79.90290625223476
6.297499999999999 -314.79368827575814
6.302499999999999 -159.90171364618888
6.3075 84.05499364418552
6.3125 -112.8135201363644
6.3175 258.6759628729763
6.3225 165.23484127415838
6.3275 -104.00013102501596
6.3325 109.08554664789864
6.3374999999999995 -222.94778829312324
6.342499999999999 29.039735696628544
6.3475 -69.26054410721427
6.3525 107.19555367749093
6.3575 43.86750716242766
6.3625 -259.4340660971504
6.3675 46.49173077327068
6.3725 235.94939526451373
6.3774999999999995 -185.3451182372536
6.382499999999999 -50.38112342425171
6.387499999999999 136.50816717527076
6.3925 -258.5700157821095
6.3975 118.01377782976468
6.4025 34.02944821244282
6.4075 20.911693589267387
6.4125 152.30804047765784
6.4174999999999995 21.890334648458108
6.422499999999999 -173.04367941998487
6.427499999999999 82.42359103146873
6.4325 -70.26715015923436
6.4375 134.4506089941884
6.4425 62.287348501804836
6.4475 2.4416906649168064
6.4525 -100.58253744247195
6.4575 57.08070685549499
6.4624999999999995 -63.02293801522426
6.467499999999999 334.5128553231825
6.4725 -196.47493455041996
6.4775 203.39787438926032
6.4825 -150.18571575477768
6.4875 -124.59507470340748
6.4925 279.8737571883658
6.4975 93.74605995991688
6.5024999999999995 -31.814927766961315
6.507499999999999 234.5300560511792
6.512499999999999 -373.22718851737375
6.5175 98.98694423170122
6.5225 -20.88574039164031
6.5275 -153.5546180773918
6.5325 202.5856586243444
6.5375 -82.22270520781109
6.5424999999999995 -190.33792390957387
6.547499999999999 136.0301167910858
6.552499999999999 -176.8819000487266
6.5575 120.03306018930047
6.5625 152.7599869999796
6.5675 -293.6988125027119
6.5725 106.5939757256389
6.5775 -54.17565787214718
6.5825 -8.661745886615895
6.5874999999999995 39.499148036072015
6.592499999999999 184.61472696894285
6.5975 -42.51813036747896
6.6025 -213.98136195100042
6.6075 93.11071006029582
6.6125 95.46960355608894
6.6175 71.05431855412297
6.6225 33.941493326232035
6.6274999999999995 -227.340625291852
6.632499999999999 253.58480463996747
6.637499999999999 -74.86810933882887
6.6425 -38.0469827042519
6.6475 145.5042394362359
6.6525 -238.63900373265304
6.6575 252.2964441631811
6.6625 318.9146622302734
6.6674999999999995 -197.50482484932704
6.672499999999999 -14.952212394277701
6.677499999999999 124.30151497912738
6.6825 -108.0636611369803
6.6875 -131.7022417946844
6.6925 23.76421930106792
6.6975 -67.39547663904001
6.7025 -84.13355815571688
6.7075 -212.02964342205232
6.7124999999999995 230.2399310071512
6.717499999999999 262.1791701247688
6.722499999999999 -6.912834298368986
6.7275 -42.433612879236904
6.7325 32.97132775535155
6.7375 -271.55925144332076
6.7425 -23.192861576770213
6.7475 105.42245431131776
6.7524999999999995 77.61900045212963
6.757499999999999 240.04984989114843
6.762499999999999 -216.15292627925862
6.7675 105.24566835070186
6.7725 -60.77149206818875
6.7775 58.655157678649154
6.7825 -237.76211914283996
6.7875 38.371655053844485
6.7924999999999995 119.11299080590399
6.797499999999999 -271.7106407099959
6.802499999999999 143.28560769929007
6.8075 82.7422962878025
6.8125 84.21648044112644
6.8175 -263.9612040117307
6.8225 203.6290399084358
6.8275 227.95380504781065
6.8325 32.5111885197794
6.8374999999999995 13.280439365274423
6.842499999999999 -285.4577993246358
6.847499999999999 -22.865087122926585
6.8525 238.29804346066354
6.8575 71.47744873199268
6.8625 -141.89091544439285
6.8675 -68.92516025414547
6.8725 101.05704057209066
6.8774999999999995 -341.09732433691886
6.882499999999999 35.2909709148968
6.887499999999999 106.16288863391722
6.8925 -95.4484643768722
6.8975 -16.537378817503203
6.9025 102.69701065067322
6.9075 177.22642310225163
6.9125 15.429197042816654
6.9174999999999995 0.5128492172806548
6.922499999999999 69.86071384190001
6.927499999999999 -79.23449390839168
6.9325 55.00528779107335
6.9375 -272.27079244454404
6.9425 -258.5257768148387
6.9475 226.3391778780104
6.9525 367.65694880414975
6.9575 -3.74893594971815
6.9624999999999995 -199.4274001676805
6.967499999999999 -94.9641999153487
6.972499999999999 111.3554503455007
6.9775 38.25945059434334
6.9825 174.98489165146228
6.9875 86.5027577226256
6.9925 69.72053557340894
6.9975 -70.11799782881663
7.0024999999999995 -92.83193385298728
7.007499999999999 158.34839853068266
7.012499999999999 -122.85870583058049
7.0175 -47.13210798975347
7.0225 122.29388653115458
7.0275 231.33687244031339
7.0325 -256.9105230397174
7.0375 9.49830741308126
7.0424999999999995 238.87272620155517
7.047499999999999 33.28346363978729
7.052499999999999 83.82128185007478
7.0575 -96.46230297015035
7.0625 -132.09270632957285
7.0675 -7.790614747229
7.0725 33.418472365035626
7.0775 4.917246176249584
7.0825 48.45798379555112
7.0874999999999995 -262.3724618787939
7.092499999999999 -100.13957616675815
7.097499999999999 222.06048568360933
7.1025 112.40010063037248
7.1075 102.27522158188205
7.1125 -4.009715873251594
7.1175 -142.26916833865153
7.1225 -131.61850821279205
7.1274999999999995 75.55613408710074
7.132499999999999 5.794042290916049
7.137499999999999 71.11663012417057
7.1425 -123.6425411904456
7.1475 33.53911665345138
7.1525 -20.265816667619106
7.1575 152.03186793256842
7.1625 -128.2209541579175
7.1674999999999995 9.583262173017447
7.172499999999999 13.96518344914812
7.177499999999999 -53.10889030768016
7.1825 28.75501289034485
7.1875 -130.84978875230942
7.1925 66.5143640474638
7.1975 65.69036120748531
7.2025 -97.36799766957242
7.2075 4.772355604155619
7.2124999999999995 -62.14090181158265
7.217499999999999 -165.316450235376
7.222499999999999 21.036279885706584
7.2275 12.04891318852498
7.2325 104.73849604999285
7.2375 171.74808909942243
7.2425 180.0729384377216
7.2475 -121.63714309950589
7.2524999999999995 -88.56920733057758
7.257499999999999 146.5880819628051
7.262499999999999 29.158339899177562
7.2675 -215.84151919194517
7.2725 62.595394625287724
7.2775 -79.98195036865651
7.2825 -90.1099071782681
7.2875 321.50505075541037
7.2924999999999995 172.12934619907475
7.297499999999999 -250.378783909843
7.302499999999999 -75.63210675845664
7.3075 -9.914001225324524
7.3125 104.31966078973731
7.3175 -302.09485167947975
7.3225 111.4102737056345
7.3275 309.4316610103572
7.3325 -147.2636540816856
7.3374999999999995 -7.930567743080501
7.342499999999999 -102.15437491652723
7.347499999999999 26.273260308968343
7.3525 -19.83773022850996
7.3575 -38.245732648537206
7.3625 30.278931801466594
7.3675 106.56538346956609
7.3725 -95.90862098159647
7.3774999999999995 71.81111435484684
7.382499999999999 35.843924978075634
7.387499999999999 180.07615383621484
7.3925 -205.56518640038158
7.3975 57.260852990434586
7.4025 -29.312256311693325
7.4075 -116.43216237836714
7.4125 -147.61042025593883
7.4174999999999995 98.81495771651389
7.422499999999999 -53.34368035441113
7.427499999999999 -123.1830694171773
7.4325 179.40543929020944
7.4375 -42.403061840061454
7.4425 -9.246742877421301
7.4475 142.79838225787645
7.4525 285.67553065994855
7.4575 -198.79612642646612
7.4624999999999995 51.82677348184548
7.467499999999999 28.787123452397097
7.472499999999999 108.0492699062568
7.4775 31.405562707935882
7.4825 40.627924756542306
7.4875 7.48355077034759
7.4925 -297.96991674615896
7.4975 401.30808464614637
7.5024999999999995 0.2357404485752604
7.507499999999999 56.973982231902
7.512499999999999 -146.10116146843714
7.5175 8.647764508669335
7.5225 37.34841198578686
7.5275 111.26719478874001
7.5325 -65.8058171196288
7.5375 142.1111969528313
7.5424999999999995 3.5999028348444906
7.547499999999999 -178.78623809659942
7.552499999999999 -79.09601847473043
7.557499999999999 103.89472500955443
7.5625 -292.797173763478
7.5675 350.1379281432589
7.5725 -155.69899504423515
7.5775 -46.114106458100345
7.5825 -143.4849997758657
7.5874999999999995 -168.38767318663085
7.592499999999999 465.65598724460466
7.597499999999999 65.63584364969635
7.6025 4.181902067896038
7.6075 112.44670074965515
7.6125 19.099281778969114
7.6175 47.55757623066986
7.6225 -44.18037079542179
7.6274999999999995 -131.4534377123823
7.632499999999999 -113.55876729311386
7.637499999999999 211.4694078023945
7.6425 -91.91858646304422
7.6475 -161.68121643977554
7.6525 203.57721509556276
7.6575 118.17724931550381
7.6625 -87.86260416876574
7.6674999999999995 -260.31295703682963
7.672499999999999 249.2654259962414
7.677499999999999 -56.34692478657152
7.682499999999999 -195.75569062629827
7.6875 108.95232498799903
7.6925 -26.950897054222164
7.6975 24.758705311708354
7.7025 -74.08651696810749
7.7075 191.7987519744274
7.7124999999999995 -106.47897121407371
7.717499999999999 118.12854364707275
7.722499999999999 -1.6964619299953603
7.7275 87.85492279282687
7.7325 16.673833902970593
7.7375 48.72287126039107
7.7425 2.8577294916816522
7.7475 12.301217492163701
7.7524999999999995 -171.3691389389739
7.757499999999999 87.98928469808754
7.762499999999999 -71.98356016568162
7.7675 247.4594491278409
7.7725 5.16327705794673
7.7775 -173.4700281543755
7.7825 -136.43043127180613
7.7875 147.43910409791403
7.7924999999999995 79.07985818928469
7.797499999999999 -271.5292629442699
7.802499999999999 222.1391535999864
7.807499999999999 -232.1902352002545
7.8125 291.1518179318946
7.8175 -8.357740722689721
7.8225 -276.40488250004387
7.8275 165.1149562282253
7.8325 15.402853302435933
7.8374999999999995 -8.390236037778234
7.842499999999999 101.98710577094549
7.847499999999999 -256.3258729056164
7.8525 115.98418411517373
7.8575 -47.77922154239863
7.8625 87.35094710692579
7.8675 -294.2434364784373
7.8725 253.8887432221439
7.8774999999999995 49.427985412162386
7.882499999999999 166.82464029368458
7.887499999999999 -92.20972424328001
7.8925 40.61241857757513
7.8975 33.91397874709731
7.9025 -129.03586135190452
7.9075 -57.558227612124924
7.9125 -8.257242019038951
7.9174999999999995 -84.36239684587113
7.922499999999999 84.25974936756843
7.927499999999999 398.12615335099315
7.932499999999999 -160.69541231593524
7.9375 -8.709303151447768
7.9425 -167.7761685011755
7.9475 150.9799612896467
7.9525 17.29764042199666
7.9575 -110.13478475744981
7.9624999999999995 254.1985796841396
7.967499999999999 -71.64367414943364
7.972499999999999 -117.91349795111368
7.9775 -55.555431472806
7.9825 257.31185808970906
7.9875 -285.6044002318752
7.9925 87.31440556890112
7.9975 -48.34793890062975
8.0025 169.98755210410172
8.0075 11.122831578391088
8.0125 171.72245670477156
8.0175 -52.47343346276832
8.022499999999999 -30.26579190630627
8.0275 66.53398329428587
8.032499999999999 228.4135762415762
8.0375 -223.56755332625468
8.0425 222.19747092296976
8.0475 -286.49889630205496
8.0525 -280.3397596970375
8.0575 24.309319127413783
8.0625 66.3338691807409
8.067499999999999 -304.7499363260986
8.0725 295.9333033940079
8.077499999999999 -43.286621923632275
8.0825 92.00578618589142
8.0875 14.818576605105402
8.0925 -144.36752060516827
8.0975 67.72394495843696
8.1025 129.451198175438
8.1075 19.530866391631342
8.112499999999999 0.5510311532966384
8.1175 -39.999158357703436
8.1225 2.6489035969862016
8.1275 102.97761298747469
8.1325 107.32010681463971
8.1375 -149.5094297900621
8.1425 -76.19658828050768
8.147499999999999 -186.79036485681408
8.1525 242.72806794565736
8.157499999999999 -61.92159521259895
8.1625 -100.91170971830746
8.1675 175.8092031886443
8.1725 24.346033139803104
8.1775 -111.3220339390121
8.1825 -17.986954698228672
8.1875 -213.25235495147956
8.192499999999999 -24.094568345183333
8.1975 15.204631801445313
8.202499999999999 167.86408509630093
8.2075 -85.08782422104225
8.2125 -255.0368878630685
8.2175 226.38592352973427
8.2225 -8.424177992702843
8.2275 251.68087338553227
8.2325 -309.7385494206385
8.237499999999999 307.3882929495599
8.2425 -0.2155085608357018
8.2475 138.95384379742924
8.2525 -30.78199560688159
8.2575 -171.7135523826223
8.2625 8.293817505860922
8.2675 106.14335175898323
8.272499999999999 -161.3544961092471
8.2775 19.363531848560182
8.282499999999999 13.744189542303928
8.2875 96.66123529053289
8.2925 45.50023772577441
8.2975 -96.75444816120888
8.3025 128.33429734955814
8.3075 113.11607602876478
8.3125 -157.05183448492582
8.317499999999999 -226.7144523574346
8.3225 24.32104208793567
8.327499999999999 235.46872555955585
8.3325 -49.59908065628372
8.3375 145.5306286555045
8.3425 -152.9971009274169
8.3475 94.50049460862884
8.3525 -55.261532161864345
8.3575 5.967482123852146
8.362499999999999 -73.75941346355658
8.3675 201.09761151911107
8.3725 -183.9021906626695
8.3775 53.12064241416564
8.3825 -13.735363118170255
8.3875 399.2555898360748
8.3925 -288.13289323449237
8.397499999999999 -13.512874279983706
8.4025 -252.5306289541739
8.407499999999999 84.03642947466615
8.4125 -99.85430695589747
8.4175 179.06015383617412
8.4225 -8.352102853814213
8.4275 90.84294540009375
8.4325 83.73007128407005
8.4375 45.96493070564416
8.442499999999999 -72.95949400566298
8.4475 -98.62448292315928
8.452499999999999 96.89196000168114
8.4575 145.3031252477033
8.4625 -54.42672422894417
8.4675 -187.31850813887092
8.4725 -62.58404756874544
8.4775 -73.12383092256476
8.4825 258.63842760891544
8.487499999999999 93.32296030964787
8.4925 23.336149318243518
8.4975 -68.17973308981955
8.5025 -64.65291885757276
8.5075 -65.83542152356586
8.5125 168.10905882823974
8.5175 -146.58342650370003
8.522499999999999 121.23052861677787
8.5275 -62.83508813498323
8.532499999999999 27.782390143674004
8.5375 3.3052338533497014
8.5425 11.101380412358711
8.5475 -107.13772440136519
8.5525 150.26210897014997
8.5575 -123.49134982683704
8.5625 48.40522315381561
8.567499999999999 -66.37610401760567
8.5725 36.11241641039517
8.577499999999999 100.46007847241353
8.5825 48.054596948673534
8.5875 -35.607672271097435
8.5925 -79.19232555458832
8.5975 281.5590639119991
8.6025 -38.83803731534201
8.6075 34.86341186640646
8.612499999999999 -257.3138650162854
8.6175 278.3156705562381
8.6225 -128.27041360807507
8.6275 -71.56953734482262
8.6325 87.96375842632443
8.6375 -15.600937692392419
8.6425 24.143089334788677
8.647499999999999 71.76417185273229
8.6525 -72.11139251979925
8.657499999999999 -193.27407986010127
8.6625 29.2617630022314
8.6675 134.54249661171642
8.6725 -66.85186203556867
8.6775 54.29525561980375
8.6825 -6.043891080018535
8.6875 -259.8399576547138
8.692499999999999 -78.30539138163444
8.6975 255.66778757538225
8.702499999999999 -112.90623088064287
8.7075 207.94019478497287
8.7125 -229.42411035366425
8.7175 137.06330211971604
8.7225 2.7712516413231616
8.7275 -31.4550994639788
8.7325 69.58236640263821
8.737499999999999 57.46707870989981
8.7425 -133.25580738948327
8.747499999999999 16.18198478010524
8.7525 10.888532243103525
8.7575 10.289287284183473
8.7625 107.90927766533243
8.7675 216.89172576331129
8.772499999999999 -308.89430312993375
8.7775 120.10448753776585
8.782499999999999 -285.3014185320791
8.7875 325.3935125777394
8.7925 103.35126397751397
8.7975 -128.7922082018645
8.8025 51.75779505224397
8.8075 -57.473751951301274
8.8125 81.39937371187878
8.817499999999999 -140.21471186706674
8.8225 181.5940129857037
8.827499999999999 260.9089934396497
8.8325 -80.7650317494184
8.8375 104.28156287041546
8.8425 84.66461509248113
8.8475 -426.23078495247034
8.8525 33.14818704142215
8.8575 -16.456068684652717
8.862499999999999 -198.6164378765756
8.8675 252.38363750418077
8.872499999999999 167.3823750843989
8.8775 -183.26546333665186
8.8825 -255.54532959220745
8.8875 153.28551731021497
8.8925 61.939406932684754
8.897499999999999 -71.02880953637553
8.9025 158.8823829960935
8.907499999999999 -176.21634119669687
8.9125 2.7782543044846424
8.9175 -116.24848629222116
8.9225 -89.18635330610503
8.9275 329.44881431705755
8.9325 -323.95883824526913
8.9375 65.72160568045248
8.942499999999999 -12.729870007730447
8.9475 270.9267379788741
8.952499999999999 -154.86378581152965
8.9575 164.79339085150974
8.9625 -31.141559425047795
8.9675 71.64433233503125
8.9725 -97.96086183361055
8.9775 199.97707172427837
8.9825 148.519857481304
8.987499999999999 -153.53079154822305
8.9925 -71.80981640547961
8.997499999999999 -40.88021221736686
9.0025 352.49782918145917
9.0075 -264.51387727361697
9.0125 0.8591885314622071
9.0175 -1.5388137156721067
9.022499999999999 -83.6298923307196
9.0275 -167.63801452841287
9.032499999999999 256.2020713790501
9.0375 -236.37796382917858
9.0425 -57.603433725365804
9.0475 -11.12373556380804
9.0525 79.32445690543916
9.0575 48.405756202567304
9.0625 146.2691507759093
9.067499999999999 -71.04575345677796
9.0725 208.46577453807876
9.077499999999999 -221.22166537786197
9.0825 147.476029862637
9.0875 -13.076099054112959
9.0925 151.0367149941861
9.0975 -57.334601620812705
9.1025 -203.48867321096114
9.1075 48.74324711800606
9.112499999999999 -71.91379847942882
9.1175 -20.31164616236112
9.122499999999999 71.13355373121802
9.1275 85.52164289977529
9.1325 -69.83041824933152
9.1375 -130.564031988033
9.1425 162.20871574735924
9.147499999999999 112.3947094824077
9.1525 -108.86627820841579
9.157499999999999 80.45485961539961
9.1625 32.12374023848909
9.1675 22.237140429641567
9.1725 53.68249395710042
9.1775 -312.2769203719108
9.1825 -6.975713244270984
9.1875 -50.02771565466581
9.192499999999999 105.10612208249573
9.1975 35.96862522667947
9.202499999999999 89.45514922492458
9.2075 -15.468070685577986
9.2125 67.18428254022662
9.2175 164.25695906269686
9.2225 15.916254286361365
9.2275 87.93683831300008
9.2325 -189.25696433329475
9.237499999999999 -29.63959107597789
9.2425 -15.479838384825023
9.247499999999999 -60.28417274124459
9.2525 -56.828920073638635
9.2575 300.6125601618925
9.2625 -274.78588628121975
9.2675 144.97779655469589
9.272499999999999 -42.604306363027185
9.2775 110.96956910385092
9.282499999999999 7.848406653360809
9.2875 -15.147974943087396
9.2925 -40.234851370071596
9.2975 -10.688401977562934
9.3025 245.03392710398464
9.3075 -218.4651068549687
9.3125 215.82882536819147
9.317499999999999 74.78326629412106
9.3225 -48.63117845369419
9.327499999999999 58.36401442223715
9.3325 191.19081112318352
9.3375 -252.11921005870295
9.3425 54.81998525489153
9.3475 -267.9865365949174
9.3525 227.4565917518001
9.3575 -39.29462811208753
9.362499999999999 260.9673424744941
9.3675 -54.736639378462336
9.372499999999999 -84.99459687607285
9.3775 180.7900394098048
9.3825 -48.0629661167193
9.3875 -42.96154271480984
9.3925 -28.53807326598655
9.397499999999999 -200.79678491002213
9.4025 157.70632387433398
9.407499999999999 -146.50503425682052
9.4125 160.18759488938886
9.4175 -58.28181122548202
9.4225 62.25733065941362
9.4275 11.424993506841183
9.4325 -190.75834765774113
9.4375 61.62299053913604
9.442499999999999 251.31750447300007
9.4475 25.77019762202148
9.452499999999999 -202.901002489198
9.4575 154.48907425053537
9.4625 -20.928559825479052
9.4675 -106.39567553712583
9.4725 -82.41439386804652
9.4775 -131.95369462334
9.4825 -56.51182120070663
9.487499999999999 180.21420346248027
9.4925 -204.02408877279072
9.497499999999999 92.37605045443703
9.5025 185.69504928155757
9.5075 -178.67775550427706
9.5125 -188.06071832568978
9.5175 -49.69579457892343
9.522499999999999 246.13037693750817
9.5275 100.28929352095759
9.532499999999999 -149.70913780098797
9.5375 -55.684332161363244
9.5425 15.608627226569403
9.5475 65.06893452546812
9.5525 224.4356074940273
9.5575 105.33543459604707
9.5625 -179.90204203420623
9.567499999999999 -103.92394834482081
9.5725 -46.97356579043418
9.577499999999999 -128.54883190558243
9.5825 77.8803142797139
9.5875 108.84073950191878
9.5925 15.755106812913022
9.5975 12.116455505049244
9.6025 234.67670485517152
9.6075 46.20896624019972
9.612499999999999 -12.01155030014041
9.6175 122.89727350651637
9.622499999999999 115.63788269732409
9.6275 15.565034207539062
9.6325 -125.7191305672833
9.6375 17.01914896351524
9.6425 10.557031448208566
9.647499999999999 -255.70176150533686
9.6525 -277.15992256897465
9.657499999999999 231.79720839469172
9.6625 -62.277825469403716
9.6675 105.78526458191585
9.6725 -51.07139063532936
9.6775 -11.009660499257782
9.6825 208.76127250183367
9.6875 -368.44349585709676
9.692499999999999 339.107979553238
9.6975 -19.518615481256592
9.702499999999999 -159.78170570034612
9.7075 -21.877253439978414
9.7125 -87.07717347859565
9.7175 -234.59507062973265
9.7225 321.87162065793467
9.7275 40.698565361367535
9.7325 -217.8534865067504
9.737499999999999 -10.040538130180154
9.7425 69.60147635170829
9.747499999999999 20.028079292888435
9.7525 127.55395897898575
9.7575 52.038020794247295
9.7625 159.9993660458289
9.7675 18.447716591587287
9.772499999999999 -198.28607976135473
9.7775 170.5921104445555
9.782499999999999 106.6785921818623
9.7875 -57.62964561809182
9.7925 -208.0884336558907
9.7975 155.80535096809916
9.8025 1.7678741462448913
9.8075 18.751576880994676
9.8125 78.99161736998643
9.817499999999999 -83.95603105782115
9.8225 -39.08757716052007
9.827499999999999 33.453209353423
9.8325 100.32562886609311
9.8375 -207.67570391577294
9.8425 57.39596946692867
9.8475 6.953507934654778
9.8525 130.92329553040278
9.8575 -270.4876450238717
9.862499999999999 193.095687351603
9.8675 209.77218820893032
9.872499999999999 -144.6542860961123
9.8775 -77.55838757200053
9.8825 146.1359560908293
9.8875 -85.34568691652713
9.8925 -32.67774513537094
9.897499999999999 89.21629311889625
9.9025 -34.49521834291274
9.907499999999999 -161.5901549754412
9.9125 -126.76371519149669
9.9175 365.2121901153637
9.9225 -168.04753992313417
9.9275 301.1722652164558
9.9325 -151.2875910798167
9.9375 -229.44990564990846
9.942499999999999 302.01710182805965
9.9475 16.85973804342117
9.952499999999999 -315.4451543800222
9.9575 107.02177531056917
9.9625 -6.281305694453777
9.9675 -258.18918738471166
9.9725 -145.85128831975675
9.9775 150.23944262139187
9.9825 187.87234763405425
9.987499999999999 111.01954594420636
9.9925 30.355858197175053
9.997499999999999 -193.42070182085845
10.0025 230.71879353078214
