0.0075 -180.91144899358954
0.012499999999999999 85.92302858512183
0.017499999999999998 -145.56087635954424
0.0225 188.97622080634008
0.0275 63.33010660177183
0.0325 -20.681025722616948
0.0375 312.9404023766581
0.042499999999999996 -124.20754549765844
0.0475 -67.68633100685362
0.0525 -186.69384711019455
0.057499999999999996 -17.28664548553819
0.0625 117.05208301015293
0.06749999999999999 94.16951567780428
0.0725 76.16886777165278
0.0775 -293.82565205188473
0.08249999999999999 220.96302291271468
0.0875 -188.0851611965897
0.0925 120.82696978897742
0.09749999999999999 88.0721371984875
0.1025 -64.21674418329488
0.1075 88.568567303639
0.11249999999999999 13.330637793903833
0.1175 329.86371822763306
0.1225 -89.40549595081953
0.1275 -223.4734239038433
0.1325 42.16549651204587
0.13749999999999998 -69.1012788511459
0.1425 0.548000170460133
0.1475 -76.48518055886706
0.1525 104.3500006193651
0.1575 -223.18459865515194
0.1625 353.3887608910894
0.16749999999999998 27.61401068820168
0.1725 -50.518436835319505
0.1775 -63.01416988301777
0.1825 94.54558624336713
0.1875 -211.08145726312213
0.1925 143.16554738282196
0.19749999999999998 75.22388405014405
0.20249999999999999 -139.25565228995066
0.2075 23.267593011672233
0.2125 -238.65023131048227
0.2175 -113.75687352609498
0.2225 -2.2520518935922937
0.22749999999999998 132.22702698309723
0.23249999999999998 225.07874482668268
0.2375 -136.1876757911277
0.2425 220.1290754436428
0.2475 -91.41875284292905
0.2525 -110.09742247764349
0.2575 207.07126735676073
0.2625 -100.47743545296468
0.2675 -52.23652335969942
0.27249999999999996 -136.21249736217752
0.27749999999999997 -97.60988969285549
0.2825 451.94591282240856
0.2875 -296.26396231136323
0.2925 6.1752582046243365
0.2975 24.483387078892505
0.3025 9.988523440894241
0.3075 -220.73375221013373
0.3125 191.74711953807252
0.3175 -46.14040835461461
0.3225 145.64141896008948
0.32749999999999996 93.53968364200776
0.33249999999999996 -147.82514876749505
0.33749999999999997 87.37552129914243
0.34249999999999997 -80.65329230948981
0.3475 27.865322318480068
0.3525 -206.32767928299955
0.3575 12.772965768989224
0.3625 -226.7825796985824
0.3675 143.0729205894454
0.3725 -189.4285408970168
0.3775 205.71296577827525
0.3825 -98.3949264190753
0.38749999999999996 23.33840336048404
0.39249999999999996 -182.12496954406544
0.39749999999999996 178.41305041553434
0.40249999999999997 -15.178131212357606
0.4075 -50.92683849853268
0.4125 299.40987287988634
0.4175 56.73407055512915
0.4225 94.77357689207093
0.4275 -243.8807772523919
0.4325 -76.68941941839003
0.4375 47.18476073221068
0.4425 -12.514058819025633
0.44749999999999995 157.2852108866305
0.45249999999999996 -181.30464080609744
0.45749999999999996 242.69355149286807
0.46249999999999997 -9.128126569099592
0.46749999999999997 2.48247159190265
0.4725 -14.000842450026994
0.4775 -74.78715935271582
0.4825 -12.724941116064041
0.4875 271.1062092169864
0.4925 -36.41508507069981
0.4975 -60.464536780092544
0.5025 -84.69945287458457
0.5075 -116.08140873365062
0.5125 56.49656792712102
0.5175 120.45855454562525
0.5225 38.080334108004564
0.5275 -276.1855031348395
0.5325 134.2584841313828
0.5375 20.809563566954804
0.5425 75.49135767646648
0.5475 -44.424081114808864
0.5525 12.702029099071112
0.5575 -83.04769019439107
0.5625 205.4127541950726
0.5675 239.3867409942104
0.5725 -535.3603216097928
0.5775 240.99957282528737
0.5825 28.59260292954819
0.5875 -237.10096847079848
0.5925 297.64552230300023
0.5974999999999999 -243.61074536049796
0.6024999999999999 51.68763025691914
0.6074999999999999 8.007506507730616
0.6124999999999999 319.6712146223148
0.6174999999999999 -102.50147584171219
0.6224999999999999 -59.53710827116275
0.6275 164.46034920228692
0.6325 134.5558215804559
0.6375 -424.6164488475526
0.6425 108.01988942621831
0.6475 42.833646805385605
0.6525 -104.36938156668351
0.6575 14.521034607949225
0.6625 -385.2956027898526
0.6675 219.7403482927357
0.6725 106.47629787786944
0.6775 5.89338831447184
0.6825 173.02905590974794
0.6875 78.97649068067608
0.6925 -64.89804496434603
0.6975 147.96913272248239
0.7025 9.604024494267035
0.7075 -16.67423655149692
0.7125 -53.84321282698264
0.7174999999999999 154.07598002139216
0.7224999999999999 130.76416620110817
0.7274999999999999 -160.19019184079914
0.7324999999999999 -222.1491278355891
0.7374999999999999 -15.119823758210712
0.7424999999999999 -111.86990568301414
0.7474999999999999 44.531107461627634
0.7525 80.79037130279629
0.7575 -0.45464130679721637
0.7625 -56.09412019871806
0.7675 -76.78844884967316
0.7725 135.70918380940861
0.7775 -157.25137209394268
0.7825 93.38627323763185
0.7875 225.07227244899872
0.7925 -184.9336385497502
0.7975 -39.061709624393195
0.8025 -1.5913622432166195
0.8075 -234.4438147897261
0.8125 65.78953406585788
0.8175 -314.33136329029355
0.8225 62.730073188613304
0.8275 -14.49547116356887
0.8325 42.37347638429033
0.8374999999999999 279.5033308077338
0.8424999999999999 -32.1236073381585
0.8474999999999999 -39.649766743998704
0.8524999999999999 100.04797336384951
0.8574999999999999 84.15859221515107
0.8624999999999999 -5.221045805209051
0.8674999999999999 -19.2848566950364
0.8724999999999999 163.25841308676556
0.8775 -175.05442247273484
0.8825 74.70760100412383
0.8875 -62.3123282374065
0.8925 33.95475704239344
0.8975 -22.084190834134695
0.9025 -3.055015690147714
0.9075 65.03724871813581
0.9125 151.33891955600956
0.9175 -118.90992225879708
0.9225 81.43172191551226
0.9275 -95.33418285626384
0.9325 -128.47261790827972
0.9375 -303.53617208115514
0.9425 242.41185305730048
0.9475 293.64211959020497
0.9524999999999999 19.298413581432
0.9574999999999999 1.7765584591339783
0.9624999999999999 -40.585021634970644
0.9674999999999999 -198.28516103847537
0.9724999999999999 287.4188344957192
0.9774999999999999 -119.8524729831647
0.9824999999999999 183.45741088936293
0.9874999999999999 67.07252332972907
0.9924999999999999 -64.59248605081238
0.9974999999999999 62.85563005221922
1.0025 80.18981622294409
1.0075 55.0647997696026
1.0125 -289.75181295338604
1.0174999999999998 111.85201045612409
1.0225 67.2587506416766
1.0274999999999999 -185.04659225131311
1.0325 -30.49950003249946
1.0374999999999999 25.445525732974595
1.0425 -37.4837003116193
1.0474999999999999 142.98694591816033
1.0525 -74.13038802515617
1.0574999999999999 -91.01558582438292
1.0625 -110.63352364398789
1.0675 -77.34466541859113
1.0725 48.61522567698245
1.0775 253.60422756273687
1.0825 -197.0132788210445
1.0875 -16.056136062109967
1.0925 -130.7709528025441
1.0975 64.58723425081801
1.1025 163.94158157800717
1.1075 -214.55134844159636
1.1125 -13.453408487608948
1.1175 53.07963147749874
1.1225 217.36187634131107
1.1275 -128.8669730592259
1.1324999999999998 -144.43414340930627
1.1375 58.333081936085634
1.1424999999999998 12.50141986600247
1.1475 74.32203267038112
1.1524999999999999 -158.72623653905782
1.1575 143.94463149007643
1.1624999999999999 -216.0492203024566
1.1675 85.47387204865097
1.1724999999999999 83.48979722362351
1.1775 235.68393935469544
1.1824999999999999 -73.82880322626048
1.1875 218.71033020267691
1.1925 -94.5347984208892
1.1975 -186.54093067397807
1.2025 -64.48443729253951
1.2075 188.71366738710802
1.2125 -371.9795802163631
1.2175 129.50425001364044
1.2225 -23.250834148400926
1.2275 71.47025237646821
1.2325 244.12933113501842
1.2375 149.2914139032989
1.2425 -256.31300183756036
1.2475 125.98563112633379
1.2525 -177.028339764971
1.2574999999999998 94.7450564811273
1.2625 -152.89482793856058
1.2674999999999998 46.00842437838778
1.2725 -2.6263989655610853
1.2774999999999999 6.487588324209072
1.2825 -56.29882170929285
1.2874999999999999 94.51375437725567
1.2925 -111.65817492921177
1.2974999999999999 45.166041554273804
1.3025 -68.96104202755868
1.3074999999999999 8.10988002713404
1.3125 162.47558092701968
1.3175 -26.21393860160546
1.3225 250.91320929841746
1.3275 91.13345578550158
1.3325 -385.2550968744419
1.3375 147.55240176132259
1.3425 -153.0139805852461
1.3475 -146.81231982197593
1.3525 34.3240620600381
1.3575 260.92857321112604
1.3625 -363.3959252481543
1.3675 275.7290980038034
1.3724999999999998 -433.7974876437152
1.3775 168.12582900777684
1.3824999999999998 150.1099983573241
1.3875 33.738532152065495
1.3924999999999998 -128.8703307005482
1.3975 235.68966170081077
1.4024999999999999 1.9947234311194995
1.4075 -116.83547678798537
1.4124999999999999 171.3247293066251
1.4175 -265.2743158592437
1.4224999999999999 -35.09186371873275
1.4275 58.31892620869548
1.4324999999999999 21.411982014709405
1.4375 -72.44464338835438
1.4425 -69.87034477357943
1.4475 -124.66772091896416
1.4525 167.98755108242867
1.4575 123.3737248760308
1.4625 12.011865181814757
1.4675 -39.39770080565587
1.4725 -146.35888748053748
1.4775 450.0417350115432
1.4825 -205.67746191550506
1.4874999999999998 -326.87800821770287
1.4925 98.58987909827147
1.4974999999999998 245.49575259474142
1.5025 -182.47209362811984
1.5074999999999998 290.56242128222436
1.5125 -125.76164169867198
1.5174999999999998 151.01999718527432
1.5225 -236.2858615315621
1.5274999999999999 138.50862453194034
1.5325 -283.1914747250455
1.5374999999999999 182.10518213227058
1.5425 -81.6314505852024
1.5474999999999999 -47.072191257346134
1.5525 135.68113499726184
1.5574999999999999 -608.2851252079763
1.5625 296.67673942189583
1.5675 110.09214901555313
1.5725 -187.3483993969869
1.5775 539.7048123631132
1.5825 92.36312859476955
1.5875 -310.4139994620123
1.5925 82.24981240137801
1.5975 136.14412343170343
1.6025 -175.0875333400476
1.6075 -47.692651319731155
1.6124999999999998 189.22982648054264
1.6175 304.3936236974057
1.6224999999999998 -424.5226456888735
1.6275 -251.2672281463551
1.6324999999999998 242.03421032030218
1.6375 -29.770681988300083
1.6424999999999998 311.3033753166834
1.6475 149.83997909754075
1.6524999999999999 -299.0812935237435
1.6575 229.44655629840875
1.6624999999999999 -169.85908801286814
1.6675 -80.02461926984357
1.6724999999999999 -331.9803245519325
1.6775 318.6582627768859
1.6824999999999999 -243.4278974013129
1.6875 167.13625183039275
1.6925 54.668926265275594
1.6975 -161.64052788509866
1.7025 -33.71467693747886
1.7075 -365.0895238997403
1.7125 378.1146758095
1.7175 -6.4032755649787525
1.7225 -168.85689846252703
1.7274999999999998 114.70925966443284
1.7325 260.4256580961799
1.7374999999999998 157.10438564416
1.7425 -100.24380213255165
1.7474999999999998 -229.9403312918072
1.7525 265.5272107140544
1.7574999999999998 -300.1658423300398
1.7625 44.16770216598509
1.7674999999999998 28.177581777195968
1.7725 67.80069503093455
1.7774999999999999 -308.87132900506356
1.7825 28.17589591676482
1.7874999999999999 220.49891706282023
1.7925 -87.54242898214189
1.7974999999999999 -5.7489080228043745
1.8025 247.0225935038494
1.8074999999999999 -149.0061145266949
1.8125 -55.84395480089485
1.8175 -142.05344261407018
1.8225 136.80030512918256
1.8275 -156.56680512278677
1.8325 219.02278782762832
1.8375 -46.89877080022555
1.8425 -134.0209511731507
1.8475 53.81838809790516
1.8524999999999998 236.11081284801514
1.8575 -52.909950651462566
1.8624999999999998 -2.0291838289178767
1.8675 -154.97753559923115
1.8724999999999998 -69.15967170362403
1.8775 80.49627833238776
1.8824999999999998 -194.0154200103005
1.8875 64.53224825225986
1.8924999999999998 291.2749375876558
1.8975 -55.86748761704338
1.9024999999999999 -209.25504619583532
1.9075 169.79147187744735
1.9124999999999999 241.29618662548125
1.9175 -130.02752072219076
1.9224999999999999 9.683901014145517
1.9275 -46.63504970026712
1.9324999999999999 1.347536191162335
1.9375 95.60021010591915
1.9425 33.8548444160421
1.9475 -72.62081054003005
1.9525 -69.22186221594475
1.9575 203.65291038682275
1.9625 -141.21868833472405
1.9674999999999998 92.23287390185416
1.9725 -87.06295945927832
1.9774999999999998 -44.11212508991705
1.9825 -33.10287066038223
1.9874999999999998 -51.9913322501902
1.9925 -34.668823413066804
1.9974999999999998 17.484528024893574
2.0025 -7.988575184599933
2.0075 163.2287389430511
2.0124999999999997 -92.35403479096088
2.0175 12.868862173667162
2.0225 -57.53078540445735
2.0275 3.4031063938343085
2.0324999999999998 -17.075808190393897
2.0375 79.89014492563986
2.0425 -69.59570610884012
2.0475 -133.89785704477967
2.0524999999999998 95.36221508876542
2.0575 44.36681265176128
2.0625 -220.23250900766325
2.0675 320.19934764078175
2.0725 -227.15111573649247
2.0775 -94.80944498069763
2.0825 336.844003999887
2.0875 157.40391114585407
2.0925 -160.7280168461469
2.0974999999999997 -76.92253133527839
2.1025 138.20490674853102
2.1075 -50.03753791018747
2.1125 -159.60636121487525
2.1174999999999997 75.46765957375581
2.1225 81.65719903736968
2.1275 -71.44271305945016
2.1325 98.20355362739787
2.1374999999999997 -89.5417685286052
2.1425 98.64344477389065
2.1475 -71.35221898741827
2.1525 -151.36765602867877
2.1574999999999998 11.088303019829105
2.1625 -55.781342033959426
2.1675 206.99683350017315
2.1725 216.9382214045123
2.1774999999999998 73.49948726016655
2.1825 -141.7046016814382
2.1875 -165.20647429072514
2.1925 -43.20274839341533
2.1975 -48.85513314305175
2.2024999999999997 92.11544001172122
2.2075 -266.16190374392266
2.2125 191.0667027415965
2.2175 206.16933209188812
2.2224999999999997 -356.1200421658589
2.2275 194.18140120693593
2.2325 81.57447121326996
2.2375 -23.25538605051572
2.2424999999999997 -18.829123565968857
2.2475 89.8938576242674
2.2525 -178.13262887581627
2.2575 -25.205827025691907
2.2624999999999997 341.3812347076916
2.2675 -124.99428440078565
2.2725 -33.66490721110395
2.2775 -296.4601710960601
2.2824999999999998 294.9649436886096
2.2875 85.12909832668063
2.2925 -316.27606566867036
2.2975 324.99189356842754
2.3024999999999998 -245.70242524091242
2.3075 220.99639458047815
2.3125 -71.65071155089935
2.3175 -145.5735613671374
2.3225 106.00106208583416
2.3274999999999997 -127.65451347445847
2.3325 109.61304858717205
2.3375 -19.652347162622867
2.3425 -82.78797163131951
2.3474999999999997 85.58845239762644
2.3525 157.44301173895715
2.3575 66.14270708872124
2.3625 -22.546975575792416
2.3674999999999997 69.38367534241029
2.3725 -201.5150851431083
2.3775 184.407600882634
2.3825 -131.7721631011424
2.3874999999999997 -53.22317567713473
2.3925 -103.79749433819121
2.3975 -111.79518674863827
2.4025 137.55699684657824
2.4074999999999998 -390.163478467057
2.4125 66.80892302432852
2.4175 214.97910157720318
2.4225 96.19552437308153
2.4274999999999998 -202.87273149664708
2.4325 -225.0060509775422
2.4375 4.384706919693539
2.4425 66.1418933702615
2.4475 -11.074765871106365
2.4524999999999997 103.92196194542429
2.4575 221.76307263924917
2.4625 34.92903752331161
2.4675 -223.32310751127258
2.4724999999999997 -130.276897534191
2.4775 -91.89091135083689
2.4825 370.6603362686461
2.4875 -78.8632317031063
2.4924999999999997 -169.2361081075814
2.4975 22.292387491819394
2.5025 148.77055882273757
2.5075 87.84216883496319
2.5124999999999997 -217.0147393619771
2.5175 250.35351337252789
2.5225 -40.78075197847745
2.5275 -129.2503424846276
2.5324999999999998 346.9962526214088
2.5375 -293.24775878112587
2.5425 149.948208916066
2.5475 -308.5983022502744
2.5524999999999998 -18.789154515259956
2.5574999999999997 194.77711443825905
2.5625 -73.12582074315793
2.5675 -13.703012546016042
2.5725 -168.70684688373382
2.5774999999999997 81.82828781740317
2.5825 236.15909751188414
2.5875 194.62436037729796
2.5925 -221.35759925718136
2.5974999999999997 69.91839416438793
2.6025 197.87779047129237
2.6075 -330.38310021987667
2.6125 -186.4560642072318
2.6174999999999997 85.92650346822094
2.6225 -3.7276242632406453
2.6275 -18.996750095013844
2.6325 -119.5073826689217
2.6374999999999997 234.0469199266209
2.6425 -35.302270337855255
2.6475 -82.96583727553694
2.6525 92.07204160614525
2.6574999999999998 165.8971073066731
2.6625 -180.4222652460671
2.6675 126.33979708572646
2.6725 -182.06121343953347
2.6774999999999998 146.078103919003
2.6824999999999997 -68.63443617553281
2.6875 87.15668287775895
2.6925 -112.58524289665067
2.6975 168.0419957424125
2.7024999999999997 150.83589259425057
2.7075 -304.9121402584867
2.7125 270.7356601996137
2.7175 -116.49473639367153
2.7224999999999997 -257.6782042986076
2.7275 5.368727810583253
2.7325 185.19605906865172
2.7375 103.43146735325502
2.7424999999999997 -57.189304978995786
2.7475 -96.75081774524763
2.7525 -32.98198399334376
2.7575 -31.342092339114714
2.7624999999999997 -57.172679542393006
2.7675 150.9417815247747
2.7725 -74.43479346908792
2.7775 -61.390812608927384
2.7824999999999998 -139.48996978389727
2.7875 140.49477181261804
2.7925 244.42477672814795
2.7975 -79.98554762532734
2.8024999999999998 -115.1095157216415
2.8074999999999997 147.76077000517668
2.8125 10.310696869518358
2.8175 9.213643326374324
2.8225 -85.24203886979494
2.8274999999999997 -67.54099620553583
2.8325 76.68533450961507
2.8375 90.706304648917
2.8425 -2.8906682464870683
2.8474999999999997 3.0359401504206738
2.8525 136.98710549156544
2.8575 -29.64055887987042
2.8625 75.69918431857732
2.8674999999999997 144.3603987264627
2.8725 -401.32004962343365
2.8775 192.03528456160674
2.8825 24.356299361379612
2.8874999999999997 101.36335135937576
2.8925 -59.68447210525046
2.8975 -43.980707453316796
2.9025 55.25142920373851
2.9074999999999998 54.2977803806756
2.9125 21.39648030961474
2.9175 100.96769786430892
2.9225 -161.44812899760151
2.9274999999999998 3.751850282908057
2.9324999999999997 -81.34846499019542
2.9375 194.43439948715238
2.9425 -316.92994424289583
2.9475 79.21536362951856
2.9524999999999997 10.596667590168574
2.9575 -139.86047879958636
2.9625 144.32599464682423
2.9675 -205.95850900786832
2.9724999999999997 -190.69829197211683
2.9775 20.374580719156405
2.9825 280.82101126859135
2.9875 144.22197053163183
2.9924999999999997 309.0088545303223
2.9975 -16.459777524967446
3.0025 -177.84783083610287
3.0075 18.554750175552776
3.0124999999999997 85.41215681949271
3.0175 -270.7151972330691
3.0225 -153.11904027034117
3.0275 133.4410667659538
3.0324999999999998 -101.62724562451743
3.0374999999999996 -71.22425675941322
3.0425 48.25372361934147
3.0475 105.70946770743289
3.0524999999999998 82.88561968867145
3.0574999999999997 22.078151895746686
3.0625 -291.2882263048695
3.0675 -1.729737804253212
3.0725 -67.58816424345892
3.0774999999999997 -60.73298386844041
3.0825 -38.75088706826145
3.0875 156.092468315958
3.0925 -218.90329516663164
3.0974999999999997 307.84634217940106
3.1025 17.98661994729698
3.1075 -223.39953625445602
3.1125 147.00664563268205
3.1174999999999997 128.21312540735462
3.1225 -24.186923285012384
3.1275 363.1159587275879
3.1325 -164.60733591523854
3.1374999999999997 -152.6510060972098
3.1425 46.47127859665396
3.1475 -64.68452255618598
3.1525 30.233803586241265
3.1574999999999998 162.01562630448097
3.1624999999999996 -263.17520592925814
3.1675 -24.55167995332336
3.1725 108.55047754801998
3.1774999999999998 -64.18181587106525
3.1824999999999997 92.5468386955051
3.1875 130.34170657777773
3.1925 -51.64233045552442
3.1975 112.2254769647144
3.2024999999999997 -251.76133644325589
3.2075 -69.60552665376348
3.2125 232.51240744461825
3.2175 -175.3207427610399
3.2224999999999997 277.09558196615706
3.2275 -235.63308431948224
3.2325 72.35019336034357
3.2375 -254.61752179099756
3.2424999999999997 198.02188976008136
3.2475 -231.77614553447674
3.2525 38.48605059240973
3.2575 -83.64760781320217
3.2624999999999997 168.5466710630242
3.2675 -157.25085970395526
3.2725 82.34650791863778
3.2775 78.77277118511827
3.2824999999999998 -91.22411328546475
3.2874999999999996 87.75197885467782
3.2925 7.818639479414898
3.2975 160.18676406494595
3.3024999999999998 -129.00359736234194
3.3074999999999997 28.945682001088738
3.3125 -26.228123968401018
3.3175 49.90776695473774
3.3225 -195.33189634152913
3.3274999999999997 22.83143906195085
3.3325 -72.96776384387007
3.3375 -62.679309267432444
3.3425 44.94231938292655
3.3474999999999997 -100.07383366282967
3.3525 244.07884835231533
3.3575 107.87488884949428
3.3625 71.71142979730539
3.3674999999999997 -17.336101481602995
3.3725 85.60502947693071
3.3775 -104.04712484507994
3.3825 -222.13542962745578
3.3874999999999997 77.87606502191628
3.3924999999999996 26.305024063660387
3.3975 -19.565789193760626
3.4025 69.147855515494
3.4074999999999998 -210.70136087021842
3.4124999999999996 456.11782196970495
3.4175 -156.47695436730564
3.4225 -110.19441213557305
3.4274999999999998 45.29669731670169
3.4324999999999997 193.12338526904648
3.4375 -368.3076660364335
3.4425 -27.67420762977138
3.4475 -9.049318482349102
3.4524999999999997 71.29537046392085
3.4575 -76.98458817832169
3.4625 161.57811242909958
3.4675 88.04247726589745
3.4724999999999997 -99.00041868041652
3.4775 -70.93837821369527
3.4825 -8.644293342831947
3.4875 -66.60982780235267
3.4924999999999997 37.30436707273641
3.4975 216.148228943391
3.5025 98.81837843409305
3.5075 -8.525447236597968
3.5124999999999997 -294.3474221709598
3.5174999999999996 238.62808972065324
3.5225 -94.4339223987256
3.5275 72.76055006472555
3.5324999999999998 -62.80622479019769
3.5374999999999996 -11.34936570197432
3.5425 -380.7732419348903
3.5475 249.55877979080125
3.5524999999999998 -211.88059246103273
3.5574999999999997 78.47549377146677
3.5625 -24.37716421983971
3.5675 57.90701382205889
3.5725 3.521380672957458
3.5774999999999997 -127.03395930449403
3.5825 92.41414653157607
3.5875 108.3295019314193
3.5925 -138.66840388859447
3.5974999999999997 -9.491925828692414
3.6025 48.148020486111186
3.6075 252.7158051692494
3.6125 -235.6224493981767
3.6174999999999997 252.37754830051924
3.6225 -43.180797732675124
3.6275 -152.3636597923458
3.6325 158.23518850254155
3.6374999999999997 -24.65300829715665
3.6424999999999996 154.21435860887192
3.6475 -91.2682733020441
3.6525 24.299403282426645
3.6574999999999998 -300.5752774578039
3.6624999999999996 132.78078838288826
3.6675 214.8112047736245
3.6725 -98.49085315397718
3.6774999999999998 73.9799045860808
3.6824999999999997 -22.335908994681738
3.6875 -77.64149008292337
3.6925 194.78420592094838
3.6975 -35.43701943046518
3.7024999999999997 -86.19618587172081
3.7075 74.71448918878274
3.7125 -45.5349949781726
3.7175 95.47957463366394
3.7224999999999997 28.821324530070225
3.7275 -89.20410615858157
3.7325 174.37462096531408
3.7375 -259.3812133462749
3.7424999999999997 263.64577402483116
3.7474999999999996 171.85045853970678
3.7525 89.34057736314844
3.7575 -133.98761944127864
3.7624999999999997 59.70046172561821
3.7674999999999996 44.55198222182028
3.7725 -296.16158477863297
3.7775 410.11158807825103
3.7824999999999998 -275.1260611747581
3.7874999999999996 65.48505769788831
3.7925 80.50237253625978
3.7975 7.217334894331986
3.8024999999999998 -307.3881377867791
3.8074999999999997 -257.33015284821795
3.8125 299.8828135095293
3.8175 -362.1842677366197
3.8225 233.94799839461604
3.8274999999999997 -137.80817715553988
3.8325 34.96074306831678
3.8375 279.53931758556666
3.8425 -389.8208432561487
3.8474999999999997 -105.94582739259799
3.8525 393.51943787648594
3.8575 -11.300287205351003
3.8625 27.42399611158592
3.8674999999999997 233.64396454527196
3.8724999999999996 -301.3767638237536
3.8775 212.3692172541079
3.8825 -61.364749143501264
3.8874999999999997 -223.93567987324516
3.8924999999999996 -41.15830813288418
3.8975 83.18382039776318
3.9025 -60.98020795825414
3.9074999999999998 -13.412008192448786
3.9124999999999996 222.94841174041662
3.9175 -50.77418970516019
3.9225 -145.55326419704485
3.9274999999999998 -80.13906224461593
3.9324999999999997 6.489166022192954
3.9375 152.09535297305973
3.9425 21.62810795350408
3.9475 71.37733662356098
3.9524999999999997 -48.023875787206094
3.9575 -217.27885863658932
3.9625 144.0713291911736
3.9675 -136.9251178825217
3.9724999999999997 230.42162997060692
3.9775 -115.24203419404938
3.9825 89.24896909948366
3.9875 40.51698456078003
3.9924999999999997 -158.12860638494664
3.9974999999999996 63.11968327141964
4.0024999999999995 28.7874887638256
4.007499999999999 58.529736660604684
4.0125 -49.454579689403936
4.0175 1.8869786330086513
4.0225 -217.5313411056217
4.0275 2.128629856682821
4.0325 100.30127139352446
4.0375 185.83287718796453
4.0424999999999995 52.534020618130455
4.047499999999999 -126.95728833894448
4.0525 72.11280100013448
4.0575 123.05910742333064
4.0625 -47.673142340708125
4.0675 5.567800663196532
4.0725 -182.41663366224412
4.0775 241.54663874589886
4.0825 75.49503467333567
4.0874999999999995 39.3378446679042
4.0925 -288.02675745147303
4.0975 46.73702254491149
4.1025 98.00020572642777
4.1075 55.9831531597207
4.1125 58.184384591923425
4.1175 -94.68154173543833
4.1225 54.851801265072474
4.1274999999999995 -44.658280840640735
4.132499999999999 -73.38757251680686
4.1375 46.88505828227946
4.1425 -17.096588374237424
4.1475 -14.349831875751113
4.1525 0.17319304623311435
4.1575 91.04198134325878
4.1625 168.4250554179348
4.1674999999999995 -86.20095370397668
4.172499999999999 204.15103608965737
4.1775 -79.28596896970163
4.1825 18.551147918671486
4.1875 144.7527468192481
4.1925 -199.77391291021422
4.1975 2.0524350707150143
4.2025 71.29327834872606
4.2075 34.47909174309536
4.2124999999999995 -72.89730428284916
4.2175 -7.879260320405377
4.2225 11.182575408784192
4.2275 -45.316269982615815
4.2325 -26.17339347401804
4.2375 89.82904825171947
4.2425 -83.46459984728246
4.2475 -82.06312717542016
4.2524999999999995 214.1794234452564
4.257499999999999 -261.15293133851685
4.2625 27.221501536005768
4.2675 159.43339025035792
4.2725 -166.06519596043196
4.2775 -68.28865214788102
4.2825 163.51061133330882
4.2875 -146.25125436475886
4.2924999999999995 -278.31797933762465
4.297499999999999 27.804300802730545
4.3025 60.050591199326675
4.3075 73.13366896822471
4.3125 86.45087474940989
4.3175 -151.45000291569232
4.3225 192.62167187408835
4.3275 -145.3628135494434
4.3325 -133.02263547006942
4.3374999999999995 108.69188007856627
4.342499999999999 -76.83656666441422
4.3475 145.76411043993417
4.3525 -32.141653492453685
4.3575 123.54362538236589
4.3625 -210.52728768825642
4.3675 90.92594731467726
4.3725 -0.7334245538757445
4.3774999999999995 -161.22999850075126
4.382499999999999 281.2737395343428
4.3875 84.25959594005808
4.3925 -152.83103735889338
4.3975 -36.464787952155966
4.4025 101.14730910831403
4.4075 256.8949494894935
4.4125 -72.47666052542176
4.4174999999999995 -419.5737739709861
4.422499999999999 9.540440765411416
4.4275 216.82277996666227
4.4325 28.469229578898435
4.4375 0.6178238987979536
4.4425 145.7469520861642
4.4475 -285.60387020956676
4.4525 250.58638685832807
4.4575 -145.40311761425298
4.4624999999999995 -71.92781268770457
4.467499999999999 32.183363800662235
4.4725 97.55751485683213
4.4775 -106.77238376110652
4.4825 56.07316773788661
4.4875 172.14708062972323
4.4925 4.688897880913561
4.4975 -5.297622712523412
4.5024999999999995 136.1351177895002
4.507499999999999 -288.4039709598789
4.5125 -165.4900499105661
4.5175 -97.90340257305866
4.5225 4.812521768424141
4.5275 12.499520575535472
4.5325 223.05982274546884
4.5375 121.53836499459051
4.5424999999999995 -143.47496645882893
4.547499999999999 52.197405660613185
4.5525 -47.095875412101314
4.5575 -62.37484165805521
4.5625 -112.46655842756536
4.5675 41.52265215224792
4.5725 -178.70679962147392
4.5775 207.7167911714415
4.5825 -129.31794875121196
4.5874999999999995 67.69903996282319
4.592499999999999 198.97641329101322
4.5975 -81.75745588873569
4.6025 -150.23018815292613
4.6075 31.563515079797895
4.6125 -68.84785357927325
4.6175 115.74643121347376
4.6225 -116.00233382645919
4.6274999999999995 55.37421568758191
4.632499999999999 -57.67249926389685
4.6375 95.8198398763998
4.6425 45.31873324418864
4.6475 1.0139787307554449
4.6525 21.520709748928645
4.6575 83.96310425026697
4.6625 -44.534113903957554
4.6674999999999995 -81.62268179507348
4.672499999999999 86.70374591901312
4.6775 -184.00103903370027
4.6825 -79.17395846573244
4.6875 124.42349063936973
4.6925 24.604587969682886
4.6975 271.129225712061
4.7025 78.43291385428817
4.7075 -2.72259775138723
4.7124999999999995 -146.4944095991049
4.717499999999999 37.57340066603328
4.7225 -151.91365795713864
4.7275 87.30735053511432
4.7325 -102.30548996113409
4.7375 75.09912879922517
4.7425 -123.53608907832253
4.7475 -56.44761191920585
4.7524999999999995 -160.57333902000448
4.757499999999999 11.298089744439343
4.7625 251.38159138092908
4.7675 -198.40716222610797
4.7725 -31.024478181336594
4.7775 157.82671262567843
4.7825 125.14576946096635
4.7875 -134.96719073699123
4.7924999999999995 118.57497395037605
4.797499999999999 -144.45838916664653
4.8025 -5.755820419008647
4.8075 -289.50956091495004
4.8125 233.7882421968314
4.8175 127.66779192808224
4.8225 34.687634467977524
4.8275 -126.76898093944655
4.8325 305.6993594449868
4.8374999999999995 -145.41528786333797
4.842499999999999 152.5205192892616
4.8475 -148.65033020971222
4.8525 -51.35232160438393
4.8575 -32.094893958566544
4.8625 -91.29671186743761
4.8675 166.4824766815731
4.8725 39.67396697310691
4.8774999999999995 -108.71479525358684
4.882499999999999 173.5659690346096
4.8875 -85.59782963441735
4.8925 83.69622801750974
4.8975 133.48021657165452
4.9025 -133.95283067439615
4.9075 127.16507208451296
4.9125 72.88621065802639
4.9174999999999995 -218.0114234174353
4.922499999999999 165.43364306273108
4.9275 -194.00336239753526
4.9325 -56.4318178333839
4.9375 18.51044765297539
4.9425 -89.03609079738125
4.9475 120.4598526121849
4.9525 35.57114979431914
4.9575 229.2845638551853
4.9624999999999995 -57.71017716554025
4.967499999999999 -139.38012752908392
4.9725 -192.48083463049278
4.9775 3.3493407097968095
4.9825 172.11540982302228
4.9875 -222.489074512285
4.9925 69.07107507987634
4.9975 101.52793486560381
5.0024999999999995 99.44931448222889
5.007499999999999 67.9542504414137
5.0125 -79.7342023094206
5.0175 84.87327361171073
5.0225 109.96726875937283
5.0275 -122.83037726981703
5.0325 -9.289153083509431
5.0375 -123.90799078420856
5.0424999999999995 -130.33652267537798
5.047499999999999 83.74317538825026
5.0525 14.134322443168193
5.0575 60.71130344933777
5.0625 155.98245973835466
5.0675 -142.38822203380377
5.0725 -43.062900928321376
5.0775 261.78344498194946
5.0825 -56.65080126087065
5.0874999999999995 -346.81698981312195
5.092499999999999 141.04518866374306
5.0975 4.886978191750992
5.1025 63.69507607509236
5.1075 199.03447537299033
5.1125 -193.62055424575743
5.1175 -75.46173090316685
5.1225 -114.3356521630661
5.1274999999999995 117.30780311545666
5.132499999999999 -146.66887799506983
5.1375 -47.19605278643794
5.1425 162.639352622763
5.1475 -109.39496792794576
5.1525 -152.4532998810653
5.1575 263.22191463863766
5.1625 46.6360284914642
5.1674999999999995 -8.396231553285952
5.172499999999999 -168.14510916137917
5.177499999999999 234.70744368185615
5.1825 -26.962426717134516
5.1875 -124.88135537131382
5.1925 -57.2658680041469
5.1975 76.46040458184154
5.2025 -187.74833432225813
5.2075 -31.01936704515745
5.2124999999999995 11.261563536007278
5.217499999999999 21.14666203166488
5.2225 66.50542452646464
5.2275 125.37127618933306
5.2325 -197.10537138140904
5.2375 27.289956604763354
5.2425 142.33660806862108
5.2475 -290.7934531115623
5.2524999999999995 42.47383337144998
5.257499999999999 10.249092023295544
5.2625 222.82152674525204
5.2675 123.92871300508612
5.2725 -24.006795539004667
5.2775 161.32597540223836
5.2825 -214.2403561085819
5.2875 -72.63428646907082
5.2924999999999995 72.4770207543995
5.297499999999999 187.59377809662857
5.302499999999999 -70.40794930912134
5.3075 75.37136640895729
5.3125 9.776701934916854
5.3175 152.32174887536473
5.3225 -279.6493886000084
5.3275 153.13058164427275
5.3325 -145.85440851687457
5.3374999999999995 -63.391644274114675
5.342499999999999 169.75161871977426
5.3475 7.355272032310193
5.3525 -51.52008300341478
5.3575 73.6582966705682
5.3625 74.94950713984298
5.3675 -88.045554854314
5.3725 153.20990571182793
5.3774999999999995 -268.79919696427856
5.382499999999999 19.738833072531108
5.3875 -169.40097846798832
5.3925 317.0774237112194
5.3975 93.12495621475479
5.4025 -15.24714872255137
5.4075 -194.44758928572895
5.4125 168.06820699366415
5.4174999999999995 -282.0485652222298
5.422499999999999 370.20186684019785
5.427499999999999 -54.05995721286023
5.4325 113.24249319173838
5.4375 43.935843722907784
5.4425 -172.209270878875
5.4475 165.85558108516008
5.4525 -129.00293022899928
5.4575 -59.86143534306478
5.4624999999999995 179.8790092226554
5.467499999999999 -97.49653235588265
5.4725 -66.39812803669668
5.4775 -28.67939659912049
5.4825 159.74308356488123
5.4875 -202.12652929970017
5.4925 8.309410267419711
5.4975 -61.38073665851723
5.5024999999999995 -15.624967651176098
5.507499999999999 18.94665877615582
5.5125 -50.023445145973746
5.5175 -49.3045922251514
5.5225 94.88564486556429
5.5275 -3.645987669281064
5.5325 62.56351249390271
5.5375 -53.99687218920553
5.5424999999999995 202.3296225846904
5.547499999999999 84.46352097058256
5.552499999999999 61.48208513477683
5.5575 -204.00933946778545
5.5625 30.44604304566548
5.5675 91.4983440382983
5.5725 -140.44011030140172
5.5775 -106.78915920402304
5.5825 466.40787573351776
5.5874999999999995 -308.4397750515864
5.592499999999999 -221.23132282381525
5.5975 180.67616823541516
5.6025 167.82945048064346
5.6075 -5.501301811644091
5.6125 -166.61381168311635
5.6175 15.154541798432147
5.6225 -92.41283805545
5.6274999999999995 74.09457467567553
5.632499999999999 99.52515109522656
5.6375 70.09964152988859
5.6425 -115.62428475656894
5.6475 -160.037300142466
5.6525 80.28082189545648
5.6575 58.328392922936715
5.6625 173.6846882419992
5.6674999999999995 -246.20846101352208
5.672499999999999 -123.28662436788584
5.677499999999999 84.90605262295045
5.6825 64.35928360379785
5.6875 176.9607161292346
5.6925 -5.916946674458667
5.6975 177.92035336224302
5.7025 -34.35905590134161
5.7075 -140.02506020046263
5.7124999999999995 112.2512288380783
5.717499999999999 -139.3714700594299
5.7225 -29.88745216628703
5.7275 -230.03188909282176
5.7325 307.01213233086463
5.7375 13.106386644699926
5.7425 276.4465558330119
5.7475 -212.87476116390988
5.7524999999999995 -159.03285523403952
5.757499999999999 75.4972831890278
5.7625 -29.000867218558277
5.7675 69.14749645432858
5.7725 -127.66024292613605
5.7775 90.10138918816898
5.7825 -76.45539325249483
5.7875 155.74892082981015
5.7924999999999995 -68.48619796253743
5.797499999999999 -91.62413078000081
5.802499999999999 153.29320931160106
5.8075 -132.79061096737112
5.8125 -80.83665002697259
5.8175 49.86529006821147
5.8225 -83.409831028918
5.8275 156.52390502765826
5.8325 54.7187042814731
5.8374999999999995 27.6895497886771
5.842499999999999 -31.210497852965638
5.8475 -141.33551614671572
5.8525 30.76473751207143
5.8575 -4.042891216962349
5.8625 -0.667824687529798
5.8675 149.35370520933571
5.8725 -273.0465561488856
5.8774999999999995 -131.40403286978633
5.882499999999999 213.7522667821234
5.8875 -78.86191664775593
5.8925 238.85135082818655
5.8975 -14.465044882933947
5.9025 -36.91278101860401
5.9075 -173.03770890552943
5.9125 214.6011677753224
5.9174999999999995 27.613104860601926
5.922499999999999 167.34798811074356
5.927499999999999 -295.57709142744665
5.9325 127.47445660314436
5.9375 148.94404489117235
5.9425 -162.63504619150635
5.9475 182.7441400784903
5.9525 -96.31569285199689
5.9575 38.05963218403392
5.9624999999999995 -185.6809360559563
5.967499999999999 57.14168692213151
5.9725 24.853529237035367
5.9775 -381.32232108168535
5.9825 -228.64126740399053
5.9875 -31.659281742172904
5.9925 110.03543320734562
5.9975 347.88806357857277
6.0024999999999995 -11.211071871351423
6.007499999999999 100.99153097270194
6.012499999999999 74.92426249177542
6.0175 -338.5145545761217
6.0225 98.01202293433755
6.0275 -95.22080176829131
6.0325 78.94211449694856
6.0375 83.79520244647783
6.0424999999999995 45.23306963862784
6.047499999999999 167.00968334526056
6.052499999999999 -244.7295398187119
6.0575 171.9490783484858
6.0625 161.88682877816052
6.0675 -39.142394599351995
6.0725 -321.36687336060925
6.0775 53.48170129525868
6.0825 -72.93012698013817
6.0874999999999995 317.8041978821291
6.092499999999999 -302.6637440450769
6.0975 83.12291730805082
6.1025 -69.14634640592331
6.1075 17.129312547642744
6.1125 -139.33428323108726
6.1175 92.1690259513512
6.1225 67.47279333489321
6.1274999999999995 10.940723124015827
6.132499999999999 32.87225674337094
6.137499999999999 109.04491625356447
6.1425 -96.19385956616811
6.1475 63.43702064123203
6.1525 56.72248473853752
6.1575 -41.71756798778807
6.1625 210.88492846495595
6.1674999999999995 -65.07878178204207
6.172499999999999 -6.023646691752833
6.177499999999999 78.55569744327289
6.1825 -154.60511413462652
6.1875 17.337819481544788
6.1925 71.92590602850636
6.1975 -282.3451498929081
6.2025 159.63325576791323
6.2075 -59.842176111395666
6.2124999999999995 145.74871479193502
6.217499999999999 -294.06905940210544
6.2225 -2.1046433207794344
6.2275 301.78514706513874
6.2325 -235.07359656024911
6.2375 82.07660326894153
6.2425 68.67812143528764
6.2475 57.723514305844695
6.2524999999999995 -83.88511149388619
6.257499999999999 19.04932915015905
6.262499999999999 12.86222084150349
6.2675 -92.7595642280196
6.2725 13.856223205142603
6.2775 64.64568434254743
6.2825 -135.8302178510711
6.2875 147.4007914327115
6.2924999999999995 58.20447375984016
6.297499999999999 -86.86218916679914
6.302499999999999 113.36572364163663
6.3075 8.513716761368341
6.3125 155.21654618544574
6.3175 -167.15125825148314
6.3225 -1.1223130273623554
6.3275 171.8451729224996
6.3325 -88.00833819741322
6.3374999999999995 -232.7105252570341
6.342499999999999 255.33444170282837
6.3475 -230.47973320563193
6.3525 -37.46863046680679
6.3575 -19.551169746194713
6.3625 18.450333675423934
6.3675 -11.677110171003255
6.3725 99.12116672319927
6.3774999999999995 58.8897126013802
6.382499999999999 29.811901354792376
6.387499999999999 -89.7187056962433
6.3925 147.66542702839763
6.3975 -129.7730713282657
6.4025 27.307519367002154
6.4075 -163.6349495929924
6.4125 191.8277958284553
6.4174999999999995 82.96469735913708
6.422499999999999 140.86796159903486
6.427499999999999 -23.443961684987794
6.4325 1.1606879978189022
6.4375 -4.595308020685948
6.4425 -225.00995693141655
6.4475 -84.99126318312692
6.4525 114.50991104568959
6.4575 -29.165193512068846
6.4624999999999995 -11.276852008442818
6.467499999999999 129.37075202632082
6.4725 -105.48970240493196
6.4775 -74.46059034434596
6.4825 -141.9717729266124
6.4875 2.567807025756049
6.4925 62.979835279987746
6.4975 -85.96156310176733
6.5024999999999995 -91.61699219006555
6.507499999999999 148.1496166347968
6.512499999999999 -15.83879928287762
6.5175 -170.03112709605753
6.5225 205.49173067706872
6.5275 35.93346795744468
6.5325 -71.23312818544103
6.5375 108.29899248938942
6.5424999999999995 20.988947104007366
6.547499999999999 0.24493294074822977
6.552499999999999 33.16782523641016
6.5575 101.98326455663812
6.5625 47.98825244572284
6.5675 24.247882429715673
6.5725 210.0595687257606
6.5775 -282.7526036214861
6.5825 -53.68272975649885
6.5874999999999995 -160.23756646636483
6.592499999999999 157.70465801474464
6.5975 -71.08872105474762
6.6025 -27.360727659158112
6.6075 219.99408870945166
6.6125 -80.71183293134541
6.6175 -212.12197816366282
6.6225 150.51185974525865
6.6274999999999995 -229.84145186683784
6.632499999999999 149.13027475256928
6.637499999999999 72.69707690795809
6.6425 268.5777859541467
6.6475 -265.3679119039422
6.6525 29.19449642099698
6.6575 -286.99392240074377
6.6625 91.40180260647132
6.6674999999999995 63.35124696524892
6.672499999999999 -95.37392610799523
6.677499999999999 100.20487602047665
6.6825 -162.68007506044492
6.6875 142.11061719158718
6.6925 -18.977984831504152
6.6975 11.607071170446785
6.7025 -52.510202510368806
6.7075 161.73656297982458
6.7124999999999995 -229.9866087659309
6.717499999999999 238.0585624599125
6.722499999999999 -173.2792422295044
6.7275 138.45090947114824
6.7325 -22.53083963347654
6.7375 210.76186644319944
6.7425 -55.91122829031478
6.7475 89.92330564004317
6.7524999999999995 -440.38036603129194
6.757499999999999 309.85906268380256
6.762499999999999 -2.009999074067682
6.7675 -73.12045814902658
6.7725 281.63235291776857
6.7775 -151.13946155560654
6.7825 0.449865250510984
6.7875 -65.26194317547213
6.7924999999999995 -49.33519466451661
6.797499999999999 177.94948564104527
6.802499999999999 138.16933419865927
6.8075 85.5670514968676
6.8125 -158.23479874929484
6.8175 -64.88550391018025
6.8225 211.5743645884217
6.8275 -157.02311669725358
6.8325 230.86484178318156
6.8374999999999995 -478.9219303418399
6.842499999999999 287.1006982107017
6.847499999999999 -118.7897687805131
6.8525 -1.8248418071580987
6.8575 317.0467717917185
6.8625 -158.14420256770202
6.8675 109.68936890473924
6.8725 -135.54791307419327
6.8774999999999995 -114.94892264652765
6.882499999999999 75.24716187200731
6.887499999999999 277.0759833780993
6.8925 -196.08197699119282
6.8975 219.30323278938485
6.9025 -370.8698245596428
6.9075 -65.55953991177437
6.9125 96.1128490511916
6.9174999999999995 -254.65827719059317
6.922499999999999 -9.254949275458223
6.927499999999999 -62.794756437431666
6.9325 78.57139178805467
6.9375 167.4451622007779
6.9425 -2.163373161125513
6.9475 -93.49135239723083
6.9525 -223.78799865737784
6.9575 54.44663348797279
6.9624999999999995 104.52539760704579
6.967499999999999 20.438565254355556
6.972499999999999 293.21873308575704
6.9775 -69.15702159208145
6.9825 50.74099646595937
6.9875 -30.771875444084237
6.9925 1.4439015629474117
6.9975 -121.14064404408387
7.0024999999999995 201.04709386651928
7.007499999999999 -219.44649592455931
7.012499999999999 154.71651645510266
7.0175 -136.33011599692844
7.0225 52.767335175126824
7.0275 -79.24522462320282
7.0325 132.0722386259868
7.0375 21.29751746008139
7.0424999999999995 28.84162288442314
7.047499999999999 -62.893228740002215
7.052499999999999 -98.19015648456794
7.0575 10.38550817620322
7.0625 1.7972453824732455
7.0675 9.368477738054768
7.0725 -94.56075003950244
7.0775 117.71420508924024
7.0825 -182.64763470081243
7.0874999999999995 -3.556232575721028
7.092499999999999 113.27400636022543
7.097499999999999 -111.8118477130522
7.1025 113.78094717092792
7.1075 57.88876836661201
7.1125 -87.45789081868752
7.1175 -145.34239190042737
7.1225 285.46662285391074
7.1274999999999995 -14.806256086537703
7.132499999999999 -173.97104818955816
7.137499999999999 180.60833432767052
7.1425 -38.121957899413744
7.1475 -213.56076845884658
7.1525 265.91471886628574
7.1575 -124.81052956132494
7.1625 -4.875343359938423
7.1674999999999995 76.73492501792043
7.172499999999999 -133.3218849075124
7.177499999999999 83.36598438079143
7.1825 241.16396869203876
7.1875 -246.0671742773232
7.1925 -158.265895847638
7.1975 92.826542836607
7.2025 -20.367927018051073
7.2075 -110.35062936861398
7.2124999999999995 229.34660761790832
7.217499999999999 -43.35087620702717
7.222499999999999 6.144829950222127
7.2275 103.73629952567397
7.2325 -91.21042142628289
7.2375 -27.80752802737945
7.2425 182.1560907388175
7.2475 -118.04643268281811
7.2524999999999995 155.58276192010268
7.257499999999999 -29.601445523072204
7.262499999999999 -80.63738664002396
7.2675 -187.00785269503606
7.2725 130.65296336271237
7.2775 -14.854918134711747
7.2825 58.575666225348094
7.2875 -140.29930542758962
7.2924999999999995 287.44507138949746
7.297499999999999 -248.90455501779394
7.302499999999999 14.103405451089868
7.3075 -257.4396063613403
7.3125 119.65488440355045
7.3175 148.55956125768967
7.3225 -302.4994073913441
7.3275 102.91662726270529
7.3325 274.96562218507705
7.3374999999999995 -205.9923412213318
7.342499999999999 -53.60351842909185
7.347499999999999 183.28722310119937
7.3525 -41.07525858471685
7.3575 16.062100786848024
7.3625 -69.93993112350499
7.3675 -27.11287038479906
7.3725 -80.71085078474394
7.3774999999999995 238.9544451674028
7.382499999999999 -22.84927908914915
7.387499999999999 -56.8291269244502
7.3925 10.167282412185292
7.3975 16.83814134494758
7.4025 147.03432285024115
7.4075 -68.82330886198142
7.4125 37.6142730442367
7.4174999999999995 34.45171662706744
7.422499999999999 -85.98842974244627
7.427499999999999 73.86833396904741
7.4325 219.31222316778775
7.4375 -218.7258774360036
7.4425 129.8253858985946
7.4475 -206.16401739450959
7.4525 -51.62855724423429
7.4575 -109.37977534770418
7.4624999999999995 210.56753826397255
7.467499999999999 -133.98151925031254
7.472499999999999 -47.49192234478051
7.4775 180.78330860019082
7.4825 74.94402042864546
7.4875 -157.79991965586345
7.4925 36.046045853716315
7.4975 162.25838941705956
7.5024999999999995 151.53796082834626
7.507499999999999 -183.19252342452302
7.512499999999999 81.50507526609525
7.5175 -56.48350895641942
7.5225 44.64066128324828
7.5275 186.4550646914782
7.5325 122.27640974292915
7.5375 -235.1245626527682
7.5424999999999995 1.7113765051147045
7.547499999999999 94.15910866082804
7.552499999999999 -300.8619453130595
7.557499999999999 61.91447280755545
7.5625 78.1960173044213
7.5675 59.29903035578301
7.5725 16.863961905413042
7.5775 -0.6589269446048597
7.5825 174.49655136049333
7.5874999999999995 -153.68734287427327
7.592499999999999 -76.1437730312106
7.597499999999999 -56.305607587014094
7.6025 138.8529848812488
7.6075 33.732668747381446
7.6125 99.45468260290866
7.6175 -127.13478844146054
7.6225 -8.378591863467177
7.6274999999999995 2.7809302065864103
7.632499999999999 158.00376902530866
7.637499999999999 -218.09396399681182
7.6425 106.11902389292385
7.6475 -60.87257000674569
7.6525 -95.64791999230641
7.6575 -78.86994673903004
7.6625 28.710106033120642
7.6674999999999995 99.47890000379226
7.672499999999999 115.60379882853162
7.677499999999999 -236.02094117060076
7.682499999999999 327.36681721260993
7.6875 -301.834194655856
7.6925 141.03269011136618
7.6975 17.09396277030533
7.7025 46.27302183102116
7.7075 -116.3279788485703
7.7124999999999995 149.98886220610066
7.717499999999999 -211.44970355199462
7.722499999999999 21.582057857371737
7.7275 5.756188592399713
7.7325 -53.445770309247806
7.7375 89.85732917889906
7.7425 -130.34513356412404
7.7475 165.1523022737957
7.7524999999999995 -51.44786490209442
7.757499999999999 -77.53143091108528
7.762499999999999 50.931226314793776
7.7675 14.528541239691043
7.7725 161.22431431413676
7.7775 -199.6079419771687
7.7825 157.24293634414713
7.7875 -89.04319188573804
7.7924999999999995 -72.78077806249875
7.797499999999999 104.9585645231489
7.802499999999999 62.1624029797196
7.807499999999999 -31.391051505057536
7.8125 -89.17225271261441
7.8175 83.30597501290612
7.8225 13.076199847829029
7.8275 -72.62365408076664
7.8325 -14.96610228811056
7.8374999999999995 87.6339103325702
7.842499999999999 67.96890474242028
7.847499999999999 11.811529776060915
7.8525 -198.56002852863534
7.8575 340.0122372184914
7.8625 -161.31850485754174
7.8675 -77.03030560831404
7.8725 34.634680923385936
7.8774999999999995 -113.44923268282814
7.882499999999999 153.49129646483175
7.887499999999999 -151.46145050278167
7.8925 -156.32536259210696
7.8975 139.7594469155994
7.9025 -56.30099469549017
7.9075 122.71793753725541
7.9125 -82.69490824061928
7.9174999999999995 14.481284513824574
7.922499999999999 -148.08072426144898
7.927499999999999 -21.393592030153005
7.932499999999999 91.39096978209928
7.9375 198.23854670806824
7.9425 -233.78500416580658
7.9475 396.4638568063791
7.9525 81.54662385697083
7.9575 -138.30686551363542
7.9624999999999995 -5.206062542988156
7.967499999999999 -26.29175792963407
7.972499999999999 -256.8121686368461
7.9775 153.77685348385884
7.9825 15.976125062887071
7.9875 133.42374208939384
7.9925 1.4762237128527063
7.9975 54.374647037027536
8.0025 -102.9200274058165
8.0075 227.71328913507932
8.0125 -77.36844141931735
8.0175 27.432837799519945
8.022499999999999 -78.5573025108298
8.0275 32.03073421862465
8.032499999999999 -66.50790351238352
8.0375 4.620093932340134
8.0425 -28.563808033367323
8.0475 -83.60388992049486
8.0525 95.30723566943158
8.0575 23.45918712845467
8.0625 -217.09498089721896
8.067499999999999 -97.73865906009598
8.0725 20.142078827943884
8.077499999999999 -68.09939233987541
8.0825 125.30296370881383
8.0875 19.38382533428712
8.0925 157.14965518112302
8.0975 -211.24023789352955
8.1025 -135.29058092735488
8.1075 -55.66435026769851
8.112499999999999 217.62115804389003
8.1175 -136.11743651898396
8.1225 -226.9704770808228
8.1275 149.3426542178863
8.1325 304.9083400985388
8.1375 -133.2873813500027
8.1425 52.45485254912314
8.147499999999999 20.025158906812184
8.1525 100.20198458298724
8.157499999999999 70.13230382568949
8.1625 188.54764474135953
8.1675 -199.049500840935
8.1725 171.6231565055129
8.1775 13.603961501981136
8.1825 -126.20437243836678
8.1875 156.3466519092219
8.192499999999999 -219.87788092355672
8.1975 216.3878219225394
8.202499999999999 141.96213094183622
8.2075 -234.79275158165592
8.2125 248.95087249360125
8.2175 -130.84228817345394
8.2225 48.78222770605818
8.2275 -139.8469021755179
8.2325 125.90627541784981
8.237499999999999 16.943429460709883
8.2425 150.3839058070762
8.2475 40.97911835398686
8.2525 -149.42450055751613
8.2575 105.1019068721838
8.2625 -52.20526125441116
8.2675 5.22044577995413
8.272499999999999 -13.323706317949128
8.2775 -98.54754863238169
8.282499999999999 57.12790186823765
8.2875 -104.21313683248505
8.2925 -157.4415785207386
8.2975 360.98550695211577
8.3025 -235.00295990295842
8.3075 145.92288396477937
8.3125 -69.28985349873433
8.317499999999999 4.782068644554129
8.3225 -95.86870509101982
8.327499999999999 154.78095732529832
8.3325 -58.632116232894454
8.3375 78.90243572161518
8.3425 -229.33622691782924
8.3475 -151.78924877341723
8.3525 135.17584478234832
8.3575 -66.11787867527816
8.362499999999999 -13.104953426481375
8.3675 -80.41000917502365
8.3725 60.8297463622034
8.3775 152.84691434294135
8.3825 -127.18249597577513
8.3875 140.59070585045887
8.3925 78.37205629280788
8.397499999999999 -71.78253157285695
8.4025 86.60475069969631
8.407499999999999 -366.0028044447646
8.4125 81.46567992374412
8.4175 -132.72300443761785
8.4225 72.79057294844739
8.4275 107.06703695246304
8.4325 1.2542391064154677
8.4375 -58.075544649033986
8.442499999999999 96.41094475586372
8.4475 146.13584003331286
8.452499999999999 -208.24350755133514
8.4575 104.51234061011148
8.4625 -37.170328963999
8.4675 -151.42210121500057
8.4725 -87.84036796969151
8.4775 2.0910640979173807
8.4825 50.26800066952079
8.487499999999999 -1.6122419049313572
8.4925 226.3100410266472
8.4975 -150.92727446680766
8.5025 7.5065543043503435
8.5075 13.236612750885795
8.5125 -66.76935757613346
8.5175 -86.81715092246594
8.522499999999999 170.00018714248642
8.5275 95.0905743791567
8.532499999999999 -100.62075273515507
8.5375 -211.53125290544017
8.5425 287.3110818025392
8.5475 -210.9868590709804
8.5525 -267.0776904470622
8.5575 271.99459239829713
8.5625 217.42512768775578
8.567499999999999 -88.34074034603542
8.5725 42.247286599308055
8.577499999999999 -108.89710371638044
8.5825 -28.885045501544457
8.5875 24.854466480431086
8.5925 138.0728775401372
8.5975 51.73864569362044
8.6025 185.34376449606438
8.6075 36.491389861297684
8.612499999999999 -230.93511737264333
8.6175 179.74234636528504
8.6225 -96.78699381558721
8.6275 37.3548054867957
8.6325 -224.2255602321353
8.6375 112.35732146138636
8.6425 234.18096425272526
8.647499999999999 -129.4817519614396
8.6525 49.409197779290125
8.657499999999999 -8.563962823581583
8.6625 197.2031041791698
8.6675 3.102912179783794
8.6725 -141.11447012007912
8.6775 38.611216177211304
8.6825 -80.17227170160461
8.6875 -25.681839972147937
8.692499999999999 -0.9909603441538639
8.6975 156.07146213576024
8.702499999999999 -292.70982393562866
8.7075 346.8251059442016
8.7125 -189.70265401332014
8.7175 -122.8619667573058
8.7225 57.2997560752246
8.7275 83.60720019140233
8.7325 -91.55447666406506
8.737499999999999 -227.0418166624362
8.7425 -69.45300194456102
8.747499999999999 209.4691320323152
8.7525 185.9126590985978
8.7575 -63.383143044589424
8.7625 116.7137793713621
8.7675 -141.7370685496057
8.772499999999999 -20.613198558577206
8.7775 115.90666493135708
8.782499999999999 -459.0774879229207
8.7875 -41.22234635455351
8.7925 443.07151680118847
8.7975 -124.62688413436413
8.8025 233.2765144083304
8.8075 -7.445561539810955
8.8125 37.868409135501246
8.817499999999999 -175.11363996518506
8.8225 18.977082490893274
8.827499999999999 67.42060048021362
8.8325 -309.61274449560483
8.8375 17.03694656294092
8.8425 318.55536969614064
8.8475 -211.002773342782
8.8525 103.86197762793545
8.8575 -50.0622402327971
8.862499999999999 247.26733732479548
8.8675 -268.96348363543893
8.872499999999999 141.08710727019252
8.8775 206.94912162357056
8.8825 -211.9406056613162
8.8875 160.520950055097
8.8925 406.1404255875706
8.897499999999999 -204.7010700299289
8.9025 -39.69299487925011
8.907499999999999 -68.25736254143524
8.9125 194.4684886851165
8.9175 -134.8909575283536
8.9225 69.67247947179168
8.9275 3.6700672354158606
8.9325 -13.081328221575797
8.9375 -194.85368818754574
8.942499999999999 -79.62831206305161
8.9475 77.33780855103984
8.952499999999999 103.72415704091547
8.9575 66.47309731055665
8.9625 -64.4348233621957
8.9675 83.77804146101815
8.9725 -143.28340865936457
8.9775 141.1940983523691
8.9825 -82.89725965227898
8.987499999999999 117.41899740086087
8.9925 -109.2302658969922
8.997499999999999 49.53946326213334
9.0025 -191.64010345484363
9.0075 76.79101579982074
9.0125 317.3374113930913
9.0175 -365.94407302540475
9.022499999999999 160.31714876333325
9.0275 239.00994724031398
9.032499999999999 131.47646354995538
9.0375 -120.91683962420903
9.0425 52.15985434324506
9.0475 -73.67996551434811
9.0525 -82.52360326727576
9.0575 254.8639158458753
9.0625 128.4937885361885
9.067499999999999 -372.99171229044583
9.0725 174.25810395587771
9.077499999999999 -86.8220851104079
9.0825 -6.227948974997921
9.0875 -236.95329146563475
9.0925 173.4837176779327
9.0975 1.835128819083355
9.1025 101.3036284509159
9.1075 -23.299384218177618
9.112499999999999 -325.6870047991782
9.1175 148.72691382783538
9.122499999999999 99.50293377852601
9.1275 -152.88418480967275
9.1325 98.1629836467907
9.1375 142.2035395237187
9.1425 33.22187224807815
9.147499999999999 -46.001548562670536
9.1525 -106.04290601808798
9.157499999999999 -14.964536334042029
9.1625 -9.787809302094354
9.1675 -38.49649497937992
9.1725 157.83693634546606
9.1775 -214.42687971589518
9.1825 -15.951171841559283
9.1875 212.52783886466432
9.192499999999999 101.20129226449828
9.1975 179.985757305295
9.202499999999999 2.5788252197723756
9.2075 -25.786923556275234
9.2125 39.070881161736814
9.2175 -139.56121564446073
9.2225 159.07185648085587
9.2275 -46.636973894126044
9.2325 8.812940730017312
9.237499999999999 -94.29265331951994
9.2425 35.8251969529754
9.247499999999999 -164.86363637391653
9.2525 40.131528024506004
9.2575 -64.67167722934501
9.2625 -147.73293751792446
9.2675 229.87787800526849
9.272499999999999 -64.69636814522453
9.2775 -45.8086650906326
9.282499999999999 7.264743271318257
9.2875 -212.5892316460403
9.2925 236.28357248784843
9.2975 45.224534147792106
9.3025 -137.3426204551058
9.3075 193.88061723122036
9.3125 -312.52170856972475
9.317499999999999 123.40072588091773
9.3225 73.1979393707191
9.327499999999999 11.579566032498906
9.3325 -20.16273762509933
9.3375 150.91430727628486
9.3425 -48.171832606778736
9.3475 -65.69934046699916
9.3525 54.88235274834555
9.3575 141.45124413445555
9.362499999999999 -294.38933320718934
9.3675 159.83018537653498
9.372499999999999 152.26756716230352
9.3775 -32.22582657475241
9.3825 -119.28467474256641
9.3875 60.32087060163828
9.3925 -64.20063646585119
9.397499999999999 116.33177637682839
9.4025 151.44738273962025
9.407499999999999 -217.1048521021693
9.4125 95.72557840895702
9.4175 -182.05190081072504
9.4225 208.38992687198433
9.4275 -321.3132009699721
9.4325 -26.638521472197606
9.4375 161.3835475951751
9.442499999999999 129.21686133857202
9.4475 -167.26872924844108
9.452499999999999 89.83386424389712
9.4575 -223.07285171490767
9.4625 65.54939580060062
9.4675 -135.64548323352966
9.4725 63.649517940456036
9.4775 62.035320788755115
9.4825 -63.648514740336836
9.487499999999999 -49.27918020161801
9.4925 368.01670973587557
9.497499999999999 -103.61467611709992
9.5025 -46.06505018280706
9.5075 19.211345706239506
9.5125 -61.37609883173326
9.5175 -236.91607358335344
9.522499999999999 291.68172944627065
9.5275 -210.3613295846982
9.532499999999999 302.86621204059094
9.5375 -276.26571662613793
9.5425 39.73549007246797
9.5475 -35.55684000000028
9.5525 17.28482277724188
9.5575 -59.94038498182578
9.5625 77.23597610704174
9.567499999999999 91.8358695604568
9.5725 -56.758511847015214
9.577499999999999 139.89426337946603
9.5825 -217.2904167546467
9.5875 -6.917326954569081
9.5925 216.16652946694515
9.5975 -39.91019428427936
9.6025 102.99349260321236
9.6075 -131.10375891553747
9.612499999999999 75.51843934264316
9.6175 21.64537183803162
9.622499999999999 84.25576814736823
9.6275 -8.119960714585673
9.6325 -68.3800886279997
9.6375 14.180593436755949
9.6425 3.1722520390714704
9.647499999999999 -75.30693238115488
9.6525 74.96179670316042
9.657499999999999 30.060991049444752
9.6625 27.478529985851107
9.6675 87.25038787441159
9.6725 -53.93925292191899
9.6775 29.125592731383374
9.6825 161.39593337964774
9.6875 -148.0622411150767
9.692499999999999 108.21843225652307
9.6975 162.36592131147248
9.702499999999999 -182.83749216555222
9.7075 145.94321797852794
9.7125 -184.5283949141945
9.7175 128.0226108096931
9.7225 -75.7369638034437
9.7275 -53.75852847316462
9.7325 18.84347311730648
9.737499999999999 -189.99217409388837
9.7425 182.05432841290224
9.747499999999999 125.49310486970488
9.7525 -60.27784813293806
9.7575 81.96006757450814
9.7625 -134.17052088955717
9.7675 212.57445141868092
9.772499999999999 -153.57342307941616
9.7775 15.968113409889028
9.782499999999999 -185.31354506624106
9.7875 -132.77825176296463
9.7925 180.80873388086115
9.7975 23.65693229360695
9.8025 -62.93636160808596
9.8075 -34.28067339171409
9.8125 13.042128150601494
9.817499999999999 84.321950669817
9.8225 188.37396269428137
9.827499999999999 -54.90350890196093
9.8325 100.67565794083896
9.8375 -119.97394730651645
9.8425 -72.27866587608455
9.8475 217.6263151030547
9.8525 34.42310254441803
9.8575 150.58378724635426
9.862499999999999 -317.62512666085337
9.8675 19.03557593971074
9.872499999999999 190.66606035233775
9.8775 14.384246218979483
9.8825 26.84204056458364
9.8875 80.17122122975891
9.8925 -171.8044327867043
9.897499999999999 -274.5137447446103
9.9025 234.77825755055295
9.907499999999999 214.88935148385363
9.9125 -294.1244127845477
9.9175 166.3672920966392
9.9225 31.667469159147764
9.9275 -128.01160057653817
9.9325 64.68575471331033
9.9375 114.64099363323706
9.942499999999999 -138.83824287918247
9.9475 16.65080661796817
9.952499999999999 -56.441446922880516
9.9575 -30.381704811368696
9.9625 -118.63793291609343
9.9675 66.57785250915177
9.9725 60.184125503964346
9.9775 -57.57974101761904
9.9825 -71.52657211537368
9.987499999999999 -79.69366915602139
9.9925 41.659833452492045
9.997499999999999 9.382567278448596
10.0025 118.1189771259991
