0.0075 20.258423988041926
0.012499999999999999 34.28359561997315
0.017499999999999998 -371.52847675584144
0.0225 -121.85637732702243
0.0275 -17.97853592283178
0.0325 230.01537813472154
0.0375 94.84280638487122
0.042499999999999996 -276.1887784042738
0.0475 -66.28863007269022
0.0525 183.08458888158376
0.057499999999999996 88.06006826945652
0.0625 -104.31179624819431
0.06749999999999999 -23.31704482992962
0.0725 117.96167155767668
0.0775 14.087593996115801
0.08249999999999999 -55.48984187827397
0.0875 -227.8658181783458
0.0925 208.66460738059007
0.09749999999999999 166.7536175675128
0.1025 -51.20028895536586
0.1075 78.81072528259722
0.11249999999999999 -144.6463118131082
0.1175 -114.63743374656019
0.1225 -96.07411294711399
0.1275 -15.612458703624835
0.1325 242.60761656009768
0.13749999999999998 -40.17980168462237
0.1425 -107.90610568971945
0.1475 185.41535803573527
0.1525 -57.57915849310072
0.1575 5.533326054273696
0.1625 -239.91061357019842
0.16749999999999998 185.08259455611525
0.1725 -86.95695578708262
0.1775 335.27190967291557
0.1825 -47.49229736056483
0.1875 -245.0173321949826
0.1925 47.6509632493007
0.19749999999999998 30.827941751270206
0.20249999999999999 20.617926751006753
0.2075 283.1076022475044
0.2125 72.59321806287977
0.2175 -92.66072691008563
0.2225 110.48547636008131
0.22749999999999998 -43.76702359099275
0.23249999999999998 -46.741757217876966
0.2375 -4.46973549852622
0.2425 -26.064523891723187
0.2475 -124.48811862270409
0.2525 -1.9156079959064705
0.2575 -129.4761483045304
0.2625 282.5913939414721
0.2675 -84.88105867622434
0.27249999999999996 -169.1546931018958
0.27749999999999997 77.32113390183939
0.2825 29.53901723758577
0.2875 -20.75401142614682
0.2925 143.54175005920848
0.2975 -69.400338149007
0.3025 -105.93109335139307
0.3075 -127.94707552516776
0.3125 148.83889406737282
0.3175 -128.5742577125907
0.3225 205.2600190822775
0.32749999999999996 -145.0448120069393
0.33249999999999996 -27.182599109138184
0.33749999999999997 -315.08034586742383
0.34249999999999997 328.46662508220925
0.3475 21.996502669676474
0.3525 15.417871039792086
0.3575 -52.6031332639074
0.3625 154.52230380705424
0.3675 -50.29304366436396
0.3725 255.67333807215923
0.3775 -96.24720602203406
0.3825 -222.760230925194
0.38749999999999996 -8.079555066553128
0.39249999999999996 81.95081297445792
0.39749999999999996 57.71844540828547
0.40249999999999997 51.51005199321853
0.4075 -60.30603352978104
0.4125 -50.273619688918714
0.4175 86.93879160150374
0.4225 66.06878555632888
0.4275 -100.07956785154873
0.4325 -291.36261101465163
0.4375 369.5443795614514
0.4425 -63.69738206030863
0.44749999999999995 -11.625171932303552
0.45249999999999996 -156.2844774502084
0.45749999999999996 -85.60674106212882
0.46249999999999997 94.48697088152363
0.46749999999999997 175.5303488201512
0.4725 -241.02969488259131
0.4775 150.4554539500995
0.4825 -131.94442429894372
0.4875 -142.29782112358777
0.4925 122.25117920729768
0.4975 -63.143855078278925
0.5025 27.92660963489076
0.5075 -70.43773312850469
0.5125 164.36807716068387
0.5175 0.5287312015390725
0.5225 -68.6371626060771
0.5275 141.10207500544408
0.5325 -86.26911999413227
0.5375 66.03532020041158
0.5425 18.641183813524062
0.5475 22.228452958724823
0.5525 150.0612497265584
0.5575 -54.144216285620374
0.5625 -4.277244501889063
0.5675 -389.6536212178128
0.5725 300.5880769438997
0.5775 53.178241943779305
0.5825 -255.88540962977964
0.5875 -42.92366164672046
0.5925 172.55923008225892
0.5974999999999999 -299.64799106011867
0.6024999999999999 360.20102656510153
0.6074999999999999 -281.49393222325335
0.6124999999999999 -92.61632681761206
0.6174999999999999 379.5593740836124
0.6224999999999999 101.39548406051775
0.6275 155.3614131381245
0.6325 -365.0339339283927
0.6375 52.58118023464646
0.6425 55.438066532943566
0.6475 -134.82611900984205
0.6525 15.213200846324902
0.6575 117.62719076893345
0.6625 94.49297409472378
0.6675 -198.1616961708158
0.6725 206.33536829083863
0.6775 -52.44563413480648
0.6825 -2.489267404252567
0.6875 -155.37616500902726
0.6925 224.70923058970573
0.6975 -39.14718453780147
0.7025 154.21985265590453
0.7075 -180.91462702208884
0.7125 -74.26429445071949
0.7174999999999999 57.873719575317224
0.7224999999999999 -271.72220567044656
0.7274999999999999 153.67586975979367
0.7324999999999999 86.39857254802267
0.7374999999999999 -148.40926466858403
0.7424999999999999 85.8423641373428
0.7474999999999999 91.20761127510958
0.7525 -73.62239822293346
0.7575 1.6828558310020967
0.7625 62.96158819618285
0.7675 -51.95797084601662
0.7725 53.40698946644503
0.7775 -284.84871763590064
0.7825 260.28716568812
0.7875 188.69591795582812
0.7925 92.21507683699046
0.7975 -166.716450476843
0.8025 -205.13380745427057
0.8075 83.04440768781008
0.8125 26.554188712125455
0.8175 -230.6430663960766
0.8225 262.9196343828388
0.8275 -148.28399255380523
0.8325 24.823153748011936
0.8374999999999999 164.20722736423835
0.8424999999999999 -201.89348212237883
0.8474999999999999 -7.30352793007112
0.8524999999999999 117.45591145456463
0.8574999999999999 -353.6725328349832
0.8624999999999999 283.735516571006
0.8674999999999999 98.10627005907136
0.8724999999999999 -150.78854823311661
0.8775 9.20320657130431
0.8825 89.79487796892802
0.8875 -234.10814286943392
0.8925 1.778598742377436
0.8975 83.38471376285666
0.9025 246.18291542351162
0.9075 -45.790956804176616
0.9125 -81.72393033291615
0.9175 -159.26187145222508
0.9225 112.81887930929915
0.9275 163.40771121279352
0.9325 -82.92454237954985
0.9375 -18.710910958849357
0.9425 70.00402855819289
0.9475 -61.151632278726204
0.9524999999999999 -223.5125267996749
0.9574999999999999 86.36117044746135
0.9624999999999999 147.9134538000224
0.9674999999999999 -135.01467694620084
0.9724999999999999 101.02009375384998
0.9774999999999999 6.049211715147014
0.9824999999999999 172.6714142777493
0.9874999999999999 136.46899394753154
0.9924999999999999 -112.86631499006621
0.9974999999999999 7.6178872140102705
1.0025 -153.08220556208232
1.0075 -96.27797731719058
1.0125 166.9276019957392
1.0174999999999998 76.68497344178624
1.0225 208.8019544772862
1.0274999999999999 -258.8334373957784
1.0325 -84.94394579681253
1.0374999999999999 -1.4282309033730733
1.0425 232.5727094563998
1.0474999999999999 -251.83874509610456
1.0525 -78.62220919010494
1.0574999999999999 34.716142509979505
1.0625 -207.99578765117917
1.0675 278.28192071466265
1.0725 48.929251525834765
1.0775 50.530761038252805
1.0825 97.49994032827075
1.0875 -64.62003536825135
1.0925 53.56599905385763
1.0975 3.4679446491768604
1.1025 88.29469077624103
1.1075 -192.43295314148804
1.1125 -132.08689319016233
1.1175 -69.90240849155475
1.1225 176.64769269099455
1.1275 33.78373694946151
1.1324999999999998 -244.63938549782222
1.1375 134.90558867049066
1.1424999999999998 -0.22784643210745648
1.1475 -171.15512756286486
1.1524999999999999 205.54585558675228
1.1575 21.485069301462254
1.1624999999999999 26.242046626770826
1.1675 144.71609527659336
1.1724999999999999 -97.9323645815364
1.1775 94.0327157093998
1.1824999999999999 -130.49728259961972
1.1875 155.05110738006047
1.1925 150.9098736028305
1.1975 -434.0558132534208
1.2025 79.64321742725694
1.2075 251.89615251236907
1.2125 -126.59769320367066
1.2175 45.473497916091645
1.2225 -148.22465953017658
1.2275 -212.2015888828801
1.2325 232.8778730901383
1.2375 -25.35124544895037
1.2425 6.262035409687859
1.2475 -240.28886133266215
1.2525 -145.11133006982664
1.2574999999999998 91.30520880401902
1.2625 -64.74234577942539
1.2674999999999998 108.69388253127008
1.2725 -71.85577912951344
1.2774999999999999 258.1244025526703
1.2825 261.77480435510967
1.2874999999999999 -103.66176704651437
1.2925 114.53667424245869
1.2974999999999999 42.498889820806816
1.3025 18.174019940181314
1.3074999999999999 -333.66917221407664
1.3125 52.19766198719138
1.3175 -62.903133630580925
1.3225 235.96314821179305
1.3275 -240.34708299372434
1.3325 -12.37728490434932
1.3375 -148.44207183890373
1.3425 -9.239895220784007
1.3475 368.43896040304264
1.3525 -21.029738557752065
1.3575 -144.3977216131636
1.3625 316.5440224732244
1.3675 -10.81630078184585
1.3724999999999998 -122.28907764453916
1.3775 139.800746285459
1.3824999999999998 50.99208650796378
1.3875 -78.45626588980139
1.3924999999999998 -166.9258317896527
1.3975 -204.5153005004072
1.4024999999999999 -64.34310581761551
1.4075 394.87362540023287
1.4124999999999999 -221.09565112658362
1.4175 -178.92330189189778
1.4224999999999999 100.24972553976119
1.4275 309.8881139065616
1.4324999999999999 -13.733746602763084
1.4375 52.84454963137662
1.4425 -76.84812138337708
1.4475 -15.028935294578979
1.4525 -104.26662214287957
1.4575 38.80566516333214
1.4625 100.83456278700092
1.4675 -124.46378365108248
1.4725 -191.60187553004988
1.4775 265.2214236330225
1.4825 -244.74385647392813
1.4874999999999998 144.05342685872134
1.4925 -141.6540916607466
1.4974999999999998 136.4774287762357
1.5025 -1.1558744399542373
1.5074999999999998 -156.59151089948912
1.5125 -4.011044350219505
1.5174999999999998 148.23783324254973
1.5225 144.9587868072117
1.5274999999999999 -276.7612972382976
1.5325 164.1663781449044
1.5374999999999999 -233.1577176318865
1.5425 152.41947437841057
1.5474999999999999 -280.65951420806056
1.5525 435.2054321669235
1.5574999999999999 -194.44797505854496
1.5625 73.66330231299793
1.5675 -191.5882639045082
1.5725 372.6745605205506
1.5775 -165.0735739601397
1.5825 -325.4671814679191
1.5875 -38.28876498607386
1.5925 125.98623194109562
1.5975 166.91572939076093
1.6025 -224.87715449968846
1.6075 62.26256693243868
1.6124999999999998 254.6285204118216
1.6175 174.43491929273003
1.6224999999999998 -39.00890134907385
1.6275 -227.90179180595405
1.6324999999999998 217.45428549394828
1.6375 -484.94984642381667
1.6424999999999998 226.8397207878478
1.6475 219.62145013044554
1.6524999999999999 -73.20784235332276
1.6575 -311.67867795518754
1.6624999999999999 -63.1204285659468
1.6675 65.36568885789272
1.6724999999999999 248.71837007605083
1.6775 -153.3483428163677
1.6824999999999999 42.98457289467095
1.6875 -137.7522055891836
1.6925 157.33433716487016
1.6975 15.27665035900508
1.7025 91.0774294799993
1.7075 -42.37026914403519
1.7125 -177.6826030922327
1.7175 177.34140925778104
1.7225 -98.05513948594508
1.7274999999999998 185.65168640379275
1.7325 -170.25257220610328
1.7374999999999998 -0.157181878905833
1.7425 57.121565548911896
1.7474999999999998 31.753402808969405
1.7525 -63.79281502442783
1.7574999999999998 8.822722135752185
1.7625 -39.39075715813624
1.7674999999999998 108.69500678911615
1.7725 -105.63172154037835
1.7774999999999999 126.62218976104074
1.7825 44.657010918768975
1.7874999999999999 142.49571129484335
1.7925 -124.10981191039076
1.7974999999999999 152.947727533513
1.8025 -55.51534031169434
1.8074999999999999 21.22451701908912
1.8125 -2.150248135012072
1.8175 -118.68992352541844
1.8225 -171.63444023702144
1.8275 -78.73604213920146
1.8325 179.38198929004665
1.8375 18.724653313577594
1.8425 164.38172931424714
1.8475 -207.6207373917187
1.8524999999999998 169.31378769288617
1.8575 -150.30958228407994
1.8624999999999998 137.68039940898382
1.8675 44.00390764033347
1.8724999999999998 -217.71056864926643
1.8775 207.32467414101313
1.8824999999999998 -8.04619524139338
1.8875 62.92329895301876
1.8924999999999998 -292.1159771973395
1.8975 283.33501352971757
1.9024999999999999 -280.9942521128889
1.9075 23.252119991995457
1.9124999999999999 -102.4704555887087
1.9175 63.82142938669427
1.9224999999999999 -29.58240064253034
1.9275 -19.53531039446784
1.9324999999999999 39.51427814657898
1.9375 56.462517020242224
1.9425 -150.10840381652605
1.9475 283.6247566459891
1.9525 -194.18727329619603
1.9575 -74.59288485995911
1.9625 394.07298959639894
1.9674999999999998 -159.33409449207568
1.9725 -55.50996455911441
1.9774999999999998 -0.45549469797940634
1.9825 -81.16095367683616
1.9874999999999998 255.26735019475223
1.9925 -65.86225238971275
1.9974999999999998 -166.42998289317467
2.0025 416.4648399587975
2.0075 -189.96210572305463
2.0124999999999997 -13.995288532053381
2.0175 33.93193371334389
2.0225 14.780343153763255
2.0275 -101.19121411416
2.0324999999999998 -79.74259266256857
2.0375 109.22777510136571
2.0425 -22.649214714539784
2.0475 -4.113223914090966
2.0524999999999998 -11.535149327484028
2.0575 -240.75672589339138
2.0625 214.63683500023166
2.0675 18.65119745868022
2.0725 -20.98349328893127
2.0775 -239.8885354369877
2.0825 422.90786114402835
2.0875 13.821742806502392
2.0925 -204.379268064308
2.0974999999999997 157.87900061594118
2.1025 33.94554797057526
2.1075 -14.272269137469676
2.1125 28.090060725034622
2.1174999999999997 -263.5611569106853
2.1225 17.624011527299995
2.1275 118.17487842623997
2.1325 -141.2899129114969
2.1374999999999997 151.3099909699912
2.1425 -15.62652034810769
2.1475 163.61178190734373
2.1525 172.66116674116972
2.1574999999999998 -214.4700725207122
2.1625 -53.81213915067793
2.1675 -6.349748838367337
2.1725 223.9949389463928
2.1774999999999998 -176.38591588339722
2.1825 110.40484961125743
2.1875 -22.066749738201004
2.1925 10.735811966459154
2.1975 230.8822380417017
2.2024999999999997 -77.10016565396991
2.2075 -3.2822331484133898
2.2125 -130.14232423845402
2.2175 -317.0414881482786
2.2224999999999997 246.81143428726074
2.2275 -71.245017501649
2.2325 -342.16099939457825
2.2375 -26.738563026672864
2.2424999999999997 251.49972859013826
2.2475 -62.04110287422697
2.2525 256.554400155853
2.2575 75.1558059215939
2.2624999999999997 -47.214248025955456
2.2675 -5.552981092075884
2.2725 -153.7990652082187
2.2775 143.96058426678817
2.2824999999999998 -49.31108036007757
2.2875 325.41862179247494
2.2925 -165.89714191339283
2.2975 -226.62480897910294
2.3024999999999998 51.201289523795346
2.3075 -6.274554686621251
2.3125 274.88856131002416
2.3175 -148.09956406756984
2.3225 169.54369388274097
2.3274999999999997 -185.19991219135508
2.3325 301.5976501602807
2.3375 -66.62713346495443
2.3425 -160.87793170865945
2.3474999999999997 -112.24563121760735
2.3525 128.01326447058423
2.3575 -358.04555765936163
2.3625 93.15196362230633
2.3674999999999997 263.759312866668
2.3725 -70.72545179484723
2.3775 111.11960028036681
2.3825 -129.17380344074903
2.3874999999999997 -303.81801700315145
2.3925 -261.78121689474875
2.3975 314.79979810528783
2.4025 72.82600759777809
2.4074999999999998 -12.337805660440486
2.4125 -23.108045342401372
2.4175 112.50579032759316
2.4225 266.38595547478246
2.4274999999999998 -352.67901822213645
2.4325 176.08710123399123
2.4375 115.54768163104579
2.4425 -108.19533310171936
2.4475 -65.17556557809971
2.4524999999999997 45.26518628029453
2.4575 94.13056624237916
2.4625 -17.29926052308107
2.4675 -71.72785381095665
2.4724999999999997 202.4285317806497
2.4775 -102.26119421515773
2.4825 139.95943655022086
2.4875 -227.82322812093778
2.4924999999999997 -132.4557066575125
2.4975 72.70140653098038
2.5025 91.32490736338985
2.5075 262.5003481167584
2.5124999999999997 140.67372939424223
2.5175 -314.30864952177643
2.5225 237.74238260592494
2.5275 -225.68580800940674
2.5324999999999998 -71.8176725461756
2.5375 182.30434533819334
2.5425 -124.28273701771482
2.5475 217.72402371394216
2.5524999999999998 -156.6331571507252
2.5574999999999997 -18.75766075548456
2.5625 -270.40237263543503
2.5675 192.0150555358298
2.5725 15.624388514958287
2.5774999999999997 186.33573433994474
2.5825 -35.50872790918433
2.5875 151.74115447940298
2.5925 51.44090293143516
2.5974999999999997 -76.62878920200494
2.6025 -63.93909808934201
2.6075 52.30273986384162
2.6125 -255.742996530383
2.6174999999999997 -96.4056842712933
2.6225 82.61620242791032
2.6275 61.16333079742987
2.6325 67.37164239984281
2.6374999999999997 -65.17918308027728
2.6425 277.81800092523105
2.6475 -212.41497470634397
2.6525 -198.81184564071572
2.6574999999999998 207.69481550964906
2.6625 7.703903860746284
2.6675 15.166214921330061
2.6725 70.68034419521
2.6774999999999998 -152.93221536745173
2.6824999999999997 135.80220614574927
2.6875 -216.77056842698568
2.6925 172.3629731376402
2.6975 -73.38853199798066
2.7024999999999997 33.91520044325505
2.7075 78.78179702554007
2.7125 77.12968985716293
2.7175 -119.90509516512512
2.7224999999999997 51.21403575107049
2.7275 -78.10987920520496
2.7325 11.33907334442933
2.7375 8.37437869271477
2.7424999999999997 85.99981852771859
2.7475 73.03848279080849
2.7525 -300.23386302196195
2.7575 49.09062831814562
2.7624999999999997 -42.802806296789605
2.7675 -15.772507545305713
2.7725 118.65627842509365
2.7775 118.09610484752086
2.7824999999999998 -34.9595093321786
2.7875 -141.92063630059977
2.7925 -165.5588209630181
2.7975 -78.22502273577935
2.8024999999999998 142.11438313956873
2.8074999999999997 106.34478050022898
2.8125 -135.25962172955275
2.8175 336.1677100085177
2.8225 -113.97548904335963
2.8274999999999997 163.81482992727084
2.8325 241.0805414963974
2.8375 -110.18978580598349
2.8425 95.97945183291597
2.8474999999999997 33.22684971909188
2.8525 -254.26832335976593
2.8575 12.159221844547998
2.8625 84.21639418749605
2.8674999999999997 -162.63748195192164
2.8725 -134.6755761603714
2.8775 -2.764685114939626
2.8825 -120.6137698943919
2.8874999999999997 222.92758662047123
2.8925 86.23532215711565
2.8975 3.6364066081217405
2.9025 166.93756624736903
2.9074999999999998 -190.94028164753635
2.9125 46.49657795097145
2.9175 85.11272921665604
2.9225 101.11607568844362
2.9274999999999998 -61.47437770510978
2.9324999999999997 -36.99382732456061
2.9375 230.91542601752312
2.9425 -238.65672842604957
2.9475 199.08747638668515
2.9524999999999997 9.764805998364448
2.9575 -132.21601573016252
2.9625 -34.45839271398341
2.9675 -176.9531050194111
2.9724999999999997 129.72633936132831
2.9775 -4.165613750745691
2.9825 -38.13045121742179
2.9875 -66.26129865915962
2.9924999999999997 40.75920238724975
2.9975 23.52044049606804
3.0025 -200.1295652479577
3.0075 28.786086599545683
3.0124999999999997 -129.12219840686328
3.0175 -165.29966005499705
3.0225 167.60382387881023
3.0275 -19.5748907446059
3.0324999999999998 162.21452388655928
3.0374999999999996 41.48982208622772
3.0425 -225.461118025943
3.0475 244.65742915201218
3.0524999999999998 149.60273805949026
3.0574999999999997 -90.83606642634885
3.0625 -51.44529242539844
3.0675 -33.54622853173601
3.0725 104.94886490436794
3.0774999999999997 -71.85884478486193
3.0825 -53.37879091115349
3.0875 117.3146356398781
3.0925 -216.25098405780304
3.0974999999999997 117.57538029876939
3.1025 -57.515602396987106
3.1075 -22.709258458871982
3.1125 5.45067468076018
3.1174999999999997 178.1952536169399
3.1225 -69.66800573086141
3.1275 -68.35207086979155
3.1325 176.38487741863585
3.1374999999999997 -122.79643426221654
3.1425 -96.2224955082902
3.1475 -228.30674042909277
3.1525 -18.31196258825986
3.1574999999999998 -0.6445297596833984
3.1624999999999996 214.01145979675897
3.1675 184.26896294213287
3.1725 -121.08183788473607
3.1774999999999998 -25.526247025251454
3.1824999999999997 55.39767430652857
3.1875 76.34073447916589
3.1925 -57.45797812949013
3.1975 -120.85237401613004
3.2024999999999997 48.45026820764597
3.2075 170.38032758329675
3.2125 22.153605334721902
3.2175 -141.43304883736982
3.2224999999999997 131.04563163344767
3.2275 14.850491895780825
3.2325 222.70148713689244
3.2375 -105.23052465409673
3.2424999999999997 -101.81365083868967
3.2475 31.83368381955701
3.2525 -27.27650832491266
3.2575 -273.2112967669896
3.2624999999999997 -2.6410498453710303
3.2675 237.9659706680091
3.2725 -99.90082927585296
3.2775 21.70789701904373
3.2824999999999998 2.6739463122123457
3.2874999999999996 218.22016536122888
3.2925 47.524516874571255
3.2975 90.66967968632841
3.3024999999999998 -2.265463247546679
3.3074999999999997 -141.51842884546775
3.3125 -76.4996638000422
3.3175 86.48152367099468
3.3225 -68.12708692658661
3.3274999999999997 156.61132331233625
3.3325 204.25259299574236
3.3375 -224.8514513125843
3.3425 -126.05916501083121
3.3474999999999997 -59.1214244593404
3.3525 -82.4464363351274
3.3575 114.05707708264399
3.3625 129.09007679171424
3.3674999999999997 -0.7885889809965333
3.3725 -25.223217165533494
3.3775 38.00532305607037
3.3825 -27.55380604893956
3.3874999999999997 -130.09858766074976
3.3924999999999996 145.0467636680316
3.3975 -66.96639149424426
3.4025 -150.11309177699906
3.4074999999999998 186.60571247957623
3.4124999999999996 2.3229748787238873
3.4175 -72.44752508859183
3.4225 17.84586744411019
3.4274999999999998 70.57584552056983
3.4324999999999997 183.32948629452085
3.4375 -204.98616071353854
3.4425 -5.628442952458185
3.4475 222.67143903006945
3.4524999999999997 -43.318453263405814
3.4575 -92.75073254050649
3.4625 -97.79536223619286
3.4675 18.463689500725344
3.4724999999999997 -44.189731777416725
3.4775 -19.402840081981754
3.4825 231.5868519092583
3.4875 -8.630044289145294
3.4924999999999997 -157.29513998875456
3.4975 25.230400362609398
3.5025 -165.33560683114624
3.5075 -109.0598142490386
3.5124999999999997 0.5693152781342666
3.5174999999999996 55.17518704735585
3.5225 -18.144276583027317
3.5275 75.81416994776882
3.5324999999999998 -250.00516213155956
3.5374999999999996 237.5323734706377
3.5425 -19.17409045396426
3.5475 -230.50700724832672
3.5524999999999998 59.79663682623691
3.5574999999999997 82.42140014978136
3.5625 84.16120311451691
3.5675 44.47346819349928
3.5725 11.02099044981692
3.5774999999999997 38.502301605358376
3.5825 108.76886542412433
3.5875 -242.71773277381035
3.5925 15.651567981303991
3.5974999999999997 -117.11682705100371
3.6025 -21.178152436035887
3.6075 162.32977189521532
3.6125 2.2135277721211737
3.6174999999999997 56.93329420356307
3.6225 73.84756283163728
3.6275 -31.222776001328935
3.6325 4.826532358126532
3.6374999999999997 133.91147498637665
3.6424999999999996 -0.67463234248343
3.6475 -38.7847779684056
3.6525 94.39306456060785
3.6574999999999998 -141.68627090990037
3.6624999999999996 239.17506813758172
3.6675 124.42823689176996
3.6725 -112.0330738665137
3.6774999999999998 78.24588677183638
3.6824999999999997 -144.2565713300765
3.6875 50.73783169459699
3.6925 -264.52070961710973
3.6975 207.2588369455991
3.7024999999999997 -225.08364483555448
3.7075 101.96822696647267
3.7125 273.87057028868185
3.7175 -136.0804273790412
3.7224999999999997 -222.25430655529954
3.7275 76.41236788893593
3.7325 -200.64874999505722
3.7375 245.2155110625998
3.7424999999999997 68.90502967001186
3.7474999999999996 44.38290161841576
3.7525 -20.815086365197544
3.7575 -31.139515917984436
3.7624999999999997 198.76586390272368
3.7674999999999996 -114.53774455066561
3.7725 99.69987713361452
3.7775 -150.49050868212376
3.7824999999999998 10.547855634369162
3.7874999999999996 -55.898617496371564
3.7925 70.80133974841041
3.7975 171.63106160797363
3.8024999999999998 14.7288686845835
3.8074999999999997 56.677128553190656
3.8125 -54.196408219208564
3.8175 5.4729706191909315
3.8225 -0.8282638087953458
3.8274999999999997 119.98597202316023
3.8325 -121.20747988350426
3.8375 118.20096149775446
3.8425 157.1080081650521
3.8474999999999997 -288.03712486151903
3.8525 -36.92126782318002
3.8575 -104.5573831638366
3.8625 -15.936529185779696
3.8674999999999997 79.96566099883029
3.8724999999999996 166.51502160401276
3.8775 -211.59888838378035
3.8825 29.385721838050408
3.8874999999999997 -217.5526537131906
3.8924999999999996 159.1447262584538
3.8975 -48.31713049864827
3.9025 57.428713345110715
3.9074999999999998 -154.03080838328654
3.9124999999999996 -26.07469958317352
3.9175 -285.3455015717343
3.9225 299.0508976720209
3.9274999999999998 114.41231147516463
3.9324999999999997 -3.1611271958294616
3.9375 305.17011692258427
3.9425 -154.15185763940516
3.9475 -105.23557197180028
3.9524999999999997 155.4156931201245
3.9575 -182.93372503176013
3.9625 312.86202855160667
3.9675 -112.93501998710637
3.9724999999999997 81.81110683110163
3.9775 -297.1468376292703
3.9825 -59.912376697700616
3.9875 314.7064706574209
3.9924999999999997 -150.57156383713703
3.9974999999999996 -146.93646925792248
4.0024999999999995 56.870428925999526
4.007499999999999 -61.28442181517467
4.0125 2.5633868397114687
4.0175 128.92717651422763
4.0225 -293.10112076706145
4.0275 92.1303624819097
4.0325 261.9901502610729
4.0375 -62.58481233777649
4.0424999999999995 215.51788004373452
4.047499999999999 -79.0860576607453
4.0525 15.668190457255841
4.0575 -1.4190176948676323
4.0625 -315.72643252651835
4.0675 142.15122534814327
4.0725 -121.01695225897865
4.0775 21.912436236603437
4.0825 139.24685113003827
4.0874999999999995 -184.88116607803846
4.0925 96.02940343372224
4.0975 184.27031299895646
4.1025 -252.55467680844762
4.1075 -26.64519639130126
4.1125 -164.3901429907452
4.1175 258.41978051137426
4.1225 -144.18128006897993
4.1274999999999995 96.5796438300519
4.132499999999999 385.912149792801
4.1375 -281.21084859780456
4.1425 -90.50100574477702
4.1475 189.8502393040973
4.1525 66.4456382600749
4.1575 93.5414378276831
4.1625 -22.116576177489264
4.1674999999999995 -112.21235295838072
4.172499999999999 -94.42983035149231
4.1775 245.59372540260415
4.1825 53.817916433316064
4.1875 -153.14991453035776
4.1925 -102.48464539648066
4.1975 64.18952004401626
4.2025 -98.71432741192932
4.2075 59.09517613415989
4.2124999999999995 -45.03227057849047
4.2175 14.183566802035768
4.2225 180.28491848244423
4.2275 130.63555502720362
4.2325 -143.84191507795126
4.2375 136.9049209304631
4.2425 76.58087807359483
4.2475 36.54205304633068
4.2524999999999995 24.953721217249907
4.257499999999999 -42.708643649295624
4.2625 115.67145937371632
4.2675 -176.4634698548623
4.2725 50.245935974375634
4.2775 -79.03729814136344
4.2825 -6.840095529574647
4.2875 12.40084352750512
4.2924999999999995 -152.730182258663
4.297499999999999 -15.340409818941389
4.3025 33.89206769328731
4.3075 2.84232107998737
4.3125 174.8744776620584
4.3175 -322.77675934711226
4.3225 213.30334380811473
4.3275 -11.240144739758389
4.3325 -133.41341086508137
4.3374999999999995 124.67143716090622
4.342499999999999 -94.16861662680553
4.3475 65.33697687638593
4.3525 105.83188179073363
4.3575 152.36091563079205
4.3625 -267.46753711877386
4.3675 45.97099319765511
4.3725 -368.2351089282457
4.3774999999999995 72.04740364231208
4.382499999999999 135.63716985730585
4.3875 -153.36348771368125
4.3925 -12.53598923220309
4.3975 69.10753089060854
4.4025 177.68155383754353
4.4075 39.40994743953483
4.4125 51.953461511482956
4.4174999999999995 129.46558779425155
4.422499999999999 10.411692567771723
4.4275 3.2002821353811695
4.4325 -163.0043561456252
4.4375 -232.74982140113104
4.4425 -53.90372015990611
4.4475 135.42054429221886
4.4525 66.71292885237769
4.4575 -139.4708739143672
4.4624999999999995 5.983375720441428
4.467499999999999 20.528370350020165
4.4725 -45.42502929711162
4.4775 -188.25766359697732
4.4825 -4.026694128980765
4.4875 -10.684943558972602
4.4925 40.10931838904983
4.4975 202.17877945942334
4.5024999999999995 8.331710679722976
4.507499999999999 392.28097667100064
4.5125 -89.6517148667468
4.5175 259.6060773502211
4.5225 -105.10865774843185
4.5275 -154.22753455818133
4.5325 238.52786458114832
4.5375 -21.34952859658619
4.5424999999999995 -19.77508785506524
4.547499999999999 -80.20846727112017
4.5525 45.53990386899716
4.5575 112.77965081607591
4.5625 -121.52260354172101
4.5675 271.11801471387696
4.5725 -291.7807133493217
4.5775 -21.00185291036758
4.5825 62.746312029997014
4.5874999999999995 82.78750371688825
4.592499999999999 22.871335543815874
4.5975 -172.6789069615356
4.6025 219.3334064278072
4.6075 -75.86229065736858
4.6125 -31.8747694962118
4.6175 -96.1330447038534
4.6225 -96.66988354927287
4.6274999999999995 -282.2819451191474
4.632499999999999 -79.4088432944133
4.6375 115.77880757618718
4.6425 16.532824152114205
4.6475 173.95078773153713
4.6525 64.62550638799895
4.6575 -1.811260972386095
4.6625 -150.89894919565637
4.6674999999999995 54.486162125407944
4.672499999999999 3.2435088869394777
4.6775 234.80179558073675
4.6825 -137.3630480254237
4.6875 82.0294956940896
4.6925 -35.749309285197285
4.6975 3.732956592940293
4.7025 84.14736700584257
4.7075 23.59607867966122
4.7124999999999995 112.38097193051318
4.717499999999999 -64.16530293919777
4.7225 2.064147175516828
4.7275 -82.17882944661706
4.7325 -180.81365974608443
4.7375 65.34296184868673
4.7425 98.10414391695097
4.7475 -103.61602459490967
4.7524999999999995 1.8087213918115417
4.757499999999999 -58.01779353409277
4.7625 37.601874496068966
4.7675 12.122650765806299
4.7725 168.30390387132658
4.7775 95.76701870580085
4.7825 -187.5599614594786
4.7875 8.561954844329373
4.7924999999999995 -174.3762941936346
4.797499999999999 -238.90623576985968
4.8025 259.8402566146654
4.8075 -39.39134376177362
4.8125 105.58795732993208
4.8175 -240.44391233240611
4.8225 228.47570990939911
4.8275 72.59975702231355
4.8325 49.81479432443655
4.8374999999999995 -213.2606753016811
4.842499999999999 11.689514903641822
4.8475 33.3678960257632
4.8525 116.54134625020616
4.8575 21.614468432051442
4.8625 84.32507343283228
4.8675 -137.47603159666482
4.8725 44.42369373008288
4.8774999999999995 82.58550363580547
4.882499999999999 3.2880444456410887
4.8875 -164.5857763235899
4.8925 142.19958277823284
4.8975 -148.53068846349325
4.9025 -216.84249145420878
4.9075 -36.346293622652524
4.9125 -221.92733113179744
4.9174999999999995 157.14620503590723
4.922499999999999 24.695881812219028
4.9275 153.32581634191797
4.9325 -60.70883153608499
4.9375 73.66874385782074
4.9425 274.60120210988055
4.9475 -91.8195817696444
4.9525 52.4839314046242
4.9575 -174.11118935122425
4.9624999999999995 -154.43978849189898
4.967499999999999 151.37584097844453
4.9725 -252.9982961381745
4.9775 -28.77301947060596
4.9825 457.2885403239096
4.9875 94.29211241681925
4.9925 -154.83665651176912
4.9975 241.8193823308747
5.0024999999999995 67.9257454258549
5.007499999999999 -110.94940970271495
5.0125 -125.4958649858775
5.0175 -64.21866268509679
5.0225 -302.1384661467813
5.0275 337.6884619771331
5.0325 257.72641813712715
5.0375 -125.80728322497615
5.0424999999999995 -371.5274397714055
5.047499999999999 342.5282689729334
5.0525 161.50353106630354
5.0575 77.25160840973848
5.0625 -61.28076376647143
5.0675 -157.5368109501016
5.0725 69.25770175073805
5.0775 -22.46261978843526
5.0825 -10.013480938717814
5.0874999999999995 -62.7698540735076
5.092499999999999 110.36653030103837
5.0975 9.522922659657455
5.1025 -46.340215448658256
5.1075 -17.286284944047296
5.1125 25.772278959624483
5.1175 158.65731205909546
5.1225 -38.55395799008966
5.1274999999999995 -39.22165609334418
5.132499999999999 -26.2078217652019
5.1375 -0.8728154208042154
5.1425 -129.28454836513447
5.1475 13.9177220436141
5.1525 12.805164657127511
5.1575 62.08252831847198
5.1625 -225.7116903981325
5.1674999999999995 141.07312202695167
5.172499999999999 22.421850062578766
5.177499999999999 178.99787529383244
5.1825 -158.3351353408592
5.1875 163.97999608960168
5.1925 -188.49842253802976
5.1975 237.90555891476646
5.2025 82.02972971709748
5.2075 145.19169029427468
5.2124999999999995 -115.41254531819051
5.217499999999999 116.61243279485352
5.2225 6.210368629782209
5.2275 159.05145088514712
5.2325 -317.90038048306343
5.2375 221.4608059695484
5.2425 -156.0096487774717
5.2475 18.379190154694264
5.2524999999999995 96.8733573765958
5.257499999999999 -275.87598444937686
5.2625 54.45687207680729
5.2675 -101.1816237105022
5.2725 -217.56764368622026
5.2775 -9.693620896937285
5.2825 151.25528208836002
5.2875 7.966016340366697
5.2924999999999995 70.98089546376254
5.297499999999999 -130.8571095867574
5.302499999999999 52.70298444030391
5.3075 -14.014384899137301
5.3125 -52.1691013072831
5.3175 0.7187722595325777
5.3225 -75.55090518280689
5.3275 83.32916677851573
5.3325 -55.582517612855206
5.3374999999999995 221.78568280143182
5.342499999999999 -173.46034590474662
5.3475 60.77383690372442
5.3525 312.292578530959
5.3575 -86.05257219547636
5.3625 111.09186977777301
5.3675 -52.8945531612806
5.3725 -200.13876195083424
5.3774999999999995 -9.643295884032606
5.382499999999999 118.06369243065836
5.3875 132.49077150509413
5.3925 -367.8804937394188
5.3975 242.82560178767568
5.4025 -46.13615185967028
5.4075 -22.643383054612922
5.4125 -63.654929747185065
5.4174999999999995 -130.520339096378
5.422499999999999 -102.62014320481435
5.427499999999999 165.4333259441205
5.4325 184.75158509769
5.4375 -69.76586195486978
5.4425 -152.80672975684482
5.4475 -73.81275807723975
5.4525 -21.6224071872444
5.4575 -19.512746813193115
5.4624999999999995 -20.01142227600908
5.467499999999999 259.5095969078032
5.4725 -115.64807891595417
5.4775 60.714297818791124
5.4825 32.83165950832717
5.4875 124.71626743595975
5.4925 -36.72041818525595
5.4975 -73.7398984316472
5.5024999999999995 243.4651437058431
5.507499999999999 237.4360165202597
5.5125 -311.1488527602341
5.5175 -156.78377083376938
5.5225 25.30660172780149
5.5275 168.05900948483267
5.5325 12.603085592457164
5.5375 -114.20227016747063
5.5424999999999995 34.897241711349224
5.547499999999999 173.23988215179543
5.552499999999999 139.62036290369167
5.5575 -126.5478595272357
5.5625 -26.49348773618317
5.5675 -431.40704992549644
5.5725 255.53202212420453
5.5775 164.08413205160696
5.5825 -133.3142672184646
5.5874999999999995 139.88567670226533
5.592499999999999 -136.78919110876453
5.5975 102.82646478357744
5.6025 -90.29895026662572
5.6075 -38.57460695130479
5.6125 -37.643063795506265
5.6175 -25.384689225012014
5.6225 88.78501694026856
5.6274999999999995 -54.878093753296
5.632499999999999 146.49701944579485
5.6375 -7.866504257189916
5.6425 65.52506267116182
5.6475 166.18973093892174
5.6525 -244.515518179013
5.6575 474.20839931886
5.6625 -275.6837995182535
5.6674999999999995 -77.64039497104089
5.672499999999999 65.34014409850934
5.677499999999999 -165.6828596048277
5.6825 33.997662269316876
5.6875 -146.38768115956182
5.6925 120.03107944803679
5.6975 -354.45934016204296
5.7025 301.1313123085471
5.7075 0.7611988149930591
5.7124999999999995 34.4839037219462
5.717499999999999 -138.820955441032
5.7225 -243.02168615924137
5.7275 147.81429163288928
5.7325 67.41442034756041
5.7375 82.14465281487416
5.7425 -53.06548069275083
5.7475 -111.26890060889285
5.7524999999999995 0.767542141192678
5.757499999999999 111.2506710669447
5.7625 75.58834991674158
5.7675 40.31960625317397
5.7725 -153.1346351372517
5.7775 -109.30558696197474
5.7825 369.22589484071574
5.7875 1.1564568328880702
5.7924999999999995 78.65724066457139
5.797499999999999 -200.5906770244639
5.802499999999999 25.779211356670586
5.8075 13.725494018571672
5.8125 21.879077990457517
5.8175 -47.944134536178936
5.8225 85.16353767096129
5.8275 -114.89606884297626
5.8325 151.24133044850723
5.8374999999999995 -239.84105248449413
5.842499999999999 22.8526906472145
5.8475 -73.71119324318948
5.8525 185.61428496115386
5.8575 -182.75950467255083
5.8625 220.28784449461548
5.8675 -24.80237682088443
5.8725 -55.60411667984953
5.8774999999999995 251.0326532731544
5.882499999999999 -113.69175578530472
5.8875 80.42203481275882
5.8925 -198.08400165067192
5.8975 110.41778206347603
5.9025 -18.233487311569895
5.9075 15.892297060902175
5.9125 180.1950098914695
5.9174999999999995 101.39654591442144
5.922499999999999 -212.68101195642018
5.927499999999999 150.41049061023477
5.9325 -179.15595471051543
5.9375 223.40002548557396
5.9425 145.1142062435157
5.9475 -309.1754983864279
5.9525 -149.39578040132318
5.9575 111.1528057636068
5.9624999999999995 -169.2337635352147
5.967499999999999 123.33476718367919
5.9725 -9.140950266740717
5.9775 -53.27450731135523
5.9825 -53.96417054964339
5.9875 -85.89483016141476
5.9925 213.93723864649263
5.9975 37.69784695657965
6.0024999999999995 47.27302576305433
6.007499999999999 -7.531526737013049
6.012499999999999 357.90845586081895
6.0175 -132.98898431685828
6.0225 -147.62319131978566
6.0275 145.7194482969573
6.0325 -64.09924634310185
6.0375 -173.41652458663353
6.0424999999999995 83.20872618288388
6.047499999999999 -45.55925218336312
6.052499999999999 0.7073117442674763
6.0575 8.385850984791343
6.0625 -56.82825307188048
6.0675 112.8714928395796
6.0725 163.80455712647
6.0775 -123.74321726998312
6.0825 -70.06574247150633
6.0874999999999995 0.9299394040864681
6.092499999999999 155.37221221107598
6.0975 183.37119594480694
6.1025 -133.2181134345326
6.1075 -219.74023486690896
6.1125 -97.13246249279491
6.1175 109.65530615525672
6.1225 161.15371897437467
6.1274999999999995 -129.61650579109101
6.132499999999999 -240.44776591565514
6.137499999999999 163.1261791000159
6.1425 -178.05128939962546
6.1475 109.33019562932668
6.1525 310.8033341384901
6.1575 78.89896465446616
6.1625 -165.89068558901613
6.1674999999999995 256.32417507099706
6.172499999999999 -208.7482211630322
6.177499999999999 -74.42674760412359
6.1825 36.71671329247579
6.1875 301.86396196138634
6.1925 -58.405563276281704
6.1975 -93.86511733943475
6.2025 53.42011528206539
6.2075 -67.7589727485378
6.2124999999999995 -56.12232020143895
6.217499999999999 -46.358766887378636
6.2225 141.5781632017779
6.2275 -70.5747117886408
6.2325 -117.57412629862037
6.2375 -30.055038167310414
6.2425 167.32011693765247
6.2475 45.6329319950552
6.2524999999999995 -177.121239464571
6.257499999999999 167.50800458264092
6.262499999999999 -295.2941451762009
6.2675 61.144390394969676
6.2725 215.43465412301214
6.2775 43.97876715783443
6.2825 319.37977393459283
6.2875 -244.47698339919856
6.2924999999999995 73.84112058680051
6.297499999999999 28.600940122563927
6.302499999999999 -76.05546905135917
6.3075 -100.67620322694783
6.3125 -71.49999257559453
6.3175 -31.91392877599553
6.3225 -53.080723891899254
6.3275 -49.175564261500334
6.3325 9.83296570929575
6.3374999999999995 -20.766399842309156
6.342499999999999 88.97783637178209
6.3475 -63.07598537955418
6.3525 -166.97803885545676
6.3575 91.86758826391056
6.3625 11.921333081866496
6.3675 114.2046750055318
6.3725 -37.25517174553783
6.3774999999999995 29.354105770495526
6.382499999999999 158.749222309155
6.387499999999999 -144.74296778923
6.3925 132.07678065926515
6.3975 -21.089703976419138
6.4025 -4.04953228595705
6.4075 -9.234363672172966
6.4125 -104.47631317267256
6.4174999999999995 173.06189887104776
6.422499999999999 -304.83523596897186
6.427499999999999 -50.72558108028735
6.4325 366.426232266741
6.4375 -222.72885539407903
6.4425 80.3155594101818
6.4475 6.017593279071395
6.4525 -67.39485847568615
6.4575 64.18189219006697
6.4624999999999995 -55.990083977752974
6.467499999999999 -177.38245835394883
6.4725 177.1059096088147
6.4775 316.55402263097085
6.4825 125.30446614047187
6.4875 -161.28017245466634
6.4925 -54.002709013823456
6.4975 -62.00670405796792
6.5024999999999995 2.0950667334926245
6.507499999999999 163.244021296808
6.512499999999999 -155.06120227863656
6.5175 66.54084884641323
6.5225 -152.70619052517245
6.5275 224.5569573384555
6.5325 -283.75013139666686
6.5375 231.9345325956874
6.5424999999999995 146.173465301162
6.547499999999999 -283.1028788908048
6.552499999999999 -287.19518968782546
6.5575 227.59935973455478
6.5625 -206.42760467304603
6.5675 0.8499595903866909
6.5725 211.09310012158835
6.5775 -89.10722708096421
6.5825 85.98564148364176
6.5874999999999995 -3.756924180677735
6.592499999999999 142.3659687287464
6.5975 -268.0688074260982
6.6025 109.41103791353815
6.6075 -248.6295769308737
6.6125 -54.6782825801333
6.6175 -132.26382912419587
6.6225 13.662831578492877
6.6274999999999995 25.869618977695353
6.632499999999999 237.8443934455896
6.637499999999999 37.038875536418615
6.6425 104.62629632753317
6.6475 -203.86517616314413
6.6525 18.40835085574545
6.6575 -71.75286979808412
6.6625 -101.17338336366798
6.6674999999999995 -40.19976081417107
6.672499999999999 -9.917600718931617
6.677499999999999 111.89656022595017
6.6825 -182.41817135854436
6.6875 216.45202673016766
6.6925 -128.18819067364709
6.6975 131.49227816295712
6.7025 -119.62538553037095
6.7075 146.0563303709806
6.7124999999999995 -61.261933237056816
6.717499999999999 0.9415430503759203
6.722499999999999 192.8470779403235
6.7275 -171.03042731426103
6.7325 77.35494611446107
6.7375 -86.52114244380257
6.7425 -76.18217833189111
6.7475 -3.0661795810858634
6.7524999999999995 194.86877461200345
6.757499999999999 144.5321659561046
6.762499999999999 -115.77465950685908
6.7675 -23.3773863170569
6.7725 -69.5117925769395
6.7775 -130.969254570071
6.7825 140.36435579712312
6.7875 88.61535479922935
6.7924999999999995 -8.250445680351092
6.797499999999999 250.94873026717082
6.802499999999999 -302.49945055105536
6.8075 18.983767706482936
6.8125 -77.92791759911577
6.8175 81.2297639414649
6.8225 -13.402015140264645
6.8275 208.3606177436332
6.8325 -119.32625451896511
6.8374999999999995 -49.2625966088817
6.842499999999999 335.3616352915507
6.847499999999999 -81.32817334665127
6.8525 -55.695772116552455
6.8575 -143.06857830141638
6.8625 138.14642639236988
6.8675 -282.39550017003404
6.8725 56.19381571066794
6.8774999999999995 -47.515588867214596
6.882499999999999 81.99964502978752
6.887499999999999 300.55357522857275
6.8925 -71.61450844817199
6.8975 -58.15800654088805
6.9025 171.03216791383824
6.9075 -303.4921752293381
6.9125 391.30152294602607
6.9174999999999995 -369.7717359729339
6.922499999999999 142.1805764519453
6.927499999999999 -220.45243221154706
6.9325 81.292458159197
6.9375 55.27241087632581
6.9425 186.6531132904546
6.9475 28.40883072093538
6.9525 -244.42434434152784
6.9575 138.31883022775372
6.9624999999999995 78.38005768221603
6.967499999999999 -82.92867307972583
6.972499999999999 22.867351165588026
6.9775 -61.83279279071559
6.9825 -146.66630551837383
6.9875 -20.093466255536473
6.9925 -90.46827884099363
6.9975 230.8557363999381
7.0024999999999995 -83.5210335383526
7.007499999999999 -9.452663649840845
7.012499999999999 8.70023566453624
7.0175 27.14510147824023
7.0225 136.11010173658048
7.0275 -86.74405393135727
7.0325 -134.059109358167
7.0375 47.699475554329986
7.0424999999999995 -169.21051781996596
7.047499999999999 -65.94235207687903
7.052499999999999 293.46283730741413
7.0575 -130.71623089404878
7.0625 101.57921630034302
7.0675 155.5277323753038
7.0725 -52.615732873169335
7.0775 -199.13581342117942
7.0825 219.65061451586234
7.0874999999999995 -29.01620733790446
7.092499999999999 140.3158105959724
7.097499999999999 -79.62088017129769
7.1025 276.0859402600513
7.1075 -206.19638599373835
7.1125 52.13926637143906
7.1175 -414.05677018266005
7.1225 8.37211948578318
7.1274999999999995 230.9254864409639
7.132499999999999 156.76026694975965
7.137499999999999 -246.16582263993567
7.1425 168.70266512877737
7.1475 -11.8097357531825
7.1525 160.59134767272124
7.1575 64.45420575694345
7.1625 -159.2842239061925
7.1674999999999995 -232.24273642317635
7.172499999999999 -145.9582217679286
7.177499999999999 130.81471464446963
7.1825 464.78058066210747
7.1875 -441.1593025007534
7.1925 27.587758267454053
7.1975 234.96547411466418
7.2025 71.07890722063306
7.2075 -100.89700962589986
7.2124999999999995 143.7217144759733
7.217499999999999 -18.966821335319462
7.222499999999999 107.83073054351325
7.2275 196.90860336264777
7.2325 -55.60558911024483
7.2375 18.505757850319554
7.2425 30.915052786174023
7.2475 7.439510495650259
7.2524999999999995 59.574938284471656
7.257499999999999 -47.740571494574674
7.262499999999999 199.8452382807032
7.2675 -247.50909417791556
7.2725 32.19153675979172
7.2775 -380.08038089753387
7.2825 144.9236740135331
7.2875 -253.36526513644407
7.2924999999999995 233.07488243484642
7.297499999999999 -304.95365411105803
7.302499999999999 216.41841268378147
7.3075 -252.09764309832312
7.3125 111.86909722793385
7.3175 -313.39058264042797
7.3225 319.91151052578596
7.3275 -41.860860861056324
7.3325 68.390762498313
7.3374999999999995 -37.97942328174449
7.342499999999999 192.53246838269249
7.347499999999999 172.6446755207424
7.3525 17.221998290868914
7.3575 -99.33281668412741
7.3625 -85.70159058063831
7.3675 -457.69371343018105
7.3725 94.64842925621564
7.3774999999999995 14.110604701473028
7.382499999999999 -113.26533494261595
7.387499999999999 47.262904547581094
7.3925 85.3694198891265
7.3975 207.3470961373812
7.4025 -18.25456990945775
7.4075 -13.250866146860476
7.4125 165.83685332322884
7.4174999999999995 135.88009784524505
7.422499999999999 195.92541092768022
7.427499999999999 116.33840139251586
7.4325 -430.5505899299303
7.4375 40.25394875282327
7.4425 89.32807084991016
7.4475 75.72217949696524
7.4525 -48.33682316961338
7.4575 -129.16081266370713
7.4624999999999995 74.69694397662471
7.467499999999999 -284.1624471719925
7.472499999999999 219.23402119207464
7.4775 39.805567512142325
7.4825 242.10858871402894
7.4875 -253.18796451600832
7.4925 174.34195274821136
7.4975 223.40191819681664
7.5024999999999995 -224.14091719584582
7.507499999999999 -112.87327870421991
7.512499999999999 81.80445734069984
7.5175 65.38167742558458
7.5225 -328.7939667546793
7.5275 364.9661989721813
7.5325 -112.10882547593357
7.5375 7.488671117440729
7.5424999999999995 -97.251236570915
7.547499999999999 -69.98509565604839
7.552499999999999 31.555371052807203
7.557499999999999 184.00873304174976
7.5625 -47.299019488703024
7.5675 239.6705532029567
7.5725 -210.30130442667462
7.5775 -226.86859173986142
7.5825 -136.4739636303885
7.5874999999999995 29.950807990813363
7.592499999999999 -3.36163964850885
7.597499999999999 -59.841108961216406
7.6025 -78.62997162208701
7.6075 237.70491757508333
7.6125 -129.4140175315662
7.6175 -129.04963772122235
7.6225 113.9748458583934
7.6274999999999995 10.489442024438407
7.632499999999999 390.31081598424754
7.637499999999999 -147.34909925700006
7.6425 7.596474470647726
7.6475 224.75534233316964
7.6525 -9.962009627565715
7.6575 -268.9139156280806
7.6625 261.1148789474271
7.6674999999999995 -151.93158318529146
7.672499999999999 -268.7041373248775
7.677499999999999 411.2127031081316
7.682499999999999 0.21458982150828707
7.6875 -166.27791149252556
7.6925 -256.1843893190269
7.6975 332.74572045147454
7.7025 -5.408415533661667
7.7075 96.72656304016233
7.7124999999999995 -234.66143921264424
7.717499999999999 26.072715815466683
7.722499999999999 132.71422906826461
7.7275 -145.1059543172467
7.7325 70.12347253292984
7.7375 -60.06660661025362
7.7425 221.78340902151845
7.7475 -134.17822989823802
7.7524999999999995 -68.62973439868878
7.757499999999999 140.5562236096359
7.762499999999999 -229.75662513860624
7.7675 -138.2804867717815
7.7725 5.994662313912518
7.7775 133.57385682874016
7.7825 330.5056977483986
7.7875 -228.34550758710904
7.7924999999999995 -19.963501311658653
7.797499999999999 301.276789352694
7.802499999999999 -143.9872117033201
7.807499999999999 143.3358777098797
7.8125 -22.456353340471427
7.8175 14.638947991948173
7.8225 163.57945890213927
7.8275 67.56679564669135
7.8325 -18.542211358323254
7.8374999999999995 55.15502804097332
7.842499999999999 -161.7633188428146
7.847499999999999 185.25979727769362
7.8525 -65.69527851971696
7.8575 -237.6452711172097
7.8625 -214.28761326209795
7.8675 51.588483715443715
7.8725 178.50381291991715
7.8774999999999995 5.754178507795731
7.882499999999999 100.75584973714525
7.887499999999999 -179.08472131758202
7.8925 -66.13269903590573
7.8975 -1.0764578078533766
7.9025 -84.07594755244634
7.9075 -113.4082830645316
7.9125 162.49649434015498
7.9174999999999995 93.62674793152301
7.922499999999999 -59.07950743190477
7.927499999999999 -42.36324569052496
7.932499999999999 185.18499991896422
7.9375 -296.159512388775
7.9425 -1.9266971468567258
7.9475 152.16758969769685
7.9525 -67.66949792993236
7.9575 207.76374130545628
7.9624999999999995 -148.9683192516902
7.967499999999999 -68.39761962903326
7.972499999999999 -72.32496361421902
7.9775 8.533040995773408
7.9825 -78.54265478904753
7.9875 38.795415521400834
7.9925 -9.288699643371611
7.9975 347.5422627081069
8.0025 -91.21152328187029
8.0075 -163.12712335028547
8.0125 50.097812881357214
8.0175 60.435045209852
8.022499999999999 -80.71040629235114
8.0275 -19.918265460323997
8.032499999999999 -70.0365433477853
8.0375 -76.9702633443073
8.0425 -63.633579638037716
8.0475 -5.699787797451022
8.0525 168.89943472655247
8.0575 -147.0895643858706
8.0625 271.20372621619055
8.067499999999999 149.69141021273273
8.0725 -90.81024560271442
8.077499999999999 31.05193617914246
8.0825 41.36285858446936
8.0875 -361.72939984133797
8.0925 199.68596341896736
8.0975 224.67373778003235
8.1025 -575.920139552367
8.1075 183.04016122216046
8.112499999999999 222.02723349455894
8.1175 101.11271528384711
8.1225 -220.02165486970475
8.1275 -109.72216423245521
8.1325 143.35370188114746
8.1375 210.299945422106
8.1425 -288.5133603008924
8.147499999999999 109.8186482934464
8.1525 -250.5928976586819
8.157499999999999 149.35583845701834
8.1625 -143.5360992950534
8.1675 198.628226530652
8.1725 -69.0003102592966
8.1775 -49.38639392474446
8.1825 76.2256214761922
8.1875 16.649191549990338
8.192499999999999 -8.908018357428837
8.1975 -13.212157938693823
8.202499999999999 58.17352982583838
8.2075 -159.6623751514359
8.2125 134.33669788390736
8.2175 -98.61607151649359
8.2225 -104.02132349594937
8.2275 110.81997096519555
8.2325 -72.28543616104423
8.237499999999999 116.97947811212477
8.2425 -128.36318435487902
8.2475 132.45615478492672
8.2525 -72.63966133345548
8.2575 -58.943286698406474
8.2625 188.38600043778922
8.2675 8.39335801128662
8.272499999999999 -90.14616212528284
8.2775 116.90388993063617
8.282499999999999 -67.59372237213609
8.2875 151.38396092547433
8.2925 -79.31569785256218
8.2975 231.0022066437832
8.3025 -158.4704461676387
8.3075 118.31883895918881
8.3125 -117.86053282708735
8.317499999999999 -271.24106673521254
8.3225 334.8438777097835
8.327499999999999 -40.05299213671231
8.3325 227.36159696401836
8.3375 -55.75417510103599
8.3425 49.883488005210936
8.3475 -69.97336410963881
8.3525 -88.06772148631542
8.3575 14.48237903357686
8.362499999999999 -20.080825986668454
8.3675 -14.686862903412255
8.3725 -177.88338575365353
8.3775 118.89886153009574
8.3825 38.98013908584546
8.3875 12.94282186556039
8.3925 -173.28480614789896
8.397499999999999 149.84314100694056
8.4025 152.43460705481502
8.407499999999999 -157.3896358081664
8.4125 200.68735793584574
8.4175 -58.09315091639339
8.4225 33.71467588480297
8.4275 -138.54144854507422
8.4325 25.901142015018817
8.4375 -299.8578767362622
8.442499999999999 -141.09546630623288
8.4475 191.8368975273331
8.452499999999999 -82.9510453371583
8.4575 91.73359841378328
8.4625 -89.79928120935804
8.4675 -158.7505299299819
8.4725 36.101372919261465
8.4775 284.840766774935
8.4825 -115.15513000995712
8.487499999999999 -173.96695907007964
8.4925 -105.28849130442559
8.4975 -181.73118586454075
8.5025 178.96931277585335
8.5075 587.5046187192902
8.5125 -175.50723126819156
8.5175 339.7069723962834
8.522499999999999 -281.75482794113424
8.5275 216.18995069944978
8.532499999999999 24.7135030802098
8.5375 -216.39685572382257
8.5425 -201.02662484708836
8.5475 182.85708825350477
8.5525 252.0246852907042
8.5575 -290.44404235231485
8.5625 311.47174819293144
8.567499999999999 -222.37930278675594
8.5725 -303.8679555195254
8.577499999999999 117.98772897021645
8.5825 199.35860279833136
8.5875 123.24526446916279
8.5925 45.467632669224805
8.5975 105.94313306866822
8.6025 32.974968698071656
8.6075 -342.64792802251225
8.612499999999999 41.24122951776241
8.6175 -3.085001425924419
8.6225 28.569008778581246
8.6275 46.79198788470537
8.6325 -206.86072671883954
8.6375 87.872697488328
8.6425 234.2329745997231
8.647499999999999 120.82032529878609
8.6525 -65.42157673651604
8.657499999999999 -60.62626463981132
8.6625 -161.8324399099986
8.6675 65.00634847018328
8.6725 -53.87120400512467
8.6775 -29.599402937100248
8.6825 16.07724484531048
8.6875 -61.71669211459203
8.692499999999999 -268.0891424925226
8.6975 318.82285812571774
8.702499999999999 -181.51888692892896
8.7075 87.28493985501201
8.7125 134.48531677081994
8.7175 -102.54427948541264
8.7225 -78.31565181349359
8.7275 -21.53922289656368
8.7325 56.035728004162365
8.737499999999999 -50.56638543241193
8.7425 -11.253081534264997
8.747499999999999 -54.679144590099305
8.7525 73.74687977812201
8.7575 -142.586695913838
8.7625 254.99291417012097
8.7675 -87.19441815023812
8.772499999999999 -102.5061436697589
8.7775 -197.05152490449728
8.782499999999999 316.63056190512225
8.7875 -106.37155425870905
8.7925 169.72993626111207
8.7975 278.22190766241175
8.8025 -151.84728226866483
8.8075 23.0353577106278
8.8125 315.18573240838145
8.817499999999999 -206.84869621247836
8.8225 -159.05767680508933
8.827499999999999 69.73164051449749
8.8325 -237.32102378550596
8.8375 5.278122944414384
8.8425 -5.052592925593686
8.8475 225.59806063193
8.8525 -110.95394502518452
8.8575 -94.78437945201128
8.862499999999999 -47.28058108105587
8.8675 133.6480894268568
8.872499999999999 -163.8745942848437
8.8775 -29.170093025442807
8.8825 120.23823737779117
8.8875 -199.24401192259708
8.8925 134.4013334991419
8.897499999999999 28.356850638369217
8.9025 10.175975409650437
8.907499999999999 56.759736898577344
8.9125 -160.1094763382397
8.9175 2.17969226904552
8.9225 12.019161130346866
8.9275 44.44056393027718
8.9325 175.40129891478716
8.9375 -99.34879761991911
8.942499999999999 8.024092205818707
8.9475 71.53451823929784
8.952499999999999 -85.462946325632
8.9575 82.89362344660036
8.9625 102.55564812181059
8.9675 -6.970972617107534
8.9725 8.389898918325798
8.9775 -114.22278813633022
8.9825 -71.36995604975648
8.987499999999999 -53.65183635093959
8.9925 38.88998910724375
8.997499999999999 144.97025939535337
9.0025 21.24141759885156
9.0075 2.8937082428608463
9.0125 80.47516494373025
9.0175 152.88083511276372
9.022499999999999 61.61020723793202
9.0275 13.227378842495941
9.032499999999999 -57.49259840243866
9.0375 -0.42803051570271
9.0425 -58.24406542624399
9.0475 91.02057287639204
9.0525 22.683177097955806
9.0575 -54.34496841944052
9.0625 33.38619890139005
9.067499999999999 -110.62148129502303
9.0725 -5.126808680896142
9.077499999999999 165.83996437522492
9.0825 -221.83807316442451
9.0875 102.79622956361578
9.0925 134.486929733446
9.0975 57.14070977574048
9.1025 -6.514755783470452
9.1075 6.060177176680685
9.112499999999999 -63.20752538972616
9.1175 -201.49835285990306
9.122499999999999 19.374112557057583
9.1275 -62.63208669596405
9.1325 -39.497298747709586
9.1375 241.47452307898863
9.1425 -22.365731631488384
9.147499999999999 -61.267685058096966
9.1525 123.16068748828512
9.157499999999999 -122.16388632263457
9.1625 -30.325160852499533
9.1675 58.66484734738139
9.1725 198.51269851021036
9.1775 -439.3818179500089
9.1825 146.80000325094278
9.1875 74.47682997523658
9.192499999999999 -139.10456066738226
9.1975 217.75220987561997
9.202499999999999 -126.26186617405394
9.2075 -61.82994898681003
9.2125 107.79183666963723
9.2175 -62.95394497974485
9.2225 246.3928895655497
9.2275 -255.3231025413553
9.2325 -3.5758999824648727
9.237499999999999 22.287991517320187
9.2425 -18.623129632575246
9.247499999999999 -195.96245406576443
9.2525 215.31575890492482
9.2575 39.82411197688498
9.2625 -58.37471855698217
9.2675 -16.69689145240474
9.272499999999999 181.31341591228164
9.2775 -72.99549999483071
9.282499999999999 -62.43800905359799
9.2875 364.40882603880266
9.2925 -273.1794593743298
9.2975 -83.16082548254425
9.3025 75.24659237435307
9.3075 -74.3596037254221
9.3125 62.87002118425434
9.317499999999999 -215.38777877832948
9.3225 68.4008047630948
9.327499999999999 -54.09718877992805
9.3325 -53.55320325212748
9.3375 13.696651751975944
9.3425 -139.86412342667205
9.3475 130.32433426763396
9.3525 139.50748762648226
9.3575 6.933682363359088
9.362499999999999 -47.99532195380308
9.3675 -3.5431696574848504
9.372499999999999 -4.715415839153386
9.3775 -94.13567241124396
9.3825 -121.76193282556001
9.3875 86.0131642210146
9.3925 16.737308153534087
9.397499999999999 -9.233665484891693
9.4025 102.46037384858118
9.407499999999999 97.13600895785426
9.4125 55.954788281639196
9.4175 -229.44429975606297
9.4225 73.80767773183027
9.4275 195.4304761486245
9.4325 64.41286664856916
9.4375 -56.19486496535715
9.442499999999999 -65.9381876910747
9.4475 64.39984425835459
9.452499999999999 -172.05159871617533
9.4575 -161.77659571742456
9.4625 480.3588526636642
9.4675 -137.31048278664952
9.4725 -207.25239820419927
9.4775 92.01084245134003
9.4825 -81.66092629951241
9.487499999999999 -85.08700497603412
9.4925 -90.1557262120435
9.497499999999999 41.314117322434896
9.5025 6.569040041966205
9.5075 446.91920559160076
9.5125 -406.2231859952786
9.5175 83.76528671364754
9.522499999999999 163.48563607157965
9.5275 98.26105183695752
9.532499999999999 -379.8518255046653
9.5375 217.4554552800264
9.5425 -155.0631031481174
9.5475 -35.03398799328354
9.5525 21.061867541632314
9.5575 -187.24777542490568
9.5625 251.77712434460702
9.567499999999999 40.2502596501814
9.5725 43.34066814579336
9.577499999999999 -94.9623819440939
9.5825 222.49104933224683
9.5875 164.9518556791514
9.5925 -77.10403476418826
9.5975 231.14460645314688
9.6025 -87.86204651371523
9.6075 -101.95261852991202
9.612499999999999 211.624527226071
9.6175 -149.84623488716124
9.622499999999999 24.94759898588243
9.6275 -94.66963593827354
9.6325 -93.22074811282394
9.6375 218.55364176559257
9.6425 -202.95900723323547
9.647499999999999 56.928135565384586
9.6525 17.54342208267784
9.657499999999999 -71.56762594858293
9.6625 1.1429777129235346
9.6675 -84.58610955135944
9.6725 -71.15949798110006
9.6775 73.08942552708142
9.6825 -83.8829261387472
9.6875 39.081825207895434
9.692499999999999 135.0124373782537
9.6975 2.641539339657939
9.702499999999999 -5.244914704582196
9.7075 -76.755507726347
9.7125 184.14010541328693
9.7175 -55.88238891857774
9.7225 -141.22567126021266
9.7275 -41.22102366730297
9.7325 152.62257805857516
9.737499999999999 -107.13272734893516
9.7425 18.048222803304448
9.747499999999999 208.08827180697327
9.7525 -252.47360208024205
9.7575 168.0467421263972
9.7625 -90.87565407942589
9.7675 -92.46796517836908
9.772499999999999 -16.528665095481557
9.7775 229.6904283392408
9.782499999999999 96.23921173818813
9.7875 -364.28895783568385
9.7925 171.96803717277405
9.7975 71.46507873765835
9.8025 -149.55996468022153
9.8075 0.9797204467271465
9.8125 -88.45940455110994
9.817499999999999 110.33352759617287
9.8225 -61.18312860439907
9.827499999999999 -67.50830576710305
9.8325 368.53930424820186
9.8375 97.85438708895596
9.8425 -68.1504363304101
9.8475 -294.65092231362974
9.8525 -298.2321093607312
9.8575 79.87951237285506
9.862499999999999 75.90330633107695
9.8675 125.61281859263755
9.872499999999999 -210.01117866271855
9.8775 245.32021191680232
9.8825 -46.08725032773221
9.8875 -156.07731846777818
9.8925 163.0891406989731
9.897499999999999 48.772029118907334
9.9025 90.29440441739727
9.907499999999999 5.162255172830565
9.9125 -51.244479499545896
9.9175 -104.17550682759446
9.9225 76.45910893520282
9.9275 38.318791513041134
9.9325 345.7927056486133
9.9375 176.37982167952518
9.942499999999999 -281.23743642740624
9.9475 17.071276683874395
9.952499999999999 -57.784499504276155
9.9575 59.18641008930697
9.9625 32.17896361545948
9.9675 -122.0317239178451
9.9725 71.69983138149925
9.9775 -113.67455677192868
9.9825 -3.88366977852773
9.987499999999999 -66.67000086133821
9.9925 185.79437556744045
9.997499999999999 25.070423366057724
10.0025 53.088366055661375
