0.0075 -21.04992989279793
0.012499999999999999 111.81823699513346
0.017499999999999998 127.56592046928412
0.0225 -117.84410654360371
0.0275 29.93942201815943
0.0325 118.83777743769924
0.0375 144.73960347821904
0.042499999999999996 66.41852942170192
0.0475 -269.13076830798997
0.0525 -167.13069083975302
0.057499999999999996 4.722176274808714
0.0625 -36.68087861294442
0.06749999999999999 68.8485330651095
0.0725 -150.14662271955848
0.0775 339.5653841589076
0.08249999999999999 106.42412194824429
0.0875 -468.13889606708125
0.0925 69.24503112697397
0.09749999999999999 117.33853809329511
0.1025 36.8877263127416
0.1075 246.51996451371346
0.11249999999999999 85.56615019454057
0.1175 75.43236373320751
0.1225 -122.74567423100204
0.1275 -108.52123931081059
0.1325 -134.59227387130312
0.13749999999999998 269.1514019067164
0.1425 -154.7748154878425
0.1475 0.38345347499197335
0.1525 -58.645991716170116
0.1575 -63.92047441279497
0.1625 123.20191780918586
0.16749999999999998 37.21481220141947
0.1725 43.06750478985997
0.1775 -119.30834841990692
0.1825 -211.17890259812577
0.1875 348.926426098794
0.1925 3.5596737073995484
0.19749999999999998 -13.223715810030301
0.20249999999999999 120.93367957641966
0.2075 -74.00779396717508
0.2125 227.21233318154123
0.2175 -279.45648173060414
0.2225 -57.369573980948935
0.22749999999999998 145.70351180382565
0.23249999999999998 -111.76177504629503
0.2375 -74.95332335309807
0.2425 264.6251561678455
0.2475 -37.70982933591515
0.2525 -98.64068475640639
0.2575 71.88935975344023
0.2625 160.24981211336018
0.2675 -201.7306636246501
0.27249999999999996 392.75581275871247
0.27749999999999997 -231.47571027409646
0.2825 -86.98825766378171
0.2875 -164.355038980331
0.2925 192.18101233999116
0.2975 -7.585820995929718
0.3025 -81.20683205521462
0.3075 86.55246685434483
0.3125 -283.1610870624012
0.3175 237.75190765938152
0.3225 -45.66721519789549
0.32749999999999996 -95.82826407965672
0.33249999999999996 378.16041964274183
0.33749999999999997 -203.96173312194043
0.34249999999999997 150.32666563469303
0.3475 92.0450325746047
0.3525 -302.4373924127273
0.3575 35.895231874412815
0.3625 334.13814932163274
0.3675 -133.70674373770805
0.3725 67.15185745835737
0.3775 -265.225281953313
0.3825 163.19961929635943
0.38749999999999996 -192.73498322228343
0.39249999999999996 -33.56779312359509
0.39749999999999996 -60.87534301819793
0.40249999999999997 271.4584932550641
0.4075 -141.72196030679547
0.4125 -161.7443664661662
0.4175 -53.481005739667125
0.4225 171.19428631631064
0.4275 255.81610487065356
0.4325 -52.06967317912023
0.4375 -78.48258357645393
0.4425 -91.72522885098404
0.44749999999999995 -52.82183589010161
0.45249999999999996 -62.407419871369726
0.45749999999999996 110.54005470990265
0.46249999999999997 39.370736973386165
0.46749999999999997 -83.92811567234288
0.4725 232.04026586176488
0.4775 45.461863215863566
0.4825 -35.681473798438816
0.4875 -43.34620298401654
0.4925 -142.30551828966495
0.4975 231.21057054534927
0.5025 -145.33885069874745
0.5075 66.69374633446374
0.5125 -268.6001003144055
0.5175 384.38610187759633
0.5225 -117.15131297619232
0.5275 13.134686783214454
0.5325 -177.79029288802852
0.5375 61.40219045623932
0.5425 -22.88073514996938
0.5475 -36.95025864866013
0.5525 96.25031325808004
0.5575 176.21062218953782
0.5625 -151.1560281739442
0.5675 -22.84325015118206
0.5725 -129.75680511730897
0.5775 153.6165506841205
0.5825 13.924517132249344
0.5875 24.790571850331812
0.5925 -105.66399184599628
0.5974999999999999 -81.50349730494239
0.6024999999999999 146.25641958216164
0.6074999999999999 193.14477573351078
0.6124999999999999 -260.6934568677666
0.6174999999999999 128.7488480873739
0.6224999999999999 -26.899881814897597
0.6275 13.284931199071483
0.6325 140.82749298782588
0.6375 -159.2310050214854
0.6425 -113.61972117443773
0.6475 222.63674651723827
0.6525 -199.99221578274083
0.6575 163.06230693796752
0.6625 -286.35579554213587
0.6675 122.21623931563332
0.6725 -4.970976069306965
0.6775 67.94870126048157
0.6825 75.50960502344036
0.6875 3.271408482279449
0.6925 -72.59830696128083
0.6975 180.56087423798138
0.7025 -64.12369368787427
0.7075 94.33879438165206
0.7125 -131.56551414017883
0.7174999999999999 -31.51915584430716
0.7224999999999999 14.468712668889133
0.7274999999999999 -11.525862752403762
0.7324999999999999 -65.2846491311604
0.7374999999999999 21.27440096079764
0.7424999999999999 186.8751681630072
0.7474999999999999 -584.6198575635365
0.7525 -182.80637690855
0.7575 236.1218772610821
0.7625 -109.77225976201679
0.7675 86.34769645929175
0.7725 11.583006736527844
0.7775 195.9018059867854
0.7825 -73.80302819402706
0.7875 -26.90540928438958
0.7925 -20.57606709440691
0.7975 -98.99111072285731
0.8025 234.6340206901841
0.8075 -55.33723913124744
0.8125 -83.61742127950023
0.8175 -0.2710685144725288
0.8225 -2.8420551477417133
0.8275 84.08143186222699
0.8325 -68.0945179241861
0.8374999999999999 -19.01634907782511
0.8424999999999999 320.918384746988
0.8474999999999999 -436.2400954524975
0.8524999999999999 -8.391822946676115
0.8574999999999999 244.31951203442412
0.8624999999999999 -217.4596344032931
0.8674999999999999 75.27951639169609
0.8724999999999999 -86.50760634775573
0.8775 39.3143368363599
0.8825 220.91355004093958
0.8875 -274.8774234728142
0.8925 251.70486156624173
0.8975 92.80345660175496
0.9025 -233.3456527788743
0.9075 202.21558831133072
0.9125 79.31941537745297
0.9175 -56.84535971294758
0.9225 -105.17628658175546
0.9275 -266.96643760656184
0.9325 46.01919272636182
0.9375 148.49383033319594
0.9425 -169.82343888082568
0.9475 12.563251679015107
0.9524999999999999 286.25593791809956
0.9574999999999999 78.18047901883962
0.9624999999999999 119.2531667058743
0.9674999999999999 -54.300964198892274
0.9724999999999999 -271.58002521242065
0.9774999999999999 243.43057277707672
0.9824999999999999 -196.43712193915928
0.9874999999999999 58.81584659764079
0.9924999999999999 -4.185897499220688
0.9974999999999999 238.51545484829933
1.0025 -34.579430703180456
1.0075 -23.686945925294626
1.0125 -29.882439586887696
1.0174999999999998 -150.8534075419769
1.0225 145.5895551982087
1.0274999999999999 -87.51838678600105
1.0325 23.0376525440589
1.0374999999999999 116.56175526711158
1.0425 -90.5651713402285
1.0474999999999999 9.277353639505215
1.0525 -82.75329411911967
1.0574999999999999 33.02440814738738
1.0625 -138.65354326311427
1.0675 278.6407302905567
1.0725 -78.19984693929395
1.0775 24.06092140267572
1.0825 -88.39751089338901
1.0875 -60.757452793068474
1.0925 -236.44726306175627
1.0975 72.56566348206138
1.1025 199.08900250355063
1.1075 29.269930385468307
1.1125 -226.3718492531408
1.1175 82.32192280490881
1.1225 7.900545426816764
1.1275 -72.57215665009412
1.1324999999999998 -39.19432994319301
1.1375 -81.3703216996128
1.1424999999999998 -81.97360472323088
1.1475 142.97280058594455
1.1524999999999999 -193.0594774064824
1.1575 110.71547577754424
1.1624999999999999 45.56703790579917
1.1675 -121.6245975714676
1.1724999999999999 -135.1226241212507
1.1775 83.54005802329917
1.1824999999999999 164.5132943254714
1.1875 82.77602586536717
1.1925 85.44217308287008
1.1975 55.66060089936217
1.2025 -221.2532106529635
1.2075 67.25743163879164
1.2125 -135.2785264726173
1.2175 311.4620777859063
1.2225 -167.14642304797056
1.2275 83.67181541104158
1.2325 -2.6658306252302717
1.2375 -43.34241927212943
1.2425 -20.568220185184995
1.2475 -12.265894294892403
1.2525 192.61300657515747
1.2574999999999998 39.16650868379821
1.2625 94.79798761318017
1.2674999999999998 -377.8252402719639
1.2725 9.756377485715618
1.2774999999999999 85.29366656910832
1.2825 99.76150393799838
1.2874999999999999 -64.50564765896299
1.2925 -53.21393923574353
1.2974999999999999 148.76832372866298
1.3025 -74.8883651913929
1.3074999999999999 -368.0218117927252
1.3125 214.7889535739189
1.3175 14.271394626977528
1.3225 -126.09828034139669
1.3275 178.4613411322897
1.3325 134.10778930183113
1.3375 -261.1667116553692
1.3425 138.54897701984066
1.3475 -7.896991329857246
1.3525 -56.38649671530249
1.3575 343.2497538795354
1.3625 -63.02617670417149
1.3675 23.618932009973513
1.3724999999999998 -315.1115913930669
1.3775 -201.7876808271222
1.3824999999999998 328.5418190365786
1.3875 5.158205791866766
1.3924999999999998 124.75928635187886
1.3975 64.07842783527686
1.4024999999999999 332.449565091629
1.4075 -204.10620203154986
1.4124999999999999 229.4891209188909
1.4175 -310.1510583948853
1.4224999999999999 160.1207418124008
1.4275 78.18366941628058
1.4324999999999999 94.26433598455795
1.4375 -156.82494098766398
1.4425 -138.44798803239607
1.4475 43.734709730910055
1.4525 -216.7610442103242
1.4575 316.07369873004143
1.4625 -104.04471579631522
1.4675 -49.821820672805465
1.4725 41.651714163384675
1.4775 90.54544524680405
1.4825 -154.53251686849853
1.4874999999999998 -227.39641237675926
1.4925 -45.37813521808782
1.4974999999999998 65.0787023050127
1.5025 -115.75456076617101
1.5074999999999998 62.78597159399548
1.5125 320.1133140196471
1.5174999999999998 -15.064126150753754
1.5225 9.818965383183244
1.5274999999999999 -141.65196578179516
1.5325 307.2558683791307
1.5374999999999999 -90.32589390067687
1.5425 -473.5712930295235
1.5474999999999999 75.72111708382745
1.5525 111.15031694174763
1.5574999999999999 -53.05439809635278
1.5625 -60.80537235933374
1.5675 -41.85885051328338
1.5725 89.60505145532646
1.5775 189.53246132363446
1.5825 -59.08361707856304
1.5875 -364.42716154738207
1.5925 -80.2592407239522
1.5975 258.59698112760077
1.6025 -100.82331727256147
1.6075 102.32523443526642
1.6124999999999998 61.79318612368038
1.6175 96.1447693420775
1.6224999999999998 -83.077609348418
1.6275 93.48390629435242
1.6324999999999998 14.824242633060855
1.6375 -149.58441281450084
1.6424999999999998 -14.338345339653959
1.6475 249.02762730314032
1.6524999999999999 32.01486591915275
1.6575 74.67045286161998
1.6624999999999999 -234.027695170087
1.6675 172.25517781108687
1.6724999999999999 13.764885150219255
1.6775 5.6572775871537395
1.6824999999999999 -41.19725227203375
1.6875 -15.03235810311786
1.6925 -1.5769240039356112
1.6975 -16.69574219350639
1.7025 61.566846333934514
1.7075 -137.13831975087453
1.7125 324.54640613375665
1.7175 4.448839092685673
1.7225 -154.39933810514128
1.7274999999999998 -41.3475624143414
1.7325 92.07214108401647
1.7374999999999998 -137.9686691737687
1.7425 136.64587612930265
1.7474999999999998 -459.0513895218136
1.7525 217.4635703584302
1.7574999999999998 20.090555869881136
1.7625 -88.35342930116316
1.7674999999999998 123.59455022314876
1.7725 -59.500374093450986
1.7774999999999999 134.73547414198953
1.7825 -86.45171188990811
1.7874999999999999 3.840301374214527
1.7925 -40.77329403299535
1.7974999999999999 336.1837706845078
1.8025 -118.04328920347034
1.8074999999999999 -65.18284484624225
1.8125 34.72179116878284
1.8175 -50.50864773908823
1.8225 25.372286071387276
1.8275 -13.107940657476375
1.8325 -164.29714943851076
1.8375 -187.21915658876674
1.8425 -57.42826293141608
1.8475 282.0569953961327
1.8524999999999998 23.55045136448152
1.8575 -62.56355289033983
1.8624999999999998 -208.69872723773938
1.8675 101.57502395283547
1.8724999999999998 297.32307688924413
1.8775 -166.32368578757578
1.8824999999999998 -47.15469367722179
1.8875 5.0208321151045086
1.8924999999999998 -108.89615512382282
1.8975 -29.58553827459253
1.9024999999999999 -56.03624328900847
1.9075 -10.589189775429128
1.9124999999999999 54.967610481560136
1.9175 124.94862787385011
1.9224999999999999 -23.426760434675465
1.9275 -19.796498887829472
1.9324999999999999 -68.88757590907142
1.9375 248.51641216779566
1.9425 -37.25022505706973
1.9475 41.92074380914697
1.9525 -45.69040309821081
1.9575 -85.5193129086144
1.9625 28.405488211828917
1.9674999999999998 4.051508158594744
1.9725 117.86354716448639
1.9774999999999998 25.79971695658852
1.9825 133.3194898067032
1.9874999999999998 -10.28422338683471
1.9925 -78.07762784775299
1.9974999999999998 -50.635240435765816
2.0025 114.32230521971745
2.0075 -417.62226656934536
2.0124999999999997 1.6186778666089285
2.0175 452.47145204749285
2.0225 -272.88109813216545
2.0275 33.753173294623494
2.0324999999999998 88.67717319062444
2.0375 -449.04482755852433
2.0425 383.5629307173599
2.0475 -114.5466523598037
2.0524999999999998 -57.478817625040584
2.0575 -334.1041152575682
2.0625 467.117872574353
2.0675 54.34596545153695
2.0725 -32.431500692053454
2.0775 62.12945094721718
2.0825 -308.7761079371985
2.0875 105.07646017613841
2.0925 209.36969959064842
2.0974999999999997 -93.95305745528702
2.1025 -273.18551745826045
2.1075 338.3825346773303
2.1125 -307.5444581244887
2.1174999999999997 86.61879632376801
2.1225 83.48741580760081
2.1275 83.42085892729017
2.1325 136.55294103347603
2.1374999999999997 -82.63414887406145
2.1425 -65.412758339036
2.1475 163.22768149722765
2.1525 -252.1726535581271
2.1574999999999998 153.34958076320942
2.1625 -159.73632800093586
2.1675 189.54665981598248
2.1725 -28.5406806783635
2.1774999999999998 -223.96889173165064
2.1825 301.4468796696497
2.1875 -353.8894885455448
2.1925 118.7578519766161
2.1975 64.89759514278158
2.2024999999999997 2.0614384759819924
2.2075 -213.7499464541982
2.2125 417.3854008431442
2.2175 -161.8974625152057
2.2224999999999997 103.79521911084849
2.2275 104.23146378807276
2.2325 131.95965915070133
2.2375 -20.55614072939515
2.2424999999999997 -257.304620942994
2.2475 27.087131143545776
2.2525 57.845237323874436
2.2575 -56.8671358926597
2.2624999999999997 84.50339435937035
2.2675 139.06845704252615
2.2725 -182.87417291996277
2.2775 33.217104152653306
2.2824999999999998 -40.586122733947214
2.2875 -90.05523014008246
2.2925 14.371493840129625
2.2975 -204.86500929851482
2.3024999999999998 164.16464596673427
2.3075 127.1271910164236
2.3125 -219.3327249517556
2.3175 280.62145681676026
2.3225 -65.53472834114547
2.3274999999999997 -114.6445236502357
2.3325 -248.9918150063356
2.3375 116.80941490157306
2.3425 102.66347739716127
2.3474999999999997 -170.4182957603157
2.3525 243.144661795783
2.3575 -357.6938886718423
2.3625 81.73381542002977
2.3674999999999997 165.13217590036567
2.3725 228.39852876612625
2.3775 -0.674114425947604
2.3825 85.35322354953168
2.3874999999999997 169.46993637041007
2.3925 -33.839794308902455
2.3975 -125.14622684863873
2.4025 -49.348019151664644
2.4074999999999998 -106.9308191138234
2.4125 -42.31361123300139
2.4175 25.109311844969827
2.4225 99.61560016536431
2.4274999999999998 41.51595976530378
2.4325 -159.38667591574162
2.4375 75.74389304246215
2.4425 -214.34916795818367
2.4475 60.908076238036635
2.4524999999999997 148.40737748388972
2.4575 -52.91052383348239
2.4625 174.65937979285073
2.4675 27.591135251695782
2.4724999999999997 -203.08771659795045
2.4775 36.987923918192905
2.4825 -24.97971428497616
2.4875 -14.536714478437563
2.4924999999999997 -17.887908424131368
2.4975 -118.10656028758785
2.5025 46.68179772051176
2.5075 28.533002789413505
2.5124999999999997 1.9715492978309985
2.5175 133.98694711034884
2.5225 -167.22061643391044
2.5275 222.21145466943702
2.5324999999999998 -0.06994715458543353
2.5375 33.58378195445591
2.5425 -155.73632911561737
2.5475 78.04025101141295
2.5524999999999998 -292.7065962668821
2.5574999999999997 126.24770268317913
2.5625 -64.73620025760395
2.5675 10.347951069117714
2.5725 -154.16628645394738
2.5774999999999997 62.99241633583719
2.5825 -42.84819347028285
2.5875 -21.92486675980121
2.5925 25.382870201081303
2.5974999999999997 14.012856771496404
2.6025 96.124946534056
2.6075 -136.45232693023127
2.6125 181.35204964362939
2.6174999999999997 84.6655966469524
2.6225 -140.9216644514804
2.6275 172.4018008245199
2.6325 40.06958125599703
2.6374999999999997 -77.40403265418608
2.6425 60.990278645284846
2.6475 -80.80660086747375
2.6525 40.000238863708
2.6574999999999998 -238.65174690058885
2.6625 45.179082892654314
2.6675 178.43558083751873
2.6725 -136.12537553734586
2.6774999999999998 227.89730030111826
2.6824999999999997 -193.03764227692062
2.6875 67.85617131328651
2.6925 -75.94210349035596
2.6975 43.150017489773596
2.7024999999999997 90.12467727362211
2.7075 201.54605197281055
2.7125 -116.11245372453745
2.7175 -64.81984246229499
2.7224999999999997 -107.32992538579579
2.7275 58.598642192401094
2.7325 308.60335719987813
2.7375 -54.192332784516594
2.7424999999999997 8.421687361556979
2.7475 -172.16133728241394
2.7525 50.523724689462966
2.7575 221.7589582555494
2.7624999999999997 -73.80072178116123
2.7675 -65.08957828909607
2.7725 -83.701951153132
2.7775 15.693721597644949
2.7824999999999998 77.80902759506375
2.7875 29.722068100047817
2.7925 -103.17967912396932
2.7975 -5.370215241609924
2.8024999999999998 2.8139684392630366
2.8074999999999997 32.30388176797168
2.8125 249.63484680823345
2.8175 -277.1151547636557
2.8225 93.03203516994101
2.8274999999999997 -3.2967669180310364
2.8325 -201.23200849163715
2.8375 232.6915941970724
2.8425 -89.8999670261475
2.8474999999999997 -49.47529582449904
2.8525 89.60816316524496
2.8575 163.57829891910532
2.8625 -204.0330574397535
2.8674999999999997 -7.2334784027557895
2.8725 -8.814319940000498
2.8775 -357.9451842488134
2.8825 412.1561938720653
2.8874999999999997 -72.56590322899437
2.8925 166.3248521524573
2.8975 331.57694099466704
2.9025 -251.61182765046632
2.9074999999999998 -56.95780944593012
2.9125 -198.4075896125176
2.9175 2.428681169981835
2.9225 -63.136401869838316
2.9274999999999998 216.22321262575215
2.9324999999999997 -298.3051284867205
2.9375 165.92355605147344
2.9425 -79.3161089224956
2.9475 -70.75168502687602
2.9524999999999997 10.61466018957807
2.9575 131.82052987373046
2.9625 -284.5522238407578
2.9675 145.28570267228596
2.9724999999999997 19.578042982546005
2.9775 -223.68157812553136
2.9825 79.3764722526475
2.9875 26.90481662786586
2.9924999999999997 88.3032166614093
2.9975 173.2983117163451
3.0025 -256.31954106016315
3.0075 54.84792643092899
3.0124999999999997 77.10399528884254
3.0175 -71.64666980183573
3.0225 146.26046712094265
3.0275 -93.64811294261335
3.0324999999999998 133.13917537520635
3.0374999999999996 46.16220795636519
3.0425 -87.01393186940292
3.0475 -17.427222191852042
3.0524999999999998 84.72053534088793
3.0574999999999997 -161.39710869227426
3.0625 -84.45936250608011
3.0675 81.50612583662931
3.0725 77.4634867355416
3.0774999999999997 45.54080732807618
3.0825 -123.97217295930528
3.0875 165.28701794394624
3.0925 -315.8236892598338
3.0974999999999997 78.91982329555931
3.1025 -81.91613019887863
3.1075 -24.979071889516838
3.1125 247.78015295513617
3.1174999999999997 -166.43366541659225
3.1225 149.29261211162594
3.1275 47.129149181007385
3.1325 -16.59552376481022
3.1374999999999997 67.66865421020987
3.1425 61.27486246545549
3.1475 45.88235196676676
3.1525 -47.723707626883744
3.1574999999999998 135.37072403740146
3.1624999999999996 -96.89909951270779
3.1675 -23.12683024489556
3.1725 -144.9907234145738
3.1774999999999998 1.9266555661592355
3.1824999999999997 -156.18860657292072
3.1875 7.492195344721987
3.1925 -150.54932158517647
3.1975 167.71678547544226
3.2024999999999997 -186.71686044724146
3.2075 354.3116857894107
3.2125 -238.72165300081477
3.2175 390.7887642588716
3.2224999999999997 -148.8376608575726
3.2275 -44.39400300672318
3.2325 52.2162269791138
3.2375 -76.42420430818063
3.2424999999999997 32.93507307150579
3.2475 -351.4894664765545
3.2525 149.81243162228458
3.2575 73.64680451334631
3.2624999999999997 -106.66255624375557
3.2675 11.124015312424701
3.2725 171.12288778484765
3.2775 16.327105098711286
3.2824999999999998 -17.800602907357646
3.2874999999999996 105.84890831329699
3.2925 -262.9244893240242
3.2975 10.263155657993746
3.3024999999999998 351.18860144479584
3.3074999999999997 81.68020237399571
3.3125 73.7884991614509
3.3175 -77.79069919204667
3.3225 -43.68550581782378
3.3274999999999997 68.16733888393983
3.3325 142.58135358371746
3.3375 -262.3588694645871
3.3425 36.19569057327964
3.3474999999999997 -6.048531686524771
3.3525 -27.697757897312336
3.3575 -2.8884460476920912
3.3625 -78.98908910567762
3.3674999999999997 82.30144904843642
3.3725 218.69805626501716
3.3775 -98.66823371198802
3.3825 -80.04860027919857
3.3874999999999997 0.08332324389764412
3.3924999999999996 -376.25735184570203
3.3975 171.49228728015302
3.4025 134.9903706599971
3.4074999999999998 -9.531257220983477
3.4124999999999996 25.02531620435011
3.4175 -207.37028606080798
3.4225 73.05090285303963
3.4274999999999998 194.09400042299453
3.4324999999999997 -62.65651535573948
3.4375 -288.2157314579756
3.4425 9.708926277979241
3.4475 -115.94208023776841
3.4524999999999997 108.36577187906543
3.4575 79.32657120495585
3.4625 46.17370159802458
3.4675 -4.237063863327112
3.4724999999999997 273.2839587726846
3.4775 -55.635057455823656
3.4825 -362.1752233427854
3.4875 240.7245354595563
3.4924999999999997 -53.158633486885066
3.4975 138.51653775974307
3.5025 -100.60029108445536
3.5075 -83.10157825200028
3.5124999999999997 217.26833543051217
3.5174999999999996 40.24741018814294
3.5225 70.53473457969378
3.5275 -236.08930681125221
3.5324999999999998 47.08499442780748
3.5374999999999996 -132.83006262788214
3.5425 44.112778406888694
3.5475 -104.30741843235411
3.5524999999999998 -73.61256728283573
3.5574999999999997 -55.9346124324425
3.5625 143.58442777655614
3.5675 -117.94590971005374
3.5725 -127.31209379893777
3.5774999999999997 -10.844711188159415
3.5825 136.84545097672898
3.5875 -7.8276353843661886
3.5925 111.45277917889028
3.5974999999999997 -255.1548017734054
3.6025 145.1779905071276
3.6075 -23.40176023768627
3.6125 -56.9008104679093
3.6174999999999997 -271.95503599653546
3.6225 305.91014318524543
3.6275 155.20032918708665
3.6325 -167.33019308543936
3.6374999999999997 300.7360862656821
3.6424999999999996 -246.35363172898613
3.6475 171.73632886759495
3.6525 116.35850355440054
3.6574999999999998 -54.087817859192434
3.6624999999999996 -18.625433413751374
3.6675 -233.9177050143117
3.6725 171.079652544034
3.6774999999999998 -230.32046808114808
3.6824999999999997 91.37913954732538
3.6875 138.56142859655614
3.6925 42.99352274505223
3.6975 -57.52836503942686
3.7024999999999997 -17.62783063541377
3.7075 -183.40688165733644
3.7125 114.63651712903258
3.7175 301.5461070039994
3.7224999999999997 -64.54578197978597
3.7275 -51.14182938955347
3.7325 71.4515029030968
3.7375 1.0726243570306582
3.7424999999999997 234.94857050845857
3.7474999999999996 -205.61536061746565
3.7525 -61.11816008041565
3.7575 14.892325235483522
3.7624999999999997 -172.9309894137314
3.7674999999999996 66.92763907369041
3.7725 -85.8331545391867
3.7775 14.578193855873652
3.7824999999999998 95.40251467970248
3.7874999999999996 8.817926670754307
3.7925 -299.9386851374686
3.7975 111.52288607704139
3.8024999999999998 -25.551302553516894
3.8074999999999997 107.37074578812735
3.8125 -175.8598082133346
3.8175 159.8702465322719
3.8225 -127.97662703214156
3.8274999999999997 7.210651126171668
3.8325 2.034337730054877
3.8375 164.47933552773262
3.8425 -210.5249401552388
3.8474999999999997 46.708882281547126
3.8525 -102.03941744641568
3.8575 135.18562282548277
3.8625 -22.147731403278996
3.8674999999999997 -36.83259948588761
3.8724999999999996 126.40550300916789
3.8775 -52.2940002525724
3.8825 103.66808889154672
3.8874999999999997 -139.9001070464772
3.8924999999999996 21.797631930833276
3.8975 -73.42562073008921
3.9025 -23.927515261327137
3.9074999999999998 194.60471823477536
3.9124999999999996 -54.168859164938574
3.9175 -22.121869525285007
3.9225 -150.80686689888174
3.9274999999999998 188.46279761753271
3.9324999999999997 74.59949119064957
3.9375 88.79651663481428
3.9425 -136.31455928951874
3.9475 58.728143695720185
3.9524999999999997 -65.03569602120422
3.9575 54.931136512168905
3.9625 152.70733004681884
3.9675 -220.4715048564154
3.9724999999999997 -72.72950195693123
3.9775 81.72452081829587
3.9825 -19.612242843062642
3.9875 159.47176000677925
3.9924999999999997 -210.99407883209525
3.9974999999999996 41.8184506549682
4.0024999999999995 10.562261931516261
4.007499999999999 -57.74652290585014
4.0125 78.75258809877485
4.0175 106.63549273623792
4.0225 -137.51263129503218
4.0275 477.0038680321056
4.0325 -267.95495605517374
4.0375 -6.378304513953148
4.0424999999999995 -130.8622321707868
4.047499999999999 -35.292530717390626
4.0525 141.50974953278913
4.0575 6.007101258517374
4.0625 -121.41201651871843
4.0675 127.9024354883845
4.0725 -22.649144349736044
4.0775 97.57126017221131
4.0825 -80.62503217265895
4.0874999999999995 39.75491301168539
4.0925 157.93755676476613
4.0975 27.794869353131492
4.1025 -121.97489573648677
4.1075 87.10287324450323
4.1125 -195.45066699845256
4.1175 194.11297201097784
4.1225 -388.2846383344907
4.1274999999999995 -30.134932845847924
4.132499999999999 124.16688404938564
4.1375 -296.49439306277037
4.1425 187.61731861046954
4.1475 171.88285582435344
4.1525 137.71267787283983
4.1575 -145.80700040305726
4.1625 15.662110530300527
4.1674999999999995 6.072717967677494
4.172499999999999 79.65660746452464
4.1775 -3.154448559464086
4.1825 8.561928527432226
4.1875 -118.48744868751116
4.1925 333.4593670676384
4.1975 -429.0994922746273
4.2025 17.916900433871852
4.2075 -3.7447988019023706
4.2124999999999995 316.1737787318586
4.2175 22.752751078939717
4.2225 -213.70201335117898
4.2275 -223.08408192442667
4.2325 268.89352470404197
4.2375 41.92231742801179
4.2425 -0.2600205165701851
4.2475 73.80845684357027
4.2524999999999995 -73.73247390862448
4.257499999999999 71.91686196363331
4.2625 -32.28045630831544
4.2675 -14.83102186576557
4.2725 -293.1665829960353
4.2775 217.4402470083349
4.2825 68.01587671945963
4.2875 -140.00453959991333
4.2924999999999995 302.33090898349667
4.297499999999999 -118.70152532952511
4.3025 111.81781638532483
4.3075 -56.91201751855877
4.3125 4.946238712328014
4.3175 65.59235366131834
4.3225 49.34557141706113
4.3275 -82.61374640348423
4.3325 31.270028253322888
4.3374999999999995 144.64660235165266
4.342499999999999 -361.8786871774381
4.3475 120.67899040266546
4.3525 172.26185572373757
4.3575 84.13827030717522
4.3625 -64.77608009403153
4.3675 -30.954174169625862
4.3725 71.2899376818024
4.3774999999999995 -270.9898537932985
4.382499999999999 49.29748439308972
4.3875 72.54072295863647
4.3925 133.27759041158865
4.3975 66.01189289857254
4.4025 -43.95173465491123
4.4075 -76.49338722007296
4.4125 -78.31809244253488
4.4174999999999995 -175.61301098359257
4.422499999999999 152.24870153272732
4.4275 -29.42256786257503
4.4325 99.58989697826011
4.4375 77.63105063037139
4.4425 -133.97319653159025
4.4475 -158.839638943717
4.4525 30.170966467757673
4.4575 -21.749303844084007
4.4624999999999995 -156.90702233718534
4.467499999999999 161.95044145560303
4.4725 10.126001990491625
4.4775 -86.43193974191361
4.4825 -76.75877681131043
4.4875 -11.315971286542887
4.4925 9.393164303422227
4.4975 91.78432186451074
4.5024999999999995 18.64891940227105
4.507499999999999 -42.1762904532024
4.5125 49.56275845314871
4.5175 -36.29724090014035
4.5225 -41.4208797107753
4.5275 153.00425859710256
4.5325 173.999908088475
4.5375 -109.59307143054879
4.5424999999999995 31.1062684659755
4.547499999999999 -142.15212420176528
4.5525 -116.85237697299434
4.5575 79.86941326357544
4.5625 245.93876676741849
4.5675 6.421356325993688
4.5725 -100.39737175415527
4.5775 24.876784689536052
4.5825 96.01623156353187
4.5874999999999995 -184.51037941908453
4.592499999999999 5.639941594328025
4.5975 227.1786622906572
4.6025 -100.11837382698826
4.6075 -151.36804236072885
4.6125 7.593295652641505
4.6175 -35.105862860584885
4.6225 15.204617853489827
4.6274999999999995 67.2100464864671
4.632499999999999 137.592486235055
4.6375 -91.48748042315658
4.6425 -21.673778823148556
4.6475 15.98586152532404
4.6525 84.74488031293046
4.6575 -130.73573921514938
4.6625 -32.45661345957019
4.6674999999999995 -12.408999923437465
4.672499999999999 -51.2388184718009
4.6775 154.67355306783656
4.6825 -290.4834145357965
4.6875 241.6470619200548
4.6925 -112.78125983116742
4.6975 -5.249477001871363
4.7025 -3.0691683910946925
4.7075 338.4695368918644
4.7124999999999995 -161.57257028793745
4.717499999999999 -112.06344409215771
4.7225 47.85442365500611
4.7275 -151.48256481253063
4.7325 66.28174465130553
4.7375 188.0841850370823
4.7425 74.80616508687318
4.7475 153.06071623654907
4.7524999999999995 -88.94146720943375
4.757499999999999 -154.49060563078027
4.7625 -110.98470316189247
4.7675 353.98212639201813
4.7725 -11.36959512250477
4.7775 91.76985783467055
4.7825 -223.4793825099028
4.7875 188.7098180145625
4.7924999999999995 -323.7471685466681
4.797499999999999 -56.20402035070513
4.8025 15.874568156802079
4.8075 54.75223819290746
4.8125 -146.52080571011095
4.8175 -61.87710360311557
4.8225 83.30413519862668
4.8275 56.781595976515476
4.8325 3.743844419627385
4.8374999999999995 58.92889451369547
4.842499999999999 235.69842549072925
4.8475 -132.9879119032996
4.8525 59.189436006140774
4.8575 17.069670300472623
4.8625 -62.01050421791576
4.8675 -213.12849605407746
4.8725 20.166131419259106
4.8774999999999995 -147.89978296146217
4.882499999999999 60.570047010466766
4.8875 328.09982122246925
4.8925 -316.30450581307775
4.8975 -216.25219726676144
4.9025 72.03756335971586
4.9075 133.68765109199788
4.9125 -64.87200676314119
4.9174999999999995 106.26755198654128
4.922499999999999 -70.86291997188633
4.9275 147.12308527044087
4.9325 -153.1151077364007
4.9375 -126.57036810619539
4.9425 242.77151503749303
4.9475 -184.88944695289433
4.9525 214.75664063492763
4.9575 -85.59196333487463
4.9624999999999995 -71.96899915807543
4.967499999999999 -10.020810720910818
4.9725 20.96617482973828
4.9775 78.58342571561244
4.9825 -8.432947835507651
4.9875 78.34484488432827
4.9925 -161.17920346806355
4.9975 5.2373751767189445
5.0024999999999995 -60.68244716899431
5.007499999999999 248.17810546144153
5.0125 63.03943568329141
5.0175 113.2595245006874
5.0225 -77.69909309952591
5.0275 -154.1012023987855
5.0325 319.1375863725549
5.0375 -164.74443708053082
5.0424999999999995 167.8840171194456
5.047499999999999 -197.37129099495502
5.0525 72.76560952932195
5.0575 26.10240943368507
5.0625 -4.592228220005238
5.0675 -19.956948206892665
5.0725 -124.53139728639803
5.0775 -178.97932372352756
5.0825 -107.74025528806283
5.0874999999999995 253.09632881697826
5.092499999999999 -334.5022001707623
5.0975 44.65937312345677
5.1025 104.33877212044446
5.1075 -114.3147004259493
5.1125 -54.97274589507689
5.1175 164.90280493040652
5.1225 18.601911371082608
5.1274999999999995 24.312076184247122
5.132499999999999 24.60170495360058
5.1375 -25.327074168429018
5.1425 37.19254858342803
5.1475 -73.38596906115988
5.1525 24.78753356455635
5.1575 108.60246868368296
5.1625 42.47728654310894
5.1674999999999995 107.24013713294534
5.172499999999999 -149.26353378246282
5.177499999999999 61.77731650836362
5.1825 -219.0306578957197
5.1875 142.0202531250272
5.1925 -21.427542669653672
5.1975 -310.2876375645227
5.2025 70.4571234183216
5.2075 92.96993913528104
5.2124999999999995 225.15867029598985
5.217499999999999 -152.24405265284656
5.2225 101.22652717942593
5.2275 -167.75007398181071
5.2325 92.49939064579638
5.2375 57.49949277156838
5.2425 135.76726046436752
5.2475 127.29438805370717
5.2524999999999995 -46.22812086220269
5.257499999999999 -125.36113339400418
5.2625 -323.17380520341493
5.2675 74.19223010175868
5.2725 174.721279766627
5.2775 143.02980561685172
5.2825 43.44680313930581
5.2875 -165.3028922963045
5.2924999999999995 143.99220665039837
5.297499999999999 -30.37226572986947
5.302499999999999 135.16399823109822
5.3075 -22.017376442985473
5.3125 -160.98878597975252
5.3175 175.8030047698596
5.3225 -223.42766770165986
5.3275 -104.69073377653221
5.3325 225.99358964807337
5.3374999999999995 88.20464540730548
5.342499999999999 -63.48501101639867
5.3475 -229.34617286276747
5.3525 159.42439329273074
5.3575 140.64894198581453
5.3625 17.328930686364878
5.3675 192.56005454378746
5.3725 -180.209001796175
5.3774999999999995 91.3600321641528
5.382499999999999 -230.34125816672415
5.3875 167.05280884461308
5.3925 -112.69678548618862
5.3975 -221.6461466652311
5.4025 217.13683265874963
5.4075 -170.46288421598055
5.4125 -28.713076158132495
5.4174999999999995 233.14022702729005
5.422499999999999 -69.06971475946288
5.427499999999999 -468.985970297537
5.4325 8.107736252692558
5.4375 213.99330166406642
5.4425 -219.3927420831255
5.4475 156.22837614154923
5.4525 27.929455544148084
5.4575 91.76460971904176
5.4624999999999995 -132.78865562191322
5.467499999999999 -117.68498728052225
5.4725 249.5942245721374
5.4775 -142.08951393493507
5.4825 170.8691655267907
5.4875 25.938491744954813
5.4925 292.3528845371342
5.4975 73.18667172541396
5.5024999999999995 17.17288464473985
5.507499999999999 -103.81934288937049
5.5125 -105.26968867092195
5.5175 -64.05140748747051
5.5225 126.70045173927933
5.5275 -143.75815232542323
5.5325 -63.759769423019996
5.5375 100.7797849550992
5.5424999999999995 60.36026160170139
5.547499999999999 -4.070863710107414
5.552499999999999 158.85309924710012
5.5575 -31.361696585305413
5.5625 -174.71606770514728
5.5675 4.02000104299405
5.5725 108.2525252704373
5.5775 -109.61783773611461
5.5825 28.397326651205503
5.5874999999999995 -29.48366395383184
5.592499999999999 100.2497642256
5.5975 -19.681829966047058
5.6025 -242.85072881566109
5.6075 73.15532991282346
5.6125 180.0783162956533
5.6175 -76.87490110684918
5.6225 87.02383774686527
5.6274999999999995 -125.10269666120033
5.632499999999999 -219.53618749570887
5.6375 -68.92165704748581
5.6425 87.8104505262629
5.6475 92.0861245673148
5.6525 115.43719010548372
5.6575 -38.75524340293433
5.6625 201.03200862632195
5.6674999999999995 -193.34454970116016
5.672499999999999 -51.85556495682971
5.677499999999999 114.21496030685874
5.6825 -76.17209251264454
5.6875 67.60745170000024
5.6925 -75.77894043865135
5.6975 196.57611443405722
5.7025 -284.1421111844767
5.7075 84.4499111872237
5.7124999999999995 13.344434427232429
5.717499999999999 -136.40602958685025
5.7225 246.59298035574457
5.7275 255.80310287603425
5.7325 -148.11623161120806
5.7375 -142.69334217886976
5.7425 147.377330971582
5.7475 -39.884041736156405
5.7524999999999995 4.155120480139057
5.757499999999999 -17.505529106192515
5.7625 -23.76701847316072
5.7675 8.606607611911645
5.7725 268.33151427284065
5.7775 -19.49963310334545
5.7825 -56.713557323311036
5.7875 87.05585626556974
5.7924999999999995 -83.72712115990002
5.797499999999999 -88.3099056271568
5.802499999999999 87.83968241452088
5.8075 -12.181885890577574
5.8125 40.849545663461
5.8175 -329.8044700759977
5.8225 267.3515401312251
5.8275 -241.88382320107036
5.8325 -16.974441555475266
5.8374999999999995 95.24005915777764
5.842499999999999 -68.63294558647848
5.8475 3.00680760844943
5.8525 -58.76205459670616
5.8575 63.729122869955965
5.8625 22.800644410548134
5.8675 -22.62127159763116
5.8725 -46.33764507731403
5.8774999999999995 85.4985875626053
5.882499999999999 -122.61939786342818
5.8875 -55.8532737457586
5.8925 172.70037970742365
5.8975 -66.29414398898018
5.9025 -36.89626690247615
5.9075 2.2647050577399135
5.9125 66.7290662421229
5.9174999999999995 -152.53363036741956
5.922499999999999 -9.615488134663673
5.927499999999999 -76.16800905129892
5.9325 72.58333554166364
5.9375 -92.96814274388186
5.9425 56.00586858949195
5.9475 138.36927366669556
5.9525 64.09913554896488
5.9575 -160.1131225443392
5.9624999999999995 88.57318065570863
5.967499999999999 27.349956416325377
5.9725 28.34164894590201
5.9775 234.95699375772796
5.9825 -135.1238797004135
5.9875 -196.54701866994972
5.9925 -29.610420506090268
5.9975 48.62643456981472
6.0024999999999995 5.664497891054616
6.007499999999999 234.30521000851536
6.012499999999999 -31.529792081457536
6.0175 -272.73744024353374
6.0225 136.02335703288495
6.0275 -35.425480523742706
6.0325 -100.7883068927329
6.0375 148.3322406371872
6.0424999999999995 59.59187531313664
6.047499999999999 -135.41351399631537
6.052499999999999 378.53859391527027
6.0575 -300.14725970579633
6.0625 141.88377922297835
6.0675 -242.93994160021126
6.0725 175.7788595430664
6.0775 -25.27574253420852
6.0825 -245.02007915270664
6.0874999999999995 102.83739129610335
6.092499999999999 146.92124756461345
6.0975 -29.287706133645322
6.1025 91.06619242808708
6.1075 11.585781853331854
6.1125 51.076012935144014
6.1175 -82.87053642224141
6.1225 35.18636493310852
6.1274999999999995 -207.10107104540143
6.132499999999999 26.895061480431917
6.137499999999999 -77.0276062841738
6.1425 242.71726854374467
6.1475 -125.4444154519578
6.1525 181.91681973045763
6.1575 9.813372779370827
6.1625 -77.20983974381052
6.1674999999999995 365.1599405477708
6.172499999999999 -240.07444125514044
6.177499999999999 -73.05970296027617
6.1825 24.63503082996301
6.1875 -158.08310104858518
6.1925 90.75580778512382
6.1975 65.98274798765964
6.2025 -65.76536620653316
6.2075 143.91563921716696
6.2124999999999995 -340.75212349170783
6.217499999999999 234.43215298309394
6.2225 -243.0510728566468
6.2275 116.85812695185169
6.2325 16.28732658233772
6.2375 -145.69693024391464
6.2425 312.74693581264376
6.2475 -288.3328892838575
6.2524999999999995 -120.67991307307942
6.257499999999999 -23.644718621641665
6.262499999999999 -59.436265605666286
6.2675 51.28903137472374
6.2725 83.2921112714898
6.2775 -12.555181865674367
6.2825 70.57515049131622
6.2875 59.82894660720055
6.2924999999999995 24.672318188852774
6.297499999999999 -88.38381242208678
6.302499999999999 178.68455289564085
6.3075 -49.004764967335475
6.3125 6.458474467234804
6.3175 199.5276671510519
6.3225 -4.648174522140223
6.3275 -17.98482273349478
6.3325 -160.6738979564536
6.3374999999999995 -255.21475472444243
6.342499999999999 -11.961592562151484
6.3475 -62.07680696952032
6.3525 65.66722740484168
6.3575 162.62200937634248
6.3625 -42.478774335992945
6.3675 78.51080068515795
6.3725 3.669097391963802
6.3774999999999995 107.95333892775524
6.382499999999999 -111.00403450185976
6.387499999999999 -72.17419489997862
6.3925 69.49274545946137
6.3975 228.68883387973636
6.4025 -161.20848022663117
6.4075 -29.211121068092847
6.4125 146.07808444449913
6.4174999999999995 -88.4215987493464
6.422499999999999 8.811196387478283
6.427499999999999 50.6155238164243
6.4325 -284.7686887411877
6.4375 182.83197903876913
6.4425 -176.34735189182695
6.4475 147.84276845647202
6.4525 24.014159960813533
6.4575 -8.735868216933483
6.4624999999999995 -230.74931692076748
6.467499999999999 398.8998643373573
6.4725 36.16255023104209
6.4775 -103.96327184204276
6.4825 29.21662051008937
6.4875 -82.1985157686307
6.4925 -78.44563912673398
6.4975 211.7191009434984
6.5024999999999995 -242.62054815701714
6.507499999999999 53.09661587657858
6.512499999999999 -61.422903696475736
6.5175 195.75980843119467
6.5225 -31.710620745124608
6.5275 -89.51348470656693
6.5325 -151.18110607157223
6.5375 85.07681375761447
6.5424999999999995 78.46325723669709
6.547499999999999 13.887655054417458
6.552499999999999 -215.70128539480112
6.5575 3.5344290264358715
6.5625 307.16732359967034
6.5675 93.42979901698997
6.5725 -193.30227183616853
6.5775 -57.24578261928415
6.5825 -39.669164665715776
6.5874999999999995 210.97573018151544
6.592499999999999 -78.23352987015839
6.5975 7.516884475986918
6.6025 -43.752691803560694
6.6075 134.19740807386393
6.6125 -204.45219429165033
6.6175 47.19653412248673
6.6225 71.76666590507477
6.6274999999999995 11.711398982632243
6.632499999999999 -99.10576133794815
6.637499999999999 113.58008582198462
6.6425 -216.4305237198479
6.6475 84.09802571855319
6.6525 -31.622606777479728
6.6575 229.99543163728345
6.6625 -208.36688787596265
6.6674999999999995 17.20994002018127
6.672499999999999 -173.86126475300992
6.677499999999999 105.53165259165797
6.6825 111.0162089616483
6.6875 108.5009850701565
6.6925 -240.4793814568721
6.6975 135.23979944786922
6.7025 -139.00879874204875
6.7075 24.611280356627024
6.7124999999999995 -78.16984521600223
6.717499999999999 99.49579716235806
6.722499999999999 73.5515116867044
6.7275 69.26552925124831
6.7325 -34.074335825436
6.7375 -60.446590037876334
6.7425 -9.039406716481022
6.7475 55.38262824561185
6.7524999999999995 -171.7983088118424
6.757499999999999 -137.00051579284394
6.762499999999999 74.56082035247687
6.7675 101.97981493776028
6.7725 -63.568714802629046
6.7775 144.77834921263621
6.7825 -77.76580024931926
6.7875 -78.49033100780464
6.7924999999999995 164.28116613419834
6.797499999999999 141.07738001866954
6.802499999999999 -139.3429078046198
6.8075 -2.2476624983173736
6.8125 67.72064139833827
6.8175 3.543054784228809
6.8225 -132.8201811593419
6.8275 142.09258814327515
6.8325 -145.04840110537202
6.8374999999999995 172.18044670514604
6.842499999999999 26.87874171458948
6.847499999999999 199.12326040104946
6.8525 -116.88550756975592
6.8575 -86.90794413537807
6.8625 82.04655799118501
6.8675 0.8069731758355578
6.8725 -33.29296918789987
6.8774999999999995 -16.08643917966625
6.882499999999999 -150.28040224010934
6.887499999999999 65.15221474123892
6.8925 45.07296500512501
6.8975 -48.84527509654996
6.9025 230.8183111405073
6.9075 14.9558051441799
6.9125 -231.22965095370233
6.9174999999999995 66.46839448103674
6.922499999999999 138.23996651366187
6.927499999999999 -43.454262466425014
6.9325 154.3302317096274
6.9375 -62.83560539359662
6.9425 -79.86291667434608
6.9475 107.93930406071523
6.9525 -29.33880341589674
6.9575 -34.75579681059854
6.9624999999999995 234.5833886906742
6.967499999999999 -42.03411736390768
6.972499999999999 -76.78024462278024
6.9775 -186.409096440896
6.9825 126.5751508732904
6.9875 79.23343294268325
6.9925 -10.839575906227147
6.9975 -84.62470492582959
7.0024999999999995 5.792594927365282
7.007499999999999 -456.2946244565099
7.012499999999999 -49.59668781297083
7.0175 90.67800074379656
7.0225 93.73471773910445
7.0275 93.08313442595971
7.0325 -47.498837931908554
7.0375 -69.5190185225252
7.0424999999999995 -107.35676523258383
7.047499999999999 91.99231843153683
7.052499999999999 104.41079304652497
7.0575 13.132469584629932
7.0625 -156.67098529717921
7.0675 240.7259878891098
7.0725 12.472605363733232
7.0775 16.431232639309467
7.0825 -55.739331976292384
7.0874999999999995 -0.8427449446187015
7.092499999999999 -51.71079912682821
7.097499999999999 18.960894506913295
7.1025 92.32408964899803
7.1075 -122.87336921091658
7.1125 -14.934069360904894
7.1175 -237.8819432497361
7.1225 7.8978842621773975
7.1274999999999995 -98.74700136940527
7.132499999999999 204.52057006430715
7.137499999999999 144.8459661375639
7.1425 20.423057233205572
7.1475 -130.81826532023248
7.1525 168.5719851548041
7.1575 24.72879451329627
7.1625 12.377122792262906
7.1674999999999995 -129.12736257159017
7.172499999999999 -104.37930487909021
7.177499999999999 -90.25608280444969
7.1825 163.52511023303774
7.1875 18.801092945377217
7.1925 -105.86146548656225
7.1975 59.12201902383916
7.2025 142.21933824789377
7.2075 -61.708487492945665
7.2124999999999995 10.118500317840109
7.217499999999999 96.17631779165477
7.222499999999999 90.27956899857014
7.2275 -120.9223519779332
7.2325 -105.92318782128277
7.2375 129.93014838368057
7.2425 -129.35067698728824
7.2475 168.6115540570919
7.2524999999999995 21.015660859961955
7.257499999999999 90.63979316525393
7.262499999999999 -131.76652049522542
7.2675 91.6708736684505
7.2725 21.384203477096303
7.2775 156.98783415958835
7.2825 -159.40553828860178
7.2875 228.86929200149166
7.2924999999999995 83.07454500891436
7.297499999999999 -161.70369528064145
7.302499999999999 -156.50296309358566
7.3075 293.9977158071652
7.3125 -221.474125806493
7.3175 -87.68731573828576
7.3225 -15.039006146090305
7.3275 92.23352892942411
7.3325 -123.24305779733714
7.3374999999999995 -19.187924194117834
7.342499999999999 25.35049883857835
7.347499999999999 -11.148142117389876
7.3525 -7.664718658818866
7.3575 -60.71027159669681
7.3625 -182.7104719508805
7.3675 290.49964002135494
7.3725 -126.06454938219495
7.3774999999999995 82.37584849568097
7.382499999999999 152.41007700919332
7.387499999999999 -185.06601885844807
7.3925 205.83924267218708
7.3975 -151.7663033339649
7.4025 -12.896035159476941
7.4075 152.355194172872
7.4125 -213.37045860664486
7.4174999999999995 29.34900318730796
7.422499999999999 73.95030228749552
7.427499999999999 6.448197455730461
7.4325 -87.73632806436083
7.4375 216.9358434096862
7.4425 41.38591376538276
7.4475 63.11063183781537
7.4525 -20.635220373628062
7.4575 -117.9604536116768
7.4624999999999995 144.5238298291288
7.467499999999999 16.95888920988567
7.472499999999999 -74.89705177411437
7.4775 -154.93603069440485
7.4825 -179.72866157876933
7.4875 164.07981239610945
7.4925 -120.15878798115335
7.4975 57.59939618700572
7.5024999999999995 50.62769143381959
7.507499999999999 84.04650407633531
7.512499999999999 12.019919599770665
7.5175 -37.646889285467594
7.5225 -12.5526378112273
7.5275 -134.76702836483614
7.5325 -116.85568158576892
7.5375 -61.28911674962545
7.5424999999999995 141.36986285551842
7.547499999999999 65.62405999583042
7.552499999999999 -84.90750768419365
7.557499999999999 208.51898940945904
7.5625 -41.97331901544596
7.5675 -97.85866411108007
7.5725 105.30997115587586
7.5775 100.55495628158744
7.5825 12.935121278286607
7.5874999999999995 94.64799002720227
7.592499999999999 182.86686366494953
7.597499999999999 -252.19981687247721
7.6025 31.164822509448644
7.6075 111.26723794845134
7.6125 -106.82383303185726
7.6175 -64.55784447762522
7.6225 119.7365325604967
7.6274999999999995 -77.80825562178211
7.632499999999999 380.96948840209427
7.637499999999999 -165.08930593808438
7.6425 141.21954416021921
7.6475 63.29955478953753
7.6525 -9.692741123065705
7.6575 105.49013926542457
7.6625 -112.73517947060336
7.6674999999999995 -99.97321442778998
7.672499999999999 -192.605779889409
7.677499999999999 10.034928683553563
7.682499999999999 -27.031489591079733
7.6875 6.843721998001316
7.6925 132.08338093706928
7.6975 -195.25243391802724
7.7025 -145.1265783432018
7.7075 213.604858604064
7.7124999999999995 -49.44397200608695
7.717499999999999 -180.03648716665413
7.722499999999999 23.608496702332843
7.7275 1.1853626547904041
7.7325 141.13901851762458
7.7375 -136.2744582431226
7.7425 49.483621438080036
7.7475 -15.126078231986344
7.7524999999999995 117.8617852482225
7.757499999999999 -133.23146083842695
7.762499999999999 53.10500596655758
7.7675 33.88448592680414
7.7725 -85.6454526914921
7.7775 35.69966706418905
7.7825 220.39838036826123
7.7875 -223.39775949792937
7.7924999999999995 100.94293929755565
7.797499999999999 86.14813685921771
7.802499999999999 -1.4254558297452258
7.807499999999999 25.06129924230513
7.8125 -306.92208367231694
7.8175 370.24395032200795
7.8225 -25.308514439886032
7.8275 -269.898797081507
7.8325 58.70459244129558
7.8374999999999995 84.83946929415819
7.842499999999999 -23.10281976061577
7.847499999999999 -0.47186275532810384
7.8525 -189.27025002406526
7.8575 -90.44789140394386
7.8625 93.88692562576139
7.8675 -1.4854293634742484
7.8725 151.82277939523945
7.8774999999999995 -290.33215922212787
7.882499999999999 -4.338304177139446
7.887499999999999 230.55637379983742
7.8925 -71.47403937796746
7.8975 -50.21794813518993
7.9025 68.19202018592787
7.9075 225.74935989481688
7.9125 -234.9135753513102
7.9174999999999995 161.61536064160487
7.922499999999999 25.480291702844955
7.927499999999999 -143.96021800137214
7.932499999999999 -117.33362048499836
7.9375 229.6929072264713
7.9425 22.541155034754592
7.9475 101.3630454912387
7.9525 -30.528318679679995
7.9575 13.168583341491486
7.9624999999999995 -10.38530053588474
7.967499999999999 -42.398649022748074
7.972499999999999 -64.03024054392732
7.9775 -21.212862844357147
7.9825 53.59364100677454
7.9875 -55.91517503537971
7.9925 25.18512477276005
7.9975 -130.63209695813458
8.0025 255.41361950908765
8.0075 -156.15623351626752
8.0125 31.475561525880025
8.0175 -126.05941265283333
8.022499999999999 -88.84414390259256
8.0275 240.44161197242659
8.032499999999999 -71.50411393327204
8.0375 33.461786961574205
8.0425 49.56630293416073
8.0475 -59.26280633112242
8.0525 -235.60707704063154
8.0575 123.38186113953681
8.0625 -75.8896641779346
8.067499999999999 85.26447876165308
8.0725 -58.110090576748085
8.077499999999999 43.98010453320319
8.0825 -223.69459498919755
8.0875 362.4321299453969
8.0925 162.9810719398584
8.0975 -213.34046787065768
8.1025 -132.06825766895557
8.1075 149.04287738982453
8.112499999999999 209.50325662650602
8.1175 -199.85244226812785
8.1225 -227.08988658042446
8.1275 195.16840011790666
8.1325 22.97448251682641
8.1375 67.66409401827248
8.1425 228.09633709958243
8.147499999999999 -62.258002003459794
8.1525 38.43880209057362
8.157499999999999 -161.95807704014086
8.1625 -292.63718939819506
8.1675 329.1290494108603
8.1725 48.295329844221804
8.1775 -257.1047089761152
8.1825 -57.0079980632913
8.1875 17.237807665163302
8.192499999999999 61.22676639505069
8.1975 -61.339921782734066
8.202499999999999 80.51257296559345
8.2075 -21.302622938127644
8.2125 156.47456229293954
8.2175 -142.8916766451414
8.2225 30.7323437802059
8.2275 54.84780221517446
8.2325 -43.426798613109526
8.237499999999999 -210.90986661986014
8.2425 -15.909113031840292
8.2475 84.35289670917054
8.2525 -35.65911930491192
8.2575 286.9786799170859
8.2625 -330.4347336595633
8.2675 246.299241166674
8.272499999999999 144.74986373737354
8.2775 -266.9673747512692
8.282499999999999 13.661971081748458
8.2875 261.0447378373097
8.2925 -84.63230399567264
8.2975 203.70885984698543
8.3025 -106.85715864505073
8.3075 80.26197557590358
8.3125 -161.71385439244656
8.317499999999999 268.58425596330994
8.3225 -161.185533734503
8.327499999999999 -25.267962996243302
8.3325 -15.798419688573247
8.3375 -158.04293541065462
8.3425 118.8338306350661
8.3475 224.896677426667
8.3525 12.972629435943421
8.3575 -175.21055246526174
8.362499999999999 256.4025413957328
8.3675 -192.29360964497445
8.3725 -96.92085437573323
8.3775 117.087763196134
8.3825 -94.18652639378126
8.3875 200.88396252667573
8.3925 31.1124624108877
8.397499999999999 -144.60123070512876
8.4025 74.63826940176264
8.407499999999999 -5.447267168917764
8.4125 -281.5968436600345
8.4175 105.7721645568547
8.4225 48.989641172883815
8.4275 163.11144137444535
8.4325 9.178234204433847
8.4375 196.42127995658453
8.442499999999999 -76.05541141735442
8.4475 -197.41532100606247
8.452499999999999 -13.404355238758834
8.4575 -72.8656557139263
8.4625 -168.7333189189881
8.4675 357.7036275027999
8.4725 65.43206007249401
8.4775 -123.23134862029013
8.4825 -138.6577658092613
8.487499999999999 -176.75400532356275
8.4925 20.565500333864996
8.4975 186.68952771786604
8.5025 -318.40575820166
8.5075 212.58213503155602
8.5125 152.65412938656306
8.5175 -78.05682894601637
8.522499999999999 -61.6815711626753
8.5275 -47.15847541534163
8.532499999999999 82.25769781962207
8.5375 56.29363798370975
8.5425 79.05078755781398
8.5475 23.027823248767245
8.5525 2.9546071218696683
8.5575 -117.54546667129084
8.5625 -17.530891226309702
8.567499999999999 -235.12229420202655
8.5725 -2.2570152603939597
8.577499999999999 138.93406770190018
8.5825 84.30780375858738
8.5875 -63.67422845419989
8.5925 -144.8091315608895
8.5975 -1.3252805175842166
8.6025 161.2057048466582
8.6075 -7.9305580058285585
8.612499999999999 109.36376598966358
8.6175 -60.37206920394371
8.6225 -11.884743647089039
8.6275 -74.7345731920084
8.6325 19.007646606276996
8.6375 -154.38100733360346
8.6425 66.90204878607497
8.647499999999999 68.9349938259329
8.6525 94.5823075257993
8.657499999999999 -79.5835857068457
8.6625 -5.447322697570742
8.6675 132.46070234475346
8.6725 -187.78216423299313
8.6775 150.51885925039247
8.6825 -196.31903907434273
8.6875 209.2926335509045
8.692499999999999 -92.76180958568405
8.6975 90.81673166518493
8.702499999999999 -83.37020929545919
8.7075 138.5784516814748
8.7125 -81.90645137044643
8.7175 -52.38996165998629
8.7225 208.23927816279488
8.7275 120.40131160996789
8.7325 -59.70629723439127
8.737499999999999 -213.58717825463913
8.7425 478.4899697923019
8.747499999999999 -109.15771389592727
8.7525 12.25461816238793
8.7575 26.53385969858737
8.7625 -231.04402195641137
8.7675 97.91437803501324
8.772499999999999 -47.88081766066037
8.7775 -163.2346534025156
8.782499999999999 -16.475873991937604
8.7875 53.69118932308631
8.7925 80.8546839439106
8.7975 -62.5070730131152
8.8025 -90.70453431124601
8.8075 181.38158009708548
8.8125 -224.21566823683625
8.817499999999999 125.80281974763575
8.8225 -38.941457194575946
8.827499999999999 229.69257402165735
8.8325 -200.87389447133472
8.8375 263.58605480073686
8.8425 -154.991164330756
8.8475 -62.609303894936104
8.8525 73.55513907622246
8.8575 -118.72013427066577
8.862499999999999 9.30545087474275
8.8675 82.89891445877149
8.872499999999999 -358.85693393993074
8.8775 39.40627754822788
8.8825 156.11754805576882
8.8875 -48.55488287401031
8.8925 30.382384839990934
8.897499999999999 20.670182897823974
8.9025 -83.26837527244726
8.907499999999999 76.82210184506711
8.9125 -28.9454472543662
8.9175 -75.4557698627944
8.9225 -280.31247091688033
8.9275 88.33813102568344
8.9325 105.25180844466325
8.9375 124.61815593804906
8.942499999999999 -241.59512394452403
8.9475 -51.55761899530234
8.952499999999999 397.73698118135536
8.9575 -98.60095693295594
8.9625 122.7193075949208
8.9675 167.2037065116495
8.9725 -58.83709959743768
8.9775 102.08670548938977
8.9825 9.469362247417692
8.987499999999999 -153.21763968352494
8.9925 -132.7278117452194
8.997499999999999 151.49998475625821
9.0025 -54.97186375268457
9.0075 -24.70906447233722
9.0125 -144.29096185651295
9.0175 -34.642574676684774
9.022499999999999 30.849085799112892
9.0275 198.9525393914296
9.032499999999999 93.27105812509724
9.0375 5.977228159060452
9.0425 -202.27107143607594
9.0475 158.22156608707206
9.0525 -6.604645093205932
9.0575 -118.73166363751302
9.0625 51.54790104515771
9.067499999999999 100.21270560166657
9.0725 -100.19225971643307
9.077499999999999 -270.5371190634591
9.0825 111.22411111680587
9.0875 -107.37703110201682
9.0925 84.55212114711138
9.0975 115.67366262434534
9.1025 -31.678266225435827
9.1075 108.95537248468851
9.112499999999999 59.643776445011376
9.1175 81.28479573142407
9.122499999999999 -155.11244575125164
9.1275 -111.15504559472288
9.1325 99.17547006144544
9.1375 -132.54909132818267
9.1425 -0.932363190313581
9.147499999999999 124.47820136318373
9.1525 -116.37385262149176
9.157499999999999 -211.44936432719044
9.1625 158.3074647025244
9.1675 -133.34611566422132
9.1725 -24.4732424413808
9.1775 104.51001169629858
9.1825 69.42241828888116
9.1875 -80.39478721854564
9.192499999999999 199.63413965877027
9.1975 185.06615333779249
9.202499999999999 -0.5135774058246744
9.2075 47.930842134599644
9.2125 -224.34873278485986
9.2175 156.7145863428632
9.2225 -109.22937480685484
9.2275 1.1335985023653168
9.2325 163.97301790115455
9.237499999999999 -93.71851077406241
9.2425 72.20571862812064
9.247499999999999 -148.46338599259033
9.2525 212.9447625970957
9.2575 -78.10686782845684
9.2625 47.74833313704983
9.2675 -50.28298090529851
9.272499999999999 -138.21709449835262
9.2775 63.340998606266346
9.282499999999999 154.41651317014095
9.2875 -45.65940926079282
9.2925 23.510204436122866
9.2975 75.37624934885406
9.3025 -146.86124299956188
9.3075 -23.053614860645855
9.3125 -114.63633830571649
9.317499999999999 -99.16912426803673
9.3225 -138.2216141622684
9.327499999999999 129.65935391034765
9.3325 157.19871803564058
9.3375 -135.14401791644732
9.3425 122.93042371759036
9.3475 -56.41441525880841
9.3525 116.79377838817277
9.3575 -79.87399325897793
9.362499999999999 84.58236781492329
9.3675 32.293684365081205
9.372499999999999 -170.66680819382916
9.3775 -46.970013798826436
9.3825 -9.660882150550176
9.3875 90.21901045460963
9.3925 55.15008467501348
9.397499999999999 -61.18962150926285
9.4025 60.89256032181751
9.407499999999999 156.46670143576213
9.4125 1.4152456199834755
9.4175 -153.8551425685015
9.4225 134.8516263992315
9.4275 172.00765818251818
9.4325 -116.7794315343171
9.4375 88.45970298472356
9.442499999999999 -235.5589925167654
9.4475 -22.81722168722914
9.452499999999999 38.3782950701633
9.4575 -3.7015679033767546
9.4625 282.11258563064933
9.4675 -413.2967095076764
9.4725 122.35255400045442
9.4775 149.2502953305227
9.4825 -179.49051392361216
9.487499999999999 51.38099577179915
9.4925 -121.20281376605585
9.497499999999999 202.0274388132157
9.5025 -46.58940119998521
9.5075 -42.435805849827986
9.5125 -168.04865575957314
9.5175 -53.931998406051825
9.522499999999999 -10.616398683803512
9.5275 35.14572032764989
9.532499999999999 -3.2806986101408286
9.5375 6.767490894715448
9.5425 171.06903709723235
9.5475 -279.8661879224088
9.5525 313.43769699188084
9.5575 -39.554542209704884
9.5625 89.86083643178166
9.567499999999999 75.73201320033715
9.5725 -168.37678463622908
9.577499999999999 113.23897146456237
9.5825 -209.29162840991413
9.5875 232.66093412370248
9.5925 153.22153991347417
9.5975 -251.09337431573076
9.6025 193.27868788299924
9.6075 -67.69580031988845
9.612499999999999 24.788452254539585
9.6175 -97.01240020255953
9.622499999999999 -288.4518247832455
9.6275 446.3332323179275
9.6325 -157.39791421992516
9.6375 150.35991150357614
9.6425 5.8078369175812385
9.647499999999999 177.95336442272333
9.6525 -116.46168744097133
9.657499999999999 -152.0761199883835
9.6625 -141.7996579109507
9.6675 -75.03012284379406
9.6725 173.12371436758414
9.6775 128.1287810678477
9.6825 -33.71261342957367
9.6875 -205.94077694574057
9.692499999999999 257.52849247095656
9.6975 -132.19027569940232
9.702499999999999 147.4783854881005
9.7075 13.678078338646444
9.7125 -54.05419828625786
9.7175 -130.5298566022307
9.7225 177.41062269727408
9.7275 133.9687934515288
9.7325 -149.12295154960057
9.737499999999999 39.405673838607356
9.7425 0.5182065480325911
9.747499999999999 -168.67271097327725
9.7525 -80.37926840746783
9.7575 16.533815246460716
9.7625 -64.03303210879204
9.7675 80.57318367457852
9.772499999999999 -225.14105218602677
9.7775 332.0685201061676
9.782499999999999 -140.00826686205605
9.7875 -68.56407163495865
9.7925 95.33011715882381
9.7975 -13.629315759925298
9.8025 128.00634117753972
9.8075 -48.776278245120466
9.8125 87.71507164336732
9.817499999999999 -391.5781780114247
9.8225 156.52311591549736
9.827499999999999 -106.23952054354663
9.8325 145.2263880704853
9.8375 130.71603496474955
9.8425 61.29080589966874
9.8475 -235.1369608061825
9.8525 -144.03268085394797
9.8575 -25.464532059262144
9.862499999999999 613.5754405076693
9.8675 -217.63194849805765
9.872499999999999 151.08661209434317
9.8775 -64.28225799338716
9.8825 197.83876261151377
9.8875 -182.3792934146151
9.8925 -223.1171535384425
9.897499999999999 207.14389640054202
9.9025 54.573329840328995
9.907499999999999 -131.50559934864265
9.9125 -120.15808985966434
9.9175 38.2616908860051
9.9225 -188.24199266601002
9.9275 83.23638774188916
9.9325 23.284917293478717
9.9375 31.173916510634047
9.942499999999999 -72.23550405941394
9.9475 37.5770800314232
9.952499999999999 109.86356840780756
9.9575 129.1405637193286
9.9625 -76.2505924943217
9.9675 97.3957498656163
9.9725 -69.69965638046394
9.9775 -2.447341692240888
9.9825 94.32265843933621
9.987499999999999 39.82469525801408
9.9925 58.341661573516326
9.997499999999999 -151.93899635915227
10.0025 -34.86987934256836
