0.0075 -48.058668304246446
0.012499999999999999 -38.74413178393314
0.017499999999999998 125.40265132569458
0.0225 244.6339402686338
0.0275 -452.9275451917133
0.0325 112.08537712057682
0.0375 206.33639517616524
0.042499999999999996 -128.7917397610953
0.0475 188.79915045875438
0.0525 142.7643323378813
0.057499999999999996 -130.34512198468929
0.0625 -137.32187510825486
0.06749999999999999 18.151707685274328
0.0725 75.34624893729519
0.0775 84.67666928404971
0.08249999999999999 -441.1864370638934
0.0875 -38.529215369731276
0.0925 471.9485073584391
0.09749999999999999 -144.20622355305576
0.1025 21.03906421342459
0.1075 17.027696954877108
0.11249999999999999 -361.24054663404377
0.1175 95.67258867863188
0.1225 327.6990204054897
0.1275 -48.328469660121414
0.1325 18.925088131410405
0.13749999999999998 134.1418217868819
0.1425 -165.76828451613142
0.1475 -163.0972347238592
0.1525 -30.28376253110665
0.1575 95.22819260568569
0.1625 249.63301725754388
0.16749999999999998 -202.95240274472778
0.1725 71.98736993129691
0.1775 -93.35564142203023
0.1825 116.0771419751164
0.1875 105.10403064578345
0.1925 -56.45642255320124
0.19749999999999998 74.47695971753951
0.20249999999999999 76.46878065807282
0.2075 11.197972898966155
0.2125 -157.4121001747389
0.2175 30.65541817400436
0.2225 -318.44822788393566
0.22749999999999998 157.68565695183653
0.23249999999999998 -18.001439518417627
0.2375 9.913180664471524
0.2425 39.45912819375163
0.2475 -174.2274071375401
0.2525 162.53604373504277
0.2575 -53.74322901342452
0.2625 -39.87092697363284
0.2675 152.7938256610829
0.27249999999999996 -12.536680692227533
0.27749999999999997 195.11898619598114
0.2825 9.61713030904556
0.2875 -25.884673690291997
0.2925 157.20128919649173
0.2975 -59.265225775061495
0.3025 -374.04564191325113
0.3075 2.1969319420276805
0.3125 -137.04758066853023
0.3175 213.7374258943161
0.3225 -62.34870661066885
0.32749999999999996 228.88627061085413
0.33249999999999996 -42.601745992103886
0.33749999999999997 -7.2639691597887195
0.34249999999999997 -48.37320285872058
0.3475 -66.53528624386355
0.3525 147.29332533054136
0.3575 52.06691332611657
0.3625 18.474403372722303
0.3675 -209.48652013259726
0.3725 -11.858198845614126
0.3775 23.466006626012014
0.3825 11.521359404964205
0.38749999999999996 -83.76834973730631
0.39249999999999996 -83.8274114337254
0.39749999999999996 165.35101563759397
0.40249999999999997 47.13385674756881
0.4075 -175.60784471351394
0.4125 -155.8547204144685
0.4175 -150.61974481243126
0.4225 170.1357812377676
0.4275 85.57694454484259
0.4325 408.05996067310946
0.4375 -92.8530463205534
0.4425 -133.72960943696202
0.44749999999999995 -94.9465560148264
0.45249999999999996 -23.264704205872558
0.45749999999999996 123.23504009145275
0.46249999999999997 -10.834487599956281
0.46749999999999997 -248.04262768684575
0.4725 66.40968306251865
0.4775 104.26356027058505
0.4825 -92.38266099583103
0.4875 263.60635157607595
0.4925 -235.23698751628297
0.4975 80.11015083037294
0.5025 311.44560158255837
0.5075 -243.194682404428
0.5125 64.4685432025084
0.5175 -60.20373192129906
0.5225 202.68395934074556
0.5275 -165.93339666303086
0.5325 251.22820255640886
0.5375 -145.5040629156483
0.5425 158.34354674752487
0.5475 -96.36442648213117
0.5525 78.75617193382816
0.5575 232.42056989498707
0.5625 -176.99044132772957
0.5675 -83.69743333139903
0.5725 -283.92643092233516
0.5775 117.71862685429865
0.5825 -391.29412710842126
0.5875 103.89916677545469
0.5925 158.29694347021453
0.5974999999999999 128.19461923369732
0.6024999999999999 102.66863147922695
0.6074999999999999 -340.2429621681366
0.6124999999999999 119.9089080476479
0.6174999999999999 -78.06793507136528
0.6224999999999999 -0.13218003711056783
0.6275 99.87057694990817
0.6325 190.54478287937664
0.6375 -197.932614884102
0.6425 58.40642752318397
0.6475 85.67538974100908
0.6525 69.33359165545244
0.6575 33.74420923311774
0.6625 -50.12140907188369
0.6675 -334.9676900262776
0.6725 108.79189665666132
0.6775 -19.151900835797978
0.6825 120.35775846103675
0.6875 -104.51798782148548
0.6925 7.867560354272371
0.6975 -212.6791753001684
0.7025 150.60224354949148
0.7075 -179.37413270936503
0.7125 362.05458958112854
0.7174999999999999 -268.8989778940918
0.7224999999999999 76.0195833304114
0.7274999999999999 320.3762785088125
0.7324999999999999 -96.06222060446285
0.7374999999999999 -8.373758238968438
0.7424999999999999 15.254514953646916
0.7474999999999999 -77.69284902092464
0.7525 154.24330022175437
0.7575 -254.18210767504718
0.7625 302.93115687936694
0.7675 -168.33174267463414
0.7725 -24.237853060213467
0.7775 65.43463583880214
0.7825 72.2320110176558
0.7875 99.81463499006122
0.7925 124.74646502275847
0.7975 -38.15876319854003
0.8025 240.53829827877237
0.8075 -142.1167691610484
0.8125 -509.7988925774232
0.8175 174.01532807960402
0.8225 26.684372612587527
0.8275 -4.716807871427903
0.8325 179.498831905293
0.8374999999999999 -63.669898798281494
0.8424999999999999 -23.65297160058653
0.8474999999999999 -55.27941274998038
0.8524999999999999 -102.8742875859015
0.8574999999999999 -154.91523060840785
0.8624999999999999 28.55086011997167
0.8674999999999999 67.19007511956123
0.8724999999999999 187.9334406001795
0.8775 8.273333485798648
0.8825 -160.02164211500227
0.8875 -97.5422876369747
0.8925 241.83271526047557
0.8975 -157.8499830788105
0.9025 97.59499143421236
0.9075 -18.54923573292488
0.9125 1.2107062214951054
0.9175 -53.82234273803923
0.9225 211.49446517284272
0.9275 -150.73141530208935
0.9325 -36.84680455745991
0.9375 242.56988207712544
0.9425 -74.43501505736188
0.9475 -92.06483498703089
0.9524999999999999 64.38054291965004
0.9574999999999999 -3.5815657472513567
0.9624999999999999 230.207884921497
0.9674999999999999 32.035907067927596
0.9724999999999999 -125.47136105977623
0.9774999999999999 144.71170956568406
0.9824999999999999 59.794096456155444
0.9874999999999999 -102.80014078086958
0.9924999999999999 -23.296594495495693
0.9974999999999999 -218.98498255220272
1.0025 -70.14352390320303
1.0075 38.65133024635952
1.0125 84.00896914123565
1.0174999999999998 -34.39337214833588
1.0225 211.54112818950958
1.0274999999999999 -33.86377268656773
1.0325 -88.04099799310889
1.0374999999999999 -83.07977338687029
1.0425 108.96484683082991
1.0474999999999999 153.0806557600094
1.0525 -40.73175149500611
1.0574999999999999 -231.23677112180957
1.0625 127.52588483682545
1.0675 170.43486454979737
1.0725 -102.7911318490542
1.0775 -183.42200439911218
1.0825 53.05619128038009
1.0875 3.423994115098797
1.0925 -139.10156659399402
1.0975 87.75771133279858
1.1025 -87.38404586846585
1.1075 -8.897357382395143
1.1125 118.12969836672725
1.1175 24.991133712985597
1.1225 2.90721420606047
1.1275 19.412604440329698
1.1324999999999998 -80.13255749714845
1.1375 118.61976609882483
1.1424999999999998 -151.0983773263811
1.1475 57.003594530908195
1.1524999999999999 -73.27260244748079
1.1575 -131.03895987237163
1.1624999999999999 104.72578919937504
1.1675 -88.47738109721217
1.1724999999999999 58.209302647297406
1.1775 56.93776149685354
1.1824999999999999 -9.30392396837036
1.1875 -1.1785348674104557
1.1925 32.561783807217765
1.1975 134.5106711274525
1.2025 61.17473535639241
1.2075 -92.5182348599975
1.2125 8.811859836455325
1.2175 -42.733280738896454
1.2225 6.358994227503569
1.2275 -4.1212563574377565
1.2325 -176.14115584466325
1.2375 187.59612324467744
1.2425 106.81468185721282
1.2475 -280.7965133953764
1.2525 224.67607261514712
1.2574999999999998 26.39617521926982
1.2625 -319.2819942927552
1.2674999999999998 -86.45703290334197
1.2725 41.97522817474939
1.2774999999999999 -180.97552155880965
1.2825 65.66896793862665
1.2874999999999999 -55.24264672882306
1.2925 353.52593692795415
1.2974999999999999 -27.18718851283141
1.3025 17.50354198308129
1.3074999999999999 -143.4601145179248
1.3125 -206.37822404199542
1.3175 216.25936954232503
1.3225 -213.49239489022986
1.3275 411.07610436530194
1.3325 29.242684686894115
1.3375 99.76184370147656
1.3425 -110.01451114253037
1.3475 126.72515672647481
1.3525 -220.31076309083272
1.3575 242.76139855906126
1.3625 -68.62955465428126
1.3675 105.44544212097449
1.3724999999999998 -119.82920963559488
1.3775 -248.54341823868535
1.3824999999999998 198.79300293973617
1.3875 -5.9089394953331364
1.3924999999999998 -114.2168443335254
1.3975 -60.800653953500316
1.4024999999999999 29.95132748636302
1.4075 87.47724433064066
1.4124999999999999 -56.876711953608556
1.4175 246.99510632718378
1.4224999999999999 -79.04003983570807
1.4275 65.80991334466951
1.4324999999999999 102.08737368363232
1.4375 10.664299186766407
1.4425 59.48872234480797
1.4475 -52.61048567863195
1.4525 -144.87915819250435
1.4575 -166.71807343988996
1.4625 -436.7823132743169
1.4675 137.55453700620203
1.4725 262.6389554638666
1.4775 -108.10345241704897
1.4825 22.342397228296267
1.4874999999999998 45.85724959442441
1.4925 -30.006942458762943
1.4974999999999998 58.85673410806009
1.5025 7.041094779058986
1.5074999999999998 -304.1649669680351
1.5125 437.4080990871772
1.5174999999999998 -85.75774373358485
1.5225 68.1228109571384
1.5274999999999999 -229.69373617583526
1.5325 15.991889936953193
1.5374999999999999 219.66825552152596
1.5425 -363.4766841735941
1.5474999999999999 194.4443365665859
1.5525 263.989143526514
1.5574999999999999 -147.22452427682666
1.5625 -113.88673820259467
1.5675 -53.148436478748046
1.5725 54.786381998433185
1.5775 159.77653074569142
1.5825 17.84821438499764
1.5875 -54.30483646713829
1.5925 -87.06303735729388
1.5975 -14.592541038690536
1.6025 106.48033331087774
1.6075 34.57084218379698
1.6124999999999998 32.876840357346794
1.6175 3.1820518265421964
1.6224999999999998 -21.602467926953036
1.6275 -77.46136796215241
1.6324999999999998 60.145427296218614
1.6375 158.01750447185137
1.6424999999999998 -64.90331084388039
1.6475 -86.02354821070583
1.6524999999999999 -26.075597318327397
1.6575 -57.993788510569125
1.6624999999999999 -34.66346983247271
1.6675 47.99385991858216
1.6724999999999999 103.93725614178496
1.6775 -150.49465645538677
1.6824999999999999 79.7279831660794
1.6875 -390.8506969313925
1.6925 220.6792405736466
1.6975 140.9293133260513
1.7025 -16.567473110480634
1.7075 18.0713715407872
1.7125 -161.8418523785356
1.7175 88.0392030820352
1.7225 113.35100486423205
1.7274999999999998 3.5898276739412567
1.7325 -77.78318519157366
1.7374999999999998 79.31927063451867
1.7425 -180.5843552262906
1.7474999999999998 89.13704491493712
1.7525 96.8893309436563
1.7574999999999998 -57.22659865394087
1.7625 -130.26083791087686
1.7674999999999998 14.475819810132284
1.7725 235.88038235977695
1.7774999999999999 85.34826005114554
1.7825 25.032854811121965
1.7874999999999999 -196.24326825358793
1.7925 65.98658630710831
1.7974999999999999 -153.17281174409604
1.8025 43.44364590115524
1.8074999999999999 77.01101321735452
1.8125 249.57993265480454
1.8175 -0.02677086362139459
1.8225 -251.0669910342121
1.8275 5.606915993762028
1.8325 69.14020825283306
1.8375 148.59604068783705
1.8425 -156.46708803098122
1.8475 -68.49022115818858
1.8524999999999998 -31.836751053919336
1.8575 8.886009273176974
1.8624999999999998 -152.30852694550157
1.8675 303.24598697259603
1.8724999999999998 180.55760804787667
1.8775 -457.14696857571477
1.8824999999999998 -137.9659122156237
1.8875 122.8178691117727
1.8924999999999998 -153.36126520237312
1.8975 174.29693716930578
1.9024999999999999 58.49057001208976
1.9075 246.98009112282898
1.9124999999999999 -100.02794883681139
1.9175 210.95969582242256
1.9224999999999999 -157.35559069100498
1.9275 144.02482960243802
1.9324999999999999 -81.4682984550101
1.9375 82.16961218366464
1.9425 -152.55509679725228
1.9475 14.306366362087443
1.9525 135.64314813524592
1.9575 24.293386976570183
1.9625 -40.15036913002367
1.9674999999999998 -399.6243750950009
1.9725 160.16590160790273
1.9774999999999998 143.3915334734702
1.9825 -289.32355650712134
1.9874999999999998 99.96631308468251
1.9925 -68.22646479358797
1.9974999999999998 -5.509701638875034
2.0025 -96.62778546158489
2.0075 0.6704684830170482
2.0124999999999997 57.482020194046484
2.0175 -49.065274882604484
2.0225 -77.70670434093388
2.0275 379.85290186575855
2.0324999999999998 21.404209582306414
2.0375 -81.56674189945814
2.0425 61.25881372253351
2.0475 43.88044849659902
2.0524999999999998 38.10542437457424
2.0575 -244.13616326468636
2.0625 67.79738147041493
2.0675 -383.6777362731827
2.0725 -24.243201443220375
2.0775 109.52982850551122
2.0825 92.51105824214591
2.0875 168.4882834739255
2.0925 -217.36146632405357
2.0974999999999997 -53.025608414207156
2.1025 -241.4699382807524
2.1075 57.700563997766416
2.1125 23.572909546583176
2.1174999999999997 244.587594502162
2.1225 88.28240249587233
2.1275 140.98714779976424
2.1325 -186.39671644614072
2.1374999999999997 -120.80560362652282
2.1425 57.69826271669552
2.1475 58.15595408607967
2.1525 81.94930106871689
2.1574999999999998 -13.30284175555413
2.1625 79.65450106007711
2.1675 -229.7726439707298
2.1725 -7.671365517530938
2.1774999999999998 301.75878858729567
2.1825 55.35098707831632
2.1875 -136.33079523604377
2.1925 -137.39653088207757
2.1975 47.22395106593304
2.2024999999999997 228.7253648910022
2.2075 -74.60994136733713
2.2125 -5.88098279232636
2.2175 64.78410016843665
2.2224999999999997 239.88661440218445
2.2275 -134.57614980448707
2.2325 206.90623784491834
2.2375 -179.2980902982317
2.2424999999999997 53.95247295203112
2.2475 -249.13623371646375
2.2525 -232.10026536081378
2.2575 247.4293171359083
2.2624999999999997 51.97371624557885
2.2675 -140.51950369239276
2.2725 43.87198193958576
2.2775 34.659685067909706
2.2824999999999998 16.84899864403398
2.2875 279.41061058937237
2.2925 -231.18071718356524
2.2975 -112.50223966622234
2.3024999999999998 163.11964566713047
2.3075 -239.52442626303485
2.3125 67.95974409369285
2.3175 70.5239793901683
2.3225 -68.80051290250489
2.3274999999999997 130.55940126681125
2.3325 -129.87104939950788
2.3375 6.16802987406983
2.3425 181.5829946272068
2.3474999999999997 307.55900903298556
2.3525 -359.2264568614837
2.3575 -75.35189443807087
2.3625 8.356896213460319
2.3674999999999997 -128.836090048841
2.3725 368.4037699745175
2.3775 -149.2748826811879
2.3825 132.74071176186226
2.3874999999999997 -8.980319295294976
2.3925 -47.43738083861515
2.3975 -129.9862439848627
2.4025 210.7261357287758
2.4074999999999998 -233.7968959821198
2.4125 -11.962002688377416
2.4175 28.087386665115655
2.4225 104.96889811598211
2.4274999999999998 -23.93255494713053
2.4325 -247.74028917201582
2.4375 170.33040785060814
2.4425 98.9432876573643
2.4475 59.571137861354856
2.4524999999999997 -213.61590814808406
2.4575 97.51221005522694
2.4625 87.39600242434602
2.4675 -227.75920488345173
2.4724999999999997 -206.98550447070542
2.4775 324.6969636548975
2.4825 -44.120711240779784
2.4875 -36.88568816774603
2.4924999999999997 27.67203049866277
2.4975 9.244427516810427
2.5025 111.03496896177856
2.5075 4.348708562425971
2.5124999999999997 -56.80727600475018
2.5175 -22.70782813551212
2.5225 27.943997735172818
2.5275 -126.9123853963587
2.5324999999999998 -215.22016488139514
2.5375 239.01531536099372
2.5425 -155.54311887818122
2.5475 32.91886607356762
2.5524999999999998 166.4223199390638
2.5574999999999997 -113.58472680679627
2.5625 -17.019517663244248
2.5675 -169.34971367868656
2.5725 76.83580926411439
2.5774999999999997 196.18768486146462
2.5825 -117.91067125319124
2.5875 78.00094172531549
2.5925 56.55106627357505
2.5974999999999997 -99.03678422419149
2.6025 -56.17722711772118
2.6075 114.97240284532997
2.6125 152.49107673424197
2.6174999999999997 -34.80298327034963
2.6225 -121.0298578021699
2.6275 47.31651548826338
2.6325 3.3399150499151298
2.6374999999999997 -25.035628480496626
2.6425 -50.2226799132967
2.6475 115.24080124741809
2.6525 -383.39458909242717
2.6574999999999998 322.35663186141466
2.6625 -52.18430747773483
2.6675 -49.511298918808095
2.6725 87.50651181250203
2.6774999999999998 58.22528832013058
2.6824999999999997 139.32526811480105
2.6875 -183.21129579359493
2.6925 133.67297442162874
2.6975 -3.9752165264454415
2.7024999999999997 104.29771749772831
2.7075 -404.4570535012868
2.7125 300.1529262600897
2.7175 -111.18078325696234
2.7224999999999997 86.24373892584913
2.7275 -115.07980447110202
2.7325 -12.92483979290975
2.7375 352.58949646076576
2.7424999999999997 -242.33104676144583
2.7475 42.89531466412902
2.7525 -88.48360004317666
2.7575 -9.063980711320943
2.7624999999999997 -77.8979842339644
2.7675 25.98045101101035
2.7725 149.7229478559341
2.7775 -94.05387015241685
2.7824999999999998 -85.70960407581914
2.7875 385.37658119821464
2.7925 -69.98913424708435
2.7975 -133.55123377127788
2.8024999999999998 144.9341836664082
2.8074999999999997 -18.040609851298157
2.8125 -50.39187361356672
2.8175 70.7000531168591
2.8225 -228.16676506387867
2.8274999999999997 -136.73408405247952
2.8325 94.02308004067889
2.8375 -150.3995381755652
2.8425 147.14045152769827
2.8474999999999997 51.08549122881998
2.8525 -19.49332099556507
2.8575 -5.807075471058452
2.8625 -31.476489574809797
2.8674999999999997 229.70365554070742
2.8725 93.77089863694985
2.8775 -229.702857086048
2.8825 138.13792208705726
2.8874999999999997 -133.342375506799
2.8925 291.76994236965794
2.8975 10.903043906527568
2.9025 -239.21624302851785
2.9074999999999998 148.04185683605462
2.9125 -125.51799012764577
2.9175 375.8648124290744
2.9225 -282.5357023869015
2.9274999999999998 453.7630606215172
2.9324999999999997 -480.31621165838817
2.9375 73.51770829024326
2.9425 -129.4591052187699
2.9475 -392.8096485279367
2.9524999999999997 33.67155275397117
2.9575 142.5227434852534
2.9625 166.47446818660273
2.9675 -167.88040709907963
2.9724999999999997 112.65189991275497
2.9775 69.64164409499062
2.9825 -13.757739586306272
2.9875 -49.02358733851198
2.9924999999999997 268.2372837277521
2.9975 -309.4163464184012
3.0025 12.254243672941545
3.0075 -60.64448461721215
3.0124999999999997 193.51580845545305
3.0175 -107.26841016505583
3.0225 -154.85686762560798
3.0275 -230.30294471201466
3.0324999999999998 172.2570802595815
3.0374999999999996 -155.75033207341957
3.0425 312.0078470729954
3.0475 -385.63216853477223
3.0524999999999998 386.78391964328165
3.0574999999999997 86.5568155242214
3.0625 -122.0434415162992
3.0675 -81.68733793748778
3.0725 -157.04245645862795
3.0774999999999997 93.75633328705561
3.0825 53.16412266529171
3.0875 202.56917187778956
3.0925 -47.46634442610672
3.0974999999999997 -243.24399755574893
3.1025 219.28252297034507
3.1075 -189.92899617158673
3.1125 178.73002954658435
3.1174999999999997 -15.432542446781806
3.1225 -98.57535875027135
3.1275 142.71711271883981
3.1325 88.93073965265027
3.1374999999999997 -153.87639635780525
3.1425 69.63756839712968
3.1475 -214.3838823140395
3.1525 265.9046184411612
3.1574999999999998 -99.50270515048207
3.1624999999999996 214.35546717068442
3.1675 0.11872841830354924
3.1725 -65.34672279645781
3.1774999999999998 54.68005357572672
3.1824999999999997 -15.879482837344023
3.1875 145.2034249987119
3.1925 -153.13444776094406
3.1975 169.21188471960372
3.2024999999999997 -262.5199991412337
3.2075 139.5960513541085
3.2125 -152.56789023046167
3.2175 64.2914802236539
3.2224999999999997 190.3748523059866
3.2275 -77.50999237716354
3.2325 -107.25698099979442
3.2375 23.558272614728715
3.2424999999999997 59.08117408100101
3.2475 -79.28359939628264
3.2525 297.2186135450384
3.2575 -408.18606571768294
3.2624999999999997 111.86145769586145
3.2675 295.10342899110725
3.2725 151.76867106520112
3.2775 140.46455475131543
3.2824999999999998 -335.73784138913396
3.2874999999999996 145.91489704966466
3.2925 -188.57436494495394
3.2975 -142.32418249628958
3.3024999999999998 53.16881207319409
3.3074999999999997 -292.528672199153
3.3125 135.5227896483332
3.3175 270.5728951909784
3.3225 -107.07492412653758
3.3274999999999997 -163.05371947125994
3.3325 179.3931606155082
3.3375 10.354757671395463
3.3425 56.49397650225908
3.3474999999999997 -10.55387026252343
3.3525 8.160692692142826
3.3575 -361.8089900333756
3.3625 46.91432356010068
3.3674999999999997 148.7735705284469
3.3725 -284.5684892622076
3.3775 378.91854306513443
3.3825 65.64015935765927
3.3874999999999997 -306.85301194931503
3.3924999999999996 272.7405482690867
3.3975 -88.1727332746577
3.4025 -72.44944043236609
3.4074999999999998 102.67446812291622
3.4124999999999996 -143.49599997570363
3.4175 -36.531316541802184
3.4225 41.65129309303034
3.4274999999999998 -76.29293983592176
3.4324999999999997 -141.15100206477237
3.4375 15.90177982845066
3.4425 26.958752055889946
3.4475 104.71507348519528
3.4524999999999997 -11.388951200355383
3.4575 -81.54488483640743
3.4625 569.8448588452455
3.4675 -83.9307007811495
3.4724999999999997 -86.39839254044618
3.4775 125.75519116401263
3.4825 -216.91121289930965
3.4875 93.10535194003697
3.4924999999999997 -85.05881247362892
3.4975 59.23981523185357
3.5025 9.93178171054303
3.5075 -108.73420975494913
3.5124999999999997 -81.97447633886433
3.5174999999999996 -69.54106775649328
3.5225 96.82535404035733
3.5275 92.66504340755544
3.5324999999999998 114.28076715560074
3.5374999999999996 -196.3788700136654
3.5425 75.01542685517761
3.5475 165.48002317275362
3.5524999999999998 -64.17567034924379
3.5574999999999997 -162.1992269269244
3.5625 -45.97611617643796
3.5675 -67.97286043523025
3.5725 306.40734187537805
3.5774999999999997 -61.91703133629595
3.5825 1.0219338024246267
3.5875 -22.41704852824648
3.5925 120.37176852440119
3.5974999999999997 -205.88073902402186
3.6025 126.95852766742331
3.6075 -190.43033260166533
3.6125 254.3547036237802
3.6174999999999997 -134.77328869412136
3.6225 33.9622526868307
3.6275 197.38705126356413
3.6325 -145.95089057942639
3.6374999999999997 -146.37339064853813
3.6424999999999996 87.58917384435888
3.6475 -9.418097194946972
3.6525 115.31060339590024
3.6574999999999998 -59.19276785690389
3.6624999999999996 197.73041558410785
3.6675 -79.74495894637542
3.6725 -70.5772342632322
3.6774999999999998 -224.60871543799428
3.6824999999999997 55.259848242304365
3.6875 -170.4456178313478
3.6925 85.37022571251711
3.6975 -30.006958117316746
3.7024999999999997 -35.1917255534726
3.7075 -127.5046803259116
3.7125 230.09525149657236
3.7175 18.476745576568266
3.7224999999999997 -42.962461437689186
3.7275 69.32542736445093
3.7325 -92.72953177975045
3.7375 -87.6566574742025
3.7424999999999997 146.7407776002545
3.7474999999999996 12.84104481863077
3.7525 -143.0593518604461
3.7575 163.93089323340044
3.7624999999999997 -88.369542479363
3.7674999999999996 85.90720436645265
3.7725 17.74960207653427
3.7775 -72.00285176713423
3.7824999999999998 -106.33772915080777
3.7874999999999996 174.37816006164223
3.7925 -24.37240609193966
3.7975 -133.23610958672322
3.8024999999999998 17.71790218966198
3.8074999999999997 105.92585365717137
3.8125 123.69738718311093
3.8175 -73.57035392713824
3.8225 -82.86182500294827
3.8274999999999997 228.55996661363852
3.8325 -131.86063287744585
3.8375 161.6616142989366
3.8425 -343.4943468059725
3.8474999999999997 -154.1581166363975
3.8525 212.80442057171211
3.8575 6.276420488836632
3.8625 -195.9837307507687
3.8674999999999997 238.23562464926007
3.8724999999999996 -199.81250374501965
3.8775 -32.31968795956632
3.8825 91.61489631237687
3.8874999999999997 29.56304640686253
3.8924999999999996 146.94328691329704
3.8975 55.489974507211556
3.9025 193.94478861638927
3.9074999999999998 -393.0253152368761
3.9124999999999996 86.85237296416385
3.9175 -234.38345751246052
3.9225 -8.210742956641306
3.9274999999999998 32.87212173768858
3.9324999999999997 145.8355992383544
3.9375 -43.25648354985214
3.9425 1.9483683221492394
3.9475 42.6797754605562
3.9524999999999997 92.04147334585024
3.9575 169.28765580352746
3.9625 47.86024574216163
3.9675 -9.308958917132262
3.9724999999999997 13.971980972096349
3.9775 40.66151985476253
3.9825 -163.07371057583867
3.9875 198.25196161480375
3.9924999999999997 -217.7133562665966
3.9974999999999996 -115.91396405436493
4.0024999999999995 17.1121565623935
4.007499999999999 58.25498430686971
4.0125 26.123599799266735
4.0175 116.9718796344119
4.0225 -285.4199058876048
4.0275 194.94028814830702
4.0325 -105.0845945645655
4.0375 227.51093667074377
4.0424999999999995 -142.61006058146185
4.047499999999999 166.16192371589074
4.0525 -121.90405591275015
4.0575 -42.86390228935805
4.0625 -162.0543687246139
4.0675 220.58598704336453
4.0725 127.48675746627953
4.0775 -215.0930213720603
4.0825 -150.36640046501734
4.0874999999999995 9.635556874088989
4.0925 201.79184758144723
4.0975 -272.01240841132676
4.1025 68.44891863030129
4.1075 227.20259185047829
4.1125 161.23277282804835
4.1175 50.513016080845446
4.1225 -127.11193892709836
4.1274999999999995 -96.62796823243558
4.132499999999999 -15.387311200904147
4.1375 -245.77619268787197
4.1425 177.36249040823958
4.1475 -83.96471405486537
4.1525 381.2972770012701
4.1575 -198.482068668376
4.1625 175.14490503112427
4.1674999999999995 -232.6058398640087
4.172499999999999 247.9490009171699
4.1775 -206.86149786971814
4.1825 -28.009066789703336
4.1875 17.011049148911752
4.1925 -229.54877747587383
4.1975 138.68576721809708
4.2025 96.83484322264948
4.2075 303.5893497614141
4.2124999999999995 -66.17883158411043
4.2175 -125.06050374633033
4.2225 -189.16471063539143
4.2275 54.26120936772614
4.2325 -96.62971425987281
4.2375 31.07709000101874
4.2425 176.47648068209017
4.2475 89.15424113214287
4.2524999999999995 177.99047031015917
4.257499999999999 -120.24917397297828
4.2625 96.02997102340143
4.2675 -88.6593438217695
4.2725 10.066472971771475
4.2775 -162.1891011717864
4.2825 44.83436713364992
4.2875 -205.16620184405852
4.2924999999999995 502.1756957978293
4.297499999999999 -207.9386105077647
4.3025 28.653137714285
4.3075 -207.3029679642474
4.3125 -128.4841870794339
4.3175 172.2173767463648
4.3225 102.60829678514874
4.3275 -61.377840220817376
4.3325 131.25908972969032
4.3374999999999995 -26.633591067309617
4.342499999999999 -201.78566350537147
4.3475 31.163709831037334
4.3525 18.891329736843385
4.3575 291.36241311158506
4.3625 102.36085137023002
4.3675 -262.87154926684235
4.3725 -148.3115067381865
4.3774999999999995 -303.2868101053057
4.382499999999999 263.65122749449796
4.3875 3.932521390601528
4.3925 88.3444790560284
4.3975 -293.86459974381546
4.4025 58.7987520623464
4.4075 99.79141098625261
4.4125 282.80928074385486
4.4174999999999995 7.6468834344543
4.422499999999999 -21.68125913799323
4.4275 181.74310268190624
4.4325 -0.5793154358806354
4.4375 -23.454328502903643
4.4425 -80.57320051739269
4.4475 164.83039214572753
4.4525 -321.0042978367337
4.4575 -45.59055389558159
4.4624999999999995 207.0529903374853
4.467499999999999 -38.93172099530795
4.4725 -215.6239855623222
4.4775 70.32391886440516
4.4825 -151.238216370068
4.4875 22.443667280202373
4.4925 367.00386157902153
4.4975 -3.9046048702070806
4.5024999999999995 -196.0059011576001
4.507499999999999 -53.47184009072924
4.5125 197.58186459478986
4.5175 21.435781174305113
4.5225 -58.0550561550992
4.5275 37.38162917336408
4.5325 32.11288846595109
4.5375 -231.6795492319192
4.5424999999999995 93.84708421200365
4.547499999999999 -131.85132274874263
4.5525 393.9489755608882
4.5575 -122.59890042174834
4.5625 184.76472762454006
4.5675 -166.40447918815084
4.5725 0.11687623508243963
4.5775 45.13052927009652
4.5825 -148.17780966353996
4.5874999999999995 56.39067738468693
4.592499999999999 -67.27905698978701
4.5975 59.8777920841477
4.6025 73.71037797861204
4.6075 46.607867766712296
4.6125 25.298217164370893
4.6175 249.4911144427829
4.6225 -157.28281078561076
4.6274999999999995 -169.2016641578437
4.632499999999999 216.8824091869683
4.6375 12.246851124948853
4.6425 -89.68319987615388
4.6475 164.5739500363506
4.6525 -77.99876110721799
4.6575 -217.1469638746438
4.6625 40.07009654084314
4.6674999999999995 97.54771970771452
4.672499999999999 -118.6107391399349
4.6775 -385.28222143716096
4.6825 43.51831371495842
4.6875 116.43375468222895
4.6925 175.01474053937386
4.6975 183.8685587207933
4.7025 -112.13286359295537
4.7075 115.98289774524127
4.7124999999999995 -211.10881815157757
4.717499999999999 141.72827925696907
4.7225 95.12271342925013
4.7275 -484.623975602728
4.7325 254.35848351971717
4.7375 17.555011781011807
4.7425 100.60939857305054
4.7475 115.57611299218871
4.7524999999999995 -95.60750462346998
4.757499999999999 -19.928160613650757
4.7625 -170.9772916567412
4.7675 244.48307418187395
4.7725 52.793439958081464
4.7775 -198.47578590393596
4.7825 42.13744885948737
4.7875 -107.53456325059963
4.7924999999999995 129.09827845270968
4.797499999999999 -57.17195056434207
4.8025 -211.7494630109043
4.8075 -5.477751346726407
4.8125 -65.6167544251828
4.8175 153.26863104026535
4.8225 74.33584956772052
4.8275 87.81592273027087
4.8325 77.55645591175004
4.8374999999999995 -70.843275460843
4.842499999999999 -379.6507283563236
4.8475 120.45040525525515
4.8525 37.67618762389086
4.8575 -86.191592520493
4.8625 140.39073664432883
4.8675 87.69032678607267
4.8725 125.8493299947147
4.8774999999999995 121.23924398360558
4.882499999999999 -201.99688450087615
4.8875 26.865867225336867
4.8925 -75.07804633292182
4.8975 -166.90112298650715
4.9025 73.02333274525192
4.9075 153.86797889825323
4.9125 -13.56197134646757
4.9174999999999995 234.66342508570284
4.922499999999999 -137.44757039873977
4.9275 -6.864902099993091
4.9325 -71.21376710737997
4.9375 7.314577342506684
4.9425 13.791062830978989
4.9475 228.27836028721092
4.9525 160.89244718803357
4.9575 -161.3614440332625
4.9624999999999995 328.27484990517445
4.967499999999999 -137.05098896987957
4.9725 -91.54317987279634
4.9775 -62.293220591064944
4.9825 53.928600763045836
4.9875 308.1990180760773
4.9925 -222.1616877063363
4.9975 114.82871574494247
5.0024999999999995 -281.3874048448045
5.007499999999999 262.9606758471063
5.0125 -227.66473367033876
5.0175 314.8974897500007
5.0225 -172.73657386240595
5.0275 -237.97794959325188
5.0325 250.8555329234641
5.0375 53.35938956823978
5.0424999999999995 -207.2771995112383
5.047499999999999 -153.184954623608
5.0525 178.8578496633448
5.0575 -20.123699106977377
5.0625 145.5258393585294
5.0675 -50.67310150301335
5.0725 35.174148284044236
5.0775 -140.72822109567971
5.0825 24.293153216731284
5.0874999999999995 163.00974051493296
5.092499999999999 -60.49345464197533
5.0975 42.7940257298492
5.1025 -199.5248168008182
5.1075 29.226451351498728
5.1125 -71.6938240233878
5.1175 -40.56843547633685
5.1225 42.525840776301
5.1274999999999995 -11.21567257691837
5.132499999999999 -17.500147530999087
5.1375 -11.455059574946425
5.1425 113.28018589663643
5.1475 -72.93667001869099
5.1525 177.130279713494
5.1575 -203.0107153964619
5.1625 4.784089190124728
5.1674999999999995 254.06146562356767
5.172499999999999 -221.38632625576759
5.177499999999999 -111.94086393278792
5.1825 -122.22707398218816
5.1875 116.72026272812661
5.1925 -42.97218237315684
5.1975 58.26621372688175
5.2025 -43.354608995718316
5.2075 86.4513126625784
5.2124999999999995 -54.39297583479807
5.217499999999999 164.26286391649393
5.2225 -56.88614748232667
5.2275 161.7049357275884
5.2325 -4.306928942089572
5.2375 293.85967467632315
5.2425 -59.453410842107836
5.2475 -200.28170803319037
5.2524999999999995 2.8276282247264777
5.257499999999999 33.06861803448682
5.2625 33.886933003485225
5.2675 50.19877311759167
5.2725 -104.88328122291374
5.2775 76.39719382921072
5.2825 7.345024018736895
5.2875 -38.39490984842274
5.2924999999999995 -18.671646279892563
5.297499999999999 -18.455715349305734
5.302499999999999 -54.29739536447036
5.3075 -109.88159396913073
5.3125 254.58615889199322
5.3175 -53.57407728860545
5.3225 -100.4371331645457
5.3275 87.38913687221867
5.3325 -36.25469555678538
5.3374999999999995 -102.99318403759334
5.342499999999999 187.59481003150984
5.3475 -111.75870126560456
5.3525 14.031490582104857
5.3575 166.46533464427935
5.3625 -43.66754400918394
5.3675 27.3592912829119
5.3725 -86.95296430329256
5.3774999999999995 -77.23179987863368
5.382499999999999 74.60690176571681
5.3875 146.8696269708623
5.3925 172.6598403695536
5.3975 1.6982401627354904
5.4025 -261.9927735293804
5.4075 223.03840763358556
5.4125 -107.60965479111894
5.4174999999999995 8.323954037458273
5.422499999999999 0.2495189232448277
5.427499999999999 -109.2063651541735
5.4325 160.426627844966
5.4375 5.004329315242424
5.4425 -44.9378977412286
5.4475 -3.0987377935585534
5.4525 -130.72248615733133
5.4575 -41.284738585890864
5.4624999999999995 21.12820743912599
5.467499999999999 11.27917052708135
5.4725 -61.07055439249304
5.4775 -108.71282306531475
5.4825 136.45026394866403
5.4875 -35.47172865452607
5.4925 24.2854162463472
5.4975 -224.02778970407343
5.5024999999999995 92.55608642026597
5.507499999999999 164.50666562541838
5.5125 115.56864958595045
5.5175 -156.86787976863127
5.5225 71.5892284367739
5.5275 -90.205024997544
5.5325 150.57691590450955
5.5375 10.156154180642774
5.5424999999999995 -88.64746220325395
5.547499999999999 204.0570345015739
5.552499999999999 33.27515791191171
5.5575 -199.32319709758755
5.5625 -384.3408816848155
5.5675 91.93581692511238
5.5725 88.82287419156602
5.5775 169.51079374798212
5.5825 80.74168905640367
5.5874999999999995 -202.5743243314972
5.592499999999999 208.0010968878016
5.5975 22.856614463682792
5.6025 202.26381073573793
5.6075 14.385297973773907
5.6125 -114.7154064363069
5.6175 -74.83571218576671
5.6225 32.13755730030909
5.6274999999999995 -198.31543938525223
5.632499999999999 48.50373085261284
5.6375 23.298512997297607
5.6425 7.611582211792119
5.6475 -209.68501980319073
5.6525 -14.988470466423975
5.6575 102.85503598613256
5.6625 -163.36529758550873
5.6674999999999995 226.2468181353476
5.672499999999999 -162.50771179420286
5.677499999999999 144.05516203866253
5.6825 -10.761365969652656
5.6875 -65.5236143207274
5.6925 -150.46470591846
5.6975 -188.94704010444707
5.7025 -18.8918846286197
5.7075 153.01234420058157
5.7124999999999995 140.4751559869926
5.717499999999999 15.000388468049831
5.7225 -299.91965328379086
5.7275 255.87495471605058
5.7325 304.4555489354032
5.7375 -193.1589326451613
5.7425 217.5894190764255
5.7475 172.8360935774829
5.7524999999999995 -235.65451022129335
5.757499999999999 -93.45585090298137
5.7625 -64.41635442694786
5.7675 260.49252064725096
5.7725 -132.29367084075295
5.7775 27.80308759377213
5.7825 130.5304210996745
5.7875 106.36816587596125
5.7924999999999995 -33.58413136060971
5.797499999999999 -58.258139966006446
5.802499999999999 -5.061271975103344
5.8075 -84.59611589357664
5.8125 45.745353042619854
5.8175 22.724157770190985
5.8225 19.551046846285043
5.8275 -106.67107633920648
5.8325 144.91401864003544
5.8374999999999995 -126.56239069805973
5.842499999999999 117.88273797222293
5.8475 -259.11516188507414
5.8525 34.96539036918373
5.8575 66.33479806852178
5.8625 -109.88505556219678
5.8675 210.16332993515053
5.8725 203.9034093513173
5.8774999999999995 -84.67874910843113
5.882499999999999 95.30757963127726
5.8875 -166.75345756077814
5.8925 94.27750338087577
5.8975 -49.86042124486279
5.9025 -241.1727540618129
5.9075 -35.58352401786109
5.9125 93.29071184705457
5.9174999999999995 144.0561672372211
5.922499999999999 23.339103126779147
5.927499999999999 -168.53188978298888
5.9325 59.59273271764564
5.9375 -74.048028506032
5.9425 129.2834583521508
5.9475 -26.528401837288335
5.9525 127.3216194630286
5.9575 -16.432146625147336
5.9624999999999995 20.133762688445866
5.967499999999999 -59.360978752650006
5.9725 -79.87412398816451
5.9775 -38.84716454161006
5.9825 -121.73041149883487
5.9875 137.29769277463672
5.9925 -163.0790800123633
5.9975 -2.4736775375524656
6.0024999999999995 77.87446877051991
6.007499999999999 -73.04554499594977
6.012499999999999 173.53644700256058
6.0175 -81.23183521285473
6.0225 41.77873911509787
6.0275 179.0936303767727
6.0325 133.8503367551883
6.0375 -146.08788643600997
6.0424999999999995 145.23166115427026
6.047499999999999 -216.14228223750348
6.052499999999999 22.668550322778838
6.0575 72.72890140533836
6.0625 -259.4539576251696
6.0675 -63.17507619499989
6.0725 18.595242241696326
6.0775 -50.380580889852
6.0825 -29.648044469659563
6.0874999999999995 153.27289871989097
6.092499999999999 -70.45185451234407
6.0975 51.61582381355037
6.1025 308.998927796719
6.1075 -22.107085218806535
6.1125 -255.0319747615404
6.1175 4.6190623099720245
6.1225 -21.177043968328118
6.1274999999999995 -88.60570097184942
6.132499999999999 121.76542113027668
6.137499999999999 0.9270679674389083
6.1425 -32.747232007425296
6.1475 79.56944011146095
6.1525 -29.82287707991593
6.1575 2.2428528221950375
6.1625 184.74991726433336
6.1674999999999995 -0.1567627823187888
6.172499999999999 -69.01416107253718
6.177499999999999 -42.214998990330265
6.1825 -133.82387567434242
6.1875 -38.86254420209421
6.1925 -6.7227677294333095
6.1975 66.80851830334655
6.2025 -36.18673309099818
6.2075 23.84318960681722
6.2124999999999995 126.50752940869796
6.217499999999999 -56.899504886641914
6.2225 -4.685457472949712
6.2275 16.309741473143568
6.2325 -121.34507528012497
6.2375 -176.17730183972378
6.2425 398.58873071550136
6.2475 49.17985233672125
6.2524999999999995 -5.093025416861321
6.257499999999999 175.3110803806684
6.262499999999999 -167.1738455179653
6.2675 30.92240520089857
6.2725 -67.59539323193586
6.2775 -158.1544203661878
6.2825 227.9741069549447
6.2875 -119.72059848523001
6.2924999999999995 -97.80755932851295
6.297499999999999 -107.811799878305
6.302499999999999 128.4993842980286
6.3075 -86.49096538418361
6.3125 51.591502263546325
6.3175 221.19523426538268
6.3225 -60.846147315673534
6.3275 27.05753963488831
6.3325 -46.59990611581884
6.3374999999999995 239.97138007521463
6.342499999999999 -47.91552438461604
6.3475 103.64515239983943
6.3525 -90.34438020507685
6.3575 -229.58413050992726
6.3625 93.32544883544196
6.3675 -118.43505806134951
6.3725 142.60096204061168
6.3774999999999995 113.15254072144977
6.382499999999999 -59.91635291769034
6.387499999999999 -19.31961552644841
6.3925 -125.14184034822252
6.3975 262.5624869821685
6.4025 -88.79458286921204
6.4075 -48.118363448379824
6.4125 -140.54086822648935
6.4174999999999995 346.7320393954738
6.422499999999999 -8.013464390075415
6.427499999999999 173.8418311718972
6.4325 -83.48016418659232
6.4375 -154.61833600692145
6.4425 -430.62861900362907
6.4475 422.45078716905124
6.4525 -79.88752849972563
6.4575 -27.86243351268039
6.4624999999999995 134.3245431617917
6.467499999999999 -138.2638071223706
6.4725 -86.69932757515134
6.4775 -92.4873954040774
6.4825 159.10263290780733
6.4875 151.30352332934868
6.4925 -249.00035431312142
6.4975 -40.062924923201976
6.5024999999999995 -8.8425124424057
6.507499999999999 73.12103159421537
6.512499999999999 84.2726657006875
6.5175 -369.87537480875216
6.5225 222.41200153145942
6.5275 -209.14367964989123
6.5325 294.9044654194094
6.5375 -371.921572051129
6.5424999999999995 257.2601848621636
6.547499999999999 170.22786511355605
6.552499999999999 -52.89933862585755
6.5575 -127.54452489769697
6.5625 -76.30875602793732
6.5675 139.5297677747747
6.5725 -26.224477466236397
6.5775 -155.73610147445706
6.5825 -92.41621214483304
6.5874999999999995 160.56670005636155
6.592499999999999 230.56338514757496
6.5975 -45.65624587106755
6.6025 148.3758908954688
6.6075 -183.21359694308134
6.6125 6.859980050719944
6.6175 21.70380074465883
6.6225 -371.4039950690684
6.6274999999999995 14.754995507939496
6.632499999999999 128.64811634759891
6.637499999999999 168.36931794037866
6.6425 -112.3669844996803
6.6475 105.36723435554401
6.6525 8.179874025796392
6.6575 91.60854130805414
6.6625 46.17513060553958
6.6674999999999995 187.35642078723686
6.672499999999999 -85.37533263799271
6.677499999999999 -134.3165151923174
6.6825 52.478084842754335
6.6875 -145.85516085117172
6.6925 173.423453825652
6.6975 -58.23892731524527
6.7025 -177.02482882772284
6.7075 139.61249625679687
6.7124999999999995 35.533456121041525
6.717499999999999 140.30157289144768
6.722499999999999 -95.69670969387967
6.7275 118.16712546834087
6.7325 -118.55742742237318
6.7375 -202.80083057561754
6.7425 190.56559401847045
6.7475 309.55043074618925
6.7524999999999995 -1.35572495687817
6.757499999999999 -227.66325005526215
6.762499999999999 -2.363369342075147
6.7675 -90.47188083470596
6.7725 68.83280663016127
6.7775 -55.67374303145876
6.7825 -86.2458063812889
6.7875 -126.37434117125774
6.7924999999999995 121.50992800821082
6.797499999999999 242.367648301996
6.802499999999999 -229.29662972487702
6.8075 396.49702057065514
6.8125 -241.3218929706131
6.8175 -61.14151737930829
6.8225 197.1229860701755
6.8275 45.05420000478429
6.8325 40.632100984950355
6.8374999999999995 -299.68809511650994
6.842499999999999 12.36186083410124
6.847499999999999 -31.983222218855868
6.8525 185.64713200157274
6.8575 13.873790391909738
6.8625 30.868078045860468
6.8675 -120.3851972475077
6.8725 143.907280839049
6.8774999999999995 42.709784355202395
6.882499999999999 -130.33766561822102
6.887499999999999 255.1258687135145
6.8925 94.1445635749446
6.8975 -322.81386531678845
6.9025 125.12140606709583
6.9075 68.48888347030666
6.9125 -120.63014676790112
6.9174999999999995 -12.88372674668193
6.922499999999999 -193.26671323425228
6.927499999999999 338.5747436884145
6.9325 -19.166011692878495
6.9375 -211.78904915075972
6.9425 -64.5877837476304
6.9475 82.3576424662356
6.9525 -126.46775668204177
6.9575 -102.83843502424412
6.9624999999999995 40.5222355712675
6.967499999999999 -45.03610003243443
6.972499999999999 33.33373064038183
6.9775 -67.45840115018221
6.9825 146.34825371059617
6.9875 -114.1399735980544
6.9925 -86.40607760075066
6.9975 174.07134951648032
7.0024999999999995 165.8960007469404
7.007499999999999 -42.60707654541298
7.012499999999999 -1.878012202982163
7.0175 151.61482485300849
7.0225 10.825875658534345
7.0275 10.45035695830463
7.0325 -55.329233267966764
7.0375 -147.28690979735524
7.0424999999999995 158.79486784878597
7.047499999999999 108.28498321553187
7.052499999999999 -336.6796073436287
7.0575 219.77522923455044
7.0625 -88.59527579621415
7.0675 52.307479504121424
7.0725 -138.3046214718158
7.0775 95.0387093672233
7.0825 163.54139973444845
7.0874999999999995 8.834520790249487
7.092499999999999 111.37624227325958
7.097499999999999 60.99817634611825
7.1025 -2.334900117496459
7.1075 -102.82260093673852
7.1125 -62.52982107583892
7.1175 19.690526697221987
7.1225 144.02994162681244
7.1274999999999995 -130.95510634299652
7.132499999999999 51.484284592885295
7.137499999999999 179.92617265512152
7.1425 -53.43651952514766
7.1475 19.016099593640174
7.1525 90.85373164355785
7.1575 24.402032865239295
7.1625 -56.74455757547271
7.1674999999999995 -170.116120936586
7.172499999999999 13.353267562174876
7.177499999999999 190.01216677748096
7.1825 -100.02994234177018
7.1875 -8.337770408459729
7.1925 -41.29479835140926
7.1975 16.21195735743337
7.2025 -157.13904447136287
7.2075 80.31530545212435
7.2124999999999995 -242.0943258768674
7.217499999999999 -124.68471018667
7.222499999999999 261.4099421560411
7.2275 17.912858421639257
7.2325 35.17111797557823
7.2375 32.34974054026178
7.2425 195.159407634152
7.2475 -302.2778843832828
7.2524999999999995 -36.99620374037286
7.257499999999999 246.89586836738692
7.262499999999999 101.59969841243024
7.2675 -9.564007809974301
7.2725 -101.79791017616891
7.2775 81.34300581305152
7.2825 -7.87290742143442
7.2875 -17.911089136644154
7.2924999999999995 -204.4842711680742
7.297499999999999 99.55496813969255
7.302499999999999 161.25373634197663
7.3075 83.87575241575428
7.3125 29.353064213498744
7.3175 -59.85078364473733
7.3225 -127.85183151637007
7.3275 397.86404863485734
7.3325 -44.57964160968156
7.3374999999999995 -156.93563222557927
7.342499999999999 -42.95675803973978
7.347499999999999 138.47137112184794
7.3525 -9.558593371555558
7.3575 -45.882480919562774
7.3625 -384.21891852509935
7.3675 352.5046326257092
7.3725 -61.2267051753687
7.3774999999999995 -256.3594624772882
7.382499999999999 170.67600213343147
7.387499999999999 -313.05031542392476
7.3925 256.5656279968512
7.3975 -123.33318580132972
7.4025 -5.016813788079341
7.4075 133.4688913581369
7.4125 176.47628968720912
7.4174999999999995 67.9268250765603
7.422499999999999 -254.4853332008954
7.427499999999999 153.00365844026317
7.4325 -119.00354646257549
7.4375 -2.766869877948413
7.4425 53.81666618332491
7.4475 -283.66888192426427
7.4525 15.429988918251766
7.4575 -66.55049872625858
7.4624999999999995 153.14887126276267
7.467499999999999 -50.940230904321126
7.472499999999999 -33.39145912279152
7.4775 245.36839723438456
7.4825 -0.474805247597957
7.4875 -18.212549456616347
7.4925 19.193965237857615
7.4975 104.90415677261332
7.5024999999999995 -138.49157309056503
7.507499999999999 169.47821619259
7.512499999999999 -4.729945398067489
7.5175 7.899196291084593
7.5225 128.11229234752562
7.5275 118.00817193591921
7.5325 86.90957300327884
7.5375 -64.48410938400107
7.5424999999999995 -76.5830433292036
7.547499999999999 180.72191920711535
7.552499999999999 -99.17331888537664
7.557499999999999 -59.0442180189502
7.5625 -149.50909438120797
7.5675 85.48632954666832
7.5725 -238.79395841255342
7.5775 122.08472167482388
7.5825 72.54528025571517
7.5874999999999995 41.611711163878454
7.592499999999999 84.34476544587497
7.597499999999999 112.88331794255853
7.6025 -135.34430081999136
7.6075 -59.760417933371265
7.6125 75.55478692513586
7.6175 -204.12426364702216
7.6225 158.3924614379115
7.6274999999999995 -35.213328173248044
7.632499999999999 7.093764627499341
7.637499999999999 35.85660524862731
7.6425 -27.429275281153338
7.6475 -286.41210475428244
7.6525 -111.17892502085489
7.6575 127.86777350315398
7.6625 80.61512175553186
7.6674999999999995 -23.40104731294259
7.672499999999999 -99.37796516336356
7.677499999999999 223.17029897433443
7.682499999999999 11.632714355025488
7.6875 185.57552030324288
7.6925 -52.57020950973336
7.6975 -152.39181150356043
7.7025 -66.9176187506216
7.7075 108.13340541912882
7.7124999999999995 218.84302967160087
7.717499999999999 -161.68674483035895
7.722499999999999 10.803636564601428
7.7275 -76.51183220694438
7.7325 -53.254804113631266
7.7375 139.9565741600067
7.7425 40.85516537367747
7.7475 -100.53016418546243
7.7524999999999995 84.7703829652784
7.757499999999999 -90.07569942268233
7.762499999999999 13.525934829699143
7.7675 52.76789335651529
7.7725 13.839016691450842
7.7775 -147.15381051102736
7.7825 59.35180441913607
7.7875 -147.17443374747555
7.7924999999999995 352.1865260787855
7.797499999999999 100.94372843438867
7.802499999999999 -33.539580620348055
7.807499999999999 82.3146364455961
7.8125 -28.243625872765733
7.8175 -43.51718741755283
7.8225 8.674945126379287
7.8275 39.37725922159024
7.8325 -104.9556854546012
7.8374999999999995 65.30888383540389
7.842499999999999 -124.5077973457137
7.847499999999999 134.6009813759578
7.8525 -83.60121796592767
7.8575 -52.075863012017244
7.8625 -38.72327712327069
7.8675 -70.18304372447766
7.8725 150.2746068646044
7.8774999999999995 42.250304884241686
7.882499999999999 -17.2880708086876
7.887499999999999 188.35645235201204
7.8925 -141.9172735274825
7.8975 154.96998738679184
7.9025 -55.92416899945983
7.9075 1.9913624014966664
7.9125 -63.70052798219341
7.9174999999999995 76.44026445783273
7.922499999999999 -81.89522168726542
7.927499999999999 -122.1059328307543
7.932499999999999 90.12184162795468
7.9375 87.47896907428735
7.9425 -149.59374768108736
7.9475 193.22233820862328
7.9525 141.21735531809136
7.9575 -41.20327417023085
7.9624999999999995 -48.932689565277876
7.967499999999999 -124.81569951576921
7.972499999999999 136.8757731740357
7.9775 -132.09195603483522
7.9825 155.1189652361815
7.9875 -275.28637279065697
7.9925 -16.240518559567583
7.9975 -142.00457325453885
8.0025 -36.272435119228824
8.0075 246.71497180612522
8.0125 -288.3824745287834
8.0175 28.072898950068012
8.022499999999999 249.45474633311042
8.0275 -193.60840524756688
8.032499999999999 245.7948064976386
8.0375 -174.5075602449073
8.0425 -75.90820443197372
8.0475 165.8830443463454
8.0525 223.912732854779
8.0575 -118.0903990810507
8.0625 -86.80307273123401
8.067499999999999 165.1594681017195
8.0725 -61.775691703133845
8.077499999999999 -72.47043078952944
8.0825 5.94702057184081
8.0875 -136.47884988868157
8.0925 144.2907944810471
8.0975 137.28741839482208
8.1025 -132.75116720192926
8.1075 -1.8672856988745745
8.112499999999999 144.57654058698017
8.1175 -147.06287760473558
8.1225 137.4076802987223
8.1275 -250.16552940769586
8.1325 184.90862249683047
8.1375 -77.40475057914021
8.1425 23.031415867084963
8.147499999999999 -108.65722990304334
8.1525 246.98090780193962
8.157499999999999 -62.88394124383054
8.1625 -94.9895999317978
8.1675 -16.408843012724876
8.1725 123.84414993926784
8.1775 55.13496193323771
8.1825 72.58588091195557
8.1875 22.508160257854378
8.192499999999999 41.41059111983621
8.1975 -238.3092590643046
8.202499999999999 76.80292866965166
8.2075 -136.85826717405442
8.2125 125.03657381231588
8.2175 73.73511112488745
8.2225 -45.48268251319548
8.2275 -9.11441941322129
8.2325 -181.5889440881445
8.237499999999999 102.15493204523982
8.2425 34.7566536887696
8.2475 9.162704340259237
8.2525 108.39032449142641
8.2575 11.218454287338716
8.2625 28.806666676282536
8.2675 37.795230792284265
8.272499999999999 3.3429083337964745
8.2775 138.1970893142339
8.282499999999999 138.4881478806093
8.2875 166.60250910213026
8.2925 -68.06145574313307
8.2975 -14.63505493335342
8.3025 -228.65156836387123
8.3075 164.77562694593644
8.3125 8.018210379306659
8.317499999999999 -58.821020499619635
8.3225 3.8784185048712905
8.327499999999999 -394.4301904203705
8.3325 196.6557073235767
8.3375 -53.94422362866776
8.3425 -12.369275517071642
8.3475 21.205363844515503
8.3525 -69.69210332407076
8.3575 24.929751918914146
8.362499999999999 -74.49614131436205
8.3675 273.4147676994539
8.3725 77.7646151994408
8.3775 -78.9530212718016
8.3825 -301.4081159328301
8.3875 81.9552044750846
8.3925 -119.4004652740571
8.397499999999999 31.50889962315156
8.4025 -20.58943528864998
8.407499999999999 317.20848228228516
8.4125 -77.87166990271623
8.4175 -105.29262654426633
8.4225 -44.105671923567975
8.4275 56.62070867849154
8.4325 171.19871913446585
8.4375 52.987762873928936
8.442499999999999 -100.39259313197158
8.4475 -70.25904402857556
8.452499999999999 -86.49739933919776
8.4575 -38.92358696873818
8.4625 -74.22380116741944
8.4675 167.04640133808059
8.4725 46.24773760891953
8.4775 -17.60820142517892
8.4825 -240.51134526521457
8.487499999999999 319.44493957213587
8.4925 106.48890419794013
8.4975 41.167170413790224
8.5025 -98.33153460619214
8.5075 38.22790900360739
8.5125 -73.19089979810937
8.5175 97.71891480801247
8.522499999999999 19.383300049020097
8.5275 181.46591917321294
8.532499999999999 -54.727207139356366
8.5375 41.29914932401435
8.5425 -206.34585267949245
8.5475 -60.25157439550375
8.5525 -37.886376997027426
8.5575 199.27995580388756
8.5625 -19.97252721787269
8.567499999999999 -56.64086736413688
8.5725 29.750310810158354
8.577499999999999 -44.429088957166705
8.5825 83.36616741481107
8.5875 -197.2488586049627
8.5925 45.89309057664704
8.5975 68.06968635271537
8.6025 -28.779384738518576
8.6075 122.48602461820103
8.612499999999999 -91.91198986960569
8.6175 28.45884164167263
8.6225 -152.6425966643114
8.6275 55.62515124940009
8.6325 182.63929092857236
8.6375 16.026584555136164
8.6425 5.968242780868018
8.647499999999999 3.0142321314721556
8.6525 78.30540348740712
8.657499999999999 -177.88097381003013
8.6625 -30.022314421554675
8.6675 64.59064334167425
8.6725 -27.240325749365073
8.6775 46.0817590439738
8.6825 -136.5294409654164
8.6875 64.91661285112714
8.692499999999999 -318.9228475974087
8.6975 157.8732087932174
8.702499999999999 2.5279624539706473
8.7075 -94.01541656023008
8.7125 393.2000578549094
8.7175 -180.2991874341723
8.7225 78.62669832642004
8.7275 -88.0773574182053
8.7325 76.13258492872708
8.737499999999999 -132.67563454909362
8.7425 176.3654071254516
8.747499999999999 -219.74622117150273
8.7525 -191.95729364740876
8.7575 219.01378929098726
8.7625 -244.5680488768597
8.7675 166.6007038287783
8.772499999999999 13.109740996410107
8.7775 -80.88407544414976
8.782499999999999 89.34747114014799
8.7875 255.3393692786499
8.7925 -124.46395918478646
8.7975 -49.98378880579517
8.8025 84.64361499806581
8.8075 20.77083529215408
8.8125 -348.170139266861
8.817499999999999 318.9961737757954
8.8225 -150.49429907192354
8.827499999999999 -45.18678742746267
8.8325 -43.498872436153306
8.8375 -126.1673614439052
8.8425 1.546568289593175
8.8475 418.6452646270905
8.8525 -98.2223967889231
8.8575 34.08450645088364
8.862499999999999 -10.512966698796891
8.8675 -199.14514355072447
8.872499999999999 233.50041350324273
8.8775 220.63603757103198
8.8825 -225.61607612704
8.8875 -237.92637952794325
8.8925 245.13975997951786
8.897499999999999 -55.201440257610386
8.9025 239.51378265715329
8.907499999999999 -248.73898699644369
8.9125 280.9776757572993
8.9175 -10.466534744486966
8.9225 -133.56391930520903
8.9275 83.7545707362988
8.9325 62.15074617329791
8.9375 86.7997175900169
8.942499999999999 -220.8063071060573
8.9475 -23.824307759453173
8.952499999999999 -195.47209250551026
8.9575 240.28751667080246
8.9625 -228.07146546063575
8.9675 92.69605359434578
8.9725 -23.263244555620435
8.9775 -109.49562797062407
8.9825 279.05492298698675
8.987499999999999 115.86839187308473
8.9925 -334.1239692511128
8.997499999999999 103.97423467188669
9.0025 211.3439893656675
9.0075 -97.72834994197713
9.0125 -17.71550248339576
9.0175 -242.8268689462733
9.022499999999999 187.93046863298483
9.0275 140.2863788308806
9.032499999999999 15.280234983565286
9.0375 109.40643594352653
9.0425 -85.90422910964585
9.0475 -271.36008861981543
9.0525 86.77570582278838
9.0575 57.71486999463927
9.0625 -120.13522830532169
9.067499999999999 173.00268453662522
9.0725 154.44397577340382
9.077499999999999 25.708021255032964
9.0825 5.365077656949155
9.0875 -8.474974078066428
9.0925 -38.85120550116677
9.0975 266.2663457714417
9.1025 9.997035641275994
9.1075 -23.991727832440056
9.112499999999999 -196.9592015449448
9.1175 -83.95684609212573
9.122499999999999 175.0303340904395
9.1275 -195.2987177082062
9.1325 136.019631876094
9.1375 13.57456529759661
9.1425 95.59860977540373
9.147499999999999 -366.8463599498154
9.1525 -101.67201171923803
9.157499999999999 181.9750453390544
9.1625 -70.24954968159233
9.1675 -33.81968398877965
9.1725 82.4010292923768
9.1775 -145.34925718938572
9.1825 256.00539704844266
9.1875 57.170022325288215
9.192499999999999 102.65023236599684
9.1975 -37.19932334226022
9.202499999999999 -201.26675146711867
9.2075 231.13125714127747
9.2125 -147.78674372998353
9.2175 272.5006389608346
9.2225 -81.25847514991284
9.2275 28.919496162090894
9.2325 9.52786418343449
9.237499999999999 128.20145070544288
9.2425 82.34988345545015
9.247499999999999 -127.05303710582945
9.2525 -136.40706607784435
9.2575 239.06128282206905
9.2625 48.66435221839112
9.2675 4.453355335404836
9.272499999999999 148.82464030954083
9.2775 93.24115712972933
9.282499999999999 -170.21845708599542
9.2875 -403.93114241844586
9.2925 -6.927760008825435
9.2975 -98.52043512275945
9.3025 487.4309576953058
9.3075 -308.39325559359355
9.3125 -169.8952367712029
9.317499999999999 13.071204900750788
9.3225 105.93856813968934
9.327499999999999 94.83092088461335
9.3325 25.57730549007958
9.3375 -175.58780308049268
9.3425 83.07954390352717
9.3475 78.17931002226841
9.3525 -63.64506449643268
9.3575 -139.32664827157572
9.362499999999999 -120.69262387123177
9.3675 76.71835695215341
9.372499999999999 10.28464287817521
9.3775 54.22352620270331
9.3825 -103.79885781663232
9.3875 -19.415855629803072
9.3925 117.48938036326305
9.397499999999999 105.64242807654024
9.4025 -78.3283586970075
9.407499999999999 33.87990810254566
9.4125 97.4804301485393
9.4175 -16.31539379986445
9.4225 64.48199718983616
9.4275 -192.5774571841552
9.4325 -92.11359190761915
9.4375 124.24047295264616
9.442499999999999 171.6631022822159
9.4475 18.452568845570795
9.452499999999999 -5.800278106422805
9.4575 14.228756335631449
9.4625 -199.5118564855848
9.4675 470.1017792353543
9.4725 -200.73182533378377
9.4775 -179.79250373955495
9.4825 -1.1888049707292958
9.487499999999999 16.362756007144288
9.4925 155.57511680391366
9.497499999999999 10.481954604031506
9.5025 -59.191858739691995
9.5075 45.692748460084424
9.5125 210.19585577783968
9.5175 -230.66699792966494
9.522499999999999 343.0394731867657
9.5275 -267.8940079635672
9.532499999999999 -82.29264315148252
9.5375 -83.12909625233165
9.5425 146.50607028726893
9.5475 -193.43634215020882
9.5525 146.94695417291427
9.5575 -214.50470661003172
9.5625 279.4675421961365
9.567499999999999 109.37410826707284
9.5725 -78.77574591558712
9.577499999999999 -45.276608050096605
9.5825 9.649279556936607
9.5875 84.08214715549143
9.5925 6.199862266519245
9.5975 96.67828574502455
9.6025 -145.6171824136632
9.6075 -307.04916073148644
9.612499999999999 15.183622496116014
9.6175 111.49548492373336
9.622499999999999 -301.7519848798766
9.6275 -81.83274537344168
9.6325 196.156499338347
9.6375 39.30031835158835
9.6425 -4.953976143257801
9.647499999999999 204.84614087276827
9.6525 23.961440899775518
9.657499999999999 -316.22821207557666
9.6625 114.00109591062026
9.6675 59.625139344790774
9.6725 70.29755091247905
9.6775 -31.564255637283573
9.6825 194.1435314551123
9.6875 -62.78604343912468
9.692499999999999 -144.30780256533438
9.6975 32.58202268538313
9.702499999999999 176.2654679190342
9.7075 77.65055960939442
9.7125 100.32945889571918
9.7175 8.855052443895595
9.7225 86.74428946758674
9.7275 25.862734608986536
9.7325 -164.97498007350433
9.737499999999999 52.60990670689475
9.7425 16.694174495943425
9.747499999999999 32.75144613216523
9.7525 -24.050550439848575
9.7575 -48.630419211211546
9.7625 -271.8732846609043
9.7675 -119.91748071932489
9.772499999999999 297.93056456351917
9.7775 -77.43979205402755
9.782499999999999 -137.09354786643655
9.7875 57.26182697879795
9.7925 -31.08736819678345
9.7975 128.83015874656232
9.8025 -46.93889867340874
9.8075 179.06613737749367
9.8125 -100.33501610330497
9.817499999999999 21.13471718680394
9.8225 280.0633595107878
9.827499999999999 -238.95261548512875
9.8325 -18.810919115537335
9.8375 -201.9725657141463
9.8425 64.78052659697325
9.8475 14.328864414288272
9.8525 117.15733569679246
9.8575 13.056942359654347
9.862499999999999 15.530714999893874
9.8675 -25.464555020754904
9.872499999999999 -7.659749173338613
9.8775 -59.561482718130065
9.8825 92.029899832408
9.8875 62.19209238723445
9.8925 -64.07617221402252
9.897499999999999 2.693441524208555
9.9025 259.1608374917601
9.907499999999999 12.528571008787619
9.9125 -221.46290105773022
9.9175 276.9051835575965
9.9225 1.5828160940375469
9.9275 -53.583287149930534
9.9325 67.51508669395801
9.9375 -123.36352734155584
9.942499999999999 -86.4457879563606
9.9475 164.7603784093923
9.952499999999999 -272.2166014794487
9.9575 262.734930292898
9.9625 -95.11371252408837
9.9675 65.86223159936401
9.9725 14.191793908181133
9.9775 17.352167717037556
9.9825 43.98115957760976
9.987499999999999 10.34637047627515
9.9925 -160.72186579777707
9.997499999999999 -107.61596953058903
10.0025 17.795038462625175
