0.0075 123.937536501465
0.012499999999999999 83.20839116878321
0.017499999999999998 43.87701651004226
0.0225 164.5601191910557
0.0275 -57.27070998426048
0.0325 -148.2030201983296
0.0375 -165.11758528625015
0.042499999999999996 -1.9767989924736094
0.0475 80.36104606154625
0.0525 -188.1201045094507
0.057499999999999996 446.9712152806762
0.0625 -162.37111284577244
0.06749999999999999 -40.51620321210378
0.0725 -224.56362393484042
0.0775 111.68127142765368
0.08249999999999999 9.724971426999963
0.0875 -149.57760015933673
0.0925 -220.49247231787825
0.09749999999999999 220.43873426658274
0.1025 301.6338320121136
0.1075 -60.07246001451675
0.11249999999999999 -30.844340073050624
0.1175 28.737422446019863
0.1225 -164.8957217375398
0.1275 81.9742315917209
0.1325 -39.532395488080944
0.13749999999999998 -40.863015704096014
0.1425 158.18657145626165
0.1475 -6.891389267463255
0.1525 12.953463102921226
0.1575 108.64120320874676
0.1625 4.765997178636263
0.16749999999999998 -187.9636355552885
0.1725 8.58306125900914
0.1775 -39.83377159398227
0.1825 78.22084756004718
0.1875 81.58819850157458
0.1925 -307.5063110254653
0.19749999999999998 58.780941970618606
0.20249999999999999 163.16611314925154
0.2075 194.38326509807595
0.2125 -134.02197608471002
0.2175 -231.62480376980096
0.2225 85.63354876940622
0.22749999999999998 308.27630159208
0.23249999999999998 -58.276484159161804
0.2375 -343.2281784977485
0.2425 384.4933553392375
0.2475 -134.6474320152647
0.2525 5.600502697512124
0.2575 -24.91843631106395
0.2625 3.259868259712117
0.2675 -78.59397221214356
0.27249999999999996 -66.26964980013085
0.27749999999999997 -68.58235214122291
0.2825 150.22456028447155
0.2875 22.86311809268215
0.2925 -20.7754228536645
0.2975 -114.74101626421846
0.3025 333.16792980111313
0.3075 46.056685357049325
0.3125 -66.4200484987974
0.3175 -156.40252268186208
0.3225 -23.109362930753093
0.32749999999999996 116.01353061351878
0.33249999999999996 279.72007144345355
0.33749999999999997 -130.57940256918764
0.34249999999999997 -230.74533333204656
0.3475 352.28457862684655
0.3525 -45.49156157112344
0.3575 -67.73032312162917
0.3625 246.97730600560405
0.3675 -233.58665476469588
0.3725 -21.160412347254503
0.3775 109.62287485602052
0.3825 64.76639462058277
0.38749999999999996 -114.61919319263538
0.39249999999999996 -0.6324100225928596
0.39749999999999996 -167.733669878537
0.40249999999999997 -4.342621587476642
0.4075 42.452218580109594
0.4125 -6.3780102910430605
0.4175 -39.26555294095207
0.4225 -14.534616495397112
0.4275 152.06951662245598
0.4325 -202.5725920217426
0.4375 255.9607191153275
0.4425 -90.85509485883001
0.44749999999999995 -42.01465022875112
0.45249999999999996 13.686253945913705
0.45749999999999996 83.71757181060175
0.46249999999999997 105.0562131068388
0.46749999999999997 72.82133687487269
0.4725 -222.13305479065738
0.4775 -108.45262948224973
0.4825 -77.99313455460826
0.4875 -47.78837271704308
0.4925 219.62306072455087
0.4975 -61.05666788696069
0.5025 -281.73193237220204
0.5075 138.1365330812259
0.5125 32.42360996519779
0.5175 54.18784864841195
0.5225 148.75552897960873
0.5275 51.220779291483446
0.5325 146.02382610814703
0.5375 -181.58542236096847
0.5425 85.59858492936546
0.5475 -125.98093882357273
0.5525 148.53338647178862
0.5575 -277.5176309143076
0.5625 -95.51171506539444
0.5675 48.08923538028109
0.5725 251.1014235360995
0.5775 -199.42699015042302
0.5825 229.11505366133102
0.5875 122.32987172997358
0.5925 -168.68766107620772
0.5974999999999999 -145.6807450890011
0.6024999999999999 74.50548591820052
0.6074999999999999 -182.50805856292806
0.6124999999999999 391.61872734971564
0.6174999999999999 -74.82921664921324
0.6224999999999999 31.441338884799293
0.6275 -160.79681000479252
0.6325 -56.451984471666606
0.6375 115.54134606833084
0.6425 22.76497415919573
0.6475 149.29542249307212
0.6525 173.81571928338036
0.6575 -211.92818026991338
0.6625 327.5995364813929
0.6675 -77.42773891513487
0.6725 -225.50962769928256
0.6775 127.46874907673171
0.6825 -44.323760313382806
0.6875 -144.17978612452123
0.6925 121.88329740745064
0.6975 -145.73784617658285
0.7025 238.5050320411848
0.7075 157.95002334211298
0.7125 -286.6608678562413
0.7174999999999999 -143.77651230871686
0.7224999999999999 60.800183275794865
0.7274999999999999 73.63958947282487
0.7324999999999999 -101.51278343841015
0.7374999999999999 -166.9161823045608
0.7424999999999999 342.31459846643463
0.7474999999999999 215.56125976431352
0.7525 -118.04439109195381
0.7575 -25.241068706374296
0.7625 -531.0354008906967
0.7675 219.3533485829572
0.7725 55.412070175605166
0.7775 -135.61446985581554
0.7825 -261.8017567724252
0.7875 67.64357604941289
0.7925 262.4193951699944
0.7975 -171.13836791008663
0.8025 -23.73680065524732
0.8075 224.76384367783132
0.8125 -127.85274260734926
0.8175 222.41453374330277
0.8225 -165.05228938006627
0.8275 374.4242183737602
0.8325 -89.17528731402429
0.8374999999999999 -149.1139322226108
0.8424999999999999 -159.7120593478951
0.8474999999999999 264.8253764371743
0.8524999999999999 -121.89356968191349
0.8574999999999999 -49.45249618065691
0.8624999999999999 116.7615339389063
0.8674999999999999 95.21949697653083
0.8724999999999999 -128.49818924772921
0.8775 152.11607516104118
0.8825 -81.03814587630606
0.8875 -164.27048357930897
0.8925 90.24920093584612
0.8975 206.14842410661285
0.9025 -425.2353862142687
0.9075 16.4181336669242
0.9125 -120.28132813883948
0.9175 193.108327620471
0.9225 -37.090092428967566
0.9275 72.06393868037316
0.9325 222.4921199036227
0.9375 -105.5561122395798
0.9425 -131.1488002850022
0.9475 20.584428811481175
0.9524999999999999 -164.60541989709375
0.9574999999999999 376.24787052558287
0.9624999999999999 -226.92128014171425
0.9674999999999999 58.56883079784395
0.9724999999999999 -125.19201310965316
0.9774999999999999 306.741193558695
0.9824999999999999 -272.00639289497724
0.9874999999999999 156.37327737198655
0.9924999999999999 82.27580494276633
0.9974999999999999 -150.01813106959915
1.0025 -81.8965006884667
1.0075 138.5844648293036
1.0125 -93.66847064156933
1.0174999999999998 32.11584043230391
1.0225 -12.641798932418762
1.0274999999999999 15.399296310617727
1.0325 25.772541602257995
1.0374999999999999 -158.5947796902808
1.0425 255.91159573194645
1.0474999999999999 -147.54262292868123
1.0525 174.0450263032794
1.0574999999999999 4.073755937103718
1.0625 -74.74802244229467
1.0675 -127.70428609569204
1.0725 101.96610804505094
1.0775 122.36884547563243
1.0825 -210.92171001308256
1.0875 109.11571370709669
1.0925 24.831914906240687
1.0975 -35.69940705324525
1.1025 3.694061534803905
1.1075 -1.8965258769551439
1.1125 69.21020304100233
1.1175 -71.24382995166529
1.1225 26.724361137800315
1.1275 -21.10755893845656
1.1324999999999998 -34.691906753060145
1.1375 171.77633370928396
1.1424999999999998 -139.68524747677318
1.1475 -26.427342583728365
1.1524999999999999 -137.5844361593871
1.1575 -70.7664177522361
1.1624999999999999 -110.10702411532677
1.1675 337.37840096621255
1.1724999999999999 -27.32223630222394
1.1775 -83.5528040860937
1.1824999999999999 220.6472904130825
1.1875 -3.077207413665769
1.1925 -241.04028690735447
1.1975 197.88615319169833
1.2025 56.5788932342789
1.2075 -177.37561043414257
1.2125 237.5358225631776
1.2175 -104.17450652233394
1.2225 150.0840646342009
1.2275 -95.47796417114313
1.2325 -432.8999969738093
1.2375 -182.60696009409105
1.2425 265.189305702239
1.2475 -296.9003714660944
1.2525 -24.932152283102802
1.2574999999999998 17.809072474366026
1.2625 554.7958859638683
1.2674999999999998 3.4238138443533495
1.2725 61.3053312478793
1.2774999999999999 -138.50416789699324
1.2825 -142.6008300613725
1.2874999999999999 366.0965056254671
1.2925 212.08094156802116
1.2974999999999999 -89.27796860953983
1.3025 -4.280163045782514
1.3074999999999999 -137.54931704965318
1.3125 -64.09328122361035
1.3175 110.98205962957418
1.3225 -231.16818142567502
1.3275 133.61113958217294
1.3325 18.476409049246016
1.3375 46.35840920785031
1.3425 -253.50756823121066
1.3475 -25.209958186413584
1.3525 131.05091195437933
1.3575 -275.8387679158365
1.3625 299.3624247972815
1.3675 20.954653177031492
1.3724999999999998 25.155858458711002
1.3775 -91.72462438475276
1.3824999999999998 -174.9426789207911
1.3875 17.498810204974507
1.3924999999999998 -62.79925524520647
1.3975 -138.29951592797732
1.4024999999999999 465.71471471642997
1.4075 -80.31642734144965
1.4124999999999999 -141.83191809278728
1.4175 -302.58470091553875
1.4224999999999999 366.45432252800083
1.4275 150.45627641892753
1.4324999999999999 -46.87284891970607
1.4375 -106.00987561468824
1.4425 202.6093122514989
1.4475 -46.30007020632296
1.4525 -13.552987415704479
1.4575 -74.92314323413981
1.4625 168.8640862650599
1.4675 -41.796604784822826
1.4725 80.72035439198537
1.4775 -56.69251920097937
1.4825 8.336447523832462
1.4874999999999998 -80.09450349414871
1.4925 -2.083686287387088
1.4974999999999998 97.86118286840974
1.5025 137.01315701569948
1.5074999999999998 -150.33752201268805
1.5125 -192.50293457383205
1.5174999999999998 -242.7512717183513
1.5225 105.56343679128949
1.5274999999999999 -45.522847690580356
1.5325 -176.21365659357096
1.5374999999999999 220.3974237778341
1.5425 -61.408474010186296
1.5474999999999999 82.99749900290837
1.5525 214.22652490142968
1.5574999999999999 -453.0396278697729
1.5625 167.40420356894407
1.5675 83.78379785461918
1.5725 117.25235140650742
1.5775 -157.8123125458983
1.5825 -93.65242999931723
1.5875 -62.83406871707617
1.5925 313.43744849457954
1.5975 -85.29108488149834
1.6025 200.26505299007826
1.6075 -248.25790194505655
1.6124999999999998 -23.363537181518492
1.6175 -155.50688722162045
1.6224999999999998 491.2768813456343
1.6275 -50.84549056803867
1.6324999999999998 36.97497689299253
1.6375 -12.693727631243252
1.6424999999999998 -213.3194086948083
1.6475 -71.71478483983412
1.6524999999999999 249.1203473570212
1.6575 10.095227307034614
1.6624999999999999 -170.03590135950517
1.6675 -20.796624889145242
1.6724999999999999 23.053141394994114
1.6775 -20.57919581162019
1.6824999999999999 -215.36469925428622
1.6875 -1.3601613936067378
1.6925 124.83280165006767
1.6975 205.77404102983914
1.7025 -372.1102004674279
1.7075 230.0024872960966
1.7125 -87.58839581819089
1.7175 -155.26083369094368
1.7225 200.62473475728788
1.7274999999999998 43.9180592901547
1.7325 -60.28819550924616
1.7374999999999998 -31.187929567545552
1.7425 -197.83390757163997
1.7474999999999998 281.30242238633406
1.7525 40.07199727873948
1.7574999999999998 184.69037133700684
1.7625 -136.24469264819052
1.7674999999999998 -148.39226945079227
1.7725 150.97856888317878
1.7774999999999999 -55.66717633237058
1.7825 194.09540927341115
1.7874999999999999 -43.09381964744608
1.7925 -59.36590451918487
1.7974999999999999 -64.71665647448444
1.8025 17.9522881733334
1.8074999999999999 91.89413582865969
1.8125 -20.599260833783784
1.8175 -141.23328052785334
1.8225 91.7037239984815
1.8275 23.498171137703412
1.8325 -181.02507496029003
1.8375 76.45423188782381
1.8425 -2.811691764490968
1.8475 66.32016271568115
1.8524999999999998 -324.8675757043392
1.8575 481.02192899344203
1.8624999999999998 27.652154135755588
1.8675 -144.062834096775
1.8724999999999998 -147.182501587049
1.8775 198.0514150159503
1.8824999999999998 -152.49907049174996
1.8875 14.19627146506149
1.8924999999999998 -47.38253089841525
1.8975 202.8602721564469
1.9024999999999999 -290.4917780457094
1.9075 63.8468939453336
1.9124999999999999 -54.61124377164367
1.9175 -24.88460580819876
1.9224999999999999 0.868271808512022
1.9275 93.08381155972327
1.9324999999999999 7.206213044637028
1.9375 113.77149677316292
1.9425 13.966934180730732
1.9475 -4.547367187078178
1.9525 84.91100598933122
1.9575 -11.53606502392021
1.9625 -37.76002562629667
1.9674999999999998 69.71787483641916
1.9725 -3.213649044619493
1.9774999999999998 100.58126074399917
1.9825 6.824746988821372
1.9874999999999998 -51.39949549781664
1.9925 80.18719163879175
1.9974999999999998 41.21182433273675
2.0025 -84.9785517270521
2.0075 -227.5073307294969
2.0124999999999997 108.983055228796
2.0175 236.88933508951553
2.0225 -160.5677516795715
2.0275 0.2578826963266811
2.0324999999999998 35.64967101249869
2.0375 -162.13548648094627
2.0425 -216.4635547153778
2.0475 156.57170282893006
2.0524999999999998 55.48870392741736
2.0575 -30.080472395725785
2.0625 123.48922213448691
2.0675 -250.04214246683597
2.0725 69.00376968121863
2.0775 230.39883427429933
2.0825 -117.4540595345125
2.0875 49.20874940825528
2.0925 11.57412948788656
2.0974999999999997 31.060149123507546
2.1025 -166.63071923685652
2.1075 20.165102428580713
2.1125 7.45738256367083
2.1174999999999997 -83.96320078393532
2.1225 190.32831161354724
2.1275 -210.93217440089455
2.1325 -138.46671855760155
2.1374999999999997 141.12344432592636
2.1425 175.2623801729935
2.1475 -197.2818732840164
2.1525 111.84032838548116
2.1574999999999998 12.287996409375678
2.1625 220.30914512799617
2.1675 -137.01957448975682
2.1725 71.91934812090665
2.1774999999999998 -161.18569874144808
2.1825 11.592823991839053
2.1875 -0.1440734324375935
2.1925 210.373335879514
2.1975 -7.679047419807748
2.2024999999999997 -82.23619524928795
2.2075 84.49016643418906
2.2125 -59.84098079792731
2.2175 -106.45335428059991
2.2224999999999997 63.57196546576448
2.2275 -15.97353732239074
2.2325 12.608927548870039
2.2375 82.04700886542537
2.2424999999999997 78.97419940002608
2.2475 -133.02990064427993
2.2525 35.0406090614364
2.2575 -28.67483231161598
2.2624999999999997 38.06930245947457
2.2675 65.66932558525886
2.2725 -195.9230559601391
2.2775 228.27573017651017
2.2824999999999998 -105.00377761036754
2.2875 21.567790151584237
2.2925 -73.06771277109141
2.2975 -69.94734511976887
2.3024999999999998 -109.20625857074006
2.3075 167.0967646420706
2.3125 160.64705843862677
2.3175 -334.9993395162919
2.3225 335.18173719336676
2.3274999999999997 -188.0247752339062
2.3325 -75.68533452511649
2.3375 13.963318765400867
2.3425 176.72659022229922
2.3474999999999997 -83.18125002641898
2.3525 48.54888341096803
2.3575 81.83212955804848
2.3625 -83.06947321649643
2.3674999999999997 -28.80203174435725
2.3725 110.48012271369497
2.3775 -1.5810236501729578
2.3825 119.22288516817369
2.3874999999999997 -265.75666037153593
2.3925 136.02524448074826
2.3975 166.77934522933134
2.4025 13.36202372019317
2.4074999999999998 38.29925490127611
2.4125 -58.94658104759116
2.4175 94.19060446016296
2.4225 -132.76582860849805
2.4274999999999998 -58.1315146363764
2.4325 -86.00289747310015
2.4375 283.1280386339829
2.4425 -306.2514350501389
2.4475 -61.95825649250561
2.4524999999999997 -61.75758304620795
2.4575 -45.38691874567915
2.4625 201.50194222150478
2.4675 -142.67169817577354
2.4724999999999997 -7.499152742820378
2.4775 252.79936368620756
2.4825 56.73041198008796
2.4875 -143.31648268302132
2.4924999999999997 -90.29408466709695
2.4975 73.41196199730166
2.5025 115.06541070737721
2.5075 -91.12856944702426
2.5124999999999997 -227.46125571249655
2.5175 263.2023147018389
2.5225 -145.56231536748015
2.5275 -53.81928050388737
2.5324999999999998 97.57392870558186
2.5375 -28.85665299072095
2.5425 176.4828944388858
2.5475 -314.1098310713183
2.5524999999999998 232.85576873871878
2.5574999999999997 81.97160358637193
2.5625 -441.53697287049374
2.5675 73.95265633394519
2.5725 52.35006471757558
2.5774999999999997 -204.7713990426919
2.5825 93.41774324640757
2.5875 215.17248892735714
2.5925 -136.8113015130704
2.5974999999999997 158.7638554908516
2.6025 -79.83397466671015
2.6075 78.39872030982684
2.6125 315.7211459964438
2.6174999999999997 -429.44319674106674
2.6225 -48.286466050094184
2.6275 150.9741334127738
2.6325 -81.88734293459795
2.6374999999999997 7.345811025546035
2.6425 180.3504930146646
2.6475 -12.207259590129507
2.6525 147.04460933582845
2.6574999999999998 -347.08964681550617
2.6625 333.55081617986775
2.6675 -40.89305565268084
2.6725 -8.157410185561853
2.6774999999999998 -241.9764886802857
2.6824999999999997 60.907684379438145
2.6875 66.74375764995445
2.6925 -61.30256731575658
2.6975 -67.24037749993437
2.7024999999999997 94.38595610351985
2.7075 100.4326706082967
2.7125 -119.23491962206941
2.7175 1.8185678588785799
2.7224999999999997 -73.80949136079707
2.7275 326.3732082865832
2.7325 72.29488050592289
2.7375 -150.32373393235102
2.7424999999999997 -43.70904891401027
2.7475 -175.86915360668002
2.7525 -6.895102384273777
2.7575 116.98340992235056
2.7624999999999997 53.68038492096317
2.7675 1.0667391093219805
2.7725 9.757931235323095
2.7775 -269.13944248887367
2.7824999999999998 12.723519740449207
2.7875 241.60414537686557
2.7925 48.291125983071765
2.7975 156.76056380435944
2.8024999999999998 -150.6916881036652
2.8074999999999997 97.83585762484469
2.8125 -130.8102310347029
2.8175 -41.9816359444509
2.8225 156.64403811034697
2.8274999999999997 55.740552685566485
2.8325 190.4023613585729
2.8375 -187.5827158382576
2.8425 -59.44538677904799
2.8474999999999997 64.52440950127607
2.8525 -67.63826135203432
2.8575 -58.23271915920862
2.8625 -112.52157705907595
2.8674999999999997 -2.6396311014459095
2.8725 -339.1670338809259
2.8775 160.53117645591848
2.8825 -444.9364048991486
2.8874999999999997 369.7181924035084
2.8925 -57.529016119462234
2.8975 154.86355711769343
2.9025 -11.043750881482293
2.9074999999999998 -78.81076344209808
2.9125 203.86319976416848
2.9175 -75.70734203035452
2.9225 -174.46685721593704
2.9274999999999998 -8.240118140404231
2.9324999999999997 135.92793433235562
2.9375 -109.41415021558683
2.9425 -75.99245587283367
2.9475 176.63441292152586
2.9524999999999997 -43.163160937715034
2.9575 -243.8545348320652
2.9625 136.23254110055055
2.9675 146.72147231401536
2.9724999999999997 -141.9774755350549
2.9775 374.09162226960603
2.9825 3.942719369174128
2.9875 -153.72598055315558
2.9924999999999997 77.92306265793036
2.9975 -142.50807470995338
3.0025 212.68627691486313
3.0075 33.90366252341622
3.0124999999999997 34.87673663776924
3.0175 -25.402422866153596
3.0225 211.76086270124088
3.0275 -66.7470827899088
3.0324999999999998 -340.65210165023336
3.0374999999999996 174.868539385802
3.0425 157.8914198228732
3.0475 -313.7010417602101
3.0524999999999998 -76.54048314969786
3.0574999999999997 186.9881434444258
3.0625 154.25082474898625
3.0675 60.849611408844815
3.0725 60.450959892855124
3.0774999999999997 -152.92317465798303
3.0825 -250.99174865675195
3.0875 87.8829323927969
3.0925 25.00285604848117
3.0974999999999997 64.00016111999678
3.1025 91.35234236680684
3.1075 -152.35977199713048
3.1125 -3.24903175097446
3.1174999999999997 -84.74988920796417
3.1225 -188.76063567978176
3.1275 168.9948247941293
3.1325 -38.57214993999503
3.1374999999999997 -122.79966400341875
3.1425 168.31942636676996
3.1475 96.05382367209059
3.1525 -108.36270201301339
3.1574999999999998 -85.29584587136095
3.1624999999999996 27.413395402246692
3.1675 -7.303183441887484
3.1725 75.81888093552686
3.1774999999999998 -74.84395174309404
3.1824999999999997 93.87406718981603
3.1875 -149.72007220858302
3.1925 -78.21520179610252
3.1975 42.546598407797276
3.2024999999999997 105.87892141864671
3.2075 -27.00980709952145
3.2125 321.2762737578198
3.2175 -137.18935532000214
3.2224999999999997 -233.63453362201085
3.2275 170.94352628819644
3.2325 18.693942349907797
3.2375 154.03135130087466
3.2424999999999997 66.73002812471358
3.2475 77.67214235991251
3.2525 -353.28034211724264
3.2575 327.67196084550665
3.2624999999999997 -124.88751964392449
3.2675 75.99594654607107
3.2725 -102.15787164265099
3.2775 -244.85098835150447
3.2824999999999998 -22.947280845598744
3.2874999999999996 34.231249206198704
3.2925 69.00493887516656
3.2975 51.440640124321035
3.3024999999999998 176.1670232492056
3.3074999999999997 -332.610101585414
3.3125 425.8660451269736
3.3175 -168.2965572463194
3.3225 74.81923333428104
3.3274999999999997 -15.7543767821862
3.3325 -85.66692780590088
3.3375 -116.75659215196029
3.3425 -172.45446040937037
3.3474999999999997 384.4994305949436
3.3525 -224.85878320012907
3.3575 313.619197525932
3.3625 -172.30551861412982
3.3674999999999997 178.965130494559
3.3725 -81.55195118646
3.3775 -145.16107321613546
3.3825 462.6095198089877
3.3874999999999997 -518.1406581540386
3.3924999999999996 59.792500599512536
3.3975 156.45343614058692
3.4025 137.75645366272087
3.4074999999999998 -81.8233897165064
3.4124999999999996 -87.10910824377498
3.4175 62.39075443308328
3.4225 26.979650830251238
3.4274999999999998 -110.21484444293243
3.4324999999999997 -149.5540557473054
3.4375 63.03332384709831
3.4425 -21.579002465613137
3.4475 0.2465145862666823
3.4524999999999997 -2.7456029301960565
3.4575 73.37546651384702
3.4625 -225.67763582333615
3.4675 26.259760924993007
3.4724999999999997 -0.0684388016255316
3.4775 245.866966640105
3.4825 -91.83382197427439
3.4875 -126.42423261328196
3.4924999999999997 187.96462875498676
3.4975 -107.67782266028837
3.5025 -30.834300966296478
3.5075 97.87130806431368
3.5124999999999997 -72.13664489845533
3.5174999999999996 111.4186830069484
3.5225 59.24421765399257
3.5275 -216.83473270659232
3.5324999999999998 81.09149285850998
3.5374999999999996 75.87366429397697
3.5425 -76.62679257191462
3.5475 -20.887831532287503
3.5524999999999998 -55.58865339742471
3.5574999999999997 152.65272616960726
3.5625 -227.85206576562845
3.5675 -50.11636570171469
3.5725 280.07324111091253
3.5774999999999997 -14.065108839194574
3.5825 -63.70277149767507
3.5875 194.97317400614915
3.5925 -313.3757722802213
3.5974999999999997 168.49306288561613
3.6025 -91.00972715674037
3.6075 -67.04195783270825
3.6125 103.31317184790949
3.6174999999999997 -21.676278138870476
3.6225 -100.48142976582122
3.6275 -76.40263629512494
3.6325 -84.53239531685587
3.6374999999999997 84.19593905022839
3.6424999999999996 248.8439974689411
3.6475 -20.65628362859651
3.6525 114.92871390120952
3.6574999999999998 62.202550195822184
3.6624999999999996 11.571439670725429
3.6675 -106.01481871747909
3.6725 115.96603940409875
3.6774999999999998 -220.86200550302118
3.6824999999999997 223.55911507635386
3.6875 -146.929328431051
3.6925 2.6067110316374666
3.6975 -88.05463593554771
3.7024999999999997 100.27810726065688
3.7075 412.9985035352051
3.7125 -526.4603564860595
3.7175 138.57700872600432
3.7224999999999997 -69.09789647194026
3.7275 122.20314850148615
3.7325 -210.19535470411807
3.7375 -34.457556889330064
3.7424999999999997 -69.1541880517658
3.7474999999999996 5.474576476254757
3.7525 -42.06882514053923
3.7575 124.12546099010945
3.7624999999999997 -85.5094061758529
3.7674999999999996 -25.648881397429353
3.7725 81.29494747449799
3.7775 0.44960918710175707
3.7824999999999998 -82.38505493580942
3.7874999999999996 71.67943302293719
3.7925 -29.66981405858236
3.7975 90.33761623617248
3.8024999999999998 106.57138451162218
3.8074999999999997 -48.76530225682793
3.8125 75.21471708536131
3.8175 -164.2133653857441
3.8225 3.860830396170921
3.8274999999999997 56.21307310015426
3.8325 -83.6099138582515
3.8375 -77.44582178150156
3.8425 138.83778838636877
3.8474999999999997 71.27537601627377
3.8525 -67.32106984362436
3.8575 -67.80529864575223
3.8625 150.48590760030743
3.8674999999999997 139.00495410654474
3.8724999999999996 -297.8143029595696
3.8775 189.18801103633004
3.8825 -84.61031109631251
3.8874999999999997 -106.8453447267531
3.8924999999999996 -291.529131839263
3.8975 178.4460323300511
3.9025 4.057323403357015
3.9074999999999998 183.08203666889855
3.9124999999999996 -17.26014002782451
3.9175 194.39817098861926
3.9225 84.96962332494199
3.9274999999999998 48.72362181829765
3.9324999999999997 124.29861038318941
3.9375 -87.5044938328289
3.9425 126.58825596435425
3.9475 -12.353708780456925
3.9524999999999997 9.621158768076128
3.9575 -101.9901841899891
3.9625 -277.5881715149237
3.9675 -12.660302342801856
3.9724999999999997 -152.736232842278
3.9775 230.97179483744173
3.9825 105.7690953487251
3.9875 9.550009852382539
3.9924999999999997 -301.77834217345935
3.9974999999999996 -130.42480704914104
4.0024999999999995 251.1907529538482
4.007499999999999 -49.73667261525974
4.0125 66.30357517541026
4.0175 57.49985805010076
4.0225 15.60381649777118
4.0275 -55.867232754342595
4.0325 98.47495755072451
4.0375 44.67293645749216
4.0424999999999995 -79.47511429920466
4.047499999999999 -32.092907361793266
4.0525 10.609953675692546
4.0575 31.624891610489907
4.0625 -163.01602920067486
4.0675 55.62574206374101
4.0725 149.88136531316093
4.0775 -200.03570024457045
4.0825 -159.18271759434222
4.0874999999999995 198.3023899215297
4.0925 33.761606544313814
4.0975 -5.400552834301466
4.1025 -58.40272947279707
4.1075 14.05573897113484
4.1125 -31.436431178235093
4.1175 129.14361365033108
4.1225 151.21828579435268
4.1274999999999995 99.49157020813077
4.132499999999999 -166.63823823754
4.1375 97.41716644960103
4.1425 -124.57454739204941
4.1475 -64.2200278741362
4.1525 103.10411587774077
4.1575 42.071407601208065
4.1625 -70.19597030473857
4.1674999999999995 -225.89167331896556
4.172499999999999 162.95342261821028
4.1775 48.14136941669557
4.1825 -29.296562559041746
4.1875 54.83264973530492
4.1925 110.84188951932123
4.1975 17.038172132616957
4.2025 -50.086913935781084
4.2075 172.40688893341405
4.2124999999999995 -59.64765266079194
4.2175 -7.2669013884686855
4.2225 194.8027249898853
4.2275 -128.94037641191346
4.2325 -172.55212886231763
4.2375 8.27919399562401
4.2425 41.59265812509848
4.2475 -121.21808111918145
4.2524999999999995 179.9952535890374
4.257499999999999 -83.68887165525062
4.2625 78.42902737491771
4.2675 -385.8491571414553
4.2725 183.63260142098554
4.2775 27.814573866700314
4.2825 42.50228917441112
4.2875 92.77907478605646
4.2924999999999995 29.84927082240123
4.297499999999999 -16.113474001766015
4.3025 -112.92778415623617
4.3075 -21.79202011568594
4.3125 -311.5492351385491
4.3175 68.58638652155534
4.3225 221.71981608174886
4.3275 -93.54798267552263
4.3325 97.94421086961755
4.3374999999999995 159.2672916803612
4.342499999999999 76.43215095844273
4.3475 -284.4190158656447
4.3525 63.49268344459252
4.3575 224.640595595612
4.3625 -219.1451953481528
4.3675 23.698784844644564
4.3725 -104.51639117533566
4.3774999999999995 113.53371965991757
4.382499999999999 -238.88803526696267
4.3875 -3.3671596176851457
4.3925 155.69982942145916
4.3975 -52.16569695758036
4.4025 -67.09452504524972
4.4075 115.17708198654218
4.4125 224.31733777924097
4.4174999999999995 75.37202791706316
4.422499999999999 96.10047537249169
4.4275 -111.52149654487211
4.4325 8.25956738007074
4.4375 214.61577707443485
4.4425 -318.2131395680716
4.4475 2.6754273449433983
4.4525 -151.68564467590326
4.4575 -155.45141133402194
4.4624999999999995 92.2443051724673
4.467499999999999 -10.427121111892324
4.4725 398.39879719492876
4.4775 -342.60877834839596
4.4825 19.50587448446475
4.4875 77.26217990732187
4.4925 -218.05780082997586
4.4975 88.96465456696306
4.5024999999999995 -22.317377392322573
4.507499999999999 125.55339165058221
4.5125 -22.494890784871725
4.5175 -79.54706038660892
4.5225 144.50245608720223
4.5275 -55.46986326599734
4.5325 103.08451084204314
4.5375 192.02729534376354
4.5424999999999995 -226.25682506969497
4.547499999999999 64.4565953641004
4.5525 -268.1354878971371
4.5575 -71.9937898067711
4.5625 -249.93625758664675
4.5675 188.83375895489144
4.5725 155.68971300881967
4.5775 -13.921905245999884
4.5825 174.6474547514549
4.5874999999999995 24.89425364848459
4.592499999999999 -155.68330096262235
4.5975 18.40705606440589
4.6025 -73.44054162126386
4.6075 70.84492474078712
4.6125 76.53449316073855
4.6175 -65.54569380267912
4.6225 -86.11886788058283
4.6274999999999995 90.55362453843689
4.632499999999999 -166.11454830081817
4.6375 310.5422206482853
4.6425 -167.62598362729824
4.6475 -17.669405937939956
4.6525 83.56153234820103
4.6575 -33.255415502011
4.6625 123.10076707151218
4.6674999999999995 11.612687327882147
4.672499999999999 61.17494668107649
4.6775 -77.25624217385145
4.6825 -60.858282744213994
4.6875 -137.55762792577178
4.6925 -114.49830881187737
4.6975 62.478509047706794
4.7025 235.02584777419824
4.7075 -139.1025039360781
4.7124999999999995 61.28496618019212
4.717499999999999 -0.18797778036116633
4.7225 -2.6771845241658125
4.7275 -133.44865800651993
4.7325 -57.93509886928344
4.7375 140.94529847254654
4.7425 241.7946192491288
4.7475 1.5383871187693758
4.7524999999999995 -164.53034885908212
4.757499999999999 238.50253548873704
4.7625 -53.414905325937475
4.7675 -90.63699146838381
4.7725 -160.96298120942532
4.7775 -266.9519735767216
4.7825 263.5908600029867
4.7875 15.046315664272504
4.7924999999999995 91.49261958683118
4.797499999999999 -187.0478878011568
4.8025 76.28179305096675
4.8075 100.5031051518173
4.8125 -200.28090161766957
4.8175 -77.34013101721294
4.8225 -57.51694719043125
4.8275 207.2091648055684
4.8325 -8.027120754342226
4.8374999999999995 65.91534304533846
4.842499999999999 -220.71022095655096
4.8475 185.56748009641143
4.8525 4.84115573677896
4.8575 -141.7274823813235
4.8625 247.56391569586657
4.8675 183.8694363893131
4.8725 27.086068730408005
4.8774999999999995 91.70611600705531
4.882499999999999 -152.55969054323353
4.8875 -55.31725638228355
4.8925 15.49023224335269
4.8975 104.48531644635506
4.9025 -301.31893402128986
4.9075 -85.63905163259936
4.9125 68.91340054865594
4.9174999999999995 -140.26267520162156
4.922499999999999 182.40926940491588
4.9275 70.86167807751002
4.9325 58.20525589802332
4.9375 -56.691646137916564
4.9425 -107.33391581690998
4.9475 50.47424760698433
4.9525 202.2975246547488
4.9575 -143.42203949430348
4.9624999999999995 23.4521926235313
4.967499999999999 -68.43508673233053
4.9725 137.83729232835898
4.9775 -29.955499240898547
4.9825 -16.005935528128788
4.9875 -183.8824408840376
4.9925 63.77951578045528
4.9975 28.752289650724347
5.0024999999999995 -12.07988475526876
5.007499999999999 10.881774327085497
5.0125 61.425452487964286
5.0175 -172.92035001855336
5.0225 -5.0150437135773265
5.0275 -135.79877389602356
5.0325 336.25438418292896
5.0375 20.117835175955385
5.0424999999999995 43.5912500085139
5.047499999999999 -71.78930212098562
5.0525 -19.604493503736894
5.0575 129.4819798657689
5.0625 45.64203691775292
5.0675 -97.19431134599844
5.0725 -66.77182100218691
5.0775 -95.85393039020879
5.0825 -185.01187526376756
5.0874999999999995 39.4392531466893
5.092499999999999 -92.43136462470257
5.0975 272.5008037046107
5.1025 93.25195468945924
5.1075 -14.50594134109826
5.1125 -117.87879806955125
5.1175 61.43063217966049
5.1225 76.55291340972666
5.1274999999999995 -2.2308741601212603
5.132499999999999 61.671536529793656
5.1375 -154.9513360754468
5.1425 -18.251157397404874
5.1475 14.618166854117124
5.1525 247.8351360588356
5.1575 -398.4848800286611
5.1625 138.1844285181861
5.1674999999999995 -108.94432859880135
5.172499999999999 61.63748957044945
5.177499999999999 -143.89597312626796
5.1825 5.860799048060517
5.1875 324.03035257107956
5.1925 -163.48575397127885
5.1975 -324.1287835561216
5.2025 157.95278398462355
5.2075 -81.58830324282522
5.2124999999999995 114.13869275467033
5.217499999999999 -229.04431884201398
5.2225 384.379872404873
5.2275 -131.17504717920144
5.2325 111.33679982366257
5.2375 148.99253553410568
5.2425 -27.231663016331645
5.2475 -219.18216506209401
5.2524999999999995 104.28126522630873
5.257499999999999 95.69827844411851
5.2625 -95.6247971934154
5.2675 66.42018824152125
5.2725 24.868874882929955
5.2775 34.71213602555805
5.2825 -2.272320641435917
5.2875 -116.48381356551124
5.2924999999999995 43.7524870581009
5.297499999999999 -1.0600093523838992
5.302499999999999 -4.113363393645838
5.3075 123.2509152333179
5.3125 -41.06020163518396
5.3175 109.58617192962411
5.3225 -144.7782794728588
5.3275 -58.049854357209384
5.3325 -64.26354352148896
5.3374999999999995 241.31274126963066
5.342499999999999 -65.72953601423835
5.3475 -71.61333260920752
5.3525 -27.343889845195363
5.3575 -87.19488474882452
5.3625 -32.15578606097435
5.3675 89.64114284282545
5.3725 156.0215333566382
5.3774999999999995 -105.1949749999255
5.382499999999999 112.2584462471205
5.3875 54.54302175545838
5.3925 109.97975296904077
5.3975 -35.221415092571924
5.4025 176.26972888785102
5.4075 -94.6628135458575
5.4125 -152.67793354636922
5.4174999999999995 56.25542461956176
5.422499999999999 56.973054561277614
5.427499999999999 -201.6682085617208
5.4325 88.15430578852289
5.4375 13.251585387659468
5.4425 -51.993744851736025
5.4475 302.6006517842755
5.4525 -236.1683931662939
5.4575 116.72780172965193
5.4624999999999995 -32.23296562523335
5.467499999999999 -219.41654782194556
5.4725 16.391327374180026
5.4775 -54.89917816047052
5.4825 74.95232396892897
5.4875 22.966272664696735
5.4925 59.18784041266683
5.4975 -16.904556508767097
5.5024999999999995 39.63316209774466
5.507499999999999 -92.68834530937959
5.5125 -40.841653489176
5.5175 -77.59411473364301
5.5225 -159.4356740306922
5.5275 396.8032270114431
5.5325 -288.48128770096423
5.5375 305.8841559730287
5.5424999999999995 -365.91882038357966
5.547499999999999 -97.37797976734814
5.552499999999999 -9.596820539738513
5.5575 145.93007689910723
5.5625 -43.884324317626145
5.5675 182.12189244086667
5.5725 64.51265466441251
5.5775 -232.23256645565118
5.5825 -75.93137803892427
5.5874999999999995 156.40211411203387
5.592499999999999 -26.277594701928226
5.5975 -109.81113402980442
5.6025 34.95183769349167
5.6075 11.348543973309006
5.6125 5.74399755296597
5.6175 -7.504252167980287
5.6225 -148.73216904902637
5.6274999999999995 12.72461531287738
5.632499999999999 58.19101398279503
5.6375 256.47564026192043
5.6425 -54.3106835553461
5.6475 -171.07967675557936
5.6525 -32.80860538008965
5.6575 37.74053533227062
5.6625 158.64932409130483
5.6674999999999995 -282.01809586412384
5.672499999999999 130.07273157247315
5.677499999999999 96.20590244147091
5.6825 243.33326315502205
5.6875 -410.64961914490345
5.6925 179.95529664410117
5.6975 154.005808910012
5.7025 -373.1507316151104
5.7075 494.2634389570293
5.7124999999999995 -110.352141274355
5.717499999999999 -77.36487521658515
5.7225 32.86781102993613
5.7275 -148.03339200608772
5.7325 161.70214916293415
5.7375 -106.74817195256358
5.7425 -79.00962760171699
5.7475 92.94067948269658
5.7524999999999995 -63.801928302740386
5.757499999999999 167.59513877641422
5.7625 -47.04898817547077
5.7675 -227.92685154492304
5.7725 118.72133695286531
5.7775 108.5801856405318
5.7825 26.142278217015846
5.7875 -29.545096177657438
5.7924999999999995 -87.78644964765056
5.797499999999999 87.55004232890164
5.802499999999999 -2.370889263850026
5.8075 232.58506550277866
5.8125 -194.55683911429142
5.8175 -129.6488374150793
5.8225 179.70071066547993
5.8275 -350.3470807622323
5.8325 20.255320699530515
5.8374999999999995 143.6687830375753
5.842499999999999 11.69192000487196
5.8475 57.454778257966176
5.8525 -106.92943826623018
5.8575 -93.52810315458777
5.8625 256.0090293065867
5.8675 -36.01760202494338
5.8725 -149.87153200454247
5.8774999999999995 15.125406361602217
5.882499999999999 -31.884233447178833
5.8875 -179.48259332707823
5.8925 53.80716459919497
5.8975 -18.216996749064986
5.9025 59.79454466580996
5.9075 137.3560146701809
5.9125 104.07081623698183
5.9174999999999995 -221.53777486704575
5.922499999999999 166.8340137145254
5.927499999999999 36.87565142951264
5.9325 -84.29381974895111
5.9375 21.226504734330533
5.9425 247.8665342224821
5.9475 -173.85588123694532
5.9525 -90.03092938042715
5.9575 -52.27433126681473
5.9624999999999995 68.74320917481514
5.967499999999999 -67.96004384315134
5.9725 13.101014050147645
5.9775 78.7396909769907
5.9825 240.73086677867164
5.9875 -73.73393897028858
5.9925 189.98826971902787
5.9975 -59.93011718123545
6.0024999999999995 59.644651218672486
6.007499999999999 -116.78720080869243
6.012499999999999 81.21214951586738
6.0175 21.816639572965677
6.0225 -221.230958400582
6.0275 -103.48408483107006
6.0325 25.425888327493496
6.0375 -2.843542841937356
6.0424999999999995 -122.56509268299916
6.047499999999999 -18.29489265926429
6.052499999999999 157.27238245194786
6.0575 -6.976775492928146
6.0625 84.51350820611239
6.0675 -28.208211224276855
6.0725 135.91517958498503
6.0775 -5.770474983184191
6.0825 97.56680630053837
6.0874999999999995 -273.1829063615179
6.092499999999999 -0.9544428038497951
6.0975 -39.43622670351755
6.1025 5.843504372763321
6.1075 -127.97705731340992
6.1125 85.82510077915322
6.1175 189.87955198522954
6.1225 3.4994695286831274
6.1274999999999995 19.12884736548289
6.132499999999999 67.8408664585825
6.137499999999999 -44.940687858663985
6.1425 -34.0335061463982
6.1475 -116.82221780886543
6.1525 11.165392580299864
6.1575 -34.785533062190304
6.1625 39.613907866286006
6.1674999999999995 -170.30126175543484
6.172499999999999 -52.51057423654098
6.177499999999999 87.19288545414837
6.1825 -41.86176616231814
6.1875 52.07327175163592
6.1925 -41.797442402314786
6.1975 -75.44728397930979
6.2025 171.7819584197109
6.2075 71.589771354362
6.2124999999999995 -76.40856759740362
6.217499999999999 6.546672126821761
6.2225 -3.9762639389518375
6.2275 195.60916866975026
6.2325 -44.98865593026029
6.2375 106.736588043947
6.2425 -154.3114854600759
6.2475 -77.52742811102944
6.2524999999999995 -25.578727918370298
6.257499999999999 198.40530477950742
6.262499999999999 -11.718411909383613
6.2675 87.35051682565745
6.2725 -98.3716407021429
6.2775 -35.733432695902785
6.2825 -47.98719661180936
6.2875 -14.262764790065532
6.2924999999999995 83.9784680548206
6.297499999999999 -116.21253688438227
6.302499999999999 -5.039143148969467
6.3075 145.1819096194505
6.3125 105.13633805822634
6.3175 -2.00648945266434
6.3225 -89.35542858033791
6.3275 73.07423265077475
6.3325 166.9511000242393
6.3374999999999995 -193.5225261724107
6.342499999999999 14.605238678394333
6.3475 9.51086136252664
6.3525 -143.13418422064865
6.3575 147.87002302466294
6.3625 -64.6471983536402
6.3675 -134.65805088326297
6.3725 -64.85342466523562
6.3774999999999995 -152.60921354869768
6.382499999999999 65.61719339102719
6.387499999999999 -67.24506032861245
6.3925 198.79251949833557
6.3975 21.262938636245856
6.4025 73.56556398868877
6.4075 -35.93330505585135
6.4125 287.97840752169907
6.4174999999999995 -456.74291577975487
6.422499999999999 279.3444070134059
6.427499999999999 62.491848688116455
6.4325 39.07461437807753
6.4375 -113.01326985957226
6.4425 -54.39985994033791
6.4475 108.34262616802584
6.4525 32.53875678538431
6.4575 -59.60527916677534
6.4624999999999995 -170.90575647478974
6.467499999999999 108.66876607938775
6.4725 41.731792994409965
6.4775 19.06372936152368
6.4825 155.66400909800078
6.4875 -80.5240658177459
6.4925 90.15920464792374
6.4975 -100.31397061224209
6.5024999999999995 35.700116030454346
6.507499999999999 2.4750339104313515
6.512499999999999 -115.86659732386839
6.5175 45.32414978795916
6.5225 47.38715135604711
6.5275 -17.422796479259063
6.5325 -66.45585369003992
6.5375 157.5486509221274
6.5424999999999995 -119.08013179129692
6.547499999999999 -36.92050344890242
6.552499999999999 -38.07358435022465
6.5575 5.72803924970583
6.5625 -76.94077526105562
6.5675 21.285353263882733
6.5725 -75.6148752437126
6.5775 120.60499044591961
6.5825 6.40741705508256
6.5874999999999995 24.151832992280827
6.592499999999999 90.28413359036377
6.5975 -30.566800496738956
6.6025 -95.38331650323475
6.6075 55.904743280520144
6.6125 -21.331718899611857
6.6175 25.19444042801166
6.6225 -185.15334963944304
6.6274999999999995 -29.732740917685227
6.632499999999999 -77.15595221253923
6.637499999999999 203.5525985331417
6.6425 12.818295571646688
6.6475 191.8096792764602
6.6525 -86.75394224229078
6.6575 -41.119442286503634
6.6625 -27.41187060122607
6.6674999999999995 101.30254998447087
6.672499999999999 -102.04352182969451
6.677499999999999 -80.69613307646331
6.6825 74.47131464852542
6.6875 -20.083353942576096
6.6925 40.36264878850827
6.6975 2.704715946114716
6.7025 -56.84582328509079
6.7075 53.12212773984053
6.7124999999999995 233.72515493624041
6.717499999999999 -118.56610541920695
6.722499999999999 124.68880733280211
6.7275 -159.15779891394195
6.7325 71.91278221954943
6.7375 -9.55135856046513
6.7425 -93.92036249363753
6.7475 66.33958448708626
6.7524999999999995 -74.67194676495853
6.757499999999999 -48.77572957893513
6.762499999999999 66.24794123839634
6.7675 67.44716789777203
6.7725 -51.65751843030898
6.7775 -27.493384393964348
6.7825 13.741374950154205
6.7875 58.005912770876364
6.7924999999999995 -177.13936891184562
6.797499999999999 268.7132811307907
6.802499999999999 -309.1173154112045
6.8075 9.779574777873606
6.8125 -68.18477461780573
6.8175 77.65579035587108
6.8225 229.83207015617438
6.8275 -11.847614189582151
6.8325 -71.73224235093241
6.8374999999999995 57.410457181976305
6.842499999999999 79.947140745633
6.847499999999999 -98.59661911879942
6.8525 88.07184823895683
6.8575 -29.162630869257164
6.8625 -59.18915678386205
6.8675 146.21620157360573
6.8725 23.226261535198105
6.8774999999999995 -92.04396068738396
6.882499999999999 12.294389310030295
6.887499999999999 21.527051594802796
6.8925 10.61048764553563
6.8975 -8.367983785396744
6.9025 -19.57315619791503
6.9075 -140.2497096559048
6.9125 75.33158042516415
6.9174999999999995 -146.62993556651855
6.922499999999999 215.8083706914695
6.927499999999999 -37.0913911678417
6.9325 102.9214087797477
6.9375 -24.151954181592178
6.9425 -98.35839751316128
6.9475 150.66322611623323
6.9525 -72.80144735351693
6.9575 102.07044638399525
6.9624999999999995 81.7355420716515
6.967499999999999 -174.4999409768457
6.972499999999999 87.6757831476186
6.9775 244.18111199867317
6.9825 -221.97548500068766
6.9875 142.4435290985071
6.9925 -12.626705402398827
6.9975 -51.68880609588361
7.0024999999999995 -146.9105494827548
7.007499999999999 77.88589398824672
7.012499999999999 114.74241342828795
7.0175 162.38357679142953
7.0225 -230.99796896542034
7.0275 11.110383949210178
7.0325 -46.62532517912222
7.0375 38.60109902029704
7.0424999999999995 27.534919201365053
7.047499999999999 -67.65785796632485
7.052499999999999 -53.15944036295154
7.0575 82.29837207682215
7.0625 -31.010976560424997
7.0675 -117.91279502679089
7.0725 133.27182358991712
7.0775 93.73441999630937
7.0825 -32.27479343838765
7.0874999999999995 -53.1132392078296
7.092499999999999 95.07896014031616
7.097499999999999 -0.7587099602377536
7.1025 -195.38860228090022
7.1075 184.63041973471076
7.1125 66.45109427919112
7.1175 -84.28704946399142
7.1225 -17.29166596000666
7.1274999999999995 169.16111152994063
7.132499999999999 -75.6785642401568
7.137499999999999 102.7982772813827
7.1425 72.9212081836955
7.1475 -112.30196913161996
7.1525 -71.6045564503474
7.1575 -288.38490173620715
7.1625 28.570674638170562
7.1674999999999995 77.80786254602711
7.172499999999999 -85.4882567330463
7.177499999999999 -6.400016348851753
7.1825 62.24650415109687
7.1875 1.6786719706938842
7.1925 26.875646327315234
7.1975 102.18922598249571
7.2025 1.8440812682582346
7.2075 9.956464040534854
7.2124999999999995 -78.59570571438258
7.217499999999999 -7.7196220552160915
7.222499999999999 -88.57061409620248
7.2275 -151.10276442303953
7.2325 133.60935078977784
7.2375 16.914645157080116
7.2425 -62.60655937152504
7.2475 54.9278077536412
7.2524999999999995 73.20623293114177
7.257499999999999 -10.05842308114428
7.262499999999999 82.92843912251021
7.2675 -96.60564900355084
7.2725 77.01003567621004
7.2775 -93.03820845608895
7.2825 -44.84530368771688
7.2875 -220.5751414141772
7.2924999999999995 127.00759203516246
7.297499999999999 -214.16689890494354
7.302499999999999 131.32633306981495
7.3075 53.46961692149868
7.3125 -99.45273765262513
7.3175 -194.44916833245378
7.3225 -26.935115238653506
7.3275 204.82121377096095
7.3325 -22.10487956676064
7.3374999999999995 -1.9987279417736648
7.342499999999999 -8.107849020596825
7.347499999999999 28.043815752278917
7.3525 106.00946243940305
7.3575 70.58202166868033
7.3625 3.4857028781132073
7.3675 -87.18258763379123
7.3725 24.52258994603713
7.3774999999999995 65.61617096312501
7.382499999999999 179.5622210453663
7.387499999999999 -191.60707602031889
7.3925 32.93842867326859
7.3975 -29.316939469332635
7.4025 180.67780192259775
7.4075 26.652851104933706
7.4125 -38.282982088478995
7.4174999999999995 -142.15007750994616
7.422499999999999 23.635467640164784
7.427499999999999 141.40477074336866
7.4325 -81.24910071340425
7.4375 -63.48902477086297
7.4425 -55.18850665672606
7.4475 130.37998217174993
7.4525 -91.74558460906887
7.4575 -115.18204318219983
7.4624999999999995 239.15071321446246
7.467499999999999 -114.76261985442949
7.472499999999999 25.95330694089131
7.4775 -243.52778025667433
7.4825 225.54553631593083
7.4875 -20.631978921406635
7.4925 -2.9216448134413064
7.4975 -113.28187971792899
7.5024999999999995 143.4393578548081
7.507499999999999 33.66612278858311
7.512499999999999 23.701040202729946
7.5175 95.73746904100987
7.5225 -114.92927997766714
7.5275 -268.24816260669417
7.5325 4.525533110192333
7.5375 -183.1563255851751
7.5424999999999995 230.83966835521684
7.547499999999999 -35.63493381326611
7.552499999999999 145.64306402933005
7.557499999999999 79.41997224144644
7.5625 -180.7599218263734
7.5675 5.901797615785753
7.5725 377.42373751754525
7.5775 -340.25357434999825
7.5825 477.5149811236816
7.5874999999999995 -249.7314466635721
7.592499999999999 -51.726115297797996
7.597499999999999 17.050895036542016
7.6025 -269.6277277775276
7.6075 191.50726760065618
7.6125 53.52593420964311
7.6175 -88.47559417989599
7.6225 -134.37664482842266
7.6274999999999995 234.36063234122818
7.632499999999999 55.18947396447825
7.637499999999999 -72.69781746544378
7.6425 -2.6313573321522936
7.6475 -75.70218628703472
7.6525 -228.38587586514763
7.6575 140.54255408692052
7.6625 -139.10836898556823
7.6674999999999995 -111.78437287243217
7.672499999999999 10.608457823258789
7.677499999999999 20.460591970928505
7.682499999999999 225.4956610587984
7.6875 -173.538831576611
7.6925 2.685939103170278
7.6975 -113.74167393897955
7.7025 -39.29636923800268
7.7075 51.6079958524944
7.7124999999999995 34.28860267282408
7.717499999999999 -66.41734759564334
7.722499999999999 -19.440410084346862
7.7275 220.0083348353835
7.7325 -34.57746298878087
7.7375 1.5007815885931244
7.7425 329.24657501537973
7.7475 -212.01115639393765
7.7524999999999995 235.22825175385995
7.757499999999999 -71.55433433651056
7.762499999999999 -8.653411325289873
7.7675 38.220543035680805
7.7725 -27.884691488987006
7.7775 -26.533373954458302
7.7825 15.03100830946326
7.7875 -60.61107663213063
7.7924999999999995 111.5583170420065
7.797499999999999 -85.34826939364402
7.802499999999999 78.1485682020367
7.807499999999999 -27.552030447889145
7.8125 -74.3420307489376
7.8175 -19.205162156501682
7.8225 4.264776740281834
7.8275 246.72170972130138
7.8325 87.27772441973711
7.8374999999999995 -177.32041205822443
7.842499999999999 122.84379875577682
7.847499999999999 -101.05675424424972
7.8525 182.174903356294
7.8575 -202.45639015714949
7.8625 179.456664472581
7.8675 -27.63150642459307
7.8725 179.37098652431126
7.8774999999999995 -96.2406133761301
7.882499999999999 67.76525853942104
7.887499999999999 -107.28906577128747
7.8925 139.48790456539376
7.8975 -163.8011959323666
7.9025 -65.86170447191417
7.9075 15.700573267609057
7.9125 -125.15138647370088
7.9174999999999995 143.4540381437506
7.922499999999999 -149.86149599002377
7.927499999999999 77.9702817506339
7.932499999999999 18.2115863897653
7.9375 63.078475747531066
7.9425 150.4365499307496
7.9475 -309.8033940907247
7.9525 -109.91328332924417
7.9575 98.93682659594604
7.9624999999999995 12.055853085886769
7.967499999999999 -121.64410010285081
7.972499999999999 105.7901057067303
7.9775 16.03406789642401
7.9825 -79.05062485359738
7.9875 -33.73788357213534
7.9925 71.69322636665363
7.9975 4.551856586562252
8.0025 1.1285388157200975
8.0075 -34.576102799951904
8.0125 -59.370419413163056
8.0175 73.8157145174651
8.022499999999999 38.116950780770566
8.0275 23.508301037752705
8.032499999999999 -44.3407498442576
8.0375 -66.26619893120039
8.0425 118.90551687600714
8.0475 -14.097450989941697
8.0525 -64.83591327029042
8.0575 -20.495095923191656
8.0625 -108.40303160521317
8.067499999999999 105.12067187252451
8.0725 270.23204597629484
8.077499999999999 -15.486182204466463
8.0825 84.73491186704514
8.0875 -167.30124206426618
8.0925 69.67584053431064
8.0975 77.41476481642655
8.1025 31.940747536369734
8.1075 -357.57793037013226
8.112499999999999 34.28472675927661
8.1175 55.715693968627555
8.1225 84.47210866756302
8.1275 140.96722186240206
8.1325 86.43763912036816
8.1375 -180.44956063217674
8.1425 75.8762666074551
8.147499999999999 4.410408790952878
8.1525 -314.28444578923126
8.157499999999999 85.56785284638568
8.1625 327.6234488036463
8.1675 -9.239886009870006
8.1725 -39.72510478337993
8.1775 1.6583309829675958
8.1825 31.968334059322032
8.1875 -254.58201685910336
8.192499999999999 -55.368485331261006
8.1975 -5.011309954450608
8.202499999999999 -359.40523262624475
8.2075 417.11999200767576
8.2125 -85.05309321974899
8.2175 -67.3854205784473
8.2225 62.3376561455574
8.2275 -76.51508142265048
8.2325 -35.586645070278074
8.237499999999999 89.42339022372207
8.2425 -164.29942871207643
8.2475 177.08199945770525
8.2525 28.958229108140863
8.2575 -177.4313153445385
8.2625 123.42651933497912
8.2675 -120.36377285891817
8.272499999999999 192.1126606472952
8.2775 -55.90918452008245
8.282499999999999 90.71615953739114
8.2875 74.48017534630561
8.2925 54.70802656231359
8.2975 -68.49572632411022
8.3025 79.62547533181217
8.3075 -287.7584449411579
8.3125 158.23915380101897
8.317499999999999 -145.9147972099361
8.3225 64.55200407247007
8.327499999999999 -20.885298059083492
8.3325 209.42205146517898
8.3375 -190.7344524661429
8.3425 32.0880379709865
8.3475 68.48268636736681
8.3525 285.1309934641916
8.3575 -36.70574743618866
8.362499999999999 41.39441609692809
8.3675 89.35950348869194
8.3725 -112.90618403656596
8.3775 -16.57962677992043
8.3825 2.8157695677036845
8.3875 -127.96974358452418
8.3925 -3.7249915208501965
8.397499999999999 236.0733639033769
8.4025 -6.608201558686193
8.407499999999999 -61.969453147980715
8.4125 24.924970533456243
8.4175 -40.24608513237167
8.4225 94.14951062527004
8.4275 -151.403828209052
8.4325 -77.08717352818707
8.4375 -120.44452869212252
8.442499999999999 154.13936058380182
8.4475 -173.35929796745245
8.452499999999999 142.20676729115362
8.4575 67.93424104659145
8.4625 7.0859396928865435
8.4675 101.42597741634427
8.4725 -226.41320546749824
8.4775 -89.24619029831406
8.4825 -60.50915707920298
8.487499999999999 0.47484314392984667
8.4925 16.07326967799663
8.4975 -31.11819396791704
8.5025 56.615664255646664
8.5075 117.03909062120111
8.5125 15.735138077696858
8.5175 121.08668203599368
8.522499999999999 -20.2584776745121
8.5275 166.3444350819613
8.532499999999999 -147.28019293569676
8.5375 -69.02210696618849
8.5425 93.29845875206735
8.5475 -69.32268803862705
8.5525 44.3583707174949
8.5575 -119.40333407901494
8.5625 63.53896091871619
8.567499999999999 2.200481565114684
8.5725 -8.992478359698687
8.577499999999999 -11.514252921643482
8.5825 27.169686855138163
8.5875 220.31369959600846
8.5925 -92.64995448299251
8.5975 -20.14947249440471
8.6025 91.21685212458105
8.6075 43.12178807792015
8.612499999999999 -2.7009102596184857
8.6175 -7.962918052065742
8.6225 4.306706005074627
8.6275 -76.95998580646501
8.6325 23.512379630472335
8.6375 -31.987556874984726
8.6425 102.35289721965225
8.647499999999999 70.1741120327554
8.6525 -79.27476928778336
8.657499999999999 -53.896850874068974
8.6625 -142.72333798085964
8.6675 12.760407872009269
8.6725 327.6026102949795
8.6775 -147.5334917548786
8.6825 -102.6433454971828
8.6875 23.38312024260699
8.692499999999999 133.08136136288093
8.6975 -310.8197849624803
8.702499999999999 293.5346971740841
8.7075 -147.0048805583905
8.7125 -53.28123864730714
8.7175 96.37577630194765
8.7225 -53.60085012599413
8.7275 90.90774595648114
8.7325 -81.98836738406145
8.737499999999999 115.05031217714681
8.7425 -166.43777690543334
8.747499999999999 -82.34795363738247
8.7525 16.607631906017954
8.7575 -62.08742298172404
8.7625 23.404975636179525
8.7675 72.41214859960381
8.772499999999999 149.83705607977478
8.7775 55.99314094852541
8.782499999999999 -325.48922844850284
8.7875 -123.58223996817094
8.7925 199.53310645893848
8.7975 -24.940558163220086
8.8025 -54.092944390756394
8.8075 5.9607972043275765
8.8125 27.71451860276645
8.817499999999999 -52.4352606718741
8.8225 0.8001423620124373
8.827499999999999 13.090869412635945
8.8325 66.81562488535563
8.8375 -3.850513119813947
8.8425 67.57305387062482
8.8475 -136.2507131811986
8.8525 -219.6148127458164
8.8575 212.67516618405728
8.862499999999999 7.549809348629091
8.8675 62.0983248879511
8.872499999999999 80.08525951954569
8.8775 10.159342867485426
8.8825 149.38330040235877
8.8875 -88.66659290977663
8.8925 -76.32354697943232
8.897499999999999 57.512409565233156
8.9025 -17.147481110461786
8.907499999999999 -0.6772638327652571
8.9125 -51.682661824114774
8.9175 -0.25495283616745784
8.9225 268.2359718304294
8.9275 -142.42682655339567
8.9325 -82.07203807679366
8.9375 -16.97309570935524
8.942499999999999 -48.562202129444465
8.9475 5.131262289400097
8.952499999999999 21.052583203488304
8.9575 99.00197144314035
8.9625 -43.35048066406308
8.9675 -313.5349305581028
8.9725 225.68004934597337
8.9775 204.8587871945227
8.9825 -291.976402112131
8.987499999999999 81.85396337176535
8.9925 79.7132861659072
8.997499999999999 -51.51638041747514
9.0025 -62.95834858614422
9.0075 141.2568978376898
9.0125 -75.40577565328684
9.0175 58.41129957035254
9.022499999999999 -63.985651561924506
9.0275 -116.59117597910654
9.032499999999999 87.4265905538984
9.0375 14.918165796790817
9.0425 -145.58567273216502
9.0475 99.20464319723054
9.0525 -77.3414626522085
9.0575 88.05374931928287
9.0625 -19.130236766067696
9.067499999999999 93.87059967544815
9.0725 188.19356102227047
9.077499999999999 -243.58810467071459
9.0825 154.21590143696707
9.0875 -150.28015946673318
9.0925 34.06631094819714
9.0975 192.70771760099572
9.1025 -45.77251313315004
9.1075 128.17196446437399
9.112499999999999 -229.49911324736038
9.1175 118.59222441328606
9.122499999999999 59.53568900089969
9.1275 -128.7705941342388
9.1325 -69.51290301841456
9.1375 121.16105687693937
9.1425 -166.63603446057303
9.147499999999999 115.71167001354101
9.1525 -147.8799163358069
9.157499999999999 33.67229173244302
9.1625 -65.5742636893894
9.1675 161.28670378219994
9.1725 -0.40378252142618154
9.1775 -32.585487304892354
9.1825 81.26514411481851
9.1875 148.1130722019135
9.192499999999999 47.40565476643021
9.1975 -203.6154727584503
9.202499999999999 61.659731822410016
9.2075 -101.91946555556383
9.2125 76.36397993124565
9.2175 85.93145657143272
9.2225 32.28615496922336
9.2275 -59.03510687888552
9.2325 -154.40895166766856
9.237499999999999 10.137382732662251
9.2425 -118.7895456132253
9.247499999999999 -75.56076033444998
9.2525 224.82845113398594
9.2575 -76.75457347649834
9.2625 68.89230650291783
9.2675 14.853055161562807
9.272499999999999 -118.15128901231452
9.2775 228.83671589352892
9.282499999999999 147.89538593428705
9.2875 27.097477631658574
9.2925 -268.6206517057244
9.2975 79.37008382586541
9.3025 71.68085492488996
9.3075 -74.67531767164184
9.3125 -56.120008788362654
9.317499999999999 2.0590106106358217
9.3225 -103.493406539208
9.327499999999999 22.492654210471684
9.3325 28.415711142109625
9.3375 83.62961837182031
9.3425 -214.98412442019242
9.3475 72.6406282162566
9.3525 94.55170946161826
9.3575 -43.48018224159271
9.362499999999999 -101.47517817140287
9.3675 88.42168085806551
9.372499999999999 50.62655954407336
9.3775 79.06057257492618
9.3825 -73.82065196212307
9.3875 -39.947912121814184
9.3925 17.881843037261728
9.397499999999999 160.93351589028967
9.4025 -114.28703116925159
9.407499999999999 7.306719445980213
9.4125 96.80058082660601
9.4175 -3.9452698054687545
9.4225 224.88063004071003
9.4275 -0.7013840605621513
9.4325 -151.1865151808193
9.4375 236.43664669386322
9.442499999999999 -186.26097046946694
9.4475 96.16167123768479
9.452499999999999 -87.85382932575048
9.4575 15.520719052851046
9.4625 -243.5181985704887
9.4675 -89.45695324822391
9.4725 -133.14088268390867
9.4775 55.63067635037134
9.4825 -140.39210314921314
9.487499999999999 7.308443268535495
9.4925 41.39433596197628
9.497499999999999 -116.73252719170343
9.5025 136.53700180996634
9.5075 79.85004323776934
9.5125 -63.35478000869072
9.5175 -33.46029899392955
9.522499999999999 9.507111862605816
9.5275 158.69593368467048
9.532499999999999 -52.00885746150639
9.5375 232.3393217384294
9.5425 -40.03916809269053
9.5475 -149.79288715657054
9.5525 241.61885152215956
9.5575 19.742349635016073
9.5625 -21.034757584791194
9.567499999999999 -4.289830689533448
9.5725 -86.02414705170038
9.577499999999999 44.3539019767751
9.5825 102.74165476657555
9.5875 -168.36489907017895
9.5925 16.207363874621088
9.5975 -139.19829566529765
9.6025 -4.750118352405503
9.6075 -35.792458469757264
9.612499999999999 153.94434869158707
9.6175 -193.9270583964443
9.622499999999999 12.92034078775822
9.6275 -181.1182623035758
9.6325 211.2164974206145
9.6375 -107.1767242007522
9.6425 161.66648950413284
9.647499999999999 -203.9464910330361
9.6525 -32.01869450134949
9.657499999999999 -33.22811856361566
9.6625 -35.66743307588919
9.6675 38.05144736585266
9.6725 -49.03870073778925
9.6775 248.07996820586777
9.6825 92.4750177778429
9.6875 130.43374479374964
9.692499999999999 76.34098856880783
9.6975 37.60851859150684
9.702499999999999 -363.8119865758663
9.7075 227.15298213083804
9.7125 -206.8382374827992
9.7175 79.66196703221286
9.7225 -21.50549595068875
9.7275 -20.465799032197737
9.7325 130.15299468757067
9.737499999999999 -59.896500503159565
9.7425 -235.20958859991117
9.747499999999999 280.0511470230829
9.7525 -58.184182379464986
9.7575 -36.858348595977326
9.7625 296.5527647301463
9.7675 28.55534728251949
9.772499999999999 -22.420954482120838
9.7775 -142.8918656004629
9.782499999999999 -98.34138311281868
9.7875 81.12160438905504
9.7925 77.53599110302268
9.7975 0.5010516154592392
9.8025 -61.959833006229125
9.8075 -36.67276236364427
9.8125 222.80093737536092
9.817499999999999 40.68356170355135
9.8225 -323.19763804863896
9.827499999999999 -165.30990430196448
9.8325 -10.21927144249649
9.8375 85.91144454492076
9.8425 -88.36435199773898
9.8475 -13.279474719409551
9.8525 157.9842150443915
9.8575 -48.44019646793936
9.862499999999999 112.13827092581188
9.8675 -214.7619837545551
9.872499999999999 181.48176444539982
9.8775 -213.33255332701012
9.8825 48.83007722003285
9.8875 -64.71223740690799
9.8925 -16.03323838782598
9.897499999999999 -5.354167329315004
9.9025 64.41955535114768
9.907499999999999 96.72436926361628
9.9125 18.030602719574045
9.9175 -220.3458768056027
9.9225 -91.36968309667405
9.9275 194.4928190512811
9.9325 -123.3326742008492
9.9375 231.34847977096845
9.942499999999999 25.172334760747272
9.9475 -138.41832336276454
9.952499999999999 40.17922363397656
9.9575 6.73326800691381
9.9625 -5.931312805441496
9.9675 44.15584377213126
9.9725 117.20834011329308
9.9775 -119.8201758343117
9.9825 -77.54169923801356
9.987499999999999 1.663602389050352
9.9925 -84.30943106392237
9.997499999999999 -79.48598515149308
10.0025 -9.734378138715696
