0.0075 -101.390086958355
0.012499999999999999 165.96242400320577
0.017499999999999998 -21.443121746425945
0.0225 30.916804438848036
0.0275 4.102747683675233
0.0325 -217.61815397008084
0.0375 183.81645336979673
0.042499999999999996 -101.24433871858304
0.0475 65.66257003776157
0.0525 0.20536417004491414
0.057499999999999996 -55.101608687302246
0.0625 166.7594979465955
0.06749999999999999 -17.833627850001214
0.0725 -193.95218287498025
0.0775 -10.162745379117386
0.08249999999999999 81.29664438802594
0.0875 -222.53801946710334
0.0925 268.03412201882924
0.09749999999999999 135.5292793951693
0.1025 99.45861618952502
0.1075 -353.23314092002926
0.11249999999999999 -2.19018771079617
0.1175 39.483166573942384
0.1225 105.48472061630228
0.1275 -139.78972661111723
0.1325 -140.8453984125136
0.13749999999999998 98.06313271711511
0.1425 -94.42114574253812
0.1475 86.90792977622107
0.1525 128.43168118526276
0.1575 147.09904267954656
0.1625 -222.50519308544875
0.16749999999999998 143.35814864725816
0.1725 -13.636189996628712
0.1775 -302.658358292076
0.1825 168.07314100067745
0.1875 -4.908710159075913
0.1925 36.892863206583826
0.19749999999999998 161.52407739161978
0.20249999999999999 -194.34874055284084
0.2075 70.30331036541936
0.2125 -328.930603426737
0.2175 270.2446679960395
0.2225 15.2331853305592
0.22749999999999998 152.85632177837175
0.23249999999999998 -18.44482587781257
0.2375 -132.80367928057123
0.2425 -134.86518433830298
0.2475 90.30450076340271
0.2525 -119.7437469595438
0.2575 96.01656006420049
0.2625 490.277505071598
0.2675 -104.5570420968496
0.27249999999999996 -249.90320754426256
0.27749999999999997 110.63264594257194
0.2825 -149.06666760167522
0.2875 276.33127861260004
0.2925 172.07070636251692
0.2975 -267.7904008396101
0.3025 -142.68689592070618
0.3075 -115.03385595819266
0.3125 56.67049051063914
0.3175 -55.482176284249356
0.3225 169.5963816924636
0.32749999999999996 -15.109764913783708
0.33249999999999996 -32.977454855345
0.33749999999999997 165.04407429745328
0.34249999999999997 -228.96604054729917
0.3475 86.31531141200227
0.3525 251.26733341394365
0.3575 138.09781592531425
0.3625 -44.028483411563954
0.3675 96.78472048799549
0.3725 8.751363605972832
0.3775 71.33832728429873
0.3825 5.034018920133999
0.38749999999999996 255.9630844451468
0.39249999999999996 -377.92985437909414
0.39749999999999996 128.2553060643074
0.40249999999999997 -104.87107643290123
0.4075 -75.63627173639115
0.4125 -194.38817565015472
0.4175 451.7149694342931
0.4225 -54.12701233782609
0.4275 -3.998197822670108
0.4325 -154.14931541069285
0.4375 -45.16168505512031
0.4425 151.89412950361174
0.44749999999999995 -386.5905865059359
0.45249999999999996 106.5093163728732
0.45749999999999996 31.575574008407965
0.46249999999999997 -15.55741796592063
0.46749999999999997 81.44482720395284
0.4725 26.240603408131356
0.4775 -132.45204250657875
0.4825 237.20505311485434
0.4875 -158.5332839440447
0.4925 143.2676840501511
0.4975 17.83431090506663
0.5025 -10.898180280766086
0.5075 155.82550550060915
0.5125 -81.00856305222464
0.5175 -208.05012467505375
0.5225 -2.561797299123872
0.5275 -110.14740870984159
0.5325 251.74734282795217
0.5375 39.23487480761146
0.5425 -181.32596222982687
0.5475 308.3171280472979
0.5525 114.39330268166796
0.5575 -148.7039478612033
0.5625 -60.09725526866942
0.5675 141.07725632925295
0.5725 -134.5216759327474
0.5775 303.3669739070126
0.5825 -567.9302037841846
0.5875 193.78894705705508
0.5925 -54.97165663870403
0.5974999999999999 15.14078174559058
0.6024999999999999 171.42370110390348
0.6074999999999999 -146.6105588299037
0.6124999999999999 25.0750298757341
0.6174999999999999 -120.09635298485814
0.6224999999999999 -52.90825715913124
0.6275 -83.82088615907814
0.6325 -152.589517193367
0.6375 87.16916774534933
0.6425 -23.018745037720137
0.6475 -10.198199766120952
0.6525 -67.82123510598774
0.6575 36.33653729095821
0.6625 -35.67293225471675
0.6675 -207.06430291889234
0.6725 247.6131898750682
0.6775 -9.889542301117373
0.6825 166.51696444894452
0.6875 182.58126927592852
0.6925 156.28836840345141
0.6975 -269.65832564433185
0.7025 64.71453539836673
0.7075 157.85646598325334
0.7125 37.82808533301882
0.7174999999999999 -338.8825150634912
0.7224999999999999 80.35132183646645
0.7274999999999999 163.01719197987913
0.7324999999999999 -87.78565379178477
0.7374999999999999 19.32007422996566
0.7424999999999999 -12.003850765542513
0.7474999999999999 145.5707725655469
0.7525 3.03304266004494
0.7575 36.72376043119345
0.7625 -330.3158402836588
0.7675 98.51131131768803
0.7725 -394.9610540800852
0.7775 375.16420767762895
0.7825 18.989664270457382
0.7875 2.9631844565718586
0.7925 161.66336305675193
0.7975 -343.17270774194486
0.8025 166.20689455607115
0.8075 34.09000668238707
0.8125 -158.05460090165232
0.8175 -21.348358810508067
0.8225 -133.08707318223742
0.8275 341.1458577612581
0.8325 -235.2873673999182
0.8374999999999999 209.79766539968026
0.8424999999999999 -65.46492490971457
0.8474999999999999 -209.56351307715937
0.8524999999999999 235.00960123512212
0.8574999999999999 170.2216081396752
0.8624999999999999 -149.86712023990498
0.8674999999999999 -22.680867527062308
0.8724999999999999 65.45484668947203
0.8775 32.348849960014306
0.8825 -231.45721314687253
0.8875 -20.127794937264635
0.8925 81.28017948449576
0.8975 538.4559930900804
0.9025 -412.30934610768014
0.9075 106.27013288464437
0.9125 53.98856236576282
0.9175 63.209570212634375
0.9225 -344.231000443128
0.9275 -31.705284204721412
0.9325 -125.86077863447994
0.9375 -87.02002521797577
0.9425 298.0642374924126
0.9475 -7.603410486267187
0.9524999999999999 -10.85451574556775
0.9574999999999999 37.658917998990134
0.9624999999999999 -149.83389076562642
0.9674999999999999 -77.0051834654027
0.9724999999999999 10.291004922267923
0.9774999999999999 25.022651684306364
0.9824999999999999 110.97529723968366
0.9874999999999999 -67.5322524164592
0.9924999999999999 -133.52092828520088
0.9974999999999999 90.4028087169506
1.0025 22.55129602079681
1.0075 168.26758050037927
1.0125 -44.90141541622251
1.0174999999999998 39.475114392922734
1.0225 -153.8123536622634
1.0274999999999999 294.4935135830706
1.0325 -155.50960983621465
1.0374999999999999 15.573539433943074
1.0425 -133.6477704660634
1.0474999999999999 144.92650097462447
1.0525 -202.60329963000802
1.0574999999999999 4.416963014186997
1.0625 -210.20398743588873
1.0675 19.463024194064104
1.0725 -14.695443264557616
1.0775 142.6864495861306
1.0825 -3.493497566798355
1.0875 147.70813831623718
1.0925 19.418453107551347
1.0975 97.63569814754827
1.1025 -121.45598047441405
1.1075 260.15357138095686
1.1125 19.46880470052214
1.1175 42.0118540584294
1.1225 90.76586610321289
1.1275 -157.06407447378822
1.1324999999999998 60.853356303308644
1.1375 33.24197993651124
1.1424999999999998 -302.7378303212454
1.1475 -84.85545207213268
1.1524999999999999 166.56354193569567
1.1575 -234.97632036065377
1.1624999999999999 526.6026903715957
1.1675 -161.34428225829592
1.1724999999999999 -167.26185395906177
1.1775 147.70529109113502
1.1824999999999999 80.87442845916308
1.1875 -14.217011022195047
1.1925 59.89416882607246
1.1975 -120.62763929394109
1.2025 -28.373097374822073
1.2075 35.29204648648315
1.2125 203.68897901020568
1.2175 -186.15029370584512
1.2225 56.92896981102411
1.2275 -159.235752194977
1.2325 -30.868875053090523
1.2375 43.87834182898252
1.2425 -442.92424573416315
1.2475 320.4644426143557
1.2525 -173.55517292230905
1.2574999999999998 -70.31123069878433
1.2625 143.81584528002176
1.2674999999999998 128.85384869103487
1.2725 -89.46141146218486
1.2774999999999999 132.99064043919563
1.2825 -237.15552524076418
1.2874999999999999 83.07892177207863
1.2925 -28.904122357116353
1.2974999999999999 90.85074283354903
1.3025 -169.41520169821965
1.3074999999999999 117.1095646400674
1.3125 -18.218169693170765
1.3175 178.67028703203613
1.3225 -28.13093823503299
1.3275 91.11231410617964
1.3325 -234.89974503235325
1.3375 -163.67360687796307
1.3425 26.776841504581224
1.3475 73.33001039008325
1.3525 162.03727037336944
1.3575 -149.573734470315
1.3625 -161.9339220760957
1.3675 -4.293334389634932
1.3724999999999998 118.50082293464057
1.3775 45.22233945015464
1.3824999999999998 -120.93984243449711
1.3875 -84.24721673480973
1.3924999999999998 -200.46992562627673
1.3975 158.59146086638177
1.4024999999999999 49.42984101658013
1.4075 248.21629578596847
1.4124999999999999 82.60006082746159
1.4175 -107.33055225428579
1.4224999999999999 89.89961122169811
1.4275 52.09888177692422
1.4324999999999999 24.83302942683481
1.4375 -103.74803567754056
1.4425 76.20067147868431
1.4475 -11.742054746610275
1.4525 -37.26300075926969
1.4575 11.251998593947453
1.4625 33.928185134514464
1.4675 6.259472143905874
1.4725 -170.29891915683544
1.4775 64.89888447336499
1.4825 15.521624354112856
1.4874999999999998 132.54686307650135
1.4925 -65.7751095113634
1.4974999999999998 -76.81302567357953
1.5025 36.63159549936179
1.5074999999999998 -24.33211965945118
1.5125 -96.83960779818933
1.5174999999999998 129.13906385356805
1.5225 -78.153747104226
1.5274999999999999 79.04649389025242
1.5325 80.445723572971
1.5374999999999999 30.565405174852295
1.5425 -83.01988218185316
1.5474999999999999 54.51845651098676
1.5525 -69.58725338464592
1.5574999999999999 -120.14060590008441
1.5625 -37.29366810268246
1.5675 186.0769056169579
1.5725 -20.096050574836173
1.5775 89.99842195956596
1.5825 114.91225557690362
1.5875 23.20870737529505
1.5925 101.31236526601478
1.5975 -224.20393747993356
1.6025 -2.2672851663360714
1.6075 86.90304483377288
1.6124999999999998 -47.221672285809206
1.6175 -229.03698011207598
1.6224999999999998 159.61833224504883
1.6275 -78.38659927333951
1.6324999999999998 106.20494487773874
1.6375 -123.3689249371604
1.6424999999999998 -194.31380151647562
1.6475 66.32865807324873
1.6524999999999999 -80.01719711534159
1.6575 187.98735629053073
1.6624999999999999 -166.9216801675435
1.6675 52.99299098871589
1.6724999999999999 100.79033145163032
1.6775 312.39080108617566
1.6824999999999999 -117.02871992154293
1.6875 -30.54878158043231
1.6925 -9.245524668252429
1.6975 -242.88629250002816
1.7025 -95.06536680501802
1.7075 347.8001856692861
1.7125 -23.135084276516316
1.7175 -87.90879111276325
1.7225 -56.34001186402931
1.7274999999999998 -9.724736943446393
1.7325 -57.144285452555664
1.7374999999999998 155.2137181716785
1.7425 -76.00350818012792
1.7474999999999998 -22.047831145869317
1.7525 90.26098301069821
1.7574999999999998 -30.8830259118547
1.7625 -21.455864914361804
1.7674999999999998 63.61930587936387
1.7725 -148.5450506469415
1.7774999999999999 384.42016673243063
1.7825 205.45549336237508
1.7874999999999999 -360.717464354477
1.7925 295.07457869785793
1.7974999999999999 -60.341749111988776
1.8025 -140.5313907223203
1.8074999999999999 0.5199926758418651
1.8125 -97.64962478634875
1.8175 145.9713602156596
1.8225 32.15874513288941
1.8275 -166.11473541395688
1.8325 1.7296706961654909
1.8375 236.45542551057497
1.8425 -152.71616462919064
1.8475 -145.47141496255634
1.8524999999999998 122.8823584050591
1.8575 -98.09945871975215
1.8624999999999998 29.3429942501827
1.8675 299.88150115166087
1.8724999999999998 -231.79035705368887
1.8775 68.59655800230213
1.8824999999999998 -71.63066912837118
1.8875 160.07622072799262
1.8924999999999998 -89.42848586582802
1.8975 -26.959071279852328
1.9024999999999999 15.015163300445332
1.9075 -1.2463135096710891
1.9124999999999999 -4.403097167418907
1.9175 -48.49718018215983
1.9224999999999999 79.71037709609672
1.9275 66.08675052299637
1.9324999999999999 -109.3995453903469
1.9375 -163.3402762692096
1.9425 -40.4492972381525
1.9475 285.91369482895874
1.9525 -90.65702704851873
1.9575 -133.58705369998282
1.9625 219.86861658625455
1.9674999999999998 -95.3564143182966
1.9725 -115.40512605854718
1.9774999999999998 211.47653599715534
1.9825 -158.30555935917104
1.9874999999999998 -188.77892723914283
1.9925 155.72431097819785
1.9974999999999998 155.38389401854997
2.0025 -124.03152440476192
2.0075 307.50242507243274
2.0124999999999997 -45.341117607393805
2.0175 -70.68532828656818
2.0225 -84.41496905862309
2.0275 -182.3280444072276
2.0324999999999998 9.624836686036716
2.0375 6.669647565986671
2.0425 -70.82125861310648
2.0475 66.54335192771305
2.0524999999999998 -195.18001624724616
2.0575 124.03487998185264
2.0625 10.900432209430807
2.0675 -78.2008393494853
2.0725 227.57987878302723
2.0775 150.19938606699995
2.0825 -34.838477659036855
2.0875 255.59958996811903
2.0925 -385.81250244077296
2.0974999999999997 232.7002127177186
2.1025 -202.58128975624922
2.1075 -55.23680885152925
2.1125 1.9317589388537169
2.1174999999999997 182.66211241543917
2.1225 134.3281625246561
2.1275 121.17832431424802
2.1325 -217.9637632535356
2.1374999999999997 105.39611004459911
2.1425 -16.7962358969467
2.1475 -248.0241408561079
2.1525 -3.1402874371100213
2.1574999999999998 183.3442161250222
2.1625 -284.9713043744947
2.1675 113.56184110670047
2.1725 80.17492743838393
2.1774999999999998 -120.24224386221263
2.1825 365.56221432148357
2.1875 -219.3620607917573
2.1925 -202.87648586519384
2.1975 84.91905922302676
2.2024999999999997 55.13364135133895
2.2075 -129.13049191382976
2.2125 -31.982599561069403
2.2175 14.77107355308165
2.2224999999999997 16.503373373064232
2.2275 58.15892532955966
2.2325 -113.86097909208405
2.2375 27.142660191276516
2.2424999999999997 -154.0385377875627
2.2475 84.23605942309587
2.2525 234.49660964342786
2.2575 -230.3626338032617
2.2624999999999997 -168.3012887612572
2.2675 86.57471075111147
2.2725 -65.8843122655761
2.2775 204.78649625707743
2.2824999999999998 -137.7458467689108
2.2875 -59.8226922650094
2.2925 242.31540715581014
2.2975 120.352805094656
2.3024999999999998 -155.40578704528542
2.3075 214.66022295830945
2.3125 -66.19221844895841
2.3175 -314.09561599932505
2.3225 -60.385212388716184
2.3274999999999997 126.13868006812737
2.3325 -71.55869517795207
2.3375 84.78535083211445
2.3425 -52.4945389563567
2.3474999999999997 10.051439510069276
2.3525 -87.96516388021647
2.3575 162.29555098118098
2.3625 246.61230873506094
2.3674999999999997 -82.1822917962939
2.3725 176.1888948276699
2.3775 106.7940651341967
2.3825 -0.7498011642160142
2.3874999999999997 -108.89273445353183
2.3925 50.21217355003375
2.3975 -54.902977169054104
2.4025 8.273506387812896
2.4074999999999998 86.51317539794516
2.4125 11.41533112646968
2.4175 254.4653147267436
2.4225 -197.44103919379802
2.4274999999999998 -196.80322208506956
2.4325 223.10987472056564
2.4375 -191.8846590112868
2.4425 166.84035016543564
2.4475 -115.02803623955789
2.4524999999999997 -164.41362815686185
2.4575 277.3038895495633
2.4625 -204.37744193481504
2.4675 4.7277935969723766
2.4724999999999997 -120.26834351337233
2.4775 94.70159925728626
2.4825 42.24344091112816
2.4875 -143.925524699034
2.4924999999999997 100.92838535439154
2.4975 155.55638219958917
2.5025 -164.62034554175796
2.5075 -113.4209676773713
2.5124999999999997 -65.83772162037639
2.5175 152.24840046742398
2.5225 -79.66171320573987
2.5275 70.62253695948561
2.5324999999999998 -60.284762108156166
2.5375 -220.8765524310874
2.5425 304.8119981487922
2.5475 90.2005984954441
2.5524999999999998 51.91541194945962
2.5574999999999997 -76.24835756472773
2.5625 42.261033164739835
2.5675 -154.27326904892465
2.5725 123.40001591682498
2.5774999999999997 120.0343922190495
2.5825 -193.91281243499304
2.5875 178.1546079917015
2.5925 -61.95871434072371
2.5974999999999997 -64.49981293969684
2.6025 -99.73819479902753
2.6075 9.619328033126191
2.6125 164.07436979861077
2.6174999999999997 99.58371671813444
2.6225 -211.97102970501484
2.6275 280.6568598858144
2.6325 -124.94566051211244
2.6374999999999997 -145.7845552478197
2.6425 141.35072415523825
2.6475 84.44354657723352
2.6525 -479.0166019581246
2.6574999999999998 279.40777678588773
2.6625 -42.12628150623244
2.6675 -124.21793277696183
2.6725 368.1822780203948
2.6774999999999998 -4.152764525714336
2.6824999999999997 -54.47798191268369
2.6875 -159.13502769234873
2.6925 -11.939414369219374
2.6975 -194.08722671683822
2.7024999999999997 156.0748628381055
2.7075 -398.0840142089456
2.7125 155.03639820832333
2.7175 148.0110285648158
2.7224999999999997 141.79401833970093
2.7275 123.84545157300066
2.7325 -142.7615604448972
2.7375 156.76432284415546
2.7424999999999997 -237.0836437284463
2.7475 260.527115063848
2.7525 -192.0421631405982
2.7575 125.02149594084973
2.7624999999999997 29.703884703134012
2.7675 49.22373563112711
2.7725 18.043496156992607
2.7775 79.1973072116335
2.7824999999999998 -271.6301998900504
2.7875 97.11814945615208
2.7925 36.646525469865956
2.7975 -149.76996661125816
2.8024999999999998 -58.7517330438534
2.8074999999999997 159.38156885868153
2.8125 -126.80948785818894
2.8175 -4.0831302954840245
2.8225 -16.14555614156934
2.8274999999999997 41.941062756471894
2.8325 -56.04363491590976
2.8375 11.581593782320097
2.8425 -125.48500347608756
2.8474999999999997 42.36799615362873
2.8525 -1.6388714797112012
2.8575 161.7723175110401
2.8625 123.85420477036803
2.8674999999999997 -322.00862142426433
2.8725 56.89530753892391
2.8775 25.45199705798271
2.8825 170.4669145171939
2.8874999999999997 -328.3747638473707
2.8925 120.71020855873552
2.8975 28.041304857122253
2.9025 -59.247261466316445
2.9074999999999998 -83.84203948362708
2.9125 -2.4841553963262095
2.9175 153.5848150556123
2.9225 -371.76153626920836
2.9274999999999998 346.7643966455406
2.9324999999999997 -182.8023691082837
2.9375 176.6903890275469
2.9425 -72.92045881004928
2.9475 9.292578688218635
2.9524999999999997 14.762509376828032
2.9575 -235.3823968273158
2.9625 80.37118704758848
2.9675 328.794082614819
2.9724999999999997 -211.65295381727634
2.9775 74.14025186137532
2.9825 130.31885127369813
2.9875 -77.48016552965335
2.9924999999999997 -45.75220918645649
2.9975 -19.88191958842962
3.0025 79.06124523481724
3.0075 -63.769854847513116
3.0124999999999997 -30.137635130639083
3.0175 49.80198891703894
3.0225 159.4534530684814
3.0275 63.31833630373121
3.0324999999999998 -44.78959327544466
3.0374999999999996 28.401688561770968
3.0425 -105.52502812903656
3.0475 69.30099960315081
3.0524999999999998 -150.30916220060925
3.0574999999999997 -17.211484953628208
3.0625 -122.82782512292408
3.0675 323.2740148817428
3.0725 41.49094542298238
3.0774999999999997 18.216147042248398
3.0825 -235.6759178986532
3.0875 389.7272154995892
3.0925 116.54964192831665
3.0974999999999997 -137.39901569060996
3.1025 277.7906181279588
3.1075 -154.81081558860447
3.1125 -115.19184438420376
3.1174999999999997 -116.7228414550857
3.1225 -3.8100394426022794
3.1275 -16.561966365545153
3.1325 276.6765099196195
3.1374999999999997 77.65396192364965
3.1425 -26.75640577602521
3.1475 27.139814347811424
3.1525 -165.8325297201968
3.1574999999999998 -161.67606201230058
3.1624999999999996 7.983242196977857
3.1675 30.84763896190007
3.1725 -279.07972028069895
3.1774999999999998 232.42193024829666
3.1824999999999997 103.72183177857205
3.1875 -59.61985339862234
3.1925 99.700308270182
3.1975 77.48709825566065
3.2024999999999997 -241.62972513772218
3.2075 176.11040783996071
3.2125 -53.12174285521977
3.2175 39.76846871382062
3.2224999999999997 42.56063557756578
3.2275 2.90169390792296
3.2325 24.95668193397103
3.2375 168.00253658158582
3.2424999999999997 -108.73451937324405
3.2475 -40.771376583869326
3.2525 -125.2241088766748
3.2575 87.82330139610033
3.2624999999999997 -152.2710766850185
3.2675 -42.66106138341146
3.2725 249.5213275565509
3.2775 -163.7121107354234
3.2824999999999998 34.70681994654239
3.2874999999999996 -33.898454014717636
3.2925 -25.535317078060455
3.2975 -181.42361252411507
3.3024999999999998 173.5873380919229
3.3074999999999997 -61.996271447809214
3.3125 46.14101791974474
3.3175 188.44848102810874
3.3225 -35.9389614123471
3.3274999999999997 242.58574116568334
3.3325 -260.9017618852753
3.3375 -100.72399306735821
3.3425 -112.93410948825736
3.3474999999999997 4.472703551082426
3.3525 -18.872041918444744
3.3575 -8.011677209590255
3.3625 251.36697221298022
3.3674999999999997 -76.1188567851233
3.3725 22.495534265903064
3.3775 -62.22243183855685
3.3825 -72.04283034127029
3.3874999999999997 -70.02811200607002
3.3924999999999996 -26.72892132973771
3.3975 -223.2915294716341
3.4025 168.89574601866406
3.4074999999999998 97.06745975684518
3.4124999999999996 -72.10527213061457
3.4175 92.12495850445757
3.4225 -8.756820743557194
3.4274999999999998 30.01954772615776
3.4324999999999997 279.0382537985424
3.4375 -129.41009506383887
3.4425 141.74602408279196
3.4475 -67.76582369478723
3.4524999999999997 175.60169011236295
3.4575 -179.00350776774403
3.4625 56.49934192545689
3.4675 -163.91378981615324
3.4724999999999997 229.24484899280674
3.4775 -127.72742614859877
3.4825 40.34099096904105
3.4875 111.17102389882486
3.4924999999999997 -118.75922690290747
3.4975 68.08070438225108
3.5025 -147.7168768419344
3.5075 218.90805260371314
3.5124999999999997 40.90007831668415
3.5174999999999996 -13.721346738750492
3.5225 15.3018962982454
3.5275 67.74488239396497
3.5324999999999998 -121.53709818140221
3.5374999999999996 148.78187360818472
3.5425 -333.2782311541972
3.5475 181.3711770276438
3.5524999999999998 -144.41557736470799
3.5574999999999997 3.3706292374048266
3.5625 -403.3871311000861
3.5675 198.0467625832884
3.5725 175.4860069538126
3.5774999999999997 69.82149942821675
3.5825 200.41361022965933
3.5875 -22.55736232875785
3.5925 -167.13292116389002
3.5974999999999997 297.00500771231435
3.6025 -54.44180433734656
3.6075 -87.63436245686316
3.6125 -240.82571156013964
3.6174999999999997 108.27522464690132
3.6225 199.5200868319981
3.6275 181.88254578787553
3.6325 -189.8570671243734
3.6374999999999997 20.82962043088028
3.6424999999999996 -282.2852936893642
3.6475 -143.93759093058304
3.6525 261.251969980714
3.6574999999999998 270.38058209656594
3.6624999999999996 -91.31791223344018
3.6675 -261.6609135088394
3.6725 154.91029987455863
3.6774999999999998 -267.7988036932842
3.6824999999999997 272.96526693796835
3.6875 26.11984411487508
3.6925 -128.32334978351454
3.6975 -326.5429041132507
3.7024999999999997 414.6854398011097
3.7075 -240.75626363709304
3.7125 154.33208869568224
3.7175 -19.790916679191422
3.7224999999999997 143.14265668251574
3.7275 118.77929518178709
3.7325 176.43017221982012
3.7375 -47.8524912052487
3.7424999999999997 -83.27549109826646
3.7474999999999996 -219.50501259803855
3.7525 131.0856702594534
3.7575 164.67779967051493
3.7624999999999997 -64.17935866237876
3.7674999999999996 -1.6299167607039424
3.7725 -45.61800110345963
3.7775 88.98354977015242
3.7824999999999998 -423.6327787609018
3.7874999999999996 -71.09267490537478
3.7925 -89.04736298235113
3.7975 -65.46716970814497
3.8024999999999998 78.41190823332448
3.8074999999999997 145.81801297183682
3.8125 56.48366988424546
3.8175 99.16599453104367
3.8225 -62.12023488908522
3.8274999999999997 122.25043128108078
3.8325 -99.57881072216856
3.8375 106.15775420728411
3.8425 176.40506958430876
3.8474999999999997 -230.6002759108247
3.8525 -156.52896616173282
3.8575 -87.1088690231799
3.8625 35.02976492079858
3.8674999999999997 -16.725653978802114
3.8724999999999996 -117.75726742803964
3.8775 79.59199935044764
3.8825 407.42412983219305
3.8874999999999997 -126.61820801450261
3.8924999999999996 -43.313756486772235
3.8975 68.58267544430434
3.9025 147.06781629944615
3.9074999999999998 -139.90282341080834
3.9124999999999996 44.720405297549625
3.9175 -92.9267361326664
3.9225 73.30036058949861
3.9274999999999998 -128.80572956044895
3.9324999999999997 156.62478808959185
3.9375 -220.3691792337648
3.9425 -30.31915744192267
3.9475 265.0496645616187
3.9524999999999997 11.866407085833847
3.9575 -102.55626893741426
3.9625 0.10946862066612989
3.9675 90.81265188820494
3.9724999999999997 91.49000954276451
3.9775 -14.831896639426692
3.9825 96.53982333822736
3.9875 -300.1352244623937
3.9924999999999997 310.24987097493596
3.9974999999999996 -82.51338981107803
4.0024999999999995 330.5734995495287
4.007499999999999 -280.05859628398895
4.0125 -121.93212130454212
4.0175 52.46349817617342
4.0225 59.626364396352905
4.0275 66.19880866054937
4.0325 350.0883435562553
4.0375 -278.23999289729915
4.0424999999999995 41.86624819307101
4.047499999999999 -0.6625905198565031
4.0525 -242.4762724134327
4.0575 -222.15317188738118
4.0625 177.7252642299351
4.0675 84.22931150749876
4.0725 296.6357468412647
4.0775 -179.35142076658266
4.0825 -199.59583136875187
4.0874999999999995 197.1377326448027
4.0925 250.9313482197751
4.0975 15.044611382013352
4.1025 -178.17345164666858
4.1075 131.44891192978795
4.1125 -62.922578067413696
4.1175 -46.69380079150765
4.1225 -232.29730003553533
4.1274999999999995 -86.87131182050632
4.132499999999999 302.3214527960143
4.1375 -131.4204016837458
4.1425 -23.73747775611475
4.1475 423.201763440293
4.1525 91.08307530562416
4.1575 -451.58748606279164
4.1625 -148.8269813561115
4.1674999999999995 58.00184534047893
4.172499999999999 85.52455937943712
4.1775 6.804154082597157
4.1825 -193.9122527074869
4.1875 317.88186342078995
4.1925 -215.90154852777616
4.1975 400.64118124739343
4.2025 -408.65183334804766
4.2075 250.80062837570267
4.2124999999999995 -69.31447966682285
4.2175 178.59280633668152
4.2225 -227.2187605573311
4.2275 10.612549179673536
4.2325 110.54962221785996
4.2375 -236.10244384444997
4.2425 -86.242226715819
4.2475 29.793043579165182
4.2524999999999995 235.1227352732227
4.257499999999999 82.70290430085578
4.2625 -181.17653080871492
4.2675 234.6153332588977
4.2725 -368.92765452469376
4.2775 -45.99465195660455
4.2825 157.8700335279923
4.2875 31.034618871313715
4.2924999999999995 201.34041989675273
4.297499999999999 -280.5981410985651
4.3025 -81.68457229476674
4.3075 9.511247168238794
4.3125 115.32744805225626
4.3175 320.25473312983854
4.3225 -186.36955240807598
4.3275 -209.9198913994067
4.3325 217.21111749590708
4.3374999999999995 221.2348547487889
4.342499999999999 58.0641524590131
4.3475 -256.5732101580878
4.3525 56.61643902509863
4.3575 -137.97276224078175
4.3625 94.20897444387752
4.3675 -172.72054266134072
4.3725 313.76598817799993
4.3774999999999995 -234.91919927223023
4.382499999999999 27.59748551897702
4.3875 -53.99795302417129
4.3925 177.21025676391955
4.3975 -1.6440119592306577
4.4025 110.72643176499494
4.4075 -263.6594152568821
4.4125 -55.204304851864684
4.4174999999999995 41.542533252196584
4.422499999999999 181.62750465851815
4.4275 164.65062253979383
4.4325 -205.2181760711151
4.4375 -24.029220989465493
4.4425 -289.6157834121455
4.4475 155.49562924777499
4.4525 -28.674975080782993
4.4575 292.28398032118264
4.4624999999999995 109.14149637123026
4.467499999999999 81.48108280889
4.4725 -55.258818495015184
4.4775 39.84243442570407
4.4825 -104.99856061446961
4.4875 -356.3250139509673
4.4925 257.38442411068974
4.4975 -87.61130721632554
4.5024999999999995 -0.7584476465654546
4.507499999999999 100.78985674414999
4.5125 34.742589100083876
4.5175 171.2601852084004
4.5225 -65.35729482037915
4.5275 -144.3853571453777
4.5325 -112.8020654437128
4.5375 90.94565182824607
4.5424999999999995 15.914836167462553
4.547499999999999 -180.1841825936459
4.5525 231.3827646350629
4.5575 -308.20133291035023
4.5625 255.14606377404616
4.5675 -150.141346782035
4.5725 97.6428818709621
4.5775 24.212727529001615
4.5825 -1.210395682108787
4.5874999999999995 -67.6946418829722
4.592499999999999 1.6355680511969957
4.5975 86.56280630268765
4.6025 -100.67570662709869
4.6075 -108.2398102615814
4.6125 208.63277709349245
4.6175 -118.45604973435775
4.6225 -12.167020528055891
4.6274999999999995 117.83553914353017
4.632499999999999 59.754194776703244
4.6375 -174.5203610468479
4.6425 215.22457796187746
4.6475 -208.93937920882894
4.6525 286.6853244119277
4.6575 -198.07427163587477
4.6625 58.59132504231873
4.6674999999999995 -223.37332462489894
4.672499999999999 219.4462701255818
4.6775 206.31923392753657
4.6825 -104.54476500116219
4.6875 1.0641737381882241
4.6925 67.40827693520276
4.6975 129.07568908087575
4.7025 -60.37794971461091
4.7075 -90.70596489777485
4.7124999999999995 -69.31265208990055
4.717499999999999 87.21640749681714
4.7225 -362.8259588899847
4.7275 63.43286908491507
4.7325 229.9800732276938
4.7375 -220.92700350192936
4.7425 153.03491672960132
4.7475 -85.05040975153929
4.7524999999999995 61.65098934917824
4.757499999999999 5.603090043254998
4.7625 -231.23500894237665
4.7675 239.74383707693127
4.7725 -204.39434633052758
4.7775 8.359745543914274
4.7825 157.28375714123214
4.7875 104.20485122058771
4.7924999999999995 -166.73010026188553
4.797499999999999 -309.6355809090867
4.8025 203.72747431467445
4.8075 155.28637728251476
4.8125 151.61107443199626
4.8175 228.3967297430374
4.8225 -79.52066490062917
4.8275 -175.32391355239247
4.8325 -81.05157486258153
4.8374999999999995 21.66110434231425
4.842499999999999 298.4724192121579
4.8475 -133.2507437553035
4.8525 206.98970951611582
4.8575 -221.4700732017093
4.8625 73.16076274017408
4.8675 -323.77698427528924
4.8725 -43.98060402791101
4.8774999999999995 294.23434241145964
4.882499999999999 10.668382845488738
4.8875 -53.440158230931495
4.8925 76.03618942409477
4.8975 50.52451972292574
4.9025 61.72857007341407
4.9075 -288.0809975222536
4.9125 -148.07212278099368
4.9174999999999995 172.14633549350867
4.922499999999999 -64.76914826649951
4.9275 -67.03163343434097
4.9325 58.94559696011852
4.9375 164.5698004044567
4.9425 32.147120120569085
4.9475 78.31051028129825
4.9525 -341.40449947390664
4.9575 139.92772484130492
4.9624999999999995 -171.03926665012236
4.967499999999999 114.89743317671655
4.9725 15.333724866520699
4.9775 -76.92303056681723
4.9825 151.07686168395074
4.9875 44.92694859617116
4.9925 -19.267924798166355
4.9975 -254.38347694010537
5.0024999999999995 112.22657993876989
5.007499999999999 8.482154873725463
5.0125 41.41911279430094
5.0175 85.90383601333077
5.0225 -182.89449418235228
5.0275 233.7649931261783
5.0325 -54.44409449952842
5.0375 64.67900910044173
5.0424999999999995 -50.769604775339474
5.047499999999999 121.86591088618242
5.0525 -83.94720700220822
5.0575 90.58178072352405
5.0625 53.551095663419574
5.0675 53.79563832458313
5.0725 -238.84260651277197
5.0775 247.8614019012008
5.0825 12.532480647027576
5.0874999999999995 -171.68699810706443
5.092499999999999 -97.07923998951449
5.0975 305.95295275024773
5.1025 -104.97591183224041
5.1075 -110.88345337399717
5.1125 -36.797757493080624
5.1175 35.35006577060629
5.1225 35.44232412742282
5.1274999999999995 6.464157601173402
5.132499999999999 10.395845453402025
5.1375 82.33041289909697
5.1425 -196.58768380258812
5.1475 13.312107408701161
5.1525 321.50041634982296
5.1575 -144.29029498633926
5.1625 149.98741161873002
5.1674999999999995 -154.95218005833829
5.172499999999999 -39.605749891339826
5.177499999999999 11.628306801091538
5.1825 -172.00383881123543
5.1875 165.65486105795446
5.1925 -281.70224888598904
5.1975 16.62283754601973
5.2025 -26.867725856197776
5.2075 144.6780776238078
5.2124999999999995 -8.16499509362462
5.217499999999999 138.4848556203283
5.2225 -217.6574552295247
5.2275 101.00544919009532
5.2325 -47.8844933416847
5.2375 10.802829688534944
5.2425 17.70282116016819
5.2475 30.64272000796262
5.2524999999999995 143.71699980384966
5.257499999999999 38.53743176818911
5.2625 27.620691232542093
5.2675 -90.18700555489941
5.2725 168.66523815874825
5.2775 -191.0465275503222
5.2825 79.0427316595326
5.2875 78.00887136828278
5.2924999999999995 -78.20917950315196
5.297499999999999 312.031349838537
5.302499999999999 -226.72535979021004
5.3075 203.0151181475621
5.3125 -78.3851671982612
5.3175 103.47535290926923
5.3225 81.02855330150423
5.3275 96.20160699751881
5.3325 -149.76159369305455
5.3374999999999995 -124.28187888949114
5.342499999999999 68.982696623206
5.3475 -128.78582661747566
5.3525 16.71016648483191
5.3575 -2.3361463541607908
5.3625 172.83322358826473
5.3675 107.29569355024911
5.3725 23.650529787284878
5.3774999999999995 -29.327633603656732
5.382499999999999 -72.33368687611589
5.3875 -12.685406557327015
5.3925 83.57863333113522
5.3975 -0.7905361682163385
5.4025 -159.7334336685878
5.4075 -185.6669183606917
5.4125 41.2271868214455
5.4174999999999995 245.53754909078808
5.422499999999999 -50.4664846486643
5.427499999999999 111.03767302296028
5.4325 57.83621536519498
5.4375 -71.24437589569658
5.4425 -86.55971630420929
5.4475 192.0676167119329
5.4525 -56.222183088854685
5.4575 260.60224960782205
5.4624999999999995 -145.94722498928732
5.467499999999999 -55.07699238805017
5.4725 145.41776204642312
5.4775 88.31127923760332
5.4825 -363.7596573996595
5.4875 69.43174289187779
5.4925 -101.06878764546957
5.4975 -183.08066634806423
5.5024999999999995 22.84523128719918
5.507499999999999 159.93713487390207
5.5125 176.39300118161572
5.5175 -228.39856508344434
5.5225 -78.23150748240501
5.5275 100.68146686954591
5.5325 32.70317831111042
5.5375 -73.60793866696575
5.5424999999999995 39.1017173609409
5.547499999999999 208.82082842958113
5.552499999999999 -276.25124524401457
5.5575 31.93240586948148
5.5625 64.70219882649178
5.5675 -247.61473836129625
5.5725 331.16587342977294
5.5775 -12.04552462484851
5.5825 -99.47658431422018
5.5874999999999995 -105.40788685607177
5.592499999999999 221.31644226173532
5.5975 -8.326623097166783
5.6025 -16.312089729875876
5.6075 10.56014394763398
5.6125 -100.28356686545034
5.6175 30.18058677398986
5.6225 174.09035636910585
5.6274999999999995 165.6782251992404
5.632499999999999 -428.27830086877094
5.6375 26.155204813724808
5.6425 -59.533376798316475
5.6475 -67.36217209992435
5.6525 177.0331057550441
5.6575 -204.11935844056313
5.6625 78.26062028670337
5.6674999999999995 140.45590096602703
5.672499999999999 -131.95431445206
5.677499999999999 157.37925826611496
5.6825 -50.09064304010661
5.6875 27.582058553870247
5.6925 -111.74151185789593
5.6975 -63.36895139463467
5.7025 127.726753028162
5.7075 -106.58040693084736
5.7124999999999995 -68.26351687941724
5.717499999999999 281.9179777028058
5.7225 -99.69217575683382
5.7275 160.18825675935204
5.7325 -289.2238917859411
5.7375 155.87634790371172
5.7425 93.02555384451199
5.7475 -215.29859055073396
5.7524999999999995 179.2460207382152
5.757499999999999 -43.50792413292653
5.7625 236.10226327763942
5.7675 -31.527977268230373
5.7725 -0.2603262202266531
5.7775 -205.6163911871579
5.7825 107.57366090772389
5.7875 -82.4788367778017
5.7924999999999995 -104.83433534700399
5.797499999999999 144.7659871791633
5.802499999999999 -113.90923868910848
5.8075 -66.99294155909861
5.8125 152.9275432629092
5.8175 41.722588725425524
5.8225 -22.65184235803141
5.8275 -83.53759791975399
5.8325 120.90700289439391
5.8374999999999995 97.41017207626213
5.842499999999999 123.89078295467195
5.8475 -13.697506787964207
5.8525 316.81793584427845
5.8575 -310.19352886666786
5.8625 -4.364890822480821
5.8675 -205.6222256432551
5.8725 -87.24280360782319
5.8774999999999995 15.410332827773692
5.882499999999999 82.33102897765914
5.8875 24.846404989809074
5.8925 52.004731235202925
5.8975 134.20536130335032
5.9025 -121.11055672508418
5.9075 87.0794577852679
5.9125 35.38814632077602
5.9174999999999995 -163.46871483305296
5.922499999999999 210.99640131471645
5.927499999999999 113.21064843034732
5.9325 -273.87340095058687
5.9375 165.57166518783905
5.9425 -90.88401870780687
5.9475 16.66162102051222
5.9525 -16.294682155089923
5.9575 68.55985829972563
5.9624999999999995 -71.28160601533506
5.967499999999999 36.493802331259026
5.9725 -20.25846267388073
5.9775 138.84527212241008
5.9825 -179.15027368192858
5.9875 -97.95514619830399
5.9925 458.2804477967437
5.9975 -30.503348179664428
6.0024999999999995 8.835419438270737
6.007499999999999 -235.3767046140477
6.012499999999999 164.79690389410973
6.0175 -146.03469893420277
6.0225 69.3714790395971
6.0275 -6.039663846174215
6.0325 -166.5060369824311
6.0375 95.80812175160776
6.0424999999999995 -164.240712589413
6.047499999999999 -46.221283074401825
6.052499999999999 226.7706863032554
6.0575 13.184999427177473
6.0625 -74.98227414399841
6.0675 61.40467766618855
6.0725 -332.7552058507127
6.0775 273.4679515168955
6.0825 -21.9877730917243
6.0874999999999995 95.62688333385213
6.092499999999999 -68.20669448777628
6.0975 242.932402072348
6.1025 -171.5278403555209
6.1075 126.67051390025543
6.1125 10.56796256619146
6.1175 -198.4574671065863
6.1225 154.9660272776776
6.1274999999999995 -101.09280733243932
6.132499999999999 14.928446426868517
6.137499999999999 165.9392644757952
6.1425 -493.63660691592287
6.1475 343.1330218610493
6.1525 -289.614096367454
6.1575 149.99960107914993
6.1625 -81.11143553999796
6.1674999999999995 79.55086932982117
6.172499999999999 210.9971170027343
6.177499999999999 -144.53068444637978
6.1825 -112.11464466823043
6.1875 87.26863022117499
6.1925 233.41078104642338
6.1975 -183.24226920252153
6.2025 -265.66706712689336
6.2075 58.06785353584317
6.2124999999999995 -21.348309861079375
6.217499999999999 212.6533107904847
6.2225 99.9056028978262
6.2275 -125.26596346727194
6.2325 104.10258796898333
6.2375 144.94613469573997
6.2425 -269.5396390698948
6.2475 -45.19214370553872
6.2524999999999995 90.03353291106177
6.257499999999999 148.8228147063858
6.262499999999999 -16.737407894574268
6.2675 -72.98162072644507
6.2725 169.56418402148182
6.2775 -307.9338124399509
6.2825 143.12960508054533
6.2875 -131.89262211860225
6.2924999999999995 196.3241529737961
6.297499999999999 -78.39612283207858
6.302499999999999 76.8429535121825
6.3075 -10.195478335787122
6.3125 182.82983552749667
6.3175 -132.743544512671
6.3225 -84.4208014093685
6.3275 11.692723459741815
6.3325 -98.49024595736783
6.3374999999999995 315.69381195122344
6.342499999999999 -37.44355177967187
6.3475 -155.46994671943506
6.3525 1.0689507813580992
6.3575 -12.996838259163354
6.3625 93.01091432208794
6.3675 17.672227964613125
6.3725 17.798483969487844
6.3774999999999995 151.32617415113745
6.382499999999999 63.64108521710366
6.387499999999999 -51.843530798999076
6.3925 -2.207548836258658
6.3975 -243.49190522696603
6.4025 16.51215104514594
6.4075 206.7014642918376
6.4125 -39.3696913043742
6.4174999999999995 -24.521923602201404
6.422499999999999 -178.33106591219453
6.427499999999999 291.12831010035023
6.4325 73.62248848989066
6.4375 -333.2872142954534
6.4425 126.45394514677017
6.4475 -198.06708011608015
6.4525 93.35065568586597
6.4575 76.65102684850852
6.4624999999999995 -19.37996040650221
6.467499999999999 22.59255769632728
6.4725 -108.78669584565517
6.4775 -3.5395642425758984
6.4825 -52.66741636430467
6.4875 39.89212438720853
6.4925 -101.2535335875008
6.4975 61.931298088095936
6.5024999999999995 -44.41639635056949
6.507499999999999 98.75948873710085
6.512499999999999 -121.99535686084852
6.5175 181.8486077311413
6.5225 -230.82635228487823
6.5275 312.03139628786045
6.5325 -87.12789232386612
6.5375 226.95968919255262
6.5424999999999995 -328.5953924098902
6.547499999999999 135.9516649364343
6.552499999999999 -36.149760350613796
6.5575 -119.2413838415153
6.5625 72.38880432757527
6.5675 -1.2299556501200355
6.5725 79.49159196642998
6.5775 -67.9070429281449
6.5825 -17.567092289477536
6.5874999999999995 -92.87338053167865
6.592499999999999 171.15781043894438
6.5975 77.39649760019535
6.6025 9.466820956244824
6.6075 103.0469532086197
6.6125 -168.95627034243424
6.6175 80.3494244539745
6.6225 -10.73222625632694
6.6274999999999995 -0.9135750968956139
6.632499999999999 -20.09363409154802
6.637499999999999 22.080457206592463
6.6425 12.311526659626743
6.6475 -296.60710214877423
6.6525 255.36541458541703
6.6575 -162.7240268445756
6.6625 151.22025199553065
6.6674999999999995 -248.6316148455964
6.672499999999999 179.77436161082548
6.677499999999999 134.8764387182472
6.6825 -141.28908984231464
6.6875 221.51900563955346
6.6925 24.375231918114853
6.6975 -144.61577580746024
6.7025 -84.73751204227536
6.7075 100.64340507016541
6.7124999999999995 13.70296257680759
6.717499999999999 -110.11704535948698
6.722499999999999 15.52913057465316
6.7275 -146.33090421391262
6.7325 405.47148988288365
6.7375 -256.79212351683594
6.7425 -42.77060809946987
6.7475 85.66912191140815
6.7524999999999995 -55.84460206498015
6.757499999999999 151.60743993691597
6.762499999999999 -89.39263435684651
6.7675 50.154132784743304
6.7725 -64.8783545632133
6.7775 141.81791510208893
6.7825 -35.36669926675883
6.7875 -157.33509456517
6.7924999999999995 190.53950759155157
6.797499999999999 -3.2552486573794153
6.802499999999999 -211.35749907902505
6.8075 67.03214860405066
6.8125 -141.65369381505397
6.8175 8.53079073658685
6.8225 35.891413720286565
6.8275 -65.71212554459372
6.8325 119.95954827941218
6.8374999999999995 214.43140089303253
6.842499999999999 -115.40591556546157
6.847499999999999 -105.49727114455102
6.8525 84.16147049419189
6.8575 -111.82012069283891
6.8625 16.38288297270454
6.8675 -71.51033985321426
6.8725 -9.473261095729816
6.8774999999999995 -131.01375512729942
6.882499999999999 59.64226230233409
6.887499999999999 103.2590560175555
6.8925 24.040376327412073
6.8975 29.26607627588133
6.9025 120.69970180071908
6.9075 21.61462843878609
6.9125 -199.92591641326874
6.9174999999999995 255.56070517357256
6.922499999999999 -22.461907521614012
6.927499999999999 142.43451635074163
6.9325 -90.3385389065864
6.9375 -26.035620569926085
6.9425 -80.44860922074304
6.9475 -156.4698947280618
6.9525 337.2202132554978
6.9575 98.95498841300419
6.9624999999999995 -162.57527170192805
6.967499999999999 -128.7592415511481
6.972499999999999 88.23225288508712
6.9775 -15.773130729430122
6.9825 80.5148617461382
6.9875 -119.86164415865099
6.9925 10.070889670827185
6.9975 -93.79119896507004
7.0024999999999995 155.51596615638223
7.007499999999999 141.51335731621884
7.012499999999999 -41.281689904941025
7.0175 -318.2826188082259
7.0225 -52.77487970320054
7.0275 274.2966808716013
7.0325 -190.36239151835707
7.0375 116.63704922569008
7.0424999999999995 140.36760672342754
7.047499999999999 -93.74802714797852
7.052499999999999 111.34724026309819
7.0575 98.59477798867512
7.0625 -172.00762133886218
7.0675 -46.822975767925385
7.0725 -158.6127443937793
7.0775 118.43438592779643
7.0825 222.9411356446938
7.0874999999999995 -55.441848797401335
7.092499999999999 -109.89747319011494
7.097499999999999 117.87233990299173
7.1025 -235.86163367591246
7.1075 -134.20554789015108
7.1125 -1.0104930577285058
7.1175 -113.98585974301781
7.1225 464.57481621205693
7.1274999999999995 217.95823802097988
7.132499999999999 -34.00843977886074
7.137499999999999 -254.88856588009992
7.1425 299.9515038348993
7.1475 -138.32526470910582
7.1525 67.91128573830271
7.1575 -60.32885712199956
7.1625 -158.8277842342288
7.1674999999999995 -59.763893869146266
7.172499999999999 86.49595585738933
7.177499999999999 8.203537390202833
7.1825 -140.82837348541213
7.1875 144.37279109015964
7.1925 -42.222559242750016
7.1975 -66.8399885423951
7.2025 296.5249946139403
7.2075 -152.64310708053154
7.2124999999999995 100.90852583429852
7.217499999999999 -193.64352797587415
7.222499999999999 -86.43932452642166
7.2275 87.87042449792153
7.2325 -5.6413734967017195
7.2375 -13.828420192815154
7.2425 167.59450032848946
7.2475 147.41587075160695
7.2524999999999995 60.45492321756525
7.257499999999999 -0.4337056229876799
7.262499999999999 19.889259239459054
7.2675 -366.94529016639626
7.2725 174.24387572543586
7.2775 -125.25837525314897
7.2825 164.79852501497385
7.2875 147.7242645213011
7.2924999999999995 -117.72364469707742
7.297499999999999 -1.1529119468425535
7.302499999999999 -102.25641934313187
7.3075 216.09333036627555
7.3125 -244.37341658943825
7.3175 157.74761587546237
7.3225 -130.10988839955306
7.3275 156.83519484029884
7.3325 -108.54832956287495
7.3374999999999995 -59.21786825547897
7.342499999999999 -121.56682553459314
7.347499999999999 154.80173280499648
7.3525 -186.39216362293456
7.3575 197.36043606438935
7.3625 -118.62103483643622
7.3675 48.69594354806268
7.3725 41.3567564855282
7.3774999999999995 17.757855581817083
7.382499999999999 -1.9270029492015581
7.387499999999999 -47.80910464227647
7.3925 -57.12098184013321
7.3975 174.64046162816865
7.4025 -52.53222896377278
7.4075 -43.51801850516469
7.4125 36.72641606928441
7.4174999999999995 10.801011980449095
7.422499999999999 89.93494981435423
7.427499999999999 10.35667643636635
7.4325 -282.96863876698563
7.4375 154.9681891532099
7.4425 77.90594693753376
7.4475 -166.1474223160566
7.4525 136.30904563639777
7.4575 -48.091732064313305
7.4624999999999995 -97.1300110738258
7.467499999999999 -151.23258508041675
7.472499999999999 68.55421727282246
7.4775 218.63344854569357
7.4825 54.386208576281554
7.4875 -87.19083405201586
7.4925 21.3290179964578
7.4975 -56.903689536457044
7.5024999999999995 -162.92487983790406
7.507499999999999 8.271263925007116
7.512499999999999 54.85626204493089
7.5175 21.938892086965996
7.5225 162.0756630419393
7.5275 150.79546431368647
7.5325 94.08179988060407
7.5375 71.7693725979462
7.5424999999999995 37.23556670984022
7.547499999999999 -206.0269932061414
7.552499999999999 -72.01603666418868
7.557499999999999 -127.36228485883599
7.5625 61.036657439462545
7.5675 122.72347066488028
7.5725 -54.82818323152136
7.5775 -83.17161093650145
7.5825 17.76631593791146
7.5874999999999995 179.2744514085396
7.592499999999999 -368.0151057209946
7.597499999999999 233.11299693381343
7.6025 -175.9337644840312
7.6075 46.83393017636226
7.6125 43.506800138249446
7.6175 -21.54726034012093
7.6225 117.6517685139312
7.6274999999999995 7.587852265635902
7.632499999999999 4.604696178989196
7.637499999999999 79.82474664672604
7.6425 -154.04941679808923
7.6475 238.4323000325434
7.6525 -290.71739754198035
7.6575 43.6432887777607
7.6625 64.64517774227737
7.6674999999999995 108.5127378016683
7.672499999999999 -6.558580785949131
7.677499999999999 -112.77096808220065
7.682499999999999 225.28378872008938
7.6875 30.07386474919046
7.6925 95.56816902047537
7.6975 -2.0439933996176096
7.7025 -376.2193428774925
7.7075 28.62006809870853
7.7124999999999995 50.455858609311576
7.717499999999999 194.24605708618128
7.722499999999999 97.70807408857128
7.7275 -235.59875708518342
7.7325 183.29330740333884
7.7375 -298.5654065470253
7.7425 149.84138363034143
7.7475 -169.17308598131086
7.7524999999999995 251.10199987614695
7.757499999999999 -94.3319825159949
7.762499999999999 -102.03131026308101
7.7675 116.82589664791742
7.7725 -83.22348180394445
7.7775 -124.05442089478555
7.7825 168.8071879491707
7.7875 14.098785519795953
7.7924999999999995 -112.31673343725659
7.797499999999999 -216.86653292663496
7.802499999999999 253.96431015273802
7.807499999999999 -62.87974001437023
7.8125 48.882944313617315
7.8175 -138.91336235673293
7.8225 15.535520728481636
7.8275 327.1608559121688
7.8325 -343.44062191312554
7.8374999999999995 -7.26885041787129
7.842499999999999 6.700339120944823
7.847499999999999 216.86756527271777
7.8525 -293.2093034783408
7.8575 231.62160942482544
7.8625 344.7472042752878
7.8675 -155.0941757717462
7.8725 -96.79519599469656
7.8774999999999995 -103.72535306165045
7.882499999999999 12.299079885744986
7.887499999999999 215.18223117951146
7.8925 -155.97043910082996
7.8975 -193.8148193302234
7.9025 236.53266757746468
7.9075 15.461488401952286
7.9125 25.854924017082684
7.9174999999999995 -5.216184021630366
7.922499999999999 -197.53009004719044
7.927499999999999 162.6439069591908
7.932499999999999 337.8726525586183
7.9375 -189.23885212358775
7.9425 -241.05266216506826
7.9475 96.77441847543886
7.9525 27.261733229348184
7.9575 -82.02106856307789
7.9624999999999995 41.646886328603316
7.967499999999999 -151.54106648537842
7.972499999999999 232.0301879375874
7.9775 -142.68851783107726
7.9825 5.49604106390468
7.9875 2.6819097230483107
7.9925 -145.92628094986296
7.9975 -97.23711373964629
8.0025 56.98727805467791
8.0075 335.45370706156655
8.0125 -3.102616377859877
8.0175 -203.63229372959887
8.022499999999999 230.81908064657983
8.0275 252.93511690002802
8.032499999999999 -4.13604526937323
8.0375 -40.43368579159674
8.0425 -84.4674623206836
8.0475 146.91032605229805
8.0525 -273.1519390054777
8.0575 226.62179661547114
8.0625 -109.681737004567
8.067499999999999 60.36910644766306
8.0725 -90.00709627203412
8.077499999999999 25.689074668101934
8.0825 -140.99274487744918
8.0875 -19.599637838836795
8.0925 -42.41586474735384
8.0975 0.5268098048784698
8.1025 182.44575146675294
8.1075 56.64372306821436
8.112499999999999 -81.0708538319235
8.1175 153.36200760204161
8.1225 -456.97223069472307
8.1275 15.592513916785075
8.1325 239.5334061146789
8.1375 -123.15256530431908
8.1425 -98.86749341457102
8.147499999999999 22.84026607821471
8.1525 200.00977178482665
8.157499999999999 -112.59102787698122
8.1625 101.36592067804409
8.1675 83.69584510665626
8.1725 44.792349246705996
8.1775 82.97072590235072
8.1825 72.3397681847083
8.1875 -46.16490964902616
8.192499999999999 -324.80527176619177
8.1975 -203.0898811627407
8.202499999999999 128.8555782375153
8.2075 147.00608403009699
8.2125 -76.25184336933914
8.2175 125.78268205793992
8.2225 -40.82854977974924
8.2275 -201.49933079580103
8.2325 142.31198514080054
8.237499999999999 -88.89391283946054
8.2425 50.31040255289019
8.2475 5.389672902683519
8.2525 105.81681117286227
8.2575 -77.62439035004176
8.2625 213.41653975671585
8.2675 -17.365179317324298
8.272499999999999 92.63960917914007
8.2775 -213.58681692364132
8.282499999999999 81.22824940403416
8.2875 -128.77434297623716
8.2925 -106.76721775419684
8.2975 144.04752766305714
8.3025 93.38231201827351
8.3075 -245.6807761718135
8.3125 209.93838073024983
8.317499999999999 98.57812334031652
8.3225 -278.8208912945431
8.327499999999999 386.0357499951042
8.3325 -204.06801233204922
8.3375 34.797474091101165
8.3425 -37.243602837552615
8.3475 107.07707816456896
8.3525 -201.505674220689
8.3575 -194.18026352747233
8.362499999999999 138.2590034991346
8.3675 17.644137900730062
8.3725 130.23205722582045
8.3775 -237.69132331869375
8.3825 14.433725406809902
8.3875 150.29797811145252
8.3925 -117.74437293794519
8.397499999999999 210.43669617791284
8.4025 20.730266742528197
8.407499999999999 204.39988524786983
8.4125 -59.80966632201372
8.4175 145.4242621884336
8.4225 -314.89432566945686
8.4275 248.7226194654329
8.4325 -209.0449823378501
8.4375 230.89292796532226
8.442499999999999 -171.5397716471798
8.4475 -36.4379891926236
8.452499999999999 -30.338449306544245
8.4575 -74.49072845495714
8.4625 -111.70723015182917
8.4675 1.3163161929094997
8.4725 139.64644294876297
8.4775 -223.575331548375
8.4825 132.6323182522368
8.487499999999999 -66.65948620825264
8.4925 50.27215962746507
8.4975 88.3124383653381
8.5025 -199.44673887637902
8.5075 209.418060540623
8.5125 -148.47861627178708
8.5175 23.17773344003053
8.522499999999999 12.129946109872176
8.5275 -143.09332633729875
8.532499999999999 47.08310719376898
8.5375 112.44327728319385
8.5425 -55.15780256564714
8.5475 314.21958342103176
8.5525 -264.88859950117853
8.5575 18.71565142975623
8.5625 111.82794131805981
8.567499999999999 -7.690133840379925
8.5725 -110.90078933392674
8.577499999999999 115.33452545540564
8.5825 2.9599533995248035
8.5875 124.5048027130914
8.5925 72.95233242133885
8.5975 75.92270583180786
8.6025 -127.31157351388121
8.6075 135.25666331556013
8.612499999999999 82.70266633031333
8.6175 -103.11394438352549
8.6225 -13.935647995481576
8.6275 -317.055765854487
8.6325 -32.42296770132296
8.6375 250.1315542934809
8.6425 197.10839808774975
8.647499999999999 -243.01479777720579
8.6525 -99.73094403331821
8.657499999999999 -31.71053541258561
8.6625 201.17948943901746
8.6675 -193.6016612795043
8.6725 231.1294275247957
8.6775 18.132804258054623
8.6825 -208.73671054697417
8.6875 117.71155418819076
8.692499999999999 -87.30146931718053
8.6975 84.64371837412743
8.702499999999999 -462.4516894159441
8.7075 138.90782311042946
8.7125 181.04494119119178
8.7175 -76.74029103324843
8.7225 -13.431435062752719
8.7275 177.28622114545283
8.7325 82.8992094711885
8.737499999999999 -149.81275926765406
8.7425 -14.105482643781572
8.747499999999999 331.13299230897235
8.7525 -237.00392728109472
8.7575 13.572293359866029
8.7625 148.23760718040324
8.7675 -331.1008880629754
8.772499999999999 -95.63821302124231
8.7775 336.3189521637379
8.782499999999999 -208.3332597500365
8.7875 -45.14770341400478
8.7925 67.73344509513757
8.7975 111.32238474325105
8.8025 23.17900401982472
8.8075 -108.58926523321603
8.8125 5.487332802639189
8.817499999999999 79.71037656975878
8.8225 88.70486685624425
8.827499999999999 -42.46537209426419
8.8325 93.39058466909897
8.8375 -119.5647923879147
8.8425 -33.033682172597324
8.8475 -153.71314220029237
8.8525 97.88804359806687
8.8575 91.09947995373993
8.862499999999999 2.164414520745566
8.8675 250.8022591022343
8.872499999999999 -80.85881411774865
8.8775 -53.29994463200602
8.8825 -25.081058024194277
8.8875 -193.5138776505017
8.8925 114.71042681882126
8.897499999999999 120.1507865917452
8.9025 96.06249114216551
8.907499999999999 -211.80440413915284
8.9125 171.00978394538652
8.9175 -80.68288644983699
8.9225 67.509849894595
8.9275 68.4584021873567
8.9325 -152.00166402971436
8.9375 68.28059601932681
8.942499999999999 -76.75911656245258
8.9475 -4.937335969192618
8.952499999999999 90.15717600990726
8.9575 -145.85351762411395
8.9625 -14.296544106565777
8.9675 -79.59617597360912
8.9725 65.06953987989472
8.9775 92.9979718283283
8.9825 -309.69952215299
8.987499999999999 241.82582641789426
8.9925 98.87279547983896
8.997499999999999 -152.7330991577504
9.0025 -37.84633550905913
9.0075 46.854674972203156
9.0125 -68.36265747491872
9.0175 20.214792677926237
9.022499999999999 23.436376234139022
9.0275 61.53354835348306
9.032499999999999 63.17434530897392
9.0375 18.27108876262709
9.0425 377.6657179656026
9.0475 -212.37699185765493
9.0525 -77.02563731972161
9.0575 209.65772753604463
9.0625 -2.3827175906488587
9.067499999999999 -310.61320903090626
9.0725 -76.28875051485738
9.077499999999999 308.68287140187516
9.0825 -180.36316150840483
9.0875 -162.88801045713322
9.0925 331.38767223891637
9.0975 56.04448021464608
9.1025 -182.44054098428708
9.1075 276.9479998334076
9.112499999999999 -195.77512197047474
9.1175 16.668559207275695
9.122499999999999 -88.5206921306896
9.1275 -56.27196847378339
9.1325 154.77337279554095
9.1375 -104.63265291086975
9.1425 80.24198789252146
9.147499999999999 -92.4695964970309
9.1525 -72.99843696055217
9.157499999999999 57.77051588939334
9.1625 -194.05301912573304
9.1675 339.6438364823289
9.1725 -19.072521573691066
9.1775 -127.73360285594332
9.1825 -102.38958560596298
9.1875 7.269382545531576
9.192499999999999 149.57473977578599
9.1975 29.820456714885445
9.202499999999999 -110.59220427328644
9.2075 -63.389724374227605
9.2125 82.00743838412373
9.2175 -73.40785998254357
9.2225 179.32380427526374
9.2275 61.13910596202283
9.2325 22.450996272888464
9.237499999999999 -276.8301421096461
9.2425 245.526004065387
9.247499999999999 9.214072620759014
9.2525 29.05999839158582
9.2575 -29.909953902853452
9.2625 -50.72546291741916
9.2675 3.509455080551581
9.272499999999999 286.3048087579564
9.2775 158.57737997766785
9.282499999999999 -192.37571367637153
9.2875 -191.97801887828146
9.2925 13.220467367383069
9.2975 -314.8965377362464
9.3025 401.71161222263146
9.3075 -237.99720520634764
9.3125 99.53776859997853
9.317499999999999 -136.2760254143476
9.3225 223.45647722016668
9.327499999999999 164.8657957082235
9.3325 -139.4387482529952
9.3375 89.39779327464205
9.3425 36.61529658966034
9.3475 -183.46380133925655
9.3525 277.94042088048946
9.3575 -438.5020200642618
9.362499999999999 436.5176604246149
9.3675 71.98965858025717
9.372499999999999 -304.68611778472814
9.3775 42.4694964619368
9.3825 -96.44007093243548
9.3875 199.90277488003662
9.3925 252.2409630122032
9.397499999999999 -351.0554718282439
9.4025 81.14840400388657
9.407499999999999 146.35722606192454
9.4125 -119.14951280363252
9.4175 -241.14574522764903
9.4225 387.61825081271394
9.4275 -360.54560692367016
9.4325 -212.41932386966238
9.4375 146.70174421392747
9.442499999999999 -51.506512732409774
9.4475 34.90644364470905
9.452499999999999 9.702974053767328
9.4575 324.070580481368
9.4625 -227.3256672609562
9.4675 -91.02236893882996
9.4725 137.02780154655798
9.4775 -27.017310770612337
9.4825 162.73795298993429
9.487499999999999 -95.99186780780404
9.4925 -184.07903514548548
9.497499999999999 249.28248154963188
9.5025 -219.56358803221462
9.5075 -184.49568385811764
9.5125 254.95822162439362
9.5175 -156.08297435961623
9.522499999999999 152.47953502723715
9.5275 -175.50703675342555
9.532499999999999 34.242599651041495
9.5375 317.2590436908305
9.5425 -341.9708312054115
9.5475 14.208348091784892
9.5525 10.597731582320172
9.5575 -64.95700929646972
9.5625 35.91407655738368
9.567499999999999 -2.0659805750526
9.5725 -90.60711935581054
9.577499999999999 -39.26326945668286
9.5825 4.7913166653800765
9.5875 60.45728663940954
9.5925 217.17046828499147
9.5975 173.35793800889633
9.6025 -368.056631514858
9.6075 -162.10723318650867
9.612499999999999 381.4554594321574
9.6175 149.83858194991933
9.622499999999999 -274.98857104572596
9.6275 80.65900557627565
9.6325 237.50555444709454
9.6375 33.73814687269128
9.6425 93.61529392968994
9.647499999999999 -214.64875951528953
9.6525 192.50042492872794
9.657499999999999 -52.854955968328355
9.6625 -36.79636302649312
9.6675 183.18887860006058
9.6725 -6.838916137829066
9.6775 72.37441350805331
9.6825 -10.785778625465014
9.6875 187.19749202559464
9.692499999999999 -118.13818589501794
9.6975 -53.267520171051046
9.702499999999999 -136.8477193986866
9.7075 -190.51867276725034
9.7125 238.86434866144646
9.7175 77.3439507996972
9.7225 -233.88396280463644
9.7275 288.8339322147407
9.7325 -355.28120801084435
9.737499999999999 212.04544504108605
9.7425 -86.03323494243122
9.747499999999999 -29.507607354696
9.7525 -120.46314835739875
9.7575 37.1695415624364
9.7625 278.3031610823489
9.7675 -244.7856586116596
9.772499999999999 -54.51404121001621
9.7775 -177.22480224455643
9.782499999999999 394.282224982014
9.7875 -86.57384860956098
9.7925 84.72309229061459
9.7975 -221.10958289717905
9.8025 -49.51845908859899
9.8075 -221.13116735829553
9.8125 99.55250356227486
9.817499999999999 83.08411988560285
9.8225 177.62936506198298
9.827499999999999 56.183547383739665
9.8325 -380.2929638089139
9.8375 329.055020637112
9.8425 -12.461993996050655
9.8475 -156.5339671616974
9.8525 -110.50045725378146
9.8575 354.06137578023765
9.862499999999999 -161.25096254101746
9.8675 87.31838863128412
9.872499999999999 -17.57532026737012
9.8775 106.43998134931536
9.8825 -200.70220619238427
9.8875 69.73894397979335
9.8925 29.916865509550814
9.897499999999999 165.6838717526919
9.9025 15.636120489017445
9.907499999999999 -3.4363904263302754
9.9125 85.3333648189456
9.9175 -74.23763885510758
9.9225 -74.89680080960396
9.9275 -188.60207005842398
9.9325 -61.46026632169133
9.9375 89.51783752135482
9.942499999999999 236.9258903123267
9.9475 -22.382406280688826
9.952499999999999 98.91718984838738
9.9575 -66.69099424494473
9.9625 96.07892525492603
9.9675 -12.948688954610038
9.9725 -70.79505606287896
9.9775 22.201911052108596
9.9825 189.49067140681208
9.987499999999999 -42.467213750726444
9.9925 -21.240098464382136
9.997499999999999 15.798368107454841
10.0025 -50.32860489796994
