0.0075 -167.2735686626572
0.012499999999999999 127.08029377937213
0.017499999999999998 82.33747556478394
0.0225 93.18266282561271
0.0275 -45.06053606094107
0.0325 -328.1689657116918
0.0375 320.5531043724238
0.042499999999999996 -48.67455949011803
0.0475 42.93824936597726
0.0525 -132.91537779772474
0.057499999999999996 -174.50677152749986
0.0625 347.581713052773
0.06749999999999999 -157.5074960320331
0.0725 75.05518931824392
0.0775 59.3917861019556
0.08249999999999999 -155.49484684642286
0.0875 -176.18904496556814
0.0925 -251.58348303639562
0.09749999999999999 369.00491159221485
0.1025 -195.31918225376458
0.1075 255.83615466191293
0.11249999999999999 -131.9667015523775
0.1175 60.31539997664414
0.1225 -51.15828797702835
0.1275 28.25716038979876
0.1325 21.457844734534074
0.13749999999999998 -61.887233503164865
0.1425 287.23260007820943
0.1475 23.575180694806843
0.1525 -49.525193714163045
0.1575 88.83251999229232
0.1625 -167.71767682874855
0.16749999999999998 -10.744987253960614
0.1725 12.365383613953155
0.1775 -92.8262209809549
0.1825 33.24146991504456
0.1875 91.54529548815788
0.1925 43.46224273652321
0.19749999999999998 -313.8020660122969
0.20249999999999999 171.9542572506751
0.2075 -109.0399823616876
0.2125 186.22710957058553
0.2175 -163.1426732153019
0.2225 -231.9170834402039
0.22749999999999998 65.65560106022843
0.23249999999999998 136.43745840968194
0.2375 222.05043920812398
0.2425 -56.7952512881064
0.2475 -138.26516533743228
0.2525 -69.07588515075213
0.2575 -110.54562955803354
0.2625 86.8279103638151
0.2675 87.95004100685621
0.27249999999999996 -258.3561609915385
0.27749999999999997 573.8566211204192
0.2825 -508.7578802088284
0.2875 -154.70063555641624
0.2925 225.8162934028218
0.2975 22.246183705007716
0.3025 -69.03018967480882
0.3075 245.82565674348655
0.3125 -86.85480175060141
0.3175 104.9894531916667
0.3225 99.3143890664081
0.32749999999999996 -27.356634065807107
0.33249999999999996 6.292897498139514
0.33749999999999997 241.4813875784401
0.34249999999999997 -335.1369371498488
0.3475 -58.89646393817393
0.3525 -219.48370933296812
0.3575 256.1955184716608
0.3625 90.36182883422234
0.3675 70.6875315371972
0.3725 93.6915297700173
0.3775 67.83613073294114
0.3825 -341.1233267471436
0.38749999999999996 78.70015431290192
0.39249999999999996 98.60802486202235
0.39749999999999996 167.14069747803532
0.40249999999999997 -211.36905824975827
0.4075 233.38905986902628
0.4125 -158.03811783946313
0.4175 -209.46907834584502
0.4225 -174.8921959078152
0.4275 94.51896854408713
0.4325 -62.84618044396114
0.4375 -43.719983058436334
0.4425 467.8815382859403
0.44749999999999995 -57.46636611411735
0.45249999999999996 -125.197662171434
0.45749999999999996 -98.25689403037748
0.46249999999999997 132.864527762722
0.46749999999999997 -29.660119176842883
0.4725 133.2177189442444
0.4775 -332.83472919783156
0.4825 270.6049754885989
0.4875 67.83915770245083
0.4925 155.61867626890015
0.4975 -138.36722094871817
0.5025 -136.50657447665552
0.5075 191.435889333204
0.5125 -207.35129894585535
0.5175 12.09585108518253
0.5225 93.84416797083868
0.5275 -190.4234263899319
0.5325 311.3962204087217
0.5375 -233.9890825744973
0.5425 165.6418244072713
0.5475 -130.2096689150807
0.5525 -29.737815276000603
0.5575 87.84347961381775
0.5625 112.28076863403288
0.5675 1.8941381448771208
0.5725 32.43277298244596
0.5775 217.88279405608762
0.5825 45.84258055595543
0.5875 -48.95124376727245
0.5925 98.72105685635424
0.5974999999999999 -428.9765921675805
0.6024999999999999 238.52150572797936
0.6074999999999999 60.47014500956265
0.6124999999999999 140.8370027959862
0.6174999999999999 -198.6901049245726
0.6224999999999999 31.402116444462415
0.6275 -19.032101846118543
0.6325 -225.5182393775355
0.6375 140.80999271176975
0.6425 -171.719041034691
0.6475 -64.38274695978599
0.6525 -8.225211723523001
0.6575 73.6627051826017
0.6625 12.116790255980936
0.6675 24.349208799781668
0.6725 33.54217520323764
0.6775 26.715396023618684
0.6825 49.959374093975235
0.6875 -119.78648152138923
0.6925 -109.44605340048957
0.6975 -163.50828649861495
0.7025 147.99998349466827
0.7075 34.01414006812667
0.7125 -77.99405564600835
0.7174999999999999 86.83125733857007
0.7224999999999999 -45.70340127688001
0.7274999999999999 250.12262707563113
0.7324999999999999 -8.338635708037879
0.7374999999999999 169.75032264548597
0.7424999999999999 -130.91430831002754
0.7474999999999999 66.0210088085748
0.7525 -426.2798691236746
0.7575 156.735747759858
0.7625 -150.68431147739525
0.7675 189.27342910524044
0.7725 -90.58528587105486
0.7775 124.53462360640358
0.7825 113.46937971502246
0.7875 204.31612037354193
0.7925 -420.0658157664347
0.7975 417.26186659756456
0.8025 -75.62403181332095
0.8075 -91.71063376299607
0.8125 29.472480489701436
0.8175 -159.98867572745488
0.8225 6.586953032761837
0.8275 -110.21941516162866
0.8325 -56.96331651982681
0.8374999999999999 137.05169321004715
0.8424999999999999 -182.35503422743326
0.8474999999999999 166.84018910602515
0.8524999999999999 -49.150694530528746
0.8574999999999999 156.7563865232755
0.8624999999999999 3.2848843126318417
0.8674999999999999 61.57601093019651
0.8724999999999999 -101.87704771757554
0.8775 71.04664217839456
0.8825 27.87110045641736
0.8875 21.30746340501964
0.8925 -96.18264646263229
0.8975 70.77047798891996
0.9025 -64.00724319439539
0.9075 138.54713233693522
0.9125 19.274713636538532
0.9175 -11.286442938438574
0.9225 18.566026176472764
0.9275 253.2326553444031
0.9325 29.039447691085407
0.9375 -72.13694139119781
0.9425 26.624490618484415
0.9475 -134.6689094981942
0.9524999999999999 -82.38747819569858
0.9574999999999999 -209.33470032148486
0.9624999999999999 -216.81241347770762
0.9674999999999999 534.966760308049
0.9724999999999999 -207.3447518281835
0.9774999999999999 -49.74483769576815
0.9824999999999999 44.396363369228176
0.9874999999999999 67.92941650142222
0.9924999999999999 -75.57780473605531
0.9974999999999999 -197.43934991217026
1.0025 22.220002339882388
1.0075 96.91919456903022
1.0125 -159.1131712461003
1.0174999999999998 128.05942025373068
1.0225 -55.5542393173653
1.0274999999999999 100.66772997557383
1.0325 58.890535004415995
1.0374999999999999 -331.2452030845288
1.0425 86.4835932317862
1.0474999999999999 248.2169450238211
1.0525 -223.2609388419765
1.0574999999999999 162.58948697129802
1.0625 5.490717484573333
1.0675 -83.8723214818734
1.0725 169.29267812017872
1.0775 -172.16139202156
1.0825 50.782630060412735
1.0875 219.27864096484709
1.0925 158.31652482070473
1.0975 -259.2633223316385
1.1025 -17.48938928213431
1.1075 -59.90132991695476
1.1125 104.94773354095966
1.1175 183.01047523584222
1.1225 109.65485718899141
1.1275 -142.00293555402948
1.1324999999999998 20.514306863354513
1.1375 -249.0989074085662
1.1424999999999998 -6.126981304240016
1.1475 -14.022129990751367
1.1524999999999999 -52.605464085695345
1.1575 316.36967066111384
1.1624999999999999 0.688988999383287
1.1675 -242.81649311482016
1.1724999999999999 -123.2479989263607
1.1775 94.76456256529166
1.1824999999999999 -96.40373813674937
1.1875 -69.39047168109813
1.1925 -208.8731219463923
1.1975 199.87331788361965
1.2025 156.49304004434794
1.2075 -142.31436168819727
1.2125 -54.07264616798797
1.2175 180.71198744040544
1.2225 200.55912569647597
1.2275 78.78490945917324
1.2325 -103.88668756599718
1.2375 16.859782782146315
1.2425 -81.31784528036647
1.2475 -4.640433998975022
1.2525 -36.58675282247048
1.2574999999999998 8.989144666752765
1.2625 79.99594227336192
1.2674999999999998 -104.39278965718765
1.2725 -65.78590654475532
1.2774999999999999 48.29205365369614
1.2825 -301.1091004526027
1.2874999999999999 235.29858997753698
1.2925 235.41923189743196
1.2974999999999999 77.58491474115435
1.3025 59.86269802778983
1.3074999999999999 -77.78928334298024
1.3125 -77.08656218666637
1.3175 109.52175658681871
1.3225 -509.73501699417824
1.3275 198.33298120910973
1.3325 -222.2333661180005
1.3375 76.2159637012777
1.3425 324.43214816677124
1.3475 -152.58109789163214
1.3525 -38.61537057493076
1.3575 91.2433214623534
1.3625 -122.64364519978226
1.3675 -8.283573390478013
1.3724999999999998 327.15580227840985
1.3775 -16.473573368789133
1.3824999999999998 -219.28780240308146
1.3875 -8.382680456607723
1.3924999999999998 -26.934448664544927
1.3975 -181.62565800184547
1.4024999999999999 543.6270271850453
1.4075 -269.05682322197464
1.4124999999999999 191.6919748486246
1.4175 -74.29369253018292
1.4224999999999999 136.73041626652432
1.4275 -124.77405802624669
1.4324999999999999 -124.47934246384396
1.4375 -201.71566463808313
1.4425 324.27636687313145
1.4475 -256.01602933805844
1.4525 292.04066218524326
1.4575 -54.21555507772687
1.4625 -79.63190484584995
1.4675 102.76792205637007
1.4725 -51.420254529454084
1.4775 -94.61223957510582
1.4825 303.3635730730829
1.4874999999999998 -79.61452026545285
1.4925 201.49197127551423
1.4974999999999998 -222.04892309167943
1.5025 81.41035970059222
1.5074999999999998 -432.17014678090385
1.5125 370.92764146682686
1.5174999999999998 66.93375327840427
1.5225 -306.89305179247725
1.5274999999999999 115.87175411986406
1.5325 -133.9881117317359
1.5374999999999999 -51.109588986509934
1.5425 177.4595844949066
1.5474999999999999 -208.1241320005308
1.5525 83.69068988967442
1.5574999999999999 -60.072352115238445
1.5625 170.36346897898528
1.5675 -120.10135872186422
1.5725 63.104920018458884
1.5775 -51.21350688012623
1.5825 183.91859635318116
1.5875 92.83735539696825
1.5925 192.97828741026734
1.5975 -220.770776400052
1.6025 47.059486512080106
1.6075 83.71621622722978
1.6124999999999998 -106.258491605192
1.6175 36.02703768524597
1.6224999999999998 -67.05068609481556
1.6275 -109.89234955340967
1.6324999999999998 52.13796342186137
1.6375 -69.78529461489109
1.6424999999999998 17.886941278161267
1.6475 -135.34370526860894
1.6524999999999999 59.249972238306924
1.6575 -145.2188851231091
1.6624999999999999 148.19361664464154
1.6675 279.5225642488437
1.6724999999999999 -195.49253297110772
1.6775 -68.02044691181794
1.6824999999999999 320.65602291476705
1.6875 -150.68255087697625
1.6925 -40.0503746581222
1.6975 35.67748507792294
1.7025 -196.75611431284094
1.7075 329.3023968385913
1.7125 -97.42265575959215
1.7175 -71.81677143505726
1.7225 -38.629117995661694
1.7274999999999998 -179.1717136632797
1.7325 -41.63292205663989
1.7374999999999998 306.23080260277675
1.7425 -93.40830100688069
1.7474999999999998 -23.309817683635487
1.7525 -20.64523836107225
1.7574999999999998 -103.4687160920982
1.7625 304.17893439802623
1.7674999999999998 -154.5289572449906
1.7725 50.25798824152112
1.7774999999999999 249.6584009575167
1.7825 17.17234778003808
1.7874999999999999 -434.9311132524846
1.7925 -16.98987088910278
1.7974999999999999 160.82513961823182
1.8025 -123.98175257303525
1.8074999999999999 517.8606787381926
1.8125 -82.21958086578196
1.8175 9.945867303402284
1.8225 -110.75325499924166
1.8275 -88.7612764673535
1.8325 -114.36043524565383
1.8375 185.4825187572509
1.8425 -76.18417052100503
1.8475 -9.21414097889935
1.8524999999999998 154.56501402576984
1.8575 -48.16382194066433
1.8624999999999998 -194.50227971263598
1.8675 152.27235305453007
1.8724999999999998 156.30994352206935
1.8775 -43.56749519288987
1.8824999999999998 -103.0391962373938
1.8875 86.96045771079358
1.8924999999999998 -127.32871495904477
1.8975 110.66499628445331
1.9024999999999999 -20.452597950251548
1.9075 102.1246274802542
1.9124999999999999 -380.7151269723979
1.9175 106.54928121287855
1.9224999999999999 141.4913120462334
1.9275 -112.48620609663634
1.9324999999999999 167.8386378410215
1.9375 -16.237301845229474
1.9425 -20.035923570420636
1.9475 23.07592606287695
1.9525 -1.8186502965588887
1.9575 -10.359257597638393
1.9625 -44.71581030151576
1.9674999999999998 141.10479696211587
1.9725 -44.166831783956184
1.9774999999999998 -292.61513730226443
1.9825 352.3168870672933
1.9874999999999998 -69.1216700136814
1.9925 65.64644850394689
1.9974999999999998 -315.1555778497096
2.0025 389.03814794426796
2.0075 -174.86181933321973
2.0124999999999997 179.26690916674633
2.0175 -147.9334374536296
2.0225 -85.49769999235295
2.0275 300.5032155431561
2.0324999999999998 -48.26128354280001
2.0375 -65.19411828126476
2.0425 -230.61726840235045
2.0475 -147.68706961696063
2.0524999999999998 -88.59110288209035
2.0575 316.159925492529
2.0625 -47.647299213503366
2.0675 -228.21845914756514
2.0725 307.1135521259155
2.0775 -54.56411484720896
2.0825 -196.00900691743263
2.0875 48.768456209478366
2.0925 26.728728418657603
2.0974999999999997 -60.78782764884157
2.1025 146.1011155906838
2.1075 -11.198430956897024
2.1125 114.57989895651349
2.1174999999999997 -84.8757682561834
2.1225 83.89598760955404
2.1275 144.93728748125756
2.1325 -56.869043505845426
2.1374999999999997 -7.7917028522376075
2.1425 29.55345203922209
2.1475 -52.151245251449645
2.1525 66.87495807757692
2.1574999999999998 -362.31845019353796
2.1625 -60.24424689959119
2.1675 227.04243821820256
2.1725 -134.82220572013262
2.1774999999999998 17.904794940801896
2.1825 182.9472445234897
2.1875 106.85268872829457
2.1925 198.32418315788078
2.1975 -220.85580555456679
2.2024999999999997 202.70960752553472
2.2075 -128.92776864441342
2.2125 118.0383469230825
2.2175 -169.05584456638442
2.2224999999999997 -65.33080633706412
2.2275 -85.02413489563685
2.2325 -99.99707411624912
2.2375 47.78595393102642
2.2424999999999997 -73.19780285181515
2.2475 -3.8199396619317376
2.2525 93.422296135406
2.2575 1.5852956062943655
2.2624999999999997 111.66640264393538
2.2675 -242.87325457873223
2.2725 275.3720050749982
2.2775 -71.88439516948208
2.2824999999999998 143.63471683400007
2.2875 -283.82618456483186
2.2925 56.37046113905311
2.2975 74.29967317664376
2.3024999999999998 -105.17199508533793
2.3075 92.68005805267619
2.3125 -139.16016281029485
2.3175 -67.50903094153995
2.3225 166.15349575836396
2.3274999999999997 -71.69798584329466
2.3325 -56.97154976109882
2.3375 152.72331506172958
2.3425 -137.69757750042663
2.3474999999999997 80.15714221612396
2.3525 -7.029305598644658
2.3575 11.433094637289525
2.3625 -73.38803941145834
2.3674999999999997 -28.26645025449117
2.3725 88.27236536288547
2.3775 76.48180094293562
2.3825 -133.21944322734538
2.3874999999999997 13.00991995286084
2.3925 89.65380692848537
2.3975 -70.48010201706431
2.4025 75.63629614531327
2.4074999999999998 -182.39321188695345
2.4125 85.81732860991919
2.4175 -102.81192206621476
2.4225 47.49588027452672
2.4274999999999998 -107.54417522588908
2.4325 -80.1041363995954
2.4375 296.5349278938717
2.4425 -239.53778920829055
2.4475 63.447243174703274
2.4524999999999997 126.0986078387336
2.4575 42.46590093231234
2.4625 -84.3991818151944
2.4675 191.31574190780637
2.4724999999999997 -28.721867580792967
2.4775 -81.12905891334051
2.4825 126.79484992300279
2.4875 35.895439777900265
2.4924999999999997 60.566362908035345
2.4975 90.47689341410528
2.5025 -366.95609351584346
2.5075 116.20993466959253
2.5124999999999997 -49.25324832067762
2.5175 31.78458201603166
2.5225 -212.32889555697724
2.5275 194.25185575129834
2.5324999999999998 -72.951352610362
2.5375 184.81204580036135
2.5425 122.2173080448264
2.5475 -97.13261315703106
2.5524999999999998 -123.54315608629754
2.5574999999999997 37.339252323943086
2.5625 -135.293029912011
2.5675 98.26709314386628
2.5725 -75.18443975836423
2.5774999999999997 277.19625896678605
2.5825 -252.24433585153363
2.5875 151.44310078307794
2.5925 -117.16789235822509
2.5974999999999997 -124.57179082865788
2.6025 19.876232375371963
2.6075 224.15346693458767
2.6125 -16.7874263156272
2.6174999999999997 -6.143620162460342
2.6225 -156.67878404647936
2.6275 365.59160108468126
2.6325 76.15254497936718
2.6374999999999997 -76.6679308823637
2.6425 60.26686661809714
2.6475 -165.2876690239816
2.6525 -157.4798080245462
2.6574999999999998 7.944600702145467
2.6625 -72.40635095426651
2.6675 112.20347061084063
2.6725 -72.6244997742564
2.6774999999999998 82.0101999477257
2.6824999999999997 -239.440441149174
2.6875 159.1464973856317
2.6925 26.277205475019446
2.6975 70.35382275463172
2.7024999999999997 -127.47367296818767
2.7075 246.61647950271282
2.7125 -376.683254508686
2.7175 -155.387894976423
2.7224999999999997 505.1766464492345
2.7275 -173.1041456492046
2.7325 212.4102376648578
2.7375 4.041851436356125
2.7424999999999997 1.447669879449695
2.7475 -141.45327347151462
2.7525 -8.903762915160389
2.7575 -9.99349904505308
2.7624999999999997 143.6994014315594
2.7675 -68.37002346751738
2.7725 148.7476654907416
2.7775 131.98069608877265
2.7824999999999998 -539.1173271096827
2.7875 247.51982515589566
2.7925 -8.993593538215233
2.7975 -313.5911560825165
2.8024999999999998 81.157617483785
2.8074999999999997 349.51523364472166
2.8125 -280.4884556924588
2.8175 157.87998881542904
2.8225 -176.41637637599842
2.8274999999999997 73.03445005528214
2.8325 146.17286711808987
2.8375 4.942050641316257
2.8425 148.14861869805708
2.8474999999999997 -53.05900087231936
2.8525 -183.27367736658894
2.8575 -76.32218159301615
2.8625 75.3479055859705
2.8674999999999997 160.85446493147467
2.8725 65.24624856752139
2.8775 -44.96467505248979
2.8825 -235.31919479215716
2.8874999999999997 -83.44521455767601
2.8925 15.824131560253502
2.8975 -80.65940217191563
2.9025 485.0775279821136
2.9074999999999998 -130.30707643599277
2.9125 93.38443894990081
2.9175 -56.307363647768376
2.9225 -128.826796499783
2.9274999999999998 -83.65882644328637
2.9324999999999997 57.118324096690465
2.9375 29.460517354596977
2.9425 69.23714364861031
2.9475 -59.010966652302805
2.9524999999999997 -189.0388684431642
2.9575 1.271722473865197
2.9625 273.96973316308157
2.9675 37.73295571225937
2.9724999999999997 137.92417728055625
2.9775 101.67683137522121
2.9825 -3.815524936643315
2.9875 58.09425412072173
2.9924999999999997 -147.8899725485442
2.9975 -116.98591996220809
3.0025 -225.8577886690845
3.0075 166.63779163979544
3.0124999999999997 -10.50360972601676
3.0175 0.4996170813958308
3.0225 -8.356939110002665
3.0275 -285.7973438791433
3.0324999999999998 183.5574819434351
3.0374999999999996 -28.8515548814059
3.0425 440.38692025452616
3.0475 -229.90239890576842
3.0524999999999998 -115.77938628475542
3.0574999999999997 -18.284781181042995
3.0625 281.9004159110026
3.0675 58.974004570261776
3.0725 -240.77593683355425
3.0774999999999997 -15.756993471269391
3.0825 -176.93599587823877
3.0875 44.894864614185025
3.0925 66.61534882420486
3.0974999999999997 -132.52399948259918
3.1025 125.88909943175874
3.1075 -4.518099902593549
3.1125 81.77514268580035
3.1174999999999997 83.51446115645943
3.1225 -73.78466031566427
3.1275 -27.043901429280528
3.1325 140.41531031020753
3.1374999999999997 138.79497500541638
3.1425 -286.2378955797544
3.1475 -81.42819966199828
3.1525 -146.21243220442759
3.1574999999999998 295.45275237825615
3.1624999999999996 118.93169975435406
3.1675 68.4833558692302
3.1725 -65.65541657877945
3.1774999999999998 -123.0107153865213
3.1824999999999997 -1.1724227680483825
3.1875 48.706930063114065
3.1925 -163.0418952893724
3.1975 148.12957421226866
3.2024999999999997 76.17768959032946
3.2075 -219.47195883839254
3.2125 148.76905454889672
3.2175 -143.31483682427384
3.2224999999999997 79.0504770842199
3.2275 -32.462607790817536
3.2325 324.4933415318592
3.2375 -81.86629402233845
3.2424999999999997 25.417227107681658
3.2475 29.226067026112034
3.2525 -15.897332141248564
3.2575 -247.07826387331775
3.2624999999999997 101.76491023457763
3.2675 65.7570869764834
3.2725 -5.177727271415939
3.2775 -225.3742821341988
3.2824999999999998 -12.302056080091246
3.2874999999999996 -63.64056743215232
3.2925 -131.46878789794167
3.2975 -0.005072384548092059
3.3024999999999998 125.66792314881734
3.3074999999999997 113.18380940596232
3.3125 -83.74230890441174
3.3175 160.98599033576875
3.3225 -211.80438163820577
3.3274999999999997 174.98439215675444
3.3325 56.93426871826437
3.3375 -128.56064713972492
3.3425 -173.18158154004183
3.3474999999999997 335.1684197907352
3.3525 -250.46296745310835
3.3575 149.0192287628805
3.3625 -20.04433839828295
3.3674999999999997 -174.49147219934423
3.3725 37.5814825851467
3.3775 124.09107085842643
3.3825 -22.852100260523162
3.3874999999999997 148.0543213080497
3.3924999999999996 -37.15358141699346
3.3975 -87.48099310684681
3.4025 152.19655275885046
3.4074999999999998 76.5232434767157
3.4124999999999996 -114.55629638413946
3.4175 308.78752205659634
3.4225 -27.671775487929423
3.4274999999999998 -151.523368372048
3.4324999999999997 -72.99400966894535
3.4375 131.09634728779434
3.4425 3.2795917214468826
3.4475 -21.15627993648021
3.4524999999999997 -294.907629434161
3.4575 -109.30414321699736
3.4625 75.07552148980966
3.4675 -65.50249803721121
3.4724999999999997 129.76234271880637
3.4775 41.894684916281726
3.4825 -140.1745678089918
3.4875 -256.721206124045
3.4924999999999997 350.9142677928944
3.4975 -73.56890044490889
3.5025 148.40519133924383
3.5075 -93.66208010943546
3.5124999999999997 19.593057167121046
3.5174999999999996 251.6651507500861
3.5225 -36.329017171806605
3.5275 -11.177998505617108
3.5324999999999998 -78.89199853067156
3.5374999999999996 177.1121773315032
3.5425 -289.13212904209007
3.5475 -88.84486636721145
3.5524999999999998 67.0220598899454
3.5574999999999997 -36.53661360685965
3.5625 45.30114697767107
3.5675 88.63652542713817
3.5725 76.84327760477086
3.5774999999999997 -338.00641174114213
3.5825 46.95843436408236
3.5875 156.70177369831887
3.5925 -239.44064878949246
3.5974999999999997 136.0037080479691
3.6025 156.3212861047391
3.6075 -163.27278000725534
3.6125 -0.041357267033332826
3.6174999999999997 181.86725553904944
3.6225 -81.69342872016317
3.6275 102.62631872789856
3.6325 -70.65029918062248
3.6374999999999997 -104.4708113621553
3.6424999999999996 -36.33108153501095
3.6475 368.2365189875947
3.6525 -308.7153758620854
3.6574999999999998 -122.86717118688533
3.6624999999999996 71.0471645688029
3.6675 112.01211324744413
3.6725 18.85269403172837
3.6774999999999998 -227.52273453573417
3.6824999999999997 220.98907006166456
3.6875 37.6903950639839
3.6925 -59.460242141148754
3.6975 -173.33614462451268
3.7024999999999997 307.68455300131194
3.7075 -145.95205256089972
3.7125 -6.732102036785773
3.7175 15.915193814094762
3.7224999999999997 -54.66559717778667
3.7275 175.68342789479203
3.7325 -403.22362606030305
3.7375 -5.21316152599319
3.7424999999999997 56.5315307144859
3.7474999999999996 335.91189871516536
3.7525 -172.0940289231053
3.7575 -126.30513404782005
3.7624999999999997 4.074587287884548
3.7674999999999996 61.75299680054237
3.7725 183.14064545151777
3.7775 -157.10763157025397
3.7824999999999998 169.4243897165201
3.7874999999999996 -287.26371322985983
3.7925 257.1312673307922
3.7975 150.81159288727116
3.8024999999999998 6.124589887796393
3.8074999999999997 -52.250586846365074
3.8125 -11.327691516686693
3.8175 89.08416189962988
3.8225 -173.7855659089688
3.8274999999999997 5.582796557528057
3.8325 122.5343856010717
3.8375 -15.3509558549268
3.8425 -27.31719687958952
3.8474999999999997 -227.65060544410613
3.8525 -43.87649043526832
3.8575 -132.63287090707684
3.8625 166.54281593176415
3.8674999999999997 224.1514185588983
3.8724999999999996 -157.9080323641964
3.8775 -302.88691356980814
3.8825 86.03074548732171
3.8874999999999997 76.63386918555709
3.8924999999999996 166.0818949527623
3.8975 -35.395324649225955
3.9025 -25.19570824453165
3.9074999999999998 83.86404850208669
3.9124999999999996 -189.76396580444518
3.9175 50.60313908462758
3.9225 -117.3575311295496
3.9274999999999998 42.965429457349266
3.9324999999999997 -58.228084490452304
3.9375 -56.77075019107157
3.9425 -27.085649699613203
3.9475 114.44249606799539
3.9524999999999997 120.31781599039394
3.9575 218.93050960155443
3.9625 -5.441727856822066
3.9675 6.387535823549407
3.9724999999999997 -283.9314419227207
3.9775 35.19345417886161
3.9825 82.43742056091878
3.9875 230.82189234387084
3.9924999999999997 -17.125698711326702
3.9974999999999996 -8.120842988562481
4.0024999999999995 152.59687605573134
4.007499999999999 -232.24483368250213
4.0125 -52.952010579649674
4.0175 -137.48680007622335
4.0225 51.367082291447225
4.0275 -170.9744031141105
4.0325 146.51699255619513
4.0375 99.62731799409126
4.0424999999999995 183.1654116254991
4.047499999999999 -145.37639813437323
4.0525 -72.15784789614763
4.0575 337.17882947419065
4.0625 -27.742713078938937
4.0675 -135.7690375128473
4.0725 55.09408317318673
4.0775 -384.0432984359231
4.0825 -14.38897549698104
4.0874999999999995 99.28199428186669
4.0925 436.9746818973822
4.0975 -156.91174529913155
4.1025 -148.19960229131283
4.1075 10.14626850139899
4.1125 230.7960453349238
4.1175 -161.97784550376971
4.1225 -128.64585033117018
4.1274999999999995 50.15231510955358
4.132499999999999 150.4763654881559
4.1375 -164.21808492649376
4.1425 -118.54968880718302
4.1475 47.21420118187853
4.1525 50.10132585816494
4.1575 -202.61819499379246
4.1625 -27.400354063866175
4.1674999999999995 229.9921363670074
4.172499999999999 -19.852295841573152
4.1775 -146.05787385699819
4.1825 345.0745759490206
4.1875 -63.250387720107256
4.1925 -69.44871150081937
4.1975 44.57445586509901
4.2025 -210.8331889188297
4.2075 -253.5877492375891
4.2124999999999995 152.15764217374476
4.2175 -10.182449103179291
4.2225 158.16977996003783
4.2275 217.56609493682325
4.2325 -82.15695270346171
4.2375 176.26224199378206
4.2425 -22.324459894370776
4.2475 -168.05358201954985
4.2524999999999995 97.57754254189791
4.257499999999999 13.105286335230266
4.2625 -297.89270665429933
4.2675 63.24328321055382
4.2725 -121.98722178160287
4.2775 146.29608704122924
4.2825 85.81484666334939
4.2875 32.05111823447777
4.2924999999999995 -66.32845595947866
4.297499999999999 86.85129186602909
4.3025 -31.15240251300974
4.3075 -157.46469159882574
4.3125 -20.73128046940625
4.3175 100.06506934657325
4.3225 261.5151197408354
4.3275 -13.276552491150499
4.3325 -88.5441299592875
4.3374999999999995 59.08904520176829
4.342499999999999 -101.13485305772603
4.3475 -69.3813249803262
4.3525 212.42488749199183
4.3575 -232.07719175807236
4.3625 35.01515562168612
4.3675 90.64923803647052
4.3725 -76.36398703680788
4.3774999999999995 104.48902554983876
4.382499999999999 -117.25305778492293
4.3875 -36.88540052406024
4.3925 -113.76033472440757
4.3975 107.4583746079825
4.4025 25.70573589568484
4.4075 -15.584013559007037
4.4125 -242.4588776681341
4.4174999999999995 247.35988473983102
4.422499999999999 -35.5201391131634
4.4275 -73.15656980053636
4.4325 29.467754238143055
4.4375 -12.617264741885773
4.4425 -152.08507385620365
4.4475 194.71962465010645
4.4525 73.49906855833295
4.4575 -41.800313838962346
4.4624999999999995 -173.5683709778121
4.467499999999999 141.68569325400802
4.4725 -286.23319064488277
4.4775 40.05378164362668
4.4825 212.99756475373644
4.4875 -77.52581001660843
4.4925 231.81669197790902
4.4975 -204.9822558123401
4.5024999999999995 10.626372129899277
4.507499999999999 184.74138322092702
4.5125 -144.70498165092877
4.5175 449.12905663002175
4.5225 -113.5621026966581
4.5275 1.7289440866352996
4.5325 -88.1976630081548
4.5375 59.288439383695724
4.5424999999999995 -84.23807845544488
4.547499999999999 -203.1201130930902
4.5525 -136.15359606724655
4.5575 94.32550434859353
4.5625 -94.98862489075854
4.5675 -210.21109602456124
4.5725 170.4234558459235
4.5775 85.6172878218289
4.5825 149.42646353487424
4.5874999999999995 63.40124038524956
4.592499999999999 -173.59496525505364
4.5975 2.2234612165332783
4.6025 50.54154412368925
4.6075 85.03147290186021
4.6125 29.050662735492384
4.6175 69.76228943608226
4.6225 -145.10202902045296
4.6274999999999995 46.06972340581769
4.632499999999999 -72.63415557540362
4.6375 15.313357561897265
4.6425 156.0180489994561
4.6475 -206.87144190668133
4.6525 91.65699926869083
4.6575 5.397525075284862
4.6625 50.13474910704681
4.6674999999999995 41.39978000690431
4.672499999999999 -83.62107248581022
4.6775 -27.5678742726467
4.6825 2.415846156074938
4.6875 67.48225254881876
4.6925 13.636119598928845
4.6975 -23.35255935104317
4.7025 -133.58880127353777
4.7075 69.2342062881354
4.7124999999999995 -29.96665352616924
4.717499999999999 -63.61512175588669
4.7225 -144.1053790453765
4.7275 4.121850592975305
4.7325 111.20657500042543
4.7375 47.7659304566642
4.7425 187.4402551052771
4.7475 35.21925592274561
4.7524999999999995 -183.2599156031491
4.757499999999999 95.610159735223
4.7625 -280.3000706910104
4.7675 -243.7522148346513
4.7725 242.17989118881738
4.7775 95.1602605359147
4.7825 69.86912380113635
4.7875 -78.69602499436301
4.7924999999999995 341.3177840765432
4.797499999999999 -44.82130395224477
4.8025 -64.89092821743543
4.8075 107.95559349633369
4.8125 28.646554937217484
4.8175 -90.10019426945406
4.8225 -65.70383598516182
4.8275 78.22429888952335
4.8325 -281.43076772256927
4.8374999999999995 73.22485604639874
4.842499999999999 318.3726959712628
4.8475 -255.682630469853
4.8525 272.5928779171635
4.8575 -157.23137089847867
4.8625 4.880499613148105
4.8675 -79.23284365801199
4.8725 96.10598507807809
4.8774999999999995 179.2071433123999
4.882499999999999 -91.42065599869032
4.8875 -88.93645851177675
4.8925 -1.9134931659398322
4.8975 198.90574919424526
4.9025 -126.01764304114188
4.9075 -142.6470224969663
4.9125 -93.19796471760979
4.9174999999999995 196.7350065535322
4.922499999999999 155.30949896293765
4.9275 -150.85197539288228
4.9325 85.75234605573999
4.9375 72.01886051659659
4.9425 -208.52565186093267
4.9475 -31.703481365682457
4.9525 136.9403508592004
4.9575 -213.14376357168365
4.9624999999999995 -37.58211221691091
4.967499999999999 149.50296714963005
4.9725 -50.38575421126569
4.9775 27.693759373752272
4.9825 154.79446177527635
4.9875 -312.4047402255023
4.9925 7.084512659138822
4.9975 -119.2802350162257
5.0024999999999995 115.32653110576747
5.007499999999999 -10.053228532737236
5.0125 48.6697321816746
5.0175 361.2799770436603
5.0225 -504.5368226770987
5.0275 69.42400717154634
5.0325 85.46986668269766
5.0375 113.55248275228324
5.0424999999999995 -284.3264832867599
5.047499999999999 108.12627127222599
5.0525 73.1911365185992
5.0575 60.10550390532626
5.0625 -72.3500516027323
5.0675 -166.40712858420278
5.0725 -237.86634117857497
5.0775 136.64304706285952
5.0825 219.71577745592342
5.0874999999999995 -57.367646449161676
5.092499999999999 82.66247853684499
5.0975 -156.68381453781683
5.1025 -100.95574668694458
5.1075 166.4095667049148
5.1125 -256.5200892380304
5.1175 353.27362874257307
5.1225 -25.928181574160067
5.1274999999999995 -247.3610357093277
5.132499999999999 319.79336318457143
5.1375 -211.43109553194537
5.1425 -130.7655433643358
5.1475 404.9313664913236
5.1525 -348.8348136902179
5.1575 270.25112598989443
5.1625 -77.49028904785509
5.1674999999999995 6.648955774021434
5.172499999999999 109.27156763537253
5.177499999999999 66.44339981059593
5.1825 -35.86423629350039
5.1875 -13.453589679445798
5.1925 -44.88671979768743
5.1975 -66.50109653180039
5.2025 209.82927618740763
5.2075 -41.731486361438066
5.2124999999999995 -193.39028716900245
5.217499999999999 164.8300302966158
5.2225 367.24176248037185
5.2275 -357.623066562667
5.2325 73.1870971915125
5.2375 -254.44252050664952
5.2425 246.93642131602718
5.2475 -9.193185162663497
5.2524999999999995 10.638395785643143
5.257499999999999 136.29193655279366
5.2625 -137.79679720287615
5.2675 70.5491871308436
5.2725 -238.2254817476613
5.2775 -169.28494025478886
5.2825 -58.91165794117275
5.2875 83.50833388376135
5.2924999999999995 379.34951167736284
5.297499999999999 -200.49087902875968
5.302499999999999 172.54656401460767
5.3075 -129.16002572269022
5.3125 88.58670281099602
5.3175 -170.064664024683
5.3225 -180.3934054293906
5.3275 121.83172494072514
5.3325 205.41096425131326
5.3374999999999995 -75.73798093918234
5.342499999999999 10.723587426437748
5.3475 124.78729476347652
5.3525 8.789044143417962
5.3575 -249.87525807840248
5.3625 -176.22796084694937
5.3675 359.01364443386444
5.3725 49.12043350150383
5.3774999999999995 -26.497620222001736
5.382499999999999 71.5895278932513
5.3875 -30.16673767340359
5.3925 -147.66748639755957
5.3975 -90.82359570409069
5.4025 -252.63871427237368
5.4075 138.97908133582257
5.4125 54.99312999317032
5.4174999999999995 129.97602671271488
5.422499999999999 20.128157238698027
5.427499999999999 -192.51798242758736
5.4325 166.1420561938162
5.4375 -254.1144515461668
5.4425 201.59713785655592
5.4475 -69.70801780969714
5.4525 90.8159971605856
5.4575 -146.7193979010459
5.4624999999999995 -171.25758797737305
5.467499999999999 64.14415280557262
5.4725 -131.37642459735775
5.4775 205.10598269246685
5.4825 -184.06210966335914
5.4875 142.52110275007678
5.4925 113.35211859223524
5.4975 79.51244367774953
5.5024999999999995 166.48099935787977
5.507499999999999 -7.1409351431685755
5.5125 113.40238961155363
5.5175 -151.16950106009375
5.5225 13.560894360348007
5.5275 -216.40103129430818
5.5325 159.0777504295887
5.5375 111.45298001716466
5.5424999999999995 -27.645817272872826
5.547499999999999 -64.40280978613347
5.552499999999999 171.1578055374223
5.5575 4.481709291974026
5.5625 -200.02682748624974
5.5675 199.2099929743002
5.5725 -103.3727868899872
5.5775 -48.22975918963169
5.5825 4.5527192879893095
5.5874999999999995 9.40310899766536
5.592499999999999 -129.25930697378294
5.5975 168.58589636532363
5.6025 201.20173840178683
5.6075 -273.7281487843261
5.6125 31.023287078571776
5.6175 -33.16648202197985
5.6225 76.11028609543764
5.6274999999999995 16.755249961332094
5.632499999999999 96.98208405813918
5.6375 -92.17447091737063
5.6425 69.97151547919881
5.6475 -37.39520132356002
5.6525 98.76761394751009
5.6575 -66.41928807205439
5.6625 -160.00420677588986
5.6674999999999995 60.670936125286694
5.672499999999999 122.66426040957678
5.677499999999999 -6.475187012767137
5.6825 75.68518859792181
5.6875 124.57496714655888
5.6925 -66.24194679201257
5.6975 47.401397350394475
5.7025 -46.22845956066896
5.7075 -285.9864824978376
5.7124999999999995 226.48073409923597
5.717499999999999 53.64743695524377
5.7225 40.7565208270151
5.7275 -117.25065834182567
5.7325 150.13508980815413
5.7375 -263.82598726785847
5.7425 -80.01684815328545
5.7475 -196.1015092606698
5.7524999999999995 213.7372947045838
5.757499999999999 79.10838662688195
5.7625 89.44914291948902
5.7675 -4.095585145363592
5.7725 177.1667613805776
5.7775 -105.35580111116357
5.7825 -109.97266596022394
5.7875 184.73904507975203
5.7924999999999995 194.32226716884557
5.797499999999999 -239.74706341338486
5.802499999999999 -236.99383511289668
5.8075 16.107784913629434
5.8125 1.2307643025770778
5.8175 -103.80316960995678
5.8225 138.72947339978515
5.8275 -65.63217499199395
5.8325 3.3333918641715816
5.8374999999999995 167.36830130124721
5.842499999999999 173.4625646288888
5.8475 -167.04050146393388
5.8525 54.25313501472065
5.8575 -139.23520277072376
5.8625 148.1653949890767
5.8675 -200.79110392255546
5.8725 98.1484619418256
5.8774999999999995 -80.79206548594615
5.882499999999999 -36.84157690321866
5.8875 -83.51307899302134
5.8925 124.79044542651481
5.8975 -157.80397522129806
5.9025 -57.59520995817677
5.9075 35.87870532355106
5.9125 231.63047933763164
5.9174999999999995 -244.9318136674853
5.922499999999999 -48.609511499385256
5.927499999999999 179.15786322834452
5.9325 108.03633294726959
5.9375 22.70206624825881
5.9425 -89.19484399242339
5.9475 55.58889807877592
5.9525 132.27906535759058
5.9575 -32.640495409644096
5.9624999999999995 -42.38180285317048
5.967499999999999 -182.5250476990494
5.9725 -73.45130371897484
5.9775 164.32424492105847
5.9825 -71.88058905533626
5.9875 56.05434007043454
5.9925 -236.8868718608388
5.9975 306.7811091861027
6.0024999999999995 -28.399390356487423
6.007499999999999 -1.154749705114415
6.012499999999999 87.24434566285949
6.0175 -164.14769031886456
6.0225 201.58266933433916
6.0275 -130.32875973145002
6.0325 46.190652278579954
6.0375 67.23603573824329
6.0424999999999995 -280.7957052528092
6.047499999999999 332.0021577735192
6.052499999999999 -3.921785593339635
6.0575 -156.3333456912716
6.0625 237.30753545462744
6.0675 224.66967313526823
6.0725 -613.2619886303438
6.0775 81.61123526065998
6.0825 -68.7444543588036
6.0874999999999995 194.7260826850815
6.092499999999999 102.6540176568978
6.0975 67.67011433745576
6.1025 -15.796429539018852
6.1075 -39.202646609028974
6.1125 -10.714218327324858
6.1175 2.360540670385449
6.1225 186.23519122653
6.1274999999999995 -116.07250506942383
6.132499999999999 -231.64312098813676
6.137499999999999 -19.37151165811268
6.1425 296.3967376366872
6.1475 -100.63814215128198
6.1525 -85.2098812004968
6.1575 25.095525475231117
6.1625 26.805093943719672
6.1674999999999995 -165.5752432989672
6.172499999999999 -19.438265783567434
6.177499999999999 -113.4776158347051
6.1825 22.31805239606227
6.1875 241.34794775968714
6.1925 -160.19759422473217
6.1975 97.87662664343458
6.2025 -255.07177216028768
6.2075 44.0395816089476
6.2124999999999995 103.5548530892945
6.217499999999999 -420.7903435149249
6.2225 311.45998822427293
6.2275 -92.57723221160308
6.2325 15.15087427564593
6.2375 -28.653353644426083
6.2425 224.78582302398942
6.2475 -72.27279615534519
6.2524999999999995 35.8796799040446
6.257499999999999 40.502636193702784
6.262499999999999 195.75675817123098
6.2675 -210.64180691623827
6.2725 -169.67331532531878
6.2775 114.82273523006613
6.2825 12.710048449761574
6.2875 -39.95016675618489
6.2924999999999995 96.85296836053224
6.297499999999999 -36.45874914535244
6.302499999999999 -283.3930736708235
6.3075 239.18225835797955
6.3125 329.62124080142104
6.3175 -218.3455370196711
6.3225 -92.646345120549
6.3275 335.8577910430495
6.3325 42.2161229192151
6.3374999999999995 -113.11891879644249
6.342499999999999 140.96726178184542
6.3475 21.893923417929614
6.3525 -117.46441049649782
6.3575 -34.072956754233324
6.3625 31.112303719997907
6.3675 -187.50300169363447
6.3725 -72.12022341780543
6.3774999999999995 146.3236279372611
6.382499999999999 -83.41427930825029
6.387499999999999 190.45409182536963
6.3925 19.199965227237847
6.3975 207.15850747604506
6.4025 -219.68552670899246
6.4075 -20.791141146822678
6.4125 78.05054894485052
6.4174999999999995 71.61632319560691
6.422499999999999 -78.27281645793207
6.427499999999999 78.47147508258428
6.4325 201.1138754273393
6.4375 -277.25441523035886
6.4425 112.02480713699008
6.4475 -158.1339702291306
6.4525 149.63820020997846
6.4575 -221.9808389760352
6.4624999999999995 108.95911191839619
6.467499999999999 -202.57265831153927
6.4725 91.85765729081956
6.4775 -145.6835160608938
6.4825 83.82710329575596
6.4875 -6.876936257823725
6.4925 -127.74561757216618
6.4975 235.9067333373044
6.5024999999999995 183.96612802483054
6.507499999999999 -341.1079890621104
6.512499999999999 311.7363641989773
6.5175 -326.74195314907206
6.5225 0.4749260421558555
6.5275 258.5923796839271
6.5325 11.05911277806087
6.5375 -3.9905405924843715
6.5424999999999995 -166.82566532038035
6.547499999999999 105.20052653293031
6.552499999999999 45.59742971129884
6.5575 -46.029851464459256
6.5625 9.420327551980064
6.5675 29.48697465238888
6.5725 334.978551930821
6.5775 -435.66775781031055
6.5825 250.13834221076166
6.5874999999999995 -81.69446244788304
6.592499999999999 -8.64424199198639
6.5975 -188.22818478220785
6.6025 -35.87020615003339
6.6075 151.62368976560424
6.6125 325.6882465948662
6.6175 -143.07459483754567
6.6225 5.39848386564012
6.6274999999999995 113.8142356279522
6.632499999999999 -54.84053368555957
6.637499999999999 -191.33940933488378
6.6425 467.6964082241231
6.6475 -329.05334359284143
6.6525 -196.26819739495485
6.6575 -101.9526837300247
6.6625 323.0853571056555
6.6674999999999995 -134.6003726332307
6.672499999999999 161.14220868727782
6.677499999999999 52.834792422281076
6.6825 -46.28724841665688
6.6875 -224.92570818803853
6.6925 -59.90273754199084
6.6975 197.19285835318857
6.7025 -283.46385750536155
6.7075 -64.33535739938117
6.7124999999999995 151.60391406482864
6.717499999999999 310.4781818344858
6.722499999999999 0.44205998777880384
6.7275 71.46746109122051
6.7325 32.39932774250692
6.7375 -9.603953307060257
6.7425 -89.63799889470793
6.7475 -160.29886542800253
6.7524999999999995 7.659064473467128
6.757499999999999 71.14144498441162
6.762499999999999 -224.25826141115175
6.7675 172.09489080148683
6.7725 61.78893081299641
6.7775 16.484953847790788
6.7825 -166.82860796068272
6.7875 -43.076865989791706
6.7924999999999995 161.2833773264007
6.797499999999999 28.51600812674377
6.802499999999999 284.090564146453
6.8075 -0.7041951657230049
6.8125 139.65203239454772
6.8175 -129.33138563255656
6.8225 -206.70845004639264
6.8275 -39.581604006624225
6.8325 -1.783831528413631
6.8374999999999995 -61.07330608725858
6.842499999999999 288.36769917005
6.847499999999999 -248.00487820324216
6.8525 52.08145235911365
6.8575 -149.99711807990423
6.8625 70.61553982287252
6.8675 -63.60154065794571
6.8725 365.5999638050872
6.8774999999999995 -85.48364456523704
6.882499999999999 -318.4777593900676
6.887499999999999 223.1920304153214
6.8925 -48.309268851963964
6.8975 -69.09983918528754
6.9025 -87.85625311197758
6.9075 271.8916493812394
6.9125 -43.18545342205304
6.9174999999999995 -131.66442412564507
6.922499999999999 139.35483041170266
6.927499999999999 33.85179270864909
6.9325 -39.75945846616038
6.9375 -68.58280479185383
6.9425 161.17381324119017
6.9475 0.5082306018315962
6.9525 -13.132725977000376
6.9575 -288.803916411909
6.9624999999999995 187.79584638781918
6.967499999999999 -25.71086596358186
6.972499999999999 145.83348242228442
6.9775 2.51766438894859
6.9825 -50.507339262962155
6.9875 149.1200164260619
6.9925 -53.568812593331465
6.9975 34.65310380406377
7.0024999999999995 -73.3877133451027
7.007499999999999 -294.8236027396026
7.012499999999999 206.2403006052518
7.0175 -62.070928340100075
7.0225 116.91278662088521
7.0275 5.491520873650944
7.0325 -265.5741413735652
7.0375 161.0473423917464
7.0424999999999995 -160.66376756296248
7.047499999999999 -75.68679511290807
7.052499999999999 214.23355809219186
7.0575 -130.83678557342975
7.0625 -203.77622978783336
7.0675 83.81875606942319
7.0725 140.96309599795595
7.0775 -1.0152858910366684
7.0825 -76.49042051625773
7.0874999999999995 165.315417297163
7.092499999999999 -23.006295171602964
7.097499999999999 212.27029874854625
7.1025 -401.74670587076736
7.1075 -76.11958806590273
7.1125 192.9835973706044
7.1175 -153.7555623245611
7.1225 267.85591346544203
7.1274999999999995 -376.84194197727754
7.132499999999999 133.69712070109782
7.137499999999999 -191.51367208074558
7.1425 249.04946480122277
7.1475 -145.98527316967358
7.1525 -42.896107855408985
7.1575 132.22253468875448
7.1625 -252.5497360741775
7.1674999999999995 248.25348814085956
7.172499999999999 -207.65757446849827
7.177499999999999 -73.9973053184735
7.1825 199.63218983986076
7.1875 -281.0232813610388
7.1925 415.2956523269151
7.1975 122.56725224757896
7.2025 -44.153386300275805
7.2075 82.45887514814778
7.2124999999999995 -65.53148557307917
7.217499999999999 -66.21712048392126
7.222499999999999 72.51109039561945
7.2275 -30.52927049605751
7.2325 408.4146100739027
7.2375 40.96683191580097
7.2425 -119.35724371802998
7.2475 -11.83793904551553
7.2524999999999995 -201.26861187437015
7.257499999999999 -22.208125524200565
7.262499999999999 -173.38166654051935
7.2675 260.6004038722408
7.2725 -31.057873007969544
7.2775 -121.72607368467837
7.2825 290.3610367533658
7.2875 -2.078875657277231
7.2924999999999995 76.64972054352644
7.297499999999999 0.5201177797916712
7.302499999999999 54.81404711021959
7.3075 164.7707417403193
7.3125 -94.4028510251494
7.3175 118.04012860991539
7.3225 -64.1192259340381
7.3275 167.96502802917553
7.3325 -165.4418265650675
7.3374999999999995 -65.9413151911315
7.342499999999999 139.70330665793247
7.347499999999999 -92.55468981543055
7.3525 97.98919355240166
7.3575 163.32284658823005
7.3625 -340.0819868647638
7.3675 -120.19983865633493
7.3725 -96.16655604854847
7.3774999999999995 170.58331270583972
7.382499999999999 165.46549808771206
7.387499999999999 137.97962463488142
7.3925 90.2779616200607
7.3975 -217.3570637703301
7.4025 -148.930888202542
7.4075 -299.4982244933216
7.4125 611.2985386207783
7.4174999999999995 -468.8530970733556
7.422499999999999 75.30350529612022
7.427499999999999 79.75163462208988
7.4325 54.077627825033154
7.4375 -145.99550011328108
7.4425 -60.85667371267446
7.4475 -97.33923899202125
7.4525 -9.952525840237467
7.4575 170.73017602543982
7.4624999999999995 140.69907537881184
7.467499999999999 -146.92663433739406
7.472499999999999 135.1030686600081
7.4775 -118.93151050296746
7.4825 -22.94392606623898
7.4875 240.37995704185892
7.4925 -60.52247816620015
7.4975 58.24437682092947
7.5024999999999995 -51.097646411481364
7.507499999999999 217.29234973074205
7.512499999999999 -128.21645159998488
7.5175 -77.93964098728725
7.5225 -6.626783130253809
7.5275 -62.904509214794714
7.5325 81.44363202206897
7.5375 -158.3680060664855
7.5424999999999995 121.28037097778889
7.547499999999999 107.50552422407759
7.552499999999999 -270.95570801400544
7.557499999999999 116.96983296932088
7.5625 77.77764627423143
7.5675 -199.8711970048787
7.5725 16.02482158619638
7.5775 152.83738999469537
7.5825 -116.07588034306725
7.5874999999999995 31.1888914172401
7.592499999999999 -141.87132896210773
7.597499999999999 218.80757455882664
7.6025 -186.87563805120573
7.6075 -99.5897902632422
7.6125 54.84658505868146
7.6175 -204.82451417303196
7.6225 200.98188454292696
7.6274999999999995 -158.1611274905943
7.632499999999999 85.68684206513994
7.637499999999999 29.388074831824195
7.6425 71.39458537587265
7.6475 156.12401023565516
7.6525 -110.6734555549757
7.6575 141.68893138372118
7.6625 -162.84622480035853
7.6674999999999995 -57.37341123127367
7.672499999999999 -8.108866431840475
7.677499999999999 103.63163130442395
7.682499999999999 70.28065625401847
7.6875 3.7156927084127584
7.6925 -167.18974539771378
7.6975 -71.16547428527286
7.7025 213.75828124579706
7.7075 -56.166072174528054
7.7124999999999995 -23.378000027098334
7.717499999999999 -452.71879061580916
7.722499999999999 354.46482907728057
7.7275 184.47614955730512
7.7325 -14.339654342117981
7.7375 -119.28177159405779
7.7425 224.6248930925921
7.7475 -471.11407250043203
7.7524999999999995 200.11324666637566
7.757499999999999 -119.55054159073363
7.762499999999999 -9.29847215995767
7.7675 286.7920941689993
7.7725 -20.772001130697628
7.7775 58.39792848125079
7.7825 -181.39565884755146
7.7875 17.77646952316819
7.7924999999999995 62.74483565206714
7.797499999999999 19.769483408649105
7.802499999999999 209.59726953085524
7.807499999999999 -138.51510822589012
7.8125 51.82286463311244
7.8175 34.28803212249395
7.8225 56.175780214716106
7.8275 -137.45879508171035
7.8325 264.1598913218008
7.8374999999999995 -241.94147799616803
7.842499999999999 20.42471019751529
7.847499999999999 -39.61047798508101
7.8525 18.891950420862564
7.8575 59.178054737632195
7.8625 -248.46088213318131
7.8675 -57.1567228181467
7.8725 68.19284910239571
7.8774999999999995 69.75051683531314
7.882499999999999 -29.02543516051185
7.887499999999999 -84.94172530861587
7.8925 316.09516305452235
7.8975 -73.70339972437266
7.9025 -73.9675648561782
7.9075 46.8258666132846
7.9125 7.853063165141756
7.9174999999999995 40.061136163703
7.922499999999999 17.657989536373695
7.927499999999999 -15.597499652949315
7.932499999999999 22.45551698948014
7.9375 -71.5680228073919
7.9425 249.39966585689152
7.9475 -440.9118684021005
7.9525 149.83312275632738
7.9575 27.744315909559592
7.9624999999999995 -100.60346463908215
7.967499999999999 -128.06103321635675
7.972499999999999 -69.26217207047169
7.9775 156.6403203222872
7.9825 251.3582135548567
7.9875 -75.05275474208898
7.9925 24.032216773452067
7.9975 76.25580537820441
8.0025 -379.3397113183219
8.0075 -2.3015908207792317
8.0125 155.20886717802762
8.0175 -59.97277029228424
8.022499999999999 108.06263096204152
8.0275 -78.53559264969849
8.032499999999999 186.03364826995065
8.0375 -47.317255519411106
8.0425 31.317411037126682
8.0475 -51.83822054259691
8.0525 -49.39635460714511
8.0575 -165.89719836313722
8.0625 73.46394286937473
8.067499999999999 71.40336113997932
8.0725 -9.246042058450312
8.077499999999999 1.926830573525254
8.0825 -51.38240030459982
8.0875 142.73023353424972
8.0925 267.788534840018
8.0975 -97.95170250072799
8.1025 -169.7759081960599
8.1075 -42.251856528497385
8.112499999999999 -55.704717756230195
8.1175 139.3683770345084
8.1225 21.222425352103986
8.1275 194.45192154044094
8.1325 64.02987342321214
8.1375 -226.72093210384975
8.1425 -36.44750906699706
8.147499999999999 -82.4724086125049
8.1525 -100.61106601165369
8.157499999999999 120.7587153372164
8.1625 59.36186221088718
8.1675 -135.67262042835932
8.1725 309.0016560694461
8.1775 -88.13311476501879
8.1825 -41.421598688405325
8.1875 45.53058380566528
8.192499999999999 84.16794267449917
8.1975 17.0097100136005
8.202499999999999 -182.21182793675663
8.2075 -35.04093591729895
8.2125 -15.17491647178678
8.2175 -46.08049175379174
8.2225 132.9657259694989
8.2275 -56.657755106187935
8.2325 105.7126096817831
8.237499999999999 14.180338031269153
8.2425 16.354106761520647
8.2475 220.10833825503
8.2525 -152.39379711345006
8.2575 -83.71709100089092
8.2625 -95.44790553756133
8.2675 31.628952570888455
8.272499999999999 -62.20696985552882
8.2775 40.038989178910086
8.282499999999999 -229.33719169527862
8.2875 87.4149642750774
8.2925 -56.15104785794761
8.2975 0.5107641295198062
8.3025 -13.842330251970449
8.3075 112.19186344466618
8.3125 -2.4233598933789877
8.317499999999999 -56.33244444025508
8.3225 -138.16127517524635
8.327499999999999 227.1725465727218
8.3325 -279.26044683480507
8.3375 310.00337382361363
8.3425 221.66212200868216
8.3475 -205.26888702131643
8.3525 -161.61335685660814
8.3575 54.68443312683729
8.362499999999999 3.9310233259036034
8.3675 324.092505886111
8.3725 -78.60775542385463
8.3775 196.43475747286314
8.3825 48.44058201048255
8.3875 -163.58021396681448
8.3925 47.03206614743715
8.397499999999999 93.78690429417676
8.4025 -94.01786933513621
8.407499999999999 172.5762779616011
8.4125 -169.50301953918856
8.4175 87.80192115410577
8.4225 13.57232915084615
8.4275 12.04703916227924
8.4325 -83.30049162421687
8.4375 53.19876109689926
8.442499999999999 161.61054978122212
8.4475 -144.69368291878888
8.452499999999999 97.67185443909483
8.4575 -73.89851958165794
8.4625 -54.69340071645206
8.4675 26.084574998827417
8.4725 -71.48747731198797
8.4775 -286.7408370115977
8.4825 193.81984388381093
8.487499999999999 -14.681179243135713
8.4925 -10.982328822558214
8.4975 29.174280306947644
8.5025 54.61593008731063
8.5075 -287.9229686093411
8.5125 69.68746681313164
8.5175 49.62465072923254
8.522499999999999 -126.64147892818035
8.5275 180.40491372627207
8.532499999999999 328.7399300066012
8.5375 -223.51816980034533
8.5425 -53.29381536086855
8.5475 96.7794218439242
8.5525 -3.3654379662738787
8.5575 187.29260165373628
8.5625 -63.25435104481738
8.567499999999999 -82.51473986790161
8.5725 -369.803272958213
8.577499999999999 210.45520669385817
8.5825 287.0236307564245
8.5875 -48.70705019974953
8.5925 21.74380413891851
8.5975 -2.817649383666797
8.6025 -124.71146039152713
8.6075 33.1811596134404
8.612499999999999 106.26240374353718
8.6175 -58.15013265684657
8.6225 68.08430617858669
8.6275 -192.50331590567166
8.6325 199.63240030924567
8.6375 106.50383969499269
8.6425 -137.0077039901303
8.647499999999999 -0.49303483066625087
8.6525 101.68396893304065
8.657499999999999 -271.1973577902503
8.6625 -148.29140812908292
8.6675 230.90051881113496
8.6725 110.63473435284108
8.6775 -39.15106575379251
8.6825 -140.83164204403764
8.6875 -9.181614478287718
8.692499999999999 208.36259335310194
8.6975 -3.189015277526931
8.702499999999999 103.19714360904533
8.7075 -135.21958326802763
8.7125 196.55629011281414
8.7175 -109.11875199287215
8.7225 -79.2077883106752
8.7275 -85.05476125048233
8.7325 411.44527237060083
8.737499999999999 -109.78448396074091
8.7425 -145.30505822379862
8.747499999999999 6.368490943007543
8.7525 -196.3265936028374
8.7575 -19.330689413598318
8.7625 21.627198441538727
8.7675 148.08281671794106
8.772499999999999 -60.621897087561024
8.7775 203.4387132134199
8.782499999999999 3.5980130184604624
8.7875 -120.97508181245098
8.7925 -56.03288104222916
8.7975 -61.99032968456391
8.8025 77.84977957346274
8.8075 101.76091967187895
8.8125 -219.28988629013386
8.817499999999999 -44.20553259049551
8.8225 147.33252013813626
8.827499999999999 -50.807966916308665
8.8325 -15.820127444352796
8.8375 167.45643530683918
8.8425 -226.9766186551097
8.8475 20.294954472969778
8.8525 -87.31647302434088
8.8575 44.791852186311154
8.862499999999999 79.59961921063943
8.8675 -32.24069831912165
8.872499999999999 -39.641476658228854
8.8775 72.11254414721834
8.8825 86.49475685955538
8.8875 -142.42030627895886
8.8925 132.90761378672883
8.897499999999999 -142.5269291877444
8.9025 68.3144266537765
8.907499999999999 -55.89651556579655
8.9125 75.08292183418314
8.9175 -60.60924790384411
8.9225 293.4427275136293
8.9275 -211.0077625823832
8.9325 50.525124090468694
8.9375 -80.95923505496833
8.942499999999999 -78.02771495745762
8.9475 115.92584508075028
8.952499999999999 328.6556380377196
8.9575 -229.24333485012946
8.9625 -141.2842725425162
8.9675 11.936933475325455
8.9725 -29.781989602392766
8.9775 102.21794459873901
8.9825 225.85889003123003
8.987499999999999 -81.50642795460853
8.9925 -38.00084707820383
8.997499999999999 8.387773828881288
9.0025 17.687432354562283
9.0075 -188.58010097585583
9.0125 -69.76932157416854
9.0175 201.9671712765694
9.022499999999999 -233.89391717098175
9.0275 232.14116576651261
9.032499999999999 7.132280195978888
9.0375 -53.73751916783531
9.0425 114.13195273414235
9.0475 -121.67195561738808
9.0525 248.23549685729492
9.0575 21.559030572369313
9.0625 -119.04744725771792
9.067499999999999 59.2561285500562
9.0725 106.5060128127745
9.077499999999999 14.188820098803674
9.0825 61.42820313005395
9.0875 -44.52146317412292
9.0925 134.54558549172663
9.0975 -30.447828712929052
9.1025 70.72900644076077
9.1075 -132.19535643956524
9.112499999999999 12.815808888035395
9.1175 37.954701188565885
9.122499999999999 -222.95661313824309
9.1275 116.9549123413152
9.1325 -237.87449181768605
9.1375 124.12918667323837
9.1425 10.175394595730435
9.147499999999999 180.40708434394864
9.1525 -231.79539108135933
9.157499999999999 247.33941558881563
9.1625 134.0420794308551
9.1675 -261.4415358542334
9.1725 100.52987272582654
9.1775 -50.83764395488185
9.1825 -124.50737851229563
9.1875 130.75364023175683
9.192499999999999 -247.30524349262552
9.1975 177.3378748984944
9.202499999999999 -288.0201524366274
9.2075 326.0449215743366
9.2125 -167.58050026554596
9.2175 -4.713228378662641
9.2225 207.8961174034506
9.2275 -244.73675512240231
9.2325 -74.90319739462417
9.237499999999999 -303.24105650191575
9.2425 450.0240516685713
9.247499999999999 -371.30398099107856
9.2525 190.75030942467694
9.2575 27.971717322936314
9.2625 36.89143643600507
9.2675 -85.42241356698624
9.272499999999999 86.89316178621884
9.2775 79.73296120455122
9.282499999999999 -265.53818670234693
9.2875 161.4982384751186
9.2925 236.08784898673483
9.2975 8.028105532633417
9.3025 -6.657062562602659
9.3075 -14.119895618841321
9.3125 223.35459396810904
9.317499999999999 -126.25622537742362
9.3225 -21.26728003607961
9.327499999999999 38.18053832557627
9.3325 53.00489017376029
9.3375 247.99379773686795
9.3425 -378.9507212616124
9.3475 195.01376808316525
9.3525 -121.90468593926782
9.3575 135.71175839145639
9.362499999999999 38.97486175846084
9.3675 25.697958199902416
9.372499999999999 -112.3715646924595
9.3775 -64.9283546611266
9.3825 88.03836446121154
9.3875 -127.27853159683896
9.3925 156.261265683757
9.397499999999999 -44.54192633804421
9.4025 -106.91568874014747
9.407499999999999 136.50792361238769
9.4125 19.4253389236895
9.4175 152.8922969109776
9.4225 130.77150940491873
9.4275 -190.39203697665369
9.4325 32.282809828427176
9.4375 -175.54276434271765
9.442499999999999 54.84018057859212
9.4475 176.25436482012847
9.452499999999999 -45.59737602482866
9.4575 -61.1027394313642
9.4625 213.28780644362445
9.4675 -74.7297706214483
9.4725 -155.05661076959154
9.4775 83.59141860610652
9.4825 238.13977798351775
9.487499999999999 31.100340584893445
9.4925 -285.32062723530566
9.497499999999999 -26.106883306199826
9.5025 147.2257830140171
9.5075 -137.29538530909497
9.5125 -106.16678037666713
9.5175 200.09183708104075
9.522499999999999 -34.63127209569866
9.5275 -32.11784262183875
9.532499999999999 22.99609184741063
9.5375 -156.6219248111824
9.5425 -91.67715945933372
9.5475 -209.8538292767624
9.5525 168.16379507944396
9.5575 106.19306437769131
9.5625 -266.8586388588118
9.567499999999999 8.55020487609179
9.5725 65.94692332191322
9.577499999999999 -139.77784347938007
9.5825 152.0879202917989
9.5875 2.6340700779100654
9.5925 -11.553596551291715
9.5975 -0.588232916478433
9.6025 162.51060055888235
9.6075 56.730420927833
9.612499999999999 -93.85510297056392
9.6175 26.71798271143913
9.622499999999999 -237.39117621188913
9.6275 75.3245303915878
9.6325 53.477942979177314
9.6375 301.9953972303078
9.6425 -126.77083917555402
9.647499999999999 -358.18665520174204
9.6525 77.51088162511809
9.657499999999999 10.20814886908686
9.6625 224.2482486541909
9.6675 18.107845872035767
9.6725 -30.97799484328499
9.6775 18.972645198865546
9.6825 -90.79876367207427
9.6875 66.25151311570949
9.692499999999999 -85.76322422741544
9.6975 77.20233350682216
9.702499999999999 -4.644984486556594
9.7075 -216.9589937261828
9.7125 323.99693195388744
9.7175 34.459310614459724
9.7225 -157.47061875619315
9.7275 -163.51452485329108
9.7325 -5.0519486550554396
9.737499999999999 66.84513622616517
9.7425 -31.948309104634344
9.747499999999999 16.87908991056824
9.7525 211.1695693927934
9.7575 -212.27344164398787
9.7625 -171.9765260827018
9.7675 119.81372793134206
9.772499999999999 16.593982778897857
9.7775 69.44772251182462
9.782499999999999 -104.55442646044229
9.7875 5.045711320159074
9.7925 28.241128925564553
9.7975 -160.04559417577045
9.8025 33.88697129457058
9.8075 -112.18314491981077
9.8125 149.1652328028927
9.817499999999999 122.65483935515213
9.8225 -51.24788806406419
9.827499999999999 -10.612064817181569
9.8325 72.80887371872245
9.8375 59.79422961965501
9.8425 69.00773557182623
9.8475 11.152532828509651
9.8525 -242.6617741027337
9.8575 -64.83949513157643
9.862499999999999 212.8507138359741
9.8675 140.59958964542835
9.872499999999999 -82.35467155171683
9.8775 -106.69208985523932
9.8825 161.35307920750478
9.8875 184.6780917412142
9.8925 -179.99065471126121
9.897499999999999 -46.247654710693524
9.9025 35.419139204206495
9.907499999999999 143.38325444079715
9.9125 220.80973067120695
9.9175 -85.43426827647446
9.9225 -107.85872685345024
9.9275 56.00870134030071
9.9325 -89.06172174460276
9.9375 188.4613304505168
9.942499999999999 -196.08168382095857
9.9475 45.91371539210905
9.952499999999999 -140.08613935021688
9.9575 -36.031431291224436
9.9625 77.4879027632064
9.9675 -35.96432794054456
9.9725 74.22525122845217
9.9775 -76.09387737848286
9.9825 78.8547088443812
9.987499999999999 164.68320858238528
9.9925 -152.97994678435043
9.997499999999999 18.857811352378338
10.0025 45.74435168468347
