0.0075 48.32671274406796
0.012499999999999999 -172.53598278799637
0.017499999999999998 103.13795973643126
0.0225 -122.55858267215227
0.0275 65.76085285867268
0.0325 -29.809881006598502
0.0375 -58.533112855339496
0.042499999999999996 44.6504424844104
0.0475 -29.470739363786283
0.0525 113.68424152166276
0.057499999999999996 -40.281405171615305
0.0625 200.5998395153741
0.06749999999999999 -128.37865421652813
0.0725 -2.7774632185564445
0.0775 160.2282308102714
0.08249999999999999 -204.40954012792562
0.0875 175.65985348149798
0.0925 200.18970225279415
0.09749999999999999 -182.8636959000401
0.1025 151.40305330801553
0.1075 10.944763557234596
0.11249999999999999 -61.20679881119877
0.1175 -90.75279923744213
0.1225 240.4812196921377
0.1275 56.334514264215585
0.1325 -182.05629586413286
0.13749999999999998 -262.3206128543755
0.1425 64.71759052695639
0.1475 6.000565720280228
0.1525 -108.5607316638238
0.1575 -177.70402530967823
0.1625 -167.23171742746445
0.16749999999999998 474.0532067342094
0.1725 -169.04329867648877
0.1775 -82.33087528697982
0.1825 -81.39194609662064
0.1875 42.08666648358239
0.1925 -46.48925001096126
0.19749999999999998 179.65016709074445
0.20249999999999999 248.57671279794013
0.2075 -312.33876981724455
0.2125 139.29306583836225
0.2175 -154.1835960640837
0.2225 32.57188824566908
0.22749999999999998 -130.7364926679147
0.23249999999999998 -39.30389929178297
0.2375 10.843075329832846
0.2425 92.77906399612861
0.2475 82.54617540154207
0.2525 0.5441810623463589
0.2575 7.797315818749192
0.2625 -55.118530715335865
0.2675 19.133561642853074
0.27249999999999996 -2.034529053897126
0.27749999999999997 85.78362100696367
0.2825 -82.13241117709364
0.2875 350.8919349121194
0.2925 143.97066916494333
0.2975 -223.8037890588342
0.3025 160.16973940101346
0.3075 -147.2790039382837
0.3125 -416.19690157607147
0.3175 212.06909488518656
0.3225 10.475653549347927
0.32749999999999996 -309.31010510462426
0.33249999999999996 315.7544310816156
0.33749999999999997 268.0359831497954
0.34249999999999997 -245.9808027472292
0.3475 40.286169845843524
0.3525 -67.49932208306087
0.3575 14.794001360212867
0.3625 -125.47947876986979
0.3675 -50.04529902632469
0.3725 17.584140638617452
0.3775 84.32969467997106
0.3825 -228.17002941180067
0.38749999999999996 245.31508367464002
0.39249999999999996 15.786550241622624
0.39749999999999996 -22.4823831202692
0.40249999999999997 -122.63280448034106
0.4075 -57.57353851971528
0.4125 232.03047716028706
0.4175 -298.96442265072886
0.4225 14.402693311202686
0.4275 115.54950210240585
0.4325 314.57489498785327
0.4375 -75.30966397639023
0.4425 -181.48958964318163
0.44749999999999995 265.8822796061881
0.45249999999999996 59.691082383475496
0.45749999999999996 -87.53218473517448
0.46249999999999997 -39.573737491313935
0.46749999999999997 233.33408466039597
0.4725 117.48859375120738
0.4775 -211.7636754512078
0.4825 -99.44999161599245
0.4875 -30.452938072717632
0.4925 12.242777400855195
0.4975 -274.8471335137065
0.5025 607.3343172939602
0.5075 -506.80388862368153
0.5125 374.909194575767
0.5175 -57.912537788113944
0.5225 167.13147768208157
0.5275 -36.355574671184385
0.5325 -308.08325662475795
0.5375 -21.06115724857835
0.5425 -75.6977139935338
0.5475 221.49099013472963
0.5525 -40.04172982057884
0.5575 222.93076494503563
0.5625 21.666581414948197
0.5675 -216.4099596964183
0.5725 -185.41566568026292
0.5775 214.9430904562405
0.5825 29.432210932923255
0.5875 -115.22990999953437
0.5925 -5.409590747599826
0.5974999999999999 -30.71283690653464
0.6024999999999999 73.68218600254478
0.6074999999999999 120.72870223186665
0.6124999999999999 83.0889727214365
0.6174999999999999 -273.6193871013096
0.6224999999999999 -32.09918525760735
0.6275 3.8561433567892838
0.6325 158.4132209958869
0.6375 -201.15482550618154
0.6425 -82.53166084325933
0.6475 -162.26112426901093
0.6525 -86.01415610486801
0.6575 -14.645700907755742
0.6625 79.62737347091492
0.6675 237.55061173828204
0.6725 122.68351029874742
0.6775 -74.08049145133702
0.6825 -174.86748513090234
0.6875 24.954730338670956
0.6925 314.9357705717577
0.6975 -158.47066130827284
0.7025 137.38263213918805
0.7075 48.02683143792452
0.7125 -90.78475452980122
0.7174999999999999 4.230011724398997
0.7224999999999999 6.7071657240644
0.7274999999999999 -7.5861900904121855
0.7324999999999999 91.28180229252872
0.7374999999999999 -27.836842961895975
0.7424999999999999 208.50219633422142
0.7474999999999999 -208.76699853231457
0.7525 113.57131466333495
0.7575 -14.554480094609179
0.7625 30.04696966981453
0.7675 7.011586563380989
0.7725 -51.52089823920814
0.7775 -127.4534386954793
0.7825 -3.712300197201715
0.7875 41.5099655327448
0.7925 -144.13985862161368
0.7975 318.0200640731489
0.8025 -15.747489288345855
0.8075 -166.7567500348839
0.8125 2.3481702812976586
0.8175 -172.04476579700045
0.8225 3.78148679345964
0.8275 257.34723194700734
0.8325 -67.34428924197596
0.8374999999999999 -83.15274593195159
0.8424999999999999 191.45117550291104
0.8474999999999999 -18.914046087706037
0.8524999999999999 57.880210111660254
0.8574999999999999 -117.21821131824343
0.8624999999999999 91.39225404667997
0.8674999999999999 24.71415916045564
0.8724999999999999 -55.46154304738027
0.8775 -5.367163863178131
0.8825 -179.62344441994097
0.8875 -160.97294442482735
0.8925 49.070428849533734
0.8975 49.57974212851389
0.9025 -34.23018784573683
0.9075 174.72802202409122
0.9125 23.34921401287026
0.9175 -125.39488981480392
0.9225 159.29358666868998
0.9275 -59.10585248813036
0.9325 79.96575889768765
0.9375 201.54287986561314
0.9425 -18.991755279520092
0.9475 -174.45011809033858
0.9524999999999999 -56.96238924395588
0.9574999999999999 4.687445319775608
0.9624999999999999 30.913656280026988
0.9674999999999999 -213.91544838724047
0.9724999999999999 174.7544887959661
0.9774999999999999 84.61180471181001
0.9824999999999999 228.82336927914147
0.9874999999999999 -212.38122433843057
0.9924999999999999 -44.53917043257511
0.9974999999999999 -20.471064253809665
1.0025 -90.94459152046008
1.0075 -9.975733034128007
1.0125 373.29045118008423
1.0174999999999998 -214.370250424487
1.0225 -11.290426132406049
1.0274999999999999 -36.28359335203408
1.0325 -62.04457617831226
1.0374999999999999 109.8278434173091
1.0425 -165.6890051266492
1.0474999999999999 -108.50176444506548
1.0525 -26.408069667272727
1.0574999999999999 89.68986449877153
1.0625 123.76004534669393
1.0675 -99.54281420708378
1.0725 11.29209870280414
1.0775 -287.775875839294
1.0825 158.01116223122375
1.0875 -113.80566426389606
1.0925 91.07439461542046
1.0975 157.76265914020877
1.1025 111.87089493517787
1.1075 -4.732174965593667
1.1125 -143.74896167543304
1.1175 178.9786873809546
1.1225 -241.18132889640987
1.1275 195.7891765093954
1.1324999999999998 -125.29872589886648
1.1375 114.88764006715844
1.1424999999999998 346.2306532922519
1.1475 -299.611869934526
1.1524999999999999 383.76972843458464
1.1575 -25.216996377386213
1.1624999999999999 -386.572671015035
1.1675 -2.908137402812339
1.1724999999999999 -247.00494480049332
1.1775 379.15052598713527
1.1824999999999999 -150.53879166829057
1.1875 270.19572352643894
1.1925 63.45659271501597
1.1975 -168.57649981850943
1.2025 -259.8216139878964
1.2075 34.796580895612045
1.2125 111.31901275921977
1.2175 4.751763684815048
1.2225 48.13480756156127
1.2275 41.632934688750524
1.2325 63.21404671683885
1.2375 -234.51244057290583
1.2425 97.01147687422318
1.2475 78.49427327899706
1.2525 159.10326030263528
1.2574999999999998 -21.96301336538277
1.2625 23.055740410636062
1.2674999999999998 -74.12141264738464
1.2725 153.51575302051816
1.2774999999999999 -140.8630941573233
1.2825 -100.62080800063907
1.2874999999999999 64.07156307265643
1.2925 63.50139907458921
1.2974999999999999 -235.97102091157416
1.3025 -15.340761478479497
1.3074999999999999 102.22904595415032
1.3125 -66.99788755674817
1.3175 -70.80500542901382
1.3225 79.51798084028928
1.3275 388.35279620323917
1.3325 -368.56328168832766
1.3375 1.42034241345367
1.3425 -382.0895104777679
1.3475 208.58538273025388
1.3525 -69.78083153230416
1.3575 84.24051684754993
1.3625 -132.4039456137709
1.3675 -15.53647892670671
1.3724999999999998 67.8091167011901
1.3775 221.81481034319262
1.3824999999999998 -83.62448710321486
1.3875 -167.19145152215572
1.3924999999999998 467.4774183818926
1.3975 -94.1868045633841
1.4024999999999999 208.82337577364032
1.4075 -335.4579421082397
1.4124999999999999 114.93455427860859
1.4175 -138.24031350195074
1.4224999999999999 143.44445793789043
1.4275 79.36800084345633
1.4324999999999999 190.02826482346492
1.4375 69.81638480504874
1.4425 126.54409976372499
1.4475 -330.65017146084176
1.4525 -72.7412405431108
1.4575 56.03251214512341
1.4625 -110.324723870363
1.4675 -187.1820038408059
1.4725 154.02836209611235
1.4775 116.90337046798264
1.4825 -171.80325349364708
1.4874999999999998 29.705854276164455
1.4925 -45.141582087280646
1.4974999999999998 -46.609026795758716
1.5025 -33.30951935817682
1.5074999999999998 187.5692484622084
1.5125 82.74454463901402
1.5174999999999998 -10.654086191114372
1.5225 -87.69943193493124
1.5274999999999999 77.8260860063048
1.5325 18.683878505270336
1.5374999999999999 195.74938947292634
1.5425 -250.58906677375668
1.5474999999999999 33.65825462846676
1.5525 75.986814977515
1.5574999999999999 122.11020327365412
1.5625 -57.04409952522747
1.5675 297.88175303536934
1.5725 -374.2768924360044
1.5775 309.0961271509746
1.5825 -128.48791539425252
1.5875 -124.49742559337965
1.5925 -199.29142049696006
1.5975 76.04472359908563
1.6025 136.7867857443654
1.6075 -50.23455830799236
1.6124999999999998 -165.5245371515996
1.6175 89.8098492857448
1.6224999999999998 64.83007565616558
1.6275 -200.60921267304596
1.6324999999999998 152.03090683948466
1.6375 -37.10141487921101
1.6424999999999998 -99.22333076010142
1.6475 -170.2482663669768
1.6524999999999999 173.964060790197
1.6575 85.38480737888756
1.6624999999999999 148.5038074636573
1.6675 -239.29141408718667
1.6724999999999999 260.03751044334797
1.6775 -133.85094085956226
1.6824999999999999 -95.61183927959884
1.6875 -19.347905401373048
1.6925 -276.8832752670607
1.6975 204.4444165958679
1.7025 -148.57953341410246
1.7075 212.01856065294962
1.7125 -68.48933691044448
1.7175 -146.82414189851167
1.7225 467.5292439842726
1.7274999999999998 -161.01784825560838
1.7325 160.421980807268
1.7374999999999998 -230.19665787000568
1.7425 -166.52525006084187
1.7474999999999998 34.52043006196275
1.7525 9.326090690836127
1.7574999999999998 -129.09576203100463
1.7625 -56.4202718210992
1.7674999999999998 129.409012847236
1.7725 178.97255607025755
1.7774999999999999 175.24762297291906
1.7825 66.44252076043902
1.7874999999999999 -93.08818773075737
1.7925 -59.07204290719839
1.7974999999999999 -62.41754845557416
1.8025 25.359005183450485
1.8074999999999999 -206.66091936162687
1.8125 218.99354475468903
1.8175 -28.41384672153134
1.8225 -208.6948344423136
1.8275 242.17706133286734
1.8325 -69.49603770329429
1.8375 -307.3696792220336
1.8425 120.184514590296
1.8475 -140.12897352151802
1.8524999999999998 294.21356258947344
1.8575 -91.38690987437661
1.8624999999999998 8.151145185027362
1.8675 -68.94177279546865
1.8724999999999998 169.94839808769743
1.8775 -234.36409117102002
1.8824999999999998 241.06231362392745
1.8875 71.79392494713822
1.8924999999999998 62.04966323453051
1.8975 -128.12032965949837
1.9024999999999999 -63.67487413927136
1.9075 -136.2219291407378
1.9124999999999999 246.35882057402816
1.9175 97.02519520655873
1.9224999999999999 -60.136809565079304
1.9275 57.70537275279735
1.9324999999999999 -95.43696126112987
1.9375 67.95838989195798
1.9425 -246.51192891799298
1.9475 145.80241251258565
1.9525 268.4012153644378
1.9575 142.61574292589353
1.9625 -172.0028764023068
1.9674999999999998 -61.94980876852187
1.9725 41.007539944981716
1.9774999999999998 -6.320691036383987
1.9825 -276.08048805688514
1.9874999999999998 90.4114246059071
1.9925 57.78217072204774
1.9974999999999998 -32.990726203406574
2.0025 -59.67319347264076
2.0075 70.96034880948507
2.0124999999999997 166.1258429867351
2.0175 -335.2374703286349
2.0225 48.06253767763376
2.0275 167.0795849716139
2.0324999999999998 185.20661714461758
2.0375 64.57623852485261
2.0425 -35.6394847942895
2.0475 -53.73176576778134
2.0524999999999998 -39.1430104147452
2.0575 -111.07598174062827
2.0625 -198.42348975543504
2.0675 111.41993200688694
2.0725 230.76825271777074
2.0775 -256.40609733487514
2.0825 203.1233794147794
2.0875 24.1882757103567
2.0925 308.86085961704106
2.0974999999999997 -186.99689302321977
2.1025 60.766362904935065
2.1075 58.04635263087519
2.1125 -16.04344315944766
2.1174999999999997 -229.76798864320924
2.1225 197.57286474230406
2.1275 -216.428577322135
2.1325 156.77689613652024
2.1374999999999997 -160.42141098065255
2.1425 -65.28689119921273
2.1475 -75.63564782855207
2.1525 40.326234953227
2.1574999999999998 -217.30684586719676
2.1625 338.47081773524843
2.1675 -251.8945929730442
2.1725 96.1324709297034
2.1774999999999998 -229.19112817907887
2.1825 69.37016135255703
2.1875 265.2893933359564
2.1925 215.5555789988956
2.1975 -141.01241754757245
2.2024999999999997 53.12387544497998
2.2075 93.23599138598863
2.2125 -447.32641154659217
2.2175 406.7789625456762
2.2224999999999997 -45.878142315899346
2.2275 -26.149206666527377
2.2325 -259.7364388239466
2.2375 23.065428186813314
2.2424999999999997 88.95665574345237
2.2475 -163.45730408961958
2.2525 -36.706932354482646
2.2575 -127.71861275132918
2.2624999999999997 -74.07358616069497
2.2675 35.39235781382624
2.2725 -63.06360775331967
2.2775 -13.062277156563102
2.2824999999999998 88.75170159066498
2.2875 -34.15078147722585
2.2925 150.66658961306516
2.2975 114.70168599039555
2.3024999999999998 -52.384839923032025
2.3075 166.93052730800963
2.3125 209.13914709069584
2.3175 74.46281543799961
2.3225 -353.83143347044154
2.3274999999999997 32.925836103776646
2.3325 -9.83246608300344
2.3375 296.2946376814296
2.3425 -148.6216604503773
2.3474999999999997 -94.03533924087624
2.3525 -22.419749168231565
2.3575 -218.52696590596986
2.3625 -39.44434928223707
2.3674999999999997 3.6059866435421317
2.3725 77.92010227017043
2.3775 71.61903969152252
2.3825 -143.67066364304537
2.3874999999999997 145.59526096467883
2.3925 -117.30310462822479
2.3975 82.43480781937015
2.4025 -50.669660568711556
2.4074999999999998 -23.241066632025323
2.4125 54.17603341426945
2.4175 -87.93876395326033
2.4225 -81.46991747052249
2.4274999999999998 8.034438693931513
2.4325 58.77092391738218
2.4375 94.8034184112513
2.4425 77.5639878077131
2.4475 -80.04866528193452
2.4524999999999997 134.15823010908323
2.4575 -113.89781235291356
2.4625 -61.004897944818225
2.4675 296.04305735563133
2.4724999999999997 -239.38999284160616
2.4775 -99.85812945231176
2.4825 130.255585979298
2.4875 119.51023647324816
2.4924999999999997 -75.23489135554419
2.4975 138.48791997628
2.5025 40.54953856254919
2.5075 94.31438861757715
2.5124999999999997 -143.2591802711764
2.5175 -30.69911948706645
2.5225 171.05083185729393
2.5275 -228.07432722582362
2.5324999999999998 -74.79686318220034
2.5375 -129.4567635412619
2.5425 146.78688217236393
2.5475 -75.27838423878087
2.5524999999999998 21.151737903201848
2.5574999999999997 156.95510488728422
2.5625 -28.26866613723083
2.5675 -40.68360578435407
2.5725 138.87091557015773
2.5774999999999997 -106.22262088487558
2.5825 161.41932778536534
2.5875 -183.81988009297405
2.5925 60.03265261534857
2.5974999999999997 66.20782022405447
2.6025 -277.1274352147475
2.6075 0.633116384560309
2.6125 -58.402287875262964
2.6174999999999997 -81.7331651295013
2.6225 -15.575294244644743
2.6275 194.3974268783525
2.6325 33.71724967734382
2.6374999999999997 -100.04396319506247
2.6425 128.28727879161085
2.6475 157.41702511887073
2.6525 -98.82777016368146
2.6574999999999998 -82.73252798192001
2.6625 68.5841943240231
2.6675 305.8795957152991
2.6725 -273.4038346077037
2.6774999999999998 -209.4189675524831
2.6824999999999997 237.18687919202347
2.6875 -1.350745010431302
2.6925 -212.36902329857597
2.6975 331.9144888861881
2.7024999999999997 -419.01117397549655
2.7075 301.8556197681602
2.7125 182.2901217584408
2.7175 -130.50244386948793
2.7224999999999997 -44.47808233507582
2.7275 -11.88522498313783
2.7325 96.63538104443906
2.7375 -157.34833222760327
2.7424999999999997 141.49616369780668
2.7475 25.46707611370921
2.7525 -31.726508782269367
2.7575 -371.1967730576695
2.7624999999999997 233.26288271615465
2.7675 -165.6385216860237
2.7725 82.99467875262576
2.7775 -246.29313931445373
2.7824999999999998 30.328658104961214
2.7875 264.71411543843584
2.7925 -64.2365787023356
2.7975 290.42258329121336
2.8024999999999998 57.340098431119515
2.8074999999999997 -258.9693854862223
2.8125 272.2279582732429
2.8175 85.01564013019946
2.8225 -236.33966090122797
2.8274999999999997 233.57907444564202
2.8325 -457.7139195438094
2.8375 205.93498591252364
2.8425 5.674133033437574
2.8474999999999997 -160.89460859479615
2.8525 -31.364969880972385
2.8575 156.45568307726523
2.8625 80.9368855616519
2.8674999999999997 -25.868210892113574
2.8725 -7.229337438989924
2.8775 96.34523725340847
2.8825 -114.13968358584786
2.8874999999999997 -147.99312925880668
2.8925 33.9628800158664
2.8975 1.243114953992009
2.9025 -36.87500574444117
2.9074999999999998 127.46352359363449
2.9125 24.439378121302777
2.9175 141.88860179438026
2.9225 -79.70813437012198
2.9274999999999998 -18.579920182320805
2.9324999999999997 15.991178591223347
2.9375 -36.45319983283583
2.9425 -5.7115585560373505
2.9475 62.598121319000974
2.9524999999999997 167.023204703845
2.9575 -86.86232022494693
2.9625 4.750183618310424
2.9675 72.63806205561593
2.9724999999999997 -363.8381643882105
2.9775 284.464420934628
2.9825 -145.4525349573751
2.9875 -7.315652387755083
2.9924999999999997 -317.87878786370896
2.9975 296.32488171755176
3.0025 4.360400633489832
3.0075 42.23000981950092
3.0124999999999997 -74.49788270344618
3.0175 -94.1390225522506
3.0225 90.26029692918962
3.0275 -8.536345608547984
3.0324999999999998 -29.853702324711584
3.0374999999999996 -24.457941271042394
3.0425 -66.50323042095737
3.0475 88.862552045808
3.0524999999999998 -2.003398796263557
3.0574999999999997 -12.427726237939384
3.0625 -43.74961956898791
3.0675 68.35123583464511
3.0725 53.640474820103876
3.0774999999999997 -210.84951671132575
3.0825 123.45572964338145
3.0875 -136.7275011438275
3.0925 193.70459534881698
3.0974999999999997 48.821082762510905
3.1025 80.60674587667731
3.1075 14.384195164199022
3.1125 106.17321327900541
3.1174999999999997 -143.6759967622519
3.1225 110.07743155399342
3.1275 -295.20763640348827
3.1325 134.6109169257217
3.1374999999999997 -75.29850245397284
3.1425 76.26291330895448
3.1475 4.693889933133116
3.1525 -130.59252476623462
3.1574999999999998 174.58628382152185
3.1624999999999996 -53.0510400109328
3.1675 126.2350524138902
3.1725 -0.38895584474330364
3.1774999999999998 58.98512556465756
3.1824999999999997 70.11761491796315
3.1875 -106.87269271992889
3.1925 -137.31510061259164
3.1975 42.976590453428734
3.2024999999999997 46.13571605185355
3.2075 117.30735428077587
3.2125 -169.77013190030544
3.2175 130.61455279865243
3.2224999999999997 -19.400788679849256
3.2275 -147.8453556706304
3.2325 98.96134789119942
3.2375 -78.07939160619969
3.2424999999999997 89.31193806562196
3.2475 -229.81727163857144
3.2525 90.291134016589
3.2575 -199.73522470288944
3.2624999999999997 6.056127795716886
3.2675 153.0588848436767
3.2725 -11.742350548534192
3.2775 -152.27353915708443
3.2824999999999998 38.49938964068921
3.2874999999999996 -19.30085657899403
3.2925 -8.176451250153631
3.2975 20.792653842070607
3.3024999999999998 100.29173257098505
3.3074999999999997 11.639788073809262
3.3125 -58.76660899892619
3.3175 -119.82648531040238
3.3225 -80.08006844579148
3.3274999999999997 229.89624627838472
3.3325 -29.65779592116287
3.3375 55.63258103580225
3.3425 -76.81600764119509
3.3474999999999997 -46.55481921812202
3.3525 184.37478923844182
3.3575 -195.50896287316473
3.3625 238.00457229274235
3.3674999999999997 135.15452230594298
3.3725 50.95454650686144
3.3775 36.54845489473033
3.3825 -243.81346784040738
3.3874999999999997 -9.668184826339116
3.3924999999999996 -104.33275976212256
3.3975 113.80351706825796
3.4025 75.70225260561553
3.4074999999999998 -280.4586541749621
3.4124999999999996 89.37838428338011
3.4175 -247.70810781751024
3.4225 103.30574416685911
3.4274999999999998 -126.47382377950973
3.4324999999999997 255.29066959731298
3.4375 102.51909289899942
3.4425 -22.4310256954895
3.4475 162.47912712891002
3.4524999999999997 -202.64753517608216
3.4575 146.01763768978327
3.4625 -75.98043589323137
3.4675 -85.86384793632764
3.4724999999999997 103.01733834371602
3.4775 8.411541934538366
3.4825 -258.9605390612468
3.4875 3.9051062070977047
3.4924999999999997 205.41802783809166
3.4975 65.2455938031204
3.5025 -138.22318462310557
3.5075 19.263685540789652
3.5124999999999997 68.62604819090558
3.5174999999999996 -90.21631060413144
3.5225 115.12741121170055
3.5275 -170.51494667043477
3.5324999999999998 -75.08278811144952
3.5374999999999996 -66.04830285211146
3.5425 305.8706099423532
3.5475 -257.05342865984414
3.5524999999999998 22.670214183928778
3.5574999999999997 76.50027250987317
3.5625 132.81127052113737
3.5675 -93.78372167666855
3.5725 61.3326304232109
3.5774999999999997 -460.6547676655134
3.5825 372.23127962612097
3.5875 68.49682814680146
3.5925 52.68856870196995
3.5974999999999997 112.88026778128324
3.6025 33.05949623607881
3.6075 -284.4876262534396
3.6125 243.41068496631928
3.6174999999999997 -237.7664399013855
3.6225 -116.86039737636068
3.6275 52.312119304672684
3.6325 -32.63699203850383
3.6374999999999997 90.62106750867444
3.6424999999999996 -154.56779072158767
3.6475 47.70956966339917
3.6525 99.62788351131479
3.6574999999999998 -4.483060862019182
3.6624999999999996 -150.6480065940682
3.6675 213.21028048320676
3.6725 -23.697131090827934
3.6774999999999998 12.376907520044254
3.6824999999999997 -82.0009575192404
3.6875 -74.84576688528242
3.6925 134.73213900161426
3.6975 -75.64900885144067
3.7024999999999997 -32.77529338589047
3.7075 83.71235159088396
3.7125 -83.04972126672051
3.7175 41.635700660432775
3.7224999999999997 90.91584484999322
3.7275 -91.08365822900795
3.7325 -115.75920319841201
3.7375 29.719886955612388
3.7424999999999997 151.01424641691005
3.7474999999999996 -1.295303861137027
3.7525 165.00124242888063
3.7575 8.775597520709386
3.7624999999999997 145.75036288761876
3.7674999999999996 -78.5489756471962
3.7725 -108.0654247638425
3.7775 75.64185664251116
3.7824999999999998 -72.350083487298
3.7874999999999996 -25.326844027163478
3.7925 -202.08735850627394
3.7975 155.7828573239786
3.8024999999999998 -244.8743290707519
3.8074999999999997 49.23530164425364
3.8125 163.97648331017066
3.8175 105.2429874154935
3.8225 84.90768979712189
3.8274999999999997 -148.217510281898
3.8325 315.1268512458768
3.8375 -388.1358131888967
3.8425 100.23165313436108
3.8474999999999997 -124.31862925209464
3.8525 102.24942089067392
3.8575 357.8857314833027
3.8625 -207.05786462159017
3.8674999999999997 -325.5956883241106
3.8724999999999996 217.64732697428147
3.8775 -258.97203632147955
3.8825 40.934056194173365
3.8874999999999997 423.11294398644276
3.8924999999999996 -258.6624930955103
3.8975 85.52627642539137
3.9025 80.9151645158393
3.9074999999999998 48.932043617037436
3.9124999999999996 -148.1589885424161
3.9175 -92.07302125264151
3.9225 -58.27385154835584
3.9274999999999998 119.97555684794585
3.9324999999999997 58.41095620063704
3.9375 -168.84205458117262
3.9425 -96.0854210875446
3.9475 10.317319648269544
3.9524999999999997 227.261511764614
3.9575 -52.547029455143004
3.9625 -101.31796523855841
3.9675 131.32574700896356
3.9724999999999997 -21.73281499217741
3.9775 -238.86835667553757
3.9825 125.57698024210463
3.9875 -3.183266811891168
3.9924999999999997 55.847117631386055
3.9974999999999996 -4.457467679545054
4.0024999999999995 144.81772580419812
4.007499999999999 -128.19891099328385
4.0125 6.1990731543583335
4.0175 -49.026467328151114
4.0225 -194.96308713422667
4.0275 -12.143929819331342
4.0325 104.33170044122022
4.0375 119.20231515764999
4.0424999999999995 -149.51768421643632
4.047499999999999 99.41391555808605
4.0525 120.54387846583614
4.0575 249.17381371924972
4.0625 -93.5487385626009
4.0675 92.16016399940638
4.0725 -58.53916488638384
4.0775 -139.86011858705666
4.0825 -102.20416457795174
4.0874999999999995 238.09709026574924
4.0925 -120.70149477092161
4.0975 96.14591465344127
4.1025 -153.49776871093127
4.1075 302.3418227652236
4.1125 -147.0451080739255
4.1175 -176.87249761350662
4.1225 245.70154770397707
4.1274999999999995 -159.56358994095828
4.132499999999999 75.62878813193434
4.1375 -22.725623621361994
4.1425 -37.008890195395374
4.1475 75.71526460065573
4.1525 102.69107388763837
4.1575 128.8977534337119
4.1625 -148.28150679128532
4.1674999999999995 126.8472983805459
4.172499999999999 -96.88536886899877
4.1775 -217.40718759055608
4.1825 -226.1159803257837
4.1875 -139.0350053056031
4.1925 0.18085392788832935
4.1975 83.69187822916504
4.2025 241.18952082015335
4.2075 -64.23376937356531
4.2124999999999995 -9.87062742604741
4.2175 219.29836087380073
4.2225 -146.0034745936619
4.2275 -175.6532138599326
4.2325 222.70330037110577
4.2375 83.3192860994824
4.2425 -86.52599922717079
4.2475 149.76383681378275
4.2524999999999995 -0.6117007463390792
4.257499999999999 -221.45196507112135
4.2625 -56.46779092643021
4.2675 167.99580077176137
4.2725 74.99242674237149
4.2775 -175.06543787058087
4.2825 -90.43735444728797
4.2875 365.71048549639266
4.2924999999999995 82.51435498328084
4.297499999999999 -2.9266215360682746
4.3025 -102.93130399886668
4.3075 -37.00989773780259
4.3125 -221.51111966618734
4.3175 170.11322818325175
4.3225 -110.95324111397814
4.3275 43.246632411535856
4.3325 161.51334292665084
4.3374999999999995 -99.34650449708631
4.342499999999999 -227.3079458900679
4.3475 272.0326236042847
4.3525 51.926794533813045
4.3575 12.053175473186686
4.3625 -130.67222101536765
4.3675 -135.69566995113985
4.3725 77.41185377284879
4.3774999999999995 -26.690279176982894
4.382499999999999 -204.99123921676525
4.3875 161.51457837338734
4.3925 -118.85192718621931
4.3975 -218.8259390159928
4.4025 146.01958435066513
4.4075 363.99580457588013
4.4125 -326.13697597520024
4.4174999999999995 28.692679115415288
4.422499999999999 286.3239331484237
4.4275 -251.84662542778585
4.4325 123.82153596113507
4.4375 49.895175470817804
4.4425 140.90019966645377
4.4475 19.326286991459313
4.4525 -155.42774454841887
4.4575 74.19517259402853
4.4624999999999995 -143.80358384288814
4.467499999999999 134.1704681241784
4.4725 110.9848754059843
4.4775 -288.74699408185114
4.4825 -85.0985647388976
4.4875 -153.84650838930145
4.4925 144.9432777991781
4.4975 26.381313277944766
4.5024999999999995 -144.77430088434832
4.507499999999999 148.0159225865935
4.5125 -276.50379534747265
4.5175 -65.76109563204885
4.5225 46.65861898176625
4.5275 108.57237846982457
4.5325 -8.109415270730448
4.5375 228.49635643630126
4.5424999999999995 -225.70597675304126
4.547499999999999 -92.50752289597558
4.5525 -250.385447545577
4.5575 376.3712642060356
4.5625 234.38919255647875
4.5675 -60.88752695206945
4.5725 5.584467285743346
4.5775 -78.7692913018087
4.5825 -8.046459068287264
4.5874999999999995 95.15299246684552
4.592499999999999 -50.817872859563245
4.5975 -12.53633330918521
4.6025 -99.37530913051911
4.6075 71.28728625441497
4.6125 -147.3111997670827
4.6175 102.310617019036
4.6225 149.15750050375783
4.6274999999999995 -20.891287204051693
4.632499999999999 -26.023065304635846
4.6375 -20.9987631750582
4.6425 -11.294173658559588
4.6475 -29.812746916697666
4.6525 -240.8141684427136
4.6575 91.86266568829946
4.6625 -51.65296182404883
4.6674999999999995 58.860686774426874
4.672499999999999 -167.30688809137982
4.6775 122.47941197145524
4.6825 236.25623607410733
4.6875 141.84998740595196
4.6925 -333.6440840528588
4.6975 2.277006891310639
4.7025 -52.86233641054836
4.7075 -24.033185630020487
4.7124999999999995 77.25752990897297
4.717499999999999 -45.56512203568697
4.7225 2.8950977750301354
4.7275 100.7368093304759
4.7325 69.7293685767669
4.7375 -98.90690375755352
4.7425 82.98392908964868
4.7475 -319.4537325738102
4.7524999999999995 222.90971721703647
4.757499999999999 -114.39490222267649
4.7625 -21.40459749337034
4.7675 43.74186305830769
4.7725 148.81564532568092
4.7775 78.73837460579549
4.7825 -129.00647011483434
4.7875 156.21971077682608
4.7924999999999995 154.12286581059334
4.797499999999999 63.564162045215106
4.8025 -79.99069646046163
4.8075 82.66554410995316
4.8125 -13.985676614332153
4.8175 -27.761687232819725
4.8225 -204.6899490355331
4.8275 129.27411980119868
4.8325 -207.96545972994738
4.8374999999999995 160.61413119746385
4.842499999999999 -25.07523514753183
4.8475 315.72051123288463
4.8525 -66.39135518583952
4.8575 -42.45141459890179
4.8625 -242.30904175631306
4.8675 220.09600707811896
4.8725 -377.38839260883367
4.8774999999999995 146.5326883813024
4.882499999999999 -73.41859596073412
4.8875 165.31364143294363
4.8925 73.21690589269971
4.8975 17.582973615813525
4.9025 -135.7136732088927
4.9075 350.82320790757393
4.9125 -319.9828482652166
4.9174999999999995 262.6737841008483
4.922499999999999 23.808738485725087
4.9275 -99.98514177191431
4.9325 -218.36451137092865
4.9375 1.750207547398785
4.9425 43.22175182484419
4.9475 -15.076299426281924
4.9525 -135.6129905501309
4.9575 -0.9694947531722395
4.9624999999999995 -1.8602892201839225
4.967499999999999 -193.13024341132248
4.9725 66.35089328543931
4.9775 -55.60006499615723
4.9825 273.6066476177393
4.9875 -320.8025328971269
4.9925 109.34307972424675
4.9975 108.91380915635052
5.0024999999999995 -158.67509083371564
5.007499999999999 171.18646427655653
5.0125 84.64289970480141
5.0175 -158.5699707513416
5.0225 -79.60030930547484
5.0275 129.8153276462978
5.0325 312.33773391838065
5.0375 -427.5066494427773
5.0424999999999995 266.0067878730273
5.047499999999999 -4.040194919265294
5.0525 5.903145567257554
5.0575 -74.30277264920508
5.0625 -73.37477201093134
5.0675 -94.90349880782195
5.0725 282.1841873285583
5.0775 -135.59186623996104
5.0825 11.530488078661595
5.0874999999999995 -183.0363214552824
5.092499999999999 -1.3992565917459177
5.0975 -73.4357031939314
5.1025 -241.1648272808081
5.1075 238.7215589836997
5.1125 67.62642618284224
5.1175 240.89041474400753
5.1225 18.421317848891537
5.1274999999999995 -177.84224106135693
5.132499999999999 47.41260598005777
5.1375 144.4107538064224
5.1425 -195.84570875724532
5.1475 254.31941727016488
5.1525 30.507749129702
5.1575 -78.36256911717912
5.1625 187.62168300469216
5.1674999999999995 -387.5907156406072
5.172499999999999 162.60649841098964
5.177499999999999 0.888633191833598
5.1825 -39.69561551586788
5.1875 -32.75393722385679
5.1925 -93.00331192151263
5.1975 -51.89703946563982
5.2025 212.98288637276897
5.2075 -30.71660844685682
5.2124999999999995 -144.67266423806495
5.217499999999999 -146.0654400307198
5.2225 240.00627680716764
5.2275 227.83854138060082
5.2325 -58.4195729448927
5.2375 -285.94191713525
5.2425 207.11716738078707
5.2475 95.80027214490389
5.2524999999999995 -110.41448468784816
5.257499999999999 88.28403151180565
5.2625 -238.06404295374307
5.2675 101.17091918100373
5.2725 43.55453267361631
5.2775 156.49650847980723
5.2825 -72.31270480877512
5.2875 -4.575914967594846
5.2924999999999995 -6.226476149849165
5.297499999999999 215.00235979297804
5.302499999999999 -197.38013491982528
5.3075 -66.75752836113936
5.3125 92.53389525598195
5.3175 -11.677824674760759
5.3225 -28.77307914417024
5.3275 60.31754776441243
5.3325 -73.18900373146228
5.3374999999999995 -36.24432058063142
5.342499999999999 -156.96650878832435
5.3475 108.06217436387604
5.3525 278.0144978799517
5.3575 -2.4279081111281817
5.3625 -142.9694753144057
5.3675 2.9946986777347817
5.3725 77.21642633682812
5.3774999999999995 -90.77262480873783
5.382499999999999 -46.07032764177615
5.3875 71.03928397395265
5.3925 163.89305341704735
5.3975 -180.90568052711194
5.4025 -124.5154396410603
5.4075 77.11995056565952
5.4125 133.91716746281372
5.4174999999999995 42.39658788336363
5.422499999999999 -228.65516943649217
5.427499999999999 135.65906275245683
5.4325 -40.63049275936578
5.4375 -15.466059252233025
5.4425 -156.20092636777375
5.4475 159.5592590349873
5.4525 -76.82496505768431
5.4575 231.25283923232303
5.4624999999999995 -50.241840851354986
5.467499999999999 -17.972224867727288
5.4725 -110.75467453267369
5.4775 -62.626029072579065
5.4825 97.04410101052322
5.4875 6.717484184681745
5.4925 47.23913354706533
5.4975 -239.41075608394715
5.5024999999999995 -32.978379170565
5.507499999999999 14.954446073819058
5.5125 292.35287940533925
5.5175 -177.81730599868814
5.5225 42.04705968496269
5.5275 135.34983651351368
5.5325 -72.78595222764656
5.5375 10.510000784488575
5.5424999999999995 -84.91650424706737
5.547499999999999 11.757472500803045
5.552499999999999 186.09839020544965
5.5575 -158.64446799875515
5.5625 172.02324331217682
5.5675 165.0182572075286
5.5725 -315.90611268789786
5.5775 224.50862064114645
5.5825 68.09059216684665
5.5874999999999995 12.504288884785105
5.592499999999999 2.925690033045744
5.5975 98.74183299397484
5.6025 -61.66229118177759
5.6075 -167.14531629908512
5.6125 53.13819859718015
5.6175 69.20414818089154
5.6225 115.06802687012244
5.6274999999999995 -231.2958533454084
5.632499999999999 151.01647262903185
5.6375 -128.62924969824294
5.6425 67.57489973779062
5.6475 72.06893033783926
5.6525 30.236883255337492
5.6575 84.02670399953372
5.6625 -374.766193523992
5.6674999999999995 94.30522112645649
5.672499999999999 -117.66628787504766
5.677499999999999 200.85479565760176
5.6825 -247.8847959779572
5.6875 -15.371727864084153
5.6925 -137.40040801894958
5.6975 76.60541206675109
5.7025 368.02525410866406
5.7075 -72.21005002753347
5.7124999999999995 -107.60358769365098
5.717499999999999 92.39524323594085
5.7225 13.062796092878692
5.7275 1.1781023163097457
5.7325 -9.812031653844224
5.7375 -39.89987991922913
5.7425 72.24371965191679
5.7475 85.57069535089445
5.7524999999999995 -319.5906341583338
5.757499999999999 169.87219951867564
5.7625 49.13581762146844
5.7675 -282.1436067882962
5.7725 165.10656997064444
5.7775 126.68324654143242
5.7825 42.43875781618082
5.7875 -125.05166502315925
5.7924999999999995 -225.08226587948826
5.797499999999999 78.70688857660862
5.802499999999999 9.355520194319567
5.8075 60.32077506307762
5.8125 18.377744995183633
5.8175 183.19110310672409
5.8225 -134.0177227858295
5.8275 158.63251590029947
5.8325 -280.5109600607149
5.8374999999999995 192.20389443796165
5.842499999999999 -72.92525259734497
5.8475 -222.71039492958246
5.8525 30.416333612636713
5.8575 71.6654041512153
5.8625 91.17293616432663
5.8675 50.174267086138634
5.8725 -30.861781892698986
5.8774999999999995 -282.1406323374444
5.882499999999999 231.56100407790817
5.8875 46.64819739180822
5.8925 -47.07535231144677
5.8975 -34.34463823036053
5.9025 219.48494561855574
5.9075 -312.13853249950074
5.9125 -224.09041125427328
5.9174999999999995 173.80725868056504
5.922499999999999 198.6711770308626
5.927499999999999 -164.11083397318183
5.9325 -38.49876974617695
5.9375 -68.81067711320884
5.9425 202.98256009957
5.9475 54.94290924452251
5.9525 -127.97452457522861
5.9575 173.0183475642994
5.9624999999999995 -116.47358787195634
5.967499999999999 31.040680705402245
5.9725 58.452498936002996
5.9775 35.89374549606203
5.9825 -138.2201705488755
5.9875 124.43881207371895
5.9925 -56.72839557942867
5.9975 -90.85177971929657
6.0024999999999995 6.46199066786243
6.007499999999999 -264.64356115303326
6.012499999999999 208.32896377974643
6.0175 43.178693959917304
6.0225 -60.76819298196258
6.0275 105.79329044603836
6.0325 109.3565512123111
6.0375 98.98114346123238
6.0424999999999995 -150.92278730425986
6.047499999999999 -15.569233726401077
6.052499999999999 -41.78273783603467
6.0575 54.63637226350645
6.0625 -164.07344265432434
6.0675 306.4653787918223
6.0725 -167.82887966714435
6.0775 -64.03189219239218
6.0825 -41.389407596647814
6.0874999999999995 92.14734240711702
6.092499999999999 0.6867707481228816
6.0975 -6.56176276198301
6.1025 95.66460965858629
6.1075 -9.326015161341317
6.1125 -72.83686568637141
6.1175 83.8540478180024
6.1225 146.9088104621914
6.1274999999999995 225.62844901623302
6.132499999999999 -200.74778390021285
6.137499999999999 -109.56912673851187
6.1425 135.9650548421175
6.1475 79.97443084163508
6.1525 -84.07917360928292
6.1575 -116.23043684831384
6.1625 -108.54740531344721
6.1674999999999995 -3.543159393894964
6.172499999999999 -74.27905612466641
6.177499999999999 253.06000860405862
6.1825 -166.60893016186478
6.1875 148.00723682627503
6.1925 -235.9852295359276
6.1975 -116.43536152617642
6.2025 237.46062018740113
6.2075 -48.35638530876864
6.2124999999999995 -76.26930963080572
6.217499999999999 180.70899731455174
6.2225 211.43561374843185
6.2275 -80.79838631119873
6.2325 38.81468843785646
6.2375 -41.608270558537875
6.2425 -384.42119149595743
6.2475 118.93885711152659
6.2524999999999995 161.38914266619665
6.257499999999999 3.2479819699473214
6.262499999999999 -14.711806584864828
6.2675 122.08314792437459
6.2725 18.435338044261385
6.2775 -54.546212416068315
6.2825 -3.2582847720108647
6.2875 18.149429694657407
6.2924999999999995 -146.6140291075458
6.297499999999999 -103.09364918720024
6.302499999999999 129.85865624630404
6.3075 17.685918606638467
6.3125 -348.94545992623915
6.3175 215.09575938203932
6.3225 8.533510752387457
6.3275 96.29910346954321
6.3325 123.45925637076793
6.3374999999999995 -168.31509907937232
6.342499999999999 96.09422721477135
6.3475 -66.84244048770218
6.3525 282.8987895112576
6.3575 -359.10769962617786
6.3625 181.95196081480069
6.3675 -107.34650029395605
6.3725 313.2441725306928
6.3774999999999995 -73.51854200954484
6.382499999999999 -124.48921537939263
6.387499999999999 75.64332946765991
6.3925 36.33769918196719
6.3975 -61.289036483089156
6.4025 170.5917664827098
6.4075 -133.41129051267836
6.4125 35.946319287827805
6.4174999999999995 72.12500203998914
6.422499999999999 -147.71402540612868
6.427499999999999 229.8734118962384
6.4325 -164.50281388435212
6.4375 16.89732857296605
6.4425 -109.84076053993509
6.4475 48.04216418853951
6.4525 -56.03277445879571
6.4575 353.4547857753243
6.4624999999999995 -307.0580379472316
6.467499999999999 -4.152781631697481
6.4725 -7.607092285970104
6.4775 26.822700540040287
6.4825 -161.59865585955717
6.4875 -7.107746531783843
6.4925 8.537453023579873
6.4975 132.799371072924
6.5024999999999995 -290.2888466096366
6.507499999999999 59.173223481654205
6.512499999999999 -142.72838529856315
6.5175 -155.5052872858585
6.5225 233.57451530638053
6.5275 209.8865348638591
6.5325 251.4512522076736
6.5375 -278.0056146113202
6.5424999999999995 216.61443751336733
6.547499999999999 -18.357113436016736
6.552499999999999 -274.86250363431543
6.5575 -29.296282284087145
6.5625 -105.5737475213183
6.5675 97.22682699088999
6.5725 74.30488694872177
6.5775 -60.10496243516749
6.5825 35.5216124646501
6.5874999999999995 44.91762846704703
6.592499999999999 -103.90712289979975
6.5975 87.77167692060685
6.6025 83.12581400891965
6.6075 -32.95091400140466
6.6125 3.810560122412306
6.6175 -21.675202830453106
6.6225 -140.59880040168295
6.6274999999999995 176.03274680806842
6.632499999999999 49.162663455350575
6.637499999999999 -225.48064832165267
6.6425 34.661134405227756
6.6475 -130.51843112133494
6.6525 -29.791371806498038
6.6575 287.4137063851414
6.6625 -133.40592476051933
6.6674999999999995 146.21693370968433
6.672499999999999 140.99083690240613
6.677499999999999 1.0502294670666392
6.6825 120.83567778707395
6.6875 -119.90211401991257
6.6925 -206.80032022897626
6.6975 -61.88281121176852
6.7025 137.0204134724378
6.7075 18.59888282255909
6.7124999999999995 -48.58337959974652
6.717499999999999 45.17968107572643
6.722499999999999 -35.42750903017469
6.7275 -93.97150760684951
6.7325 8.299454058891575
6.7375 192.70877238223332
6.7425 29.110840794688386
6.7475 107.50078915635865
6.7524999999999995 -96.1720857549767
6.757499999999999 -141.66284623975105
6.762499999999999 53.14660403319979
6.7675 68.29458239748382
6.7725 -77.900477233631
6.7775 -6.826128889090489
6.7825 -32.749414467705584
6.7875 -138.77363015964846
6.7924999999999995 166.01964878020408
6.797499999999999 228.32860187555164
6.802499999999999 -267.9257398254695
6.8075 86.05638972457629
6.8125 -8.075338046954512
6.8175 111.54388117124624
6.8225 -242.98497902214146
6.8275 47.85324755287267
6.8325 284.6315298103062
6.8374999999999995 -198.51250008080586
6.842499999999999 164.32667857612202
6.847499999999999 -33.863390828390145
6.8525 26.69065445593619
6.8575 -82.16517883917147
6.8625 -156.30346272297825
6.8675 76.66936515325814
6.8725 9.49117711296862
6.8774999999999995 -31.480107884998354
6.882499999999999 -53.882209731510976
6.887499999999999 157.55457590835076
6.8925 -181.02462691511613
6.8975 155.7906300853428
6.9025 406.48453936400085
6.9075 -302.54076071084285
6.9125 58.57538700306939
6.9174999999999995 53.8341287604259
6.922499999999999 82.3531625408345
6.927499999999999 1.6929588878163047
6.9325 -122.50812291673421
6.9375 -67.83884321552993
6.9425 -170.83787289390173
6.9475 3.419161543275944
6.9525 -162.93360836318035
6.9575 158.1043664173237
6.9624999999999995 -133.91914873041532
6.967499999999999 69.41496113290597
6.972499999999999 309.7560938761857
6.9775 -555.054403950092
6.9825 160.09058922749622
6.9875 320.6445848017607
6.9925 -141.85119548311542
6.9975 -5.814248141375494
7.0024999999999995 -142.95263210547904
7.007499999999999 -72.18569433135536
7.012499999999999 170.6404832700299
7.0175 -26.70273364855706
7.0225 -89.05340823679447
7.0275 17.034783305771516
7.0325 -8.259010514527139
7.0375 200.29208498311158
7.0424999999999995 -415.2462776171664
7.047499999999999 209.53097029296765
7.052499999999999 -92.61913186988657
7.0575 107.46016481491084
7.0625 106.51483055233211
7.0675 -212.84738553799207
7.0725 275.13205971670897
7.0775 -73.06846622385669
7.0825 154.8339571876289
7.0874999999999995 -219.35812694197196
7.092499999999999 314.53683167525116
7.097499999999999 -291.3199942209209
7.1025 -13.450952726351805
7.1075 81.02013196020988
7.1125 61.34211213808349
7.1175 -247.28128064192956
7.1225 154.36473980680185
7.1274999999999995 -65.78414410215349
7.132499999999999 -81.01928824048738
7.137499999999999 270.85608632095204
7.1425 0.43059154454843723
7.1475 -67.51967925567891
7.1525 95.1777182443897
7.1575 -107.36217187462178
7.1625 -41.38887178462193
7.1674999999999995 273.1392637351364
7.172499999999999 13.49298239010721
7.177499999999999 -227.89602103674798
7.1825 61.28880042052177
7.1875 6.5260388899526705
7.1925 -111.66971883614471
7.1975 -242.08304184929378
7.2025 93.62062941741726
7.2075 37.57831824143391
7.2124999999999995 137.21267788059055
7.217499999999999 227.3559159354315
7.222499999999999 25.91516576316978
7.2275 246.4569951584757
7.2325 15.742917878831049
7.2375 -5.447428754666238
7.2425 -330.48815622060613
7.2475 139.97845402829358
7.2524999999999995 -126.90192890361584
7.257499999999999 -108.54114794481288
7.262499999999999 45.518101635556874
7.2675 229.24391803257018
7.2725 -239.63212862514905
7.2775 137.22100737591387
7.2825 72.00958455051548
7.2875 -144.68002086349304
7.2924999999999995 -67.29509427663471
7.297499999999999 -99.56010098731184
7.302499999999999 -129.17944397421036
7.3075 204.6541162115486
7.3125 101.08427829746742
7.3175 -0.30348435253166156
7.3225 54.002275048189524
7.3275 -140.07733187424915
7.3325 -50.63410801968165
7.3374999999999995 -258.06531348667824
7.342499999999999 187.97022451682685
7.347499999999999 -21.86371076470727
7.3525 90.22074131693488
7.3575 -84.67764432508895
7.3625 -6.507940759785619
7.3675 23.70793470344416
7.3725 -4.942650929740148
7.3774999999999995 106.47947985390331
7.382499999999999 -152.150697407757
7.387499999999999 40.69330513996606
7.3925 195.2755425222418
7.3975 5.176098650236082
7.4025 -213.00365369422903
7.4075 151.0309617257166
7.4125 49.8117803159987
7.4174999999999995 -19.997480965538422
7.422499999999999 -51.12103167207722
7.427499999999999 84.72799637860545
7.4325 19.120490369002052
7.4375 77.17366868190543
7.4425 -137.90770443672474
7.4475 -174.78613585166738
7.4525 293.7389486492697
7.4575 -128.04528890236654
7.4624999999999995 -48.37145444631453
7.467499999999999 -134.84351263667253
7.472499999999999 133.77231643185772
7.4775 59.89297746013868
7.4825 -9.062808819891048
7.4875 62.936940892336324
7.4925 46.73657418722444
7.4975 119.634743029489
7.5024999999999995 -316.35761357468664
7.507499999999999 97.51240230016062
7.512499999999999 -10.062624388732898
7.5175 284.99308703474276
7.5225 -212.36719799148602
7.5275 -112.93987841528066
7.5325 146.10090251016925
7.5375 -131.9241417347291
7.5424999999999995 33.81258263725387
7.547499999999999 -165.88164165572752
7.552499999999999 -70.11204310449949
7.557499999999999 74.59684371079672
7.5625 211.76922200045024
7.5675 213.61819363901665
7.5725 -343.35606730161044
7.5775 -130.64768014692203
7.5825 447.6469236223955
7.5874999999999995 -187.35876917555365
7.592499999999999 192.34346016422361
7.597499999999999 121.227669285903
7.6025 13.778277819176667
7.6075 -161.36624107727422
7.6125 -321.7645774683017
7.6175 232.77859101664257
7.6225 -1.8377270863385433
7.6274999999999995 -169.39944314020883
7.632499999999999 316.3071427661717
7.637499999999999 -263.01759403225293
7.6425 29.518417423176054
7.6475 171.6330611000265
7.6525 -134.00516656141173
7.6575 -254.02356573889685
7.6625 -22.391527322486045
7.6674999999999995 17.355936428293298
7.672499999999999 189.99432892142667
7.677499999999999 -100.13340353853265
7.682499999999999 85.57462760521788
7.6875 -60.2512162225336
7.6925 99.86931361548473
7.6975 25.650201576350636
7.7025 256.8275974441356
7.7075 -40.379612199862635
7.7124999999999995 -82.38834770598028
7.717499999999999 127.91349858560658
7.722499999999999 15.51419219918996
7.7275 -66.45981227770856
7.7325 -33.14618353604245
7.7375 24.610230575599882
7.7425 345.5410618990928
7.7475 -363.7241435364683
7.7524999999999995 -49.732190584506874
7.757499999999999 75.562382771159
7.762499999999999 76.2675719260872
7.7675 134.38146161010724
7.7725 -180.32646279271202
7.7775 -75.49540863644411
7.7825 -1.8258823772712371
7.7875 230.01375754019531
7.7924999999999995 -301.8427060667308
7.797499999999999 23.921095780606404
7.802499999999999 -16.717310732900035
7.807499999999999 -100.26005617194346
7.8125 124.04023220548171
7.8175 -41.342914990114
7.8225 250.84877672626843
7.8275 -183.58711963824706
7.8325 319.2554318589592
7.8374999999999995 -187.410258974326
7.842499999999999 11.553520890212424
7.847499999999999 159.9438696310506
7.8525 -106.2076026211815
7.8575 156.39095666873553
7.8625 -7.00596040552471
7.8675 18.973318450886776
7.8725 -74.5780082469639
7.8774999999999995 -275.6825832170597
7.882499999999999 266.4427418801226
7.887499999999999 -333.56925195582517
7.8925 60.24917639983583
7.8975 -140.3202926267253
7.9025 -42.085902964603946
7.9075 173.94559185494919
7.9125 -150.96301794492638
7.9174999999999995 220.29497268937635
7.922499999999999 156.36451187146977
7.927499999999999 -106.6231614277424
7.932499999999999 -8.349006407696058
7.9375 62.16921589805267
7.9425 -137.2831412411135
7.9475 24.255995797521184
7.9525 103.02681611105405
7.9575 -202.85575288728458
7.9624999999999995 180.38535263979267
7.967499999999999 18.473675447347258
7.972499999999999 98.02227948445436
7.9775 -32.630546898808376
7.9825 -9.533041769778922
7.9875 -76.26269487870817
7.9925 112.89371035365687
7.9975 1.7785082780434982
8.0025 -3.7926898965745353
8.0075 207.01307707859837
8.0125 -133.35889199144756
8.0175 10.263943059556341
8.022499999999999 83.87009165117824
8.0275 -203.24533402150408
8.032499999999999 -108.35662517829348
8.0375 23.978123180876135
8.0425 384.702577566404
8.0475 -183.0195661447922
8.0525 -158.28674988327415
8.0575 -23.397596378219887
8.0625 -38.58920447360577
8.067499999999999 149.40283254025127
8.0725 20.80501830985654
8.077499999999999 82.82322337821505
8.0825 -129.4879145892442
8.0875 -53.14332994802591
8.0925 179.04736395574585
8.0975 209.6986266916909
8.1025 -91.45953161521895
8.1075 163.51739477671708
8.112499999999999 -124.98738147866435
8.1175 92.39053922216056
8.1225 -234.10853094086642
8.1275 -71.04344862292594
8.1325 168.59564272949316
8.1375 -173.8274666199282
8.1425 106.2012252474962
8.147499999999999 107.6374696460501
8.1525 -149.30744720971592
8.157499999999999 157.99039583085514
8.1625 -349.527354681209
8.1675 251.07327050904001
8.1725 -206.78179576507546
8.1775 70.27356963995508
8.1825 8.115374732089077
8.1875 -192.60364322052976
8.192499999999999 99.29221655422495
8.1975 -154.22110455070174
8.202499999999999 153.5932833890161
8.2075 16.266029896491588
8.2125 61.48184433516795
8.2175 -62.07322001550351
8.2225 73.73641012693056
8.2275 -189.17743322269132
8.2325 81.96189396717004
8.237499999999999 69.18659625792475
8.2425 -45.755853747749946
8.2475 30.8683626631031
8.2525 173.15663654274437
8.2575 78.92167889997704
8.2625 -80.67151149738375
8.2675 79.06204322893093
8.272499999999999 -217.33592340685297
8.2775 -6.873356929539069
8.282499999999999 7.979786393629179
8.2875 -100.61980322150605
8.2925 181.79567357881334
8.2975 -16.541116737989285
8.3025 156.2254428601934
8.3075 -132.65324834370566
8.3125 72.82264982487129
8.317499999999999 -17.65740372224323
8.3225 -58.483713934045376
8.327499999999999 161.4833804813281
8.3325 -31.733254592514708
8.3375 -207.30094051049133
8.3425 53.77181561136447
8.3475 22.36167514496236
8.3525 -134.36099048532455
8.3575 283.4282025836017
8.362499999999999 33.391459649129466
8.3675 -38.11565296298783
8.3725 -68.28828581667277
8.3775 -114.91564887762158
8.3825 27.410466594763356
8.3875 -7.907961791601375
8.3925 258.4479309725362
8.397499999999999 -85.03913039521493
8.4025 -48.805766591541115
8.407499999999999 -58.06205671290891
8.4125 -12.227870720804994
8.4175 61.36461282197405
8.4225 -146.00279153859648
8.4275 143.32123709365965
8.4325 88.33250947328415
8.4375 -82.70315753519857
8.442499999999999 204.17671585472308
8.4475 -65.47740244146986
8.452499999999999 -135.42655803217787
8.4575 190.23795549140056
8.4625 -110.0796877015857
8.4675 -179.2689295971805
8.4725 176.58744673420392
8.4775 -51.347772268166615
8.4825 -0.6989736301603399
8.487499999999999 -152.3994799842197
8.4925 55.38774467806654
8.4975 -63.5316716645448
8.5025 86.46958316842175
8.5075 -95.9888068566009
8.5125 230.9576652789162
8.5175 178.21956445925642
8.522499999999999 9.213517728982698
8.5275 -7.758557871646934
8.532499999999999 -65.98229586336667
8.5375 -84.71831787913445
8.5425 91.4645965652436
8.5475 -127.21316305601893
8.5525 -16.415009851233012
8.5575 -39.90580330999061
8.5625 -296.81270540782975
8.567499999999999 82.03670132632033
8.5725 360.83743203546715
8.577499999999999 -140.40396220098938
8.5825 -340.6714619387875
8.5875 177.1063714703596
8.5925 82.41753814512523
8.5975 52.66105728086288
8.6025 -75.51654373654176
8.6075 -106.36262177747989
8.612499999999999 142.49718214622482
8.6175 -160.9316691020325
8.6225 -52.3048630782072
8.6275 -53.14141118305502
8.6325 -3.4155329694975047
8.6375 91.37040049529024
8.6425 23.06566582839454
8.647499999999999 -174.25058100765963
8.6525 270.4149335424101
8.657499999999999 82.13839350125667
8.6625 60.01025186987493
8.6675 80.59671913886481
8.6725 -142.89321934165204
8.6775 -85.05792375201231
8.6825 19.29963652764236
8.6875 252.18289694979535
8.692499999999999 27.267526104747883
8.6975 15.238481120891969
8.702499999999999 -303.4671268066349
8.7075 160.63640877985884
8.7125 24.55694958301556
8.7175 98.5107646828382
8.7225 104.32919155272695
8.7275 -143.07961402906543
8.7325 -37.04163775794303
8.737499999999999 -13.764802515162218
8.7425 -58.01149879546449
8.747499999999999 327.0619328011502
8.7525 -174.53529878083674
8.7575 79.0661163608944
8.7625 66.22664173993181
8.7675 -65.94229562713465
8.772499999999999 -2.376042901818055
8.7775 4.189010261815072
8.782499999999999 36.62444190879517
8.7875 -215.79286408485274
8.7925 178.68088639263433
8.7975 -60.787016274230474
8.8025 -81.44103339295643
8.8075 173.31227802786805
8.8125 -97.21659790903459
8.817499999999999 -31.532078263208703
8.8225 270.18642665487266
8.827499999999999 -153.55353757138724
8.8325 -3.940912845769567
8.8375 22.73162094615639
8.8425 158.16503202993545
8.8475 -152.31436061209186
8.8525 128.11168021649803
8.8575 -105.4615572400455
8.862499999999999 34.01775347679313
8.8675 -272.6386668756599
8.872499999999999 192.2300140735151
8.8775 -209.44424177416383
8.8825 187.45851034732013
8.8875 91.52769237882615
8.8925 -20.803208760008804
8.897499999999999 -149.7566503270947
8.9025 50.862517370219045
8.907499999999999 220.98661680051265
8.9125 -140.93577274266346
8.9175 24.310751391644814
8.9225 -16.67866910648316
8.9275 -144.21056268305716
8.9325 -56.57010444330814
8.9375 0.8996194437160137
8.942499999999999 89.17455754646643
8.9475 27.747761580902864
8.952499999999999 -79.82207535008128
8.9575 153.97615924101186
8.9625 -28.843727841441332
8.9675 346.03540191627303
8.9725 -147.3656228472109
8.9775 -117.6617157747143
8.9825 -26.764130443259884
8.987499999999999 84.56133890350561
8.9925 -167.6903856800706
8.997499999999999 95.4849770978945
9.0025 53.787644698659626
9.0075 80.30129565192887
9.0125 -87.12495443705326
9.0175 -102.13692786639557
9.022499999999999 204.2505476464962
9.0275 -14.384191743002395
9.032499999999999 -127.31372413071595
9.0375 96.17661673515828
9.0425 -304.1046065327419
9.0475 228.4340657881869
9.0525 123.10259083248438
9.0575 73.13224127655455
9.0625 -266.28480681162046
9.067499999999999 -200.4868842347974
9.0725 189.2392813521802
9.077499999999999 -13.367961338527167
9.0825 26.865660769278758
9.0875 78.98224302805416
9.0925 50.59610194633084
9.0975 -157.6657679568187
9.1025 -10.985483955357006
9.1075 -18.58432010435458
9.112499999999999 14.022140978055926
9.1175 -82.30631214785996
9.122499999999999 353.73293379829795
9.1275 -287.46004017742496
9.1325 67.89709645686871
9.1375 77.23434867012224
9.1425 -55.370980814584776
9.147499999999999 -224.94682664269874
9.1525 -37.487512840508785
9.157499999999999 -53.81909260124175
9.1625 178.15383555787417
9.1675 -20.235029055986374
9.1725 306.14895968434354
9.1775 131.58320856914366
9.1825 -168.13319879165348
9.1875 6.362631222689096
9.192499999999999 -4.090806128426431
9.1975 77.9452591184899
9.202499999999999 165.85179066246423
9.2075 -56.88751122393676
9.2125 3.317206462537136
9.2175 -89.99786825205001
9.2225 -53.561466757831205
9.2275 14.618346072186686
9.2325 -156.76086776452144
9.237499999999999 -288.9223309354218
9.2425 99.30573870231633
9.247499999999999 354.62013535092683
9.2525 -178.6006256789537
9.2575 -56.665872684696986
9.2625 -4.026606321008632
9.2675 -206.2606230395656
9.272499999999999 133.6978086247892
9.2775 3.601380265450246
9.282499999999999 -27.460044734127038
9.2875 -91.78934023362744
9.2925 112.5679748014196
9.2975 -85.92214591639157
9.3025 124.55122154184885
9.3075 4.967059851842723
9.3125 -202.83190398875328
9.317499999999999 48.280868182902324
9.3225 -74.64180784016834
9.327499999999999 -21.03743773871666
9.3325 148.89556498059864
9.3375 -111.16910006785128
9.3425 83.89702475847055
9.3475 -71.7020676598342
9.3525 54.69876488959726
9.3575 -143.00277816348313
9.362499999999999 236.13678525697713
9.3675 0.07197039763798975
9.372499999999999 28.395481606442743
9.3775 147.18348876264503
9.3825 -50.63418752549513
9.3875 102.5257360733459
9.3925 4.819858129841428
9.397499999999999 -42.90099871915902
9.4025 90.60926898576163
9.407499999999999 -272.5967539273433
9.4125 34.5615907417744
9.4175 -119.64720329078057
9.4225 -151.98433330026808
9.4275 394.7309055774
9.4325 -195.85507573044634
9.4375 105.42085713883
9.442499999999999 -91.8570634788196
9.4475 -90.00951992667675
9.452499999999999 139.32998653708253
9.4575 100.69928781699379
9.4625 -27.725174972343147
9.4675 20.009579698455426
9.4725 -103.80919338323281
9.4775 181.3913128751568
9.4825 -323.12527151590666
9.487499999999999 320.4977922417178
9.4925 -270.0268348390068
9.497499999999999 -72.63255208686056
9.5025 101.0961846538663
9.5075 340.5272772516672
9.5125 5.142041427301977
9.5175 -234.8389128666787
9.522499999999999 -56.76804296004016
9.5275 162.56910893071694
9.532499999999999 -295.259514787695
9.5375 21.498364976205625
9.5425 -44.652906502594014
9.5475 -59.795511696643636
9.5525 -149.01540335515944
9.5575 132.60137273922118
9.5625 59.27265871949132
9.567499999999999 142.00862921472694
9.5725 142.79399806018873
9.577499999999999 -210.3905887109447
9.5825 126.30601632179685
9.5875 80.83994779735391
9.5925 -147.2413538009668
9.5975 111.22299503364597
9.6025 -56.48143031629837
9.6075 -210.24084911896722
9.612499999999999 -66.59929064832005
9.6175 229.31354879225967
9.622499999999999 58.988998688202734
9.6275 132.62406731285142
9.6325 54.522225419619225
9.6375 -104.64194488091391
9.6425 213.29352721072596
9.647499999999999 5.802290532819432
9.6525 -315.16078530573225
9.657499999999999 19.394379331133923
9.6625 -30.83356238257809
9.6675 55.70378926320278
9.6725 -132.79805591888527
9.6775 -62.52486599885985
9.6825 149.89555979218215
9.6875 103.22783299285948
9.692499999999999 -25.029181893371835
9.6975 -12.925905890413121
9.702499999999999 39.13514297834351
9.7075 -80.62381080546243
9.7125 -23.318177772351742
9.7175 -157.80377981833675
9.7225 229.00421083808814
9.7275 -76.82214868914403
9.7325 -112.46786848270526
9.737499999999999 -33.86133942625764
9.7425 -49.58054235956384
9.747499999999999 364.3006578018168
9.7525 -12.98260959284796
9.7575 226.37090263435047
9.7625 70.0365293998298
9.7675 -437.9491521231288
9.772499999999999 228.13022339426956
9.7775 111.1374671821543
9.782499999999999 -86.2640832936519
9.7875 318.638024293474
9.7925 -62.296953116587105
9.7975 -210.0341238390019
9.8025 -82.0506876386851
9.8075 125.01169256770177
9.8125 -131.97295286812545
9.817499999999999 121.52069188231235
9.8225 -12.28804535880437
9.827499999999999 -187.67591449780912
9.8325 -50.59424897360281
9.8375 43.56491600538513
9.8425 64.82380447116027
9.8475 69.63078784858011
9.8525 87.09473684941271
9.8575 -9.12866448647725
9.862499999999999 285.1606986618447
9.8675 103.32002924179875
9.872499999999999 -614.8223003561252
9.8775 59.87539672016951
9.8825 -135.1155230328939
9.8875 -68.91084623061899
9.8925 -43.90543244290422
9.897499999999999 -7.696750270179672
9.9025 1.2315502567103322
9.907499999999999 119.64958970701372
9.9125 192.04192194623585
9.9175 88.05103683669407
9.9225 -209.50163971634538
9.9275 192.36144197370524
9.9325 -40.120532611053775
9.9375 49.226816945029405
9.942499999999999 48.48088291726445
9.9475 -238.95826217016477
9.952499999999999 205.46718411759412
9.9575 -43.88467262175986
9.9625 -136.83089049546072
9.9675 161.86678819781517
9.9725 77.8454917614108
9.9775 -55.66293310278722
9.9825 -47.016643919371866
9.987499999999999 19.09526766264749
9.9925 -112.47542169535502
9.997499999999999 96.56106660077232
10.0025 -67.15913276457329
