0.0075 -96.0795202799705
0.012499999999999999 359.55590783326
0.017499999999999998 -93.39579074348457
0.0225 -342.86611167949474
0.0275 306.5043017458696
0.0325 110.25314947623481
0.0375 -294.22636339141405
0.042499999999999996 84.00584683876605
0.0475 136.13417696042728
0.0525 -117.90055951180098
0.057499999999999996 -169.70185534235083
0.0625 24.920255203410175
0.06749999999999999 162.7500014246816
0.0725 -368.77117280683643
0.0775 331.51718032145976
0.08249999999999999 -135.39286523247696
0.0875 -121.84324730069854
0.0925 192.94700819899595
0.09749999999999999 -47.22183545057151
0.1025 13.918255289742513
0.1075 -171.51220469741978
0.11249999999999999 54.396101097918596
0.1175 123.2191812660638
0.1225 154.14215859630633
0.1275 105.07938881914113
0.1325 -234.65972887749874
0.13749999999999998 72.25702549156169
0.1425 236.47396102757259
0.1475 -79.7894754253266
0.1525 -129.3747916700327
0.1575 -36.768069664579606
0.1625 -123.66180200112855
0.16749999999999998 153.0174499417968
0.1725 -181.34246213483027
0.1775 183.4591693844302
0.1825 184.34096781490615
0.1875 -72.6409869155647
0.1925 73.79907486973785
0.19749999999999998 -143.15137020716065
0.20249999999999999 -83.70249538656498
0.2075 75.33551322227359
0.2125 -276.7508504828067
0.2175 -178.22991191780483
0.2225 298.3004653957152
0.22749999999999998 237.70453440106087
0.23249999999999998 -229.78774329046715
0.2375 201.7274775037049
0.2425 -36.635275127920686
0.2475 -166.31553754988158
0.2525 -11.428855511497305
0.2575 -137.45178215495895
0.2625 159.8650473660718
0.2675 20.866494318419765
0.27249999999999996 -72.31904547038891
0.27749999999999997 -293.0810309741184
0.2825 241.30270926843878
0.2875 -7.324145639970894
0.2925 103.83290267062476
0.2975 284.5976489105829
0.3025 -55.930098558244076
0.3075 -229.5002664537933
0.3125 -263.099188782346
0.3175 98.44315108041879
0.3225 190.25774237685746
0.32749999999999996 234.89436980611129
0.33249999999999996 -300.58399256146265
0.33749999999999997 220.76494431247556
0.34249999999999997 28.343256118810697
0.3475 -189.07953804967514
0.3525 81.26739210417269
0.3575 -54.38553617955948
0.3625 -123.07843481576336
0.3675 245.70827996102037
0.3725 44.141481588683014
0.3775 -43.215042068747934
0.3825 126.52320322629994
0.38749999999999996 -13.43324408626251
0.39249999999999996 118.58151238347187
0.39749999999999996 -287.16940768161436
0.40249999999999997 186.17314966784713
0.4075 -69.25947169365557
0.4125 -100.29807415369022
0.4175 -76.01317903947474
0.4225 -84.86507906450154
0.4275 -31.922792833292128
0.4325 44.405255125059014
0.4375 -248.83002385447918
0.4425 -5.991576262968736
0.44749999999999995 250.46228466121187
0.45249999999999996 -11.256583918521624
0.45749999999999996 -141.60705468097126
0.46249999999999997 45.794074040643515
0.46749999999999997 225.5545068250764
0.4725 -215.54490118104775
0.4775 -9.777737068945926
0.4825 -55.097305348281
0.4875 5.126759468298479
0.4925 282.35000957113505
0.4975 -320.76529619826414
0.5025 182.23709768456487
0.5075 65.8998284449642
0.5125 170.35100384906775
0.5175 -81.4315821727884
0.5225 33.876381243574684
0.5275 -73.35112891053569
0.5325 -176.00901554606733
0.5375 22.524203564692296
0.5425 126.14958723773387
0.5475 -55.676550254877284
0.5525 60.04512149542392
0.5575 -68.353781468106
0.5625 194.9154292072632
0.5675 -170.8814749922616
0.5725 84.33204556839307
0.5775 -149.04368268687716
0.5825 -127.93609901053729
0.5875 -191.75197868996148
0.5925 -0.4565260571785436
0.5974999999999999 248.53833065612915
0.6024999999999999 -63.9453598660566
0.6074999999999999 169.36576145939702
0.6124999999999999 -128.80455951120186
0.6174999999999999 87.35042234799671
0.6224999999999999 110.51458653268998
0.6275 -6.570688663987894
0.6325 3.8273384601875033
0.6375 -159.95295290810043
0.6425 291.7323215756813
0.6475 -192.9563914886732
0.6525 -132.1610389425184
0.6575 271.3276132726726
0.6625 -150.58809137488242
0.6675 118.83972377784391
0.6725 21.611128291465718
0.6775 11.322043384221296
0.6825 -414.21856304511476
0.6875 457.05780034896105
0.6925 4.334008996356307
0.6975 -150.79440611125227
0.7025 -100.30295330642102
0.7075 217.7591856955464
0.7125 0.28119709867696835
0.7174999999999999 -5.214819753682337
0.7224999999999999 195.56066425979012
0.7274999999999999 -280.18277835288796
0.7324999999999999 -222.23031335793155
0.7374999999999999 236.0842230446461
0.7424999999999999 -53.099292568187266
0.7474999999999999 87.92051371142779
0.7525 -93.53531319489876
0.7575 90.84740058761155
0.7625 99.78678368622751
0.7675 6.385692719657813
0.7725 370.2658057155805
0.7775 -181.57810968475857
0.7825 55.85805006521381
0.7875 -27.08924471934778
0.7925 -95.22457034796255
0.7975 11.024985091634656
0.8025 -86.47535393762786
0.8075 -76.30697463716952
0.8125 10.122200777867908
0.8175 -234.88583655221177
0.8225 6.600717822644889
0.8275 125.9320846620495
0.8325 -325.6263457986869
0.8374999999999999 196.79188344993437
0.8424999999999999 150.96654493548183
0.8474999999999999 60.16051858930229
0.8524999999999999 -163.53725284938074
0.8574999999999999 13.1665428608713
0.8624999999999999 16.28842504962458
0.8674999999999999 -168.1233399556448
0.8724999999999999 14.53312169563924
0.8775 -147.8964920334741
0.8825 74.57115078728242
0.8875 36.52431782617527
0.8925 405.48544941780557
0.8975 -151.70727111247066
0.9025 5.297068478669525
0.9075 206.51197309251378
0.9125 -63.3234879021397
0.9175 66.46881107751854
0.9225 -21.523098533682553
0.9275 -201.15245619593153
0.9325 163.61371672562188
0.9375 -254.30248432061893
0.9425 -8.150611215184279
0.9475 75.24007209991628
0.9524999999999999 -354.7864897211638
0.9574999999999999 91.7420445587532
0.9624999999999999 -23.704304287482916
0.9674999999999999 163.12570802755695
0.9724999999999999 -280.4564996105928
0.9774999999999999 273.32712374738287
0.9824999999999999 7.043355400523796
0.9874999999999999 201.06011994109943
0.9924999999999999 -314.8608795248745
0.9974999999999999 187.5912785670819
1.0025 -126.38221676589754
1.0075 5.435722472477918
1.0125 -89.856675204005
1.0174999999999998 81.70769905764038
1.0225 7.512440933696121
1.0274999999999999 175.21604848606168
1.0325 -144.63727959083883
1.0374999999999999 -94.26556735217538
1.0425 77.69442203121122
1.0474999999999999 45.86090976492748
1.0525 -77.96363627355893
1.0574999999999999 148.0653867737925
1.0625 -214.10598667010944
1.0675 158.87736026824072
1.0725 -169.01604568731167
1.0775 -14.4654288464633
1.0825 -126.17557491049621
1.0875 332.8406865538384
1.0925 -50.83634916354228
1.0975 -35.32201748479745
1.1025 53.245102652667505
1.1075 1.9851053947196853
1.1125 -27.51782229754991
1.1175 104.6327877849676
1.1225 -39.25375139159608
1.1275 168.146784363467
1.1324999999999998 -0.9639358349881676
1.1375 -57.81324808271804
1.1424999999999998 -287.31525434658164
1.1475 141.15946926326004
1.1524999999999999 -2.320860052869264
1.1575 437.49037807659613
1.1624999999999999 -86.27594133387242
1.1675 -72.6110203911229
1.1724999999999999 -15.457044267531305
1.1775 27.24769158570716
1.1824999999999999 -136.79977234359984
1.1875 -110.36964569532246
1.1925 231.468840363233
1.1975 -176.98818070626473
1.2025 -57.04221431430044
1.2075 358.4592379904764
1.2125 61.81282800303399
1.2175 -219.78259296554077
1.2225 68.4869644421668
1.2275 111.88341467265695
1.2325 44.943066379828004
1.2375 -279.68408499458195
1.2425 -4.65990692384896
1.2475 -91.79550522995277
1.2525 -41.68904283980295
1.2574999999999998 201.83347380716938
1.2625 -210.34801152414423
1.2674999999999998 66.36046743841314
1.2725 -57.648125343267495
1.2774999999999999 -70.71940629985102
1.2825 92.69972802531751
1.2874999999999999 -73.86007138443507
1.2925 -37.58746836340247
1.2974999999999999 267.9397719950276
1.3025 -129.84853266231005
1.3074999999999999 142.75446481729657
1.3125 -206.90694287459283
1.3175 -145.97740046989244
1.3225 83.44486217442324
1.3275 106.22692501340376
1.3325 168.71528565997252
1.3375 70.0690470842809
1.3425 -73.86334625911589
1.3475 157.5430930566192
1.3525 -138.1259357930833
1.3575 -65.2963362020138
1.3625 -71.78084465974993
1.3675 138.7874873218405
1.3724999999999998 -173.73237393328913
1.3775 203.46505379577292
1.3824999999999998 -48.273528663457384
1.3875 -164.22065253456375
1.3924999999999998 109.68140896444407
1.3975 -27.775899870499952
1.4024999999999999 -159.0138945675685
1.4075 255.66744571888833
1.4124999999999999 242.7175938205934
1.4175 -374.75796926336113
1.4224999999999999 178.82484643214138
1.4275 -209.5020978935247
1.4324999999999999 231.5098389309582
1.4375 -69.30635471958259
1.4425 -250.9206967188244
1.4475 374.72319464181084
1.4525 -83.06971112124664
1.4575 63.185389984368
1.4625 -151.32648587478414
1.4675 124.53406687244447
1.4725 -191.91117144297826
1.4775 55.99304962889232
1.4825 222.8026437629718
1.4874999999999998 -63.207432227910274
1.4925 -409.14209464092363
1.4974999999999998 209.58264154674578
1.5025 -289.5695865993116
1.5074999999999998 147.28347544227773
1.5125 123.07172532283609
1.5174999999999998 -86.10638367091488
1.5225 -16.549683677517102
1.5274999999999999 167.5521967058348
1.5325 -129.79283964386204
1.5374999999999999 225.23362567123857
1.5425 201.2935666089195
1.5474999999999999 -14.148997633211874
1.5525 -340.67571606521113
1.5574999999999999 55.08583591816699
1.5625 72.94754218682428
1.5675 43.61979278882011
1.5725 -218.39905841711087
1.5775 83.29010987146188
1.5825 223.14151197322272
1.5875 -179.4017401871467
1.5925 111.3130748777168
1.5975 -237.5828621746426
1.6025 58.203185547724885
1.6075 93.35111728424191
1.6124999999999998 -136.72498630113625
1.6175 91.00414007947636
1.6224999999999998 95.28274898089792
1.6275 -26.714696125739096
1.6324999999999998 -167.4003361035318
1.6375 154.36486875959787
1.6424999999999998 0.7669220164075626
1.6475 -22.75758036115042
1.6524999999999999 -84.64525335649763
1.6575 62.57561195053438
1.6624999999999999 68.04017247890448
1.6675 -223.55945114313042
1.6724999999999999 105.88050595902386
1.6775 -78.51619551748833
1.6824999999999999 59.985970058385575
1.6875 125.74982041164314
1.6925 -58.45824549366372
1.6975 -130.7925434481313
1.7025 38.26411447485549
1.7075 183.18967698892774
1.7125 -40.14884459217201
1.7175 246.66890355133384
1.7225 34.254460183143216
1.7274999999999998 -184.95785799019336
1.7325 22.46871991360913
1.7374999999999998 107.66932888173461
1.7425 149.75428154318263
1.7474999999999998 -291.0512921218397
1.7525 138.51059224633994
1.7574999999999998 -166.00988679037687
1.7625 89.45779841537575
1.7674999999999998 37.9773376676457
1.7725 -328.4377154443568
1.7774999999999999 142.8232942932602
1.7825 -55.96256308256293
1.7874999999999999 157.753649024133
1.7925 -61.13270621897496
1.7974999999999999 201.14736940288228
1.8025 -147.19083601679054
1.8074999999999999 41.944746497045976
1.8125 37.61724356400201
1.8175 -65.34690201452737
1.8225 16.398754031338626
1.8275 -168.64466847307375
1.8325 74.6720743772376
1.8375 -59.177882625124866
1.8425 225.93429004690407
1.8475 -155.13237158992544
1.8524999999999998 30.632509315039083
1.8575 190.61613746162143
1.8624999999999998 14.99389872121372
1.8675 -49.90735900993587
1.8724999999999998 -47.51263519026346
1.8775 13.778665730240592
1.8824999999999998 173.08816537133538
1.8875 -69.36712675114715
1.8924999999999998 97.16069368103892
1.8975 -140.35256977473645
1.9024999999999999 -210.32259584914132
1.9075 121.97295618116713
1.9124999999999999 188.33877871339593
1.9175 -167.50240197840756
1.9224999999999999 83.93005601716943
1.9275 -278.82395326552603
1.9324999999999999 254.23484936861675
1.9375 34.33781605999332
1.9425 -58.51560159197879
1.9475 -223.53237342448833
1.9525 -283.0624840327
1.9575 306.6104330550165
1.9625 -60.62800997643002
1.9674999999999998 273.11745492247184
1.9725 -41.162565417335436
1.9774999999999998 -127.04206138070587
1.9825 292.3426046307711
1.9874999999999998 -290.6827092398527
1.9925 -75.35856208713167
1.9974999999999998 -83.68885454926748
2.0025 112.8296171296725
2.0075 -29.239711745151862
2.0124999999999997 -49.176575093519716
2.0175 360.7949462998842
2.0225 -121.65174134552154
2.0275 52.52654135596166
2.0324999999999998 97.15735380362217
2.0375 11.155645327935066
2.0425 -134.60150534537996
2.0475 -71.37887853056475
2.0524999999999998 -61.19301691533257
2.0575 85.0149537855219
2.0625 10.481260627453775
2.0675 -131.61490016619337
2.0725 166.7339709511177
2.0775 -38.097628256963816
2.0825 -25.954266093103904
2.0875 239.0962403460545
2.0925 -307.13940768785415
2.0974999999999997 244.60012305580167
2.1025 -39.79433440776469
2.1075 -147.22936474371863
2.1125 12.979226292550917
2.1174999999999997 118.17282176072806
2.1225 -85.35753030974955
2.1275 42.629519003168596
2.1325 17.3944394962467
2.1374999999999997 -123.94784930394944
2.1425 69.6997820683199
2.1475 12.01529440509732
2.1525 97.00519608355042
2.1574999999999998 95.66744609376065
2.1625 -39.573995660074935
2.1675 -59.89608759104335
2.1725 -54.54242804625877
2.1774999999999998 198.98950199980857
2.1825 -290.523488590925
2.1875 -226.73647802133164
2.1925 131.3462070148572
2.1975 225.4613714576625
2.2024999999999997 -176.24831456547463
2.2075 -1.4352280399861541
2.2125 234.92673485255892
2.2175 -209.96843120559353
2.2224999999999997 -1.4530727384336934
2.2275 296.679549540173
2.2325 65.60371887651965
2.2375 -218.4766579990483
2.2424999999999997 149.239560405008
2.2475 87.10535545424202
2.2525 -140.31604929022953
2.2575 -21.716285085911267
2.2624999999999997 -1.1498007632619969
2.2675 -91.27742342401267
2.2725 69.0846830210524
2.2775 -73.25606964635595
2.2824999999999998 -62.562740092971474
2.2875 -178.95196599309983
2.2925 -82.98591469953833
2.2975 14.871952272727203
2.3024999999999998 -9.1575941251715
2.3075 8.118150112062054
2.3125 351.18479154759603
2.3175 -337.54631645478815
2.3225 160.80920552651705
2.3274999999999997 -19.134469575804598
2.3325 -174.35095970625943
2.3375 -136.74999814335246
2.3425 135.97141616249553
2.3474999999999997 -55.13140441508156
2.3525 139.51898653152108
2.3575 132.05548476292594
2.3625 90.24411361645888
2.3674999999999997 -150.0646938188879
2.3725 84.80249036930297
2.3775 299.2160434058604
2.3825 -293.7598605985276
2.3874999999999997 21.908667130594242
2.3925 -19.51184230143822
2.3975 -56.72708183992315
2.4025 138.3160274782077
2.4074999999999998 -66.43287140693161
2.4125 -80.16595574497804
2.4175 280.69704999845936
2.4225 202.379791538395
2.4274999999999998 -115.80629478574886
2.4325 -18.358403753483785
2.4375 -203.3192623962897
2.4425 18.054155684596957
2.4475 -117.84251693722386
2.4524999999999997 -48.52749606341123
2.4575 -151.70584578932122
2.4625 92.60191654003427
2.4675 100.03548810150568
2.4724999999999997 23.353273723216184
2.4775 30.119336399923533
2.4825 -3.5885697262576954
2.4875 43.06231748271166
2.4924999999999997 75.14924459279754
2.4975 -54.5924685735053
2.5025 65.12206623545337
2.5075 5.7299890686153505
2.5124999999999997 295.63001089165647
2.5175 -134.49990370056983
2.5225 239.2381968472857
2.5275 -69.95800346311285
2.5324999999999998 -74.06703772717823
2.5375 -106.948497489481
2.5425 -119.84262967412535
2.5475 49.86003596548857
2.5524999999999998 -143.60501245875
2.5574999999999997 64.95186486119165
2.5625 -48.964308790860414
2.5675 171.77860722602838
2.5725 85.65075370408415
2.5774999999999997 -99.48510335699517
2.5825 16.737877388019346
2.5875 -145.56096925819116
2.5925 74.77423565086555
2.5974999999999997 -200.745790921592
2.6025 21.308796092691093
2.6075 282.2958733451857
2.6125 61.15805175944695
2.6174999999999997 -106.31681116511157
2.6225 -62.67970606867319
2.6275 54.23828129742595
2.6325 170.52774326167184
2.6374999999999997 -554.783045423413
2.6425 557.6310000299878
2.6475 -293.84112191353387
2.6525 155.99135906029346
2.6574999999999998 -213.47678097646502
2.6625 183.66269347702672
2.6675 -29.73642870448224
2.6725 9.730640349814102
2.6774999999999998 -103.80965432368632
2.6824999999999997 129.8759496057564
2.6875 19.342377010789665
2.6925 392.0426072959851
2.6975 -192.46745011977347
2.7024999999999997 87.36567799010304
2.7075 -163.56349987516444
2.7125 -115.62527716676031
2.7175 -307.4271805896209
2.7224999999999997 64.04713572872585
2.7275 310.3410945513567
2.7325 -34.999853925009766
2.7375 -68.27952334259915
2.7424999999999997 5.482330749998718
2.7475 -377.49148221100853
2.7525 152.63509332218175
2.7575 257.52321856476857
2.7624999999999997 -180.47444560022055
2.7675 143.4218631710926
2.7725 137.69060931240043
2.7775 -70.57045634637235
2.7824999999999998 -166.56659311675074
2.7875 -342.54034691550163
2.7925 70.37224089826807
2.7975 57.32338351706644
2.8024999999999998 26.163303575652403
2.8074999999999997 16.01637938876103
2.8125 5.880911210366124
2.8175 110.92943425669
2.8225 -226.59245985437803
2.8274999999999997 57.16269754330567
2.8325 156.15862583735446
2.8375 -25.499960918875484
2.8425 64.84188470583726
2.8474999999999997 43.19009970314022
2.8525 -39.49104822146854
2.8575 84.43347431118897
2.8625 -109.38948128254044
2.8674999999999997 -11.386481885896208
2.8725 -97.44501380590015
2.8775 -92.50115203572233
2.8825 -155.87599499412102
2.8874999999999997 173.8287843069683
2.8925 279.5550761435774
2.8975 -151.99214731336855
2.9025 -33.42201935643291
2.9074999999999998 33.09094278991994
2.9125 -77.91113689281984
2.9175 -82.97290362558951
2.9225 39.570154708936535
2.9274999999999998 54.17588051309703
2.9324999999999997 -79.36516651363375
2.9375 -32.64480953859318
2.9425 -11.59755076973538
2.9475 33.02974784581823
2.9524999999999997 2.159665899824608
2.9575 118.04479058245248
2.9625 -120.98884291796844
2.9675 83.88331378664216
2.9724999999999997 -93.18644456373255
2.9775 8.225246461827235
2.9825 136.3338503646334
2.9875 2.7508099914652906
2.9924999999999997 -66.5721404266263
2.9975 -46.45833857832745
3.0025 -12.183627016492729
3.0075 163.09482541192554
3.0124999999999997 -216.1216559828361
3.0175 68.62287095191319
3.0225 -8.39322958482855
3.0275 207.22041422642232
3.0324999999999998 52.87200826500285
3.0374999999999996 -81.22326182568713
3.0425 -70.49304098271493
3.0475 -151.0286533390835
3.0524999999999998 48.12243098800265
3.0574999999999997 19.52611632328104
3.0625 -6.301523387516936
3.0675 324.3453226702015
3.0725 -189.85338377855277
3.0774999999999997 245.9028210439452
3.0825 78.65479529848861
3.0875 -338.7469319884107
3.0925 -212.61000080968316
3.0974999999999997 4.709574540662942
3.1025 160.56968860320143
3.1075 124.94969673462766
3.1125 171.6990283502566
3.1174999999999997 -272.10031790089
3.1225 108.11796065927638
3.1275 48.5621823917716
3.1325 93.91161219112887
3.1374999999999997 -87.0163909202722
3.1425 10.071835236941627
3.1475 -172.72721452110508
3.1525 87.19461421112187
3.1574999999999998 -88.04716210123897
3.1624999999999996 -109.51904893995975
3.1675 160.11258567963745
3.1725 -71.41033853891955
3.1774999999999998 -6.332338368722701
3.1824999999999997 114.85342994305192
3.1875 162.7330370264436
3.1925 -222.54567636832786
3.1975 81.16013969520745
3.2024999999999997 66.99557193296832
3.2075 23.980841716351282
3.2125 60.20566535794011
3.2175 -38.466325091115436
3.2224999999999997 -302.0630953428631
3.2275 -36.481588396124764
3.2325 163.8327480498614
3.2375 -165.98350936436782
3.2424999999999997 145.4306929854201
3.2475 -1.6346653816249004
3.2525 119.42332992063517
3.2575 -145.21448993811677
3.2624999999999997 -201.9381826880255
3.2675 172.6550496415972
3.2725 83.74912129640686
3.2775 -95.67180417192796
3.2824999999999998 236.90560314265508
3.2874999999999996 -111.60351683919205
3.2925 -77.14410460861323
3.2975 -56.984914797314225
3.3024999999999998 236.28575021108722
3.3074999999999997 -147.74692205389863
3.3125 233.14798393272375
3.3175 -105.86575481183577
3.3225 -185.66511529137986
3.3274999999999997 177.92100565943485
3.3325 -156.33048965000887
3.3375 -65.09172311621343
3.3425 79.61386908672911
3.3474999999999997 79.81502439541353
3.3525 161.7305579902339
3.3575 -72.23349423797892
3.3625 -110.65422662063443
3.3674999999999997 -99.04337344889883
3.3725 505.7469986131163
3.3775 -88.89342966122896
3.3825 4.632844469007193
3.3874999999999997 24.693045640213644
3.3924999999999996 28.766761312464727
3.3975 -192.01010218589707
3.4025 150.5351983591543
3.4074999999999998 -72.82013208732135
3.4124999999999996 -77.22633359592757
3.4175 -203.6715361707776
3.4225 243.09112980579218
3.4274999999999998 -44.19896953465279
3.4324999999999997 42.82399534652641
3.4375 147.34825527410862
3.4425 56.69027397489939
3.4475 -146.68098139923606
3.4524999999999997 -226.77915165956023
3.4575 62.59853449428617
3.4625 74.13775300619909
3.4675 -11.732839556113518
3.4724999999999997 52.744581322685754
3.4775 -113.32120124138359
3.4825 -290.09873492367046
3.4875 301.0115210823523
3.4924999999999997 136.91009725030688
3.4975 -150.2952390487976
3.5025 -154.99950389229247
3.5075 20.1056233461729
3.5124999999999997 43.03222226864283
3.5174999999999996 86.25820828486101
3.5225 155.3711531533426
3.5275 -105.29125773665353
3.5324999999999998 -3.0286893189191093
3.5374999999999996 138.1117609859427
3.5425 -270.89405739282967
3.5475 140.6856806373988
3.5524999999999998 -79.8859292218861
3.5574999999999997 134.36749128525747
3.5625 -236.59105358754957
3.5675 -71.79989546159366
3.5725 247.80078434982246
3.5774999999999997 274.3558091497702
3.5825 -123.25455880772772
3.5875 -72.66447711478791
3.5925 -145.44988826702917
3.5974999999999997 39.81692035840198
3.6025 -170.73572280495506
3.6075 -47.46367773491895
3.6125 79.2163628821032
3.6174999999999997 4.1874528278419945
3.6225 -66.6114373437821
3.6275 -44.666156830034005
3.6325 95.17068413253614
3.6374999999999997 40.53574008703779
3.6424999999999996 -218.70376255782523
3.6475 164.08866566347822
3.6525 -98.99107387920131
3.6574999999999998 -77.55043039497957
3.6624999999999996 330.9762178156343
3.6675 4.566542467845401
3.6725 -152.12699535751176
3.6774999999999998 116.83437410999495
3.6824999999999997 -76.49189768369452
3.6875 -153.40332223570155
3.6925 117.3212038110677
3.6975 -17.269731878911664
3.7024999999999997 21.698018264433514
3.7075 -88.98492324901444
3.7125 32.10010082245905
3.7175 -111.02801682705962
3.7224999999999997 351.3790994628122
3.7275 -90.61444288774045
3.7325 -69.78424457069497
3.7375 49.95798324596108
3.7424999999999997 -126.6040047851131
3.7474999999999996 151.60117480479698
3.7525 75.44530652765826
3.7575 233.3666505047688
3.7624999999999997 -215.08963859810117
3.7674999999999996 -69.96187783671061
3.7725 267.5041731344593
3.7775 -224.29518974177222
3.7824999999999998 83.32544925362492
3.7874999999999996 47.21434039826443
3.7925 18.955899691419535
3.7975 244.54904143210405
3.8024999999999998 -3.860680653026163
3.8074999999999997 11.770767007734104
3.8125 -15.917907349359448
3.8175 -3.2029879708974334
3.8225 -350.3399726998977
3.8274999999999997 295.15198314822703
3.8325 -154.39983918708697
3.8375 -61.20708316527244
3.8425 153.04118673034628
3.8474999999999997 -78.30199896911178
3.8525 -50.73412555176423
3.8575 66.949116030282
3.8625 8.659526582679604
3.8674999999999997 6.985762450134408
3.8724999999999996 -1.8082142652035451
3.8775 -103.54946393154505
3.8825 23.080513591491254
3.8874999999999997 -242.45524330463832
3.8924999999999996 248.1140012172565
3.8975 3.16721278091766
3.9025 82.24174311437521
3.9074999999999998 24.089124596320392
3.9124999999999996 -49.010774463694794
3.9175 96.91812228705605
3.9225 155.7460234710189
3.9274999999999998 22.282687609869456
3.9324999999999997 86.17767219774782
3.9375 -435.4874920650734
3.9425 118.88847504029927
3.9475 -53.840224938065205
3.9524999999999997 -3.7965636122498867
3.9575 -212.26258658183772
3.9625 188.35833506283387
3.9675 31.019330859423874
3.9724999999999997 -42.647255144415396
3.9775 -186.94639234502662
3.9825 85.39223025710422
3.9875 -82.97538307205409
3.9924999999999997 305.18980122148645
3.9974999999999996 -148.81579164762906
4.0024999999999995 -61.41462815079156
4.007499999999999 56.79381064358844
4.0125 97.52863876479955
4.0175 0.19263672645510052
4.0225 133.47371412691555
4.0275 -89.87967959330692
4.0325 -49.8726364958419
4.0375 -84.6621843980685
4.0424999999999995 188.12482957674865
4.047499999999999 181.69570578566632
4.0525 -182.72723890659768
4.0575 136.54737938491388
4.0625 -65.33844981667112
4.0675 42.431595409453664
4.0725 -322.8628047450585
4.0775 178.93801698493675
4.0825 180.22067281372108
4.0874999999999995 1.3022861287032201
4.0925 32.03928194681755
4.0975 -110.68155803416501
4.1025 -165.57330420419325
4.1075 66.86264265379602
4.1125 -206.50684182390836
4.1175 259.81573531941206
4.1225 -268.19870315653657
4.1274999999999995 19.01420214535597
4.132499999999999 299.06024948011
4.1375 -25.488421222646092
4.1425 -1.7510310689027146
4.1475 76.59789425032798
4.1525 -193.14579577644417
4.1575 18.90996933716921
4.1625 62.936641883040565
4.1674999999999995 22.916845617218787
4.172499999999999 75.63342760352438
4.1775 -103.22031872921748
4.1825 191.56516806398872
4.1875 -27.119654486129743
4.1925 7.920210201870895
4.1975 55.30420866205547
4.2025 -3.8811236845211328
4.2075 -50.67301860478735
4.2124999999999995 -38.30158703890891
4.2175 27.30335998140829
4.2225 -33.73727969803421
4.2275 119.58576468510739
4.2325 161.0683848070219
4.2375 115.50800859608559
4.2425 9.859703084665526
4.2475 -215.29368725225004
4.2524999999999995 11.012043823255535
4.257499999999999 43.6605556887314
4.2625 -118.90704144675493
4.2675 5.188752176241038
4.2725 -188.48389047901043
4.2775 88.27297187278832
4.2825 -84.4739370052081
4.2875 192.4258759028193
4.2924999999999995 185.03436252604055
4.297499999999999 -228.47267715017205
4.3025 52.92359227826697
4.3075 -22.134472424159082
4.3125 81.96827976226244
4.3175 126.95665699658196
4.3225 -113.60027404012297
4.3275 -58.02444855104295
4.3325 175.39126586091933
4.3374999999999995 -82.43616024471447
4.342499999999999 -16.293784748897256
4.3475 109.10545774911006
4.3525 38.43023962491832
4.3575 -148.63677424440803
4.3625 239.15459938131977
4.3675 -67.83450408552856
4.3725 113.12136598826002
4.3774999999999995 64.0385348404007
4.382499999999999 -183.0648485770348
4.3875 164.12489850429935
4.3925 -111.52014438269676
4.3975 -242.82739844224383
4.4025 179.43334414892888
4.4075 42.68517660894189
4.4125 -135.14183993003954
4.4174999999999995 -63.72327157104461
4.422499999999999 136.56058767111065
4.4275 -134.23628234165156
4.4325 158.37721908583822
4.4375 109.96679716057598
4.4425 -126.53919705737124
4.4475 33.006965044790284
4.4525 -68.66540675539294
4.4575 118.36695131317373
4.4624999999999995 -341.216176444639
4.467499999999999 265.29549675074236
4.4725 -103.36711582892517
4.4775 331.4892732258041
4.4825 -418.4788813082667
4.4875 100.06085930095237
4.4925 91.25319911494357
4.4975 20.361961092604584
4.5024999999999995 -12.23428860606384
4.507499999999999 -93.78438459930764
4.5125 165.3615988461966
4.5175 -3.3448613107336516
4.5225 84.6842774990145
4.5275 -332.99742144024617
4.5325 49.23677039028333
4.5375 234.06125855644618
4.5424999999999995 -31.36029099982886
4.547499999999999 38.68436374199466
4.5525 25.49765871671318
4.5575 3.4430636019394933
4.5625 92.74440780061549
4.5675 69.26144940847607
4.5725 -112.58803485626885
4.5775 106.4601245655596
4.5825 14.294258220879708
4.5874999999999995 6.848884583714375
4.592499999999999 176.26145459221945
4.5975 -73.99929856026331
4.6025 -41.42565806979003
4.6075 -51.35538021996245
4.6125 17.137076163885187
4.6175 -139.03102980932803
4.6225 -336.2647854101878
4.6274999999999995 217.3183447722356
4.632499999999999 125.07237084532028
4.6375 -126.87535094285052
4.6425 -140.27881351245816
4.6475 220.41489457896546
4.6525 -196.71463888293943
4.6575 176.82090734997942
4.6625 -115.32996552663721
4.6674999999999995 -92.43753277905557
4.672499999999999 34.161155203327205
4.6775 -258.2659998282555
4.6825 147.29308110973588
4.6875 177.1130862266663
4.6925 -78.2516206973865
4.6975 -85.47036216407865
4.7025 -100.98548098121711
4.7075 87.08150760838657
4.7124999999999995 -31.654982613855196
4.717499999999999 87.04267386862054
4.7225 286.0358376014979
4.7275 -58.18012615610793
4.7325 -132.89386662916687
4.7375 85.80684053689974
4.7425 -23.765511074188346
4.7475 0.043213397789014285
4.7524999999999995 -108.61093219780498
4.757499999999999 157.25234002941968
4.7625 54.208735580169524
4.7675 -188.93446720683573
4.7725 324.8673112195229
4.7775 -36.256723668463906
4.7825 -34.26983898832821
4.7875 -226.28545930121874
4.7924999999999995 121.75381169426986
4.797499999999999 -67.46872763745318
4.8025 -260.99726899725226
4.8075 -25.977885508292108
4.8125 262.09875588488944
4.8175 160.38768910078034
4.8225 -60.82255158569276
4.8275 5.899018814616148
4.8325 -101.00904460458338
4.8374999999999995 285.29754705334
4.842499999999999 -261.6757028155283
4.8475 -62.63849564992592
4.8525 293.28684463676655
4.8575 -143.72840396805879
4.8625 -187.31929764578533
4.8675 0.9173699276717712
4.8725 102.16812102141334
4.8774999999999995 124.43186178118277
4.882499999999999 -17.88626388122874
4.8875 -226.9687030587862
4.8925 225.9717134641521
4.8975 15.503261475960521
4.9025 3.8565549530606416
4.9075 -236.50726427140347
4.9125 -135.36695966843374
4.9174999999999995 116.78769530318979
4.922499999999999 87.01105806423463
4.9275 -26.164422306950065
4.9325 156.56380789137083
4.9375 190.19108233431
4.9425 -76.2544474263117
4.9475 -213.65584627643884
4.9525 -75.3334747154207
4.9575 6.598780372677028
4.9624999999999995 68.90405199728289
4.967499999999999 227.10682045106182
4.9725 -96.50025377801715
4.9775 -78.37738414863502
4.9825 -27.59980903782601
4.9875 70.74196909161884
4.9925 60.021061009039556
4.9975 -196.46800981817015
5.0024999999999995 142.71312491941535
5.007499999999999 159.4766400510463
5.0125 45.29774516996471
5.0175 -284.7975183756728
5.0225 79.23989808322052
5.0275 230.378793430785
5.0325 -71.39790117332852
5.0375 -115.5668660898309
5.0424999999999995 -39.67843420060513
5.047499999999999 13.826332736533562
5.0525 23.444085177027645
5.0575 114.00430315087542
5.0625 -104.01437662460985
5.0675 249.24392719662512
5.0725 -213.99569518586185
5.0775 60.05037540077008
5.0825 -102.63743116930279
5.0874999999999995 22.713703777553338
5.092499999999999 72.68827232684906
5.0975 199.5603728697331
5.1025 -210.22656628096382
5.1075 77.5125022196443
5.1125 149.50317913223654
5.1175 -70.89539212810536
5.1225 -120.17261198405498
5.1274999999999995 -45.605079506961125
5.132499999999999 142.2212692173257
5.1375 116.72023404270873
5.1425 38.06521610327029
5.1475 205.4157727431752
5.1525 -324.0413088216992
5.1575 12.773682114929525
5.1625 -32.93339984318527
5.1674999999999995 116.41001466985958
5.172499999999999 -34.288093967202244
5.177499999999999 -174.5714642504012
5.1825 211.2737473302496
5.1875 -23.015187848525205
5.1925 -106.99388564985787
5.1975 103.8769872892938
5.2025 -213.19490904675294
5.2075 -39.88894898217491
5.2124999999999995 24.60039884599524
5.217499999999999 25.323852782841666
5.2225 -52.667922767197986
5.2275 -36.596421913650765
5.2325 197.57768889271978
5.2375 -137.207436870524
5.2425 143.7166684741146
5.2475 -31.797632302157215
5.2524999999999995 -331.7378303980427
5.257499999999999 432.3724392427139
5.2625 19.96741831862981
5.2675 -145.8986097851902
5.2725 165.87671539575084
5.2775 113.3185129703402
5.2825 -169.8209133797911
5.2875 495.4883680140023
5.2924999999999995 -239.8071281618906
5.297499999999999 -182.94549144805845
5.302499999999999 79.17734492405715
5.3075 -200.38688818388212
5.3125 92.47559596007319
5.3175 72.31297232003462
5.3225 -5.868549637438877
5.3275 19.863380781819867
5.3325 54.92835718466135
5.3374999999999995 17.000284485303304
5.342499999999999 1.6145934841719265
5.3475 51.444756876541526
5.3525 -163.6119211237296
5.3575 74.13312077175577
5.3625 6.165162648125814
5.3675 31.553425970939173
5.3725 -34.90994303541862
5.3774999999999995 -30.78866457178727
5.382499999999999 -103.19342101815184
5.3875 42.63095195821817
5.3925 216.19227895534027
5.3975 -0.77070375452739
5.4025 -63.25513502518336
5.4075 -111.0791034509677
5.4125 104.54899702139218
5.4174999999999995 -101.47543581382594
5.422499999999999 -221.87648188630163
5.427499999999999 281.7536578918872
5.4325 21.43853918512598
5.4375 -78.45905627040574
5.4425 161.27177210109747
5.4475 8.250159615679118
5.4525 -85.14086803259106
5.4575 41.61476418711632
5.4624999999999995 109.85329238318688
5.467499999999999 121.09067036175608
5.4725 -320.48182742502553
5.4775 53.70102289487375
5.4825 30.69165206750138
5.4875 -196.34901112533294
5.4925 243.21074694571232
5.4975 -145.77111862964406
5.5024999999999995 1.6890460915486925
5.507499999999999 -16.436952353735098
5.5125 25.272476344103776
5.5175 116.19614724717793
5.5225 26.77449008982126
5.5275 -58.9368030044567
5.5325 -159.83905021922646
5.5375 237.2366515500881
5.5424999999999995 106.76556715840788
5.547499999999999 -151.18149214045334
5.552499999999999 -101.13452120165302
5.5575 -193.311755130055
5.5625 334.9123445389045
5.5675 36.98416520735808
5.5725 131.8452469009064
5.5775 -124.15579259570688
5.5825 304.4243215684192
5.5874999999999995 -178.20147545776308
5.592499999999999 -56.601168908698845
5.5975 87.92058581972599
5.6025 135.7140805944605
5.6075 145.5495490406748
5.6125 -128.36353779080767
5.6175 32.06602175650031
5.6225 34.502589837387724
5.6274999999999995 -149.6339341093667
5.632499999999999 -196.22754469705035
5.6375 -52.86434110018843
5.6425 109.66756009207465
5.6475 -206.6578173889603
5.6525 66.87524239464243
5.6575 -140.05532252682832
5.6625 169.79494873431378
5.6674999999999995 26.526690186297987
5.672499999999999 -132.9055575570905
5.677499999999999 131.51319737403384
5.6825 -376.7508284054868
5.6875 105.66414274050528
5.6925 98.10152476065868
5.6975 36.77062845648908
5.7025 51.543086804698525
5.7075 -171.64756539471935
5.7124999999999995 105.4226577409327
5.717499999999999 58.99700790688779
5.7225 -75.1692512243456
5.7275 -65.09941528208013
5.7325 -50.19721331509786
5.7375 355.97018980597704
5.7425 44.215788268865104
5.7475 38.42206796518563
5.7524999999999995 -116.14487206270181
5.757499999999999 71.41712954843574
5.7625 -179.06621080163671
5.7675 -60.153978906153846
5.7725 267.4847962662599
5.7775 -387.64331055168293
5.7825 168.64099569102012
5.7875 221.8418172693814
5.7924999999999995 -120.791486453387
5.797499999999999 -32.33243875940235
5.802499999999999 159.96568449660154
5.8075 -91.6149163132187
5.8125 191.04945148917957
5.8175 0.062234461538963025
5.8225 -161.36414651543038
5.8275 88.62085679889933
5.8325 194.86697908412748
5.8374999999999995 -18.594966868263818
5.842499999999999 -176.23720436100666
5.8475 -65.4278493689507
5.8525 234.34910001372998
5.8575 -62.18092086439612
5.8625 20.263694209864312
5.8675 -16.52381679931266
5.8725 17.882965321340503
5.8774999999999995 -5.000226774146393
5.882499999999999 10.427545208689825
5.8875 -63.82098199944279
5.8925 -209.88568430174337
5.8975 220.02466657541413
5.9025 172.28839736718484
5.9075 -169.23640364633633
5.9125 -71.38438613079937
5.9174999999999995 23.02557045657934
5.922499999999999 -14.10338966095158
5.927499999999999 55.299069366796395
5.9325 162.7220578801234
5.9375 36.22750296488723
5.9425 -250.79536907539259
5.9475 238.52460154907124
5.9525 319.7958590790967
5.9575 -245.4477466268132
5.9624999999999995 -206.32218299903073
5.967499999999999 10.150619079250621
5.9725 -34.29568770787362
5.9775 18.287525243908366
5.9825 120.94884702402445
5.9875 119.03147184847465
5.9925 -280.52535461394666
5.9975 232.73021819116818
6.0024999999999995 49.07409367483798
6.007499999999999 -207.75002625450884
6.012499999999999 -51.76322580713894
6.0175 229.0337731349898
6.0225 181.79019190072233
6.0275 -129.3979563292382
6.0325 -127.99551322179364
6.0375 94.87819234794222
6.0424999999999995 15.568202893539883
6.047499999999999 -237.88513805525736
6.052499999999999 202.149839228178
6.0575 177.97856686506705
6.0625 -273.28825290079186
6.0675 172.2615346575924
6.0725 -200.2111778935409
6.0775 164.7881498414432
6.0825 171.63921504325506
6.0874999999999995 -207.83786995182916
6.092499999999999 -58.89240718847893
6.0975 -3.6784098233955125
6.1025 67.9643554719952
6.1075 -99.45886396311164
6.1125 110.45031566964988
6.1175 -13.121244375321435
6.1225 -150.30132141006592
6.1274999999999995 95.8503014216769
6.132499999999999 -130.75502308601347
6.137499999999999 63.124012039142755
6.1425 -31.28354934873837
6.1475 -76.95355764116823
6.1525 64.37823755946008
6.1575 18.122947001059757
6.1625 0.7690852653529336
6.1674999999999995 115.29672577232068
6.172499999999999 -187.3643343440008
6.177499999999999 138.32089768319346
6.1825 -102.50804006536723
6.1875 322.98431038551774
6.1925 -32.00406283287446
6.1975 -191.241875640898
6.2025 94.49171634441694
6.2075 114.15930256950097
6.2124999999999995 13.5981489218047
6.217499999999999 22.39865775418317
6.2225 -131.15737722495095
6.2275 -12.576736983450468
6.2325 128.6523509995186
6.2375 -168.4405438329964
6.2425 -175.66855529512367
6.2475 90.82609442768243
6.2524999999999995 187.75236593931638
6.257499999999999 370.79341835852654
6.262499999999999 -151.27127642109716
6.2675 -372.31922569617115
6.2725 217.59608764657767
6.2775 36.6939212147416
6.2825 -68.1832932396654
6.2875 -29.025943866133677
6.2924999999999995 -60.667939551793204
6.297499999999999 324.42551262432494
6.302499999999999 107.67990616903538
6.3075 -49.478340163160844
6.3125 -123.33316527414995
6.3175 -228.17647757793927
6.3225 33.07659902829969
6.3275 70.90316850804291
6.3325 378.80495986339184
6.3374999999999995 -139.66535058668623
6.342499999999999 -4.671309772213191
6.3475 -40.49802178895727
6.3525 172.1571980292464
6.3575 -83.17664325357364
6.3625 -30.076621312581977
6.3675 -41.05135935511974
6.3725 -67.10474652810109
6.3774999999999995 68.6135453620329
6.382499999999999 -31.041718117487726
6.387499999999999 7.04806165124035
6.3925 -393.11927443830723
6.3975 177.16364070646603
6.4025 -48.272369667307096
6.4075 102.89595902436301
6.4125 8.479151359150352
6.4174999999999995 54.18670228437228
6.422499999999999 197.56092476606904
6.427499999999999 33.92296833599329
6.4325 160.83905257224583
6.4375 83.61998401894428
6.4425 -159.30472588753705
6.4475 -75.32802159116315
6.4525 -138.31458952294767
6.4575 100.88866243246319
6.4624999999999995 -383.0430966666156
6.467499999999999 284.5416391847258
6.4725 -124.06770566446465
6.4775 -48.564478541047556
6.4825 37.968610458214265
6.4875 114.13666635359012
6.4925 -106.4369329315345
6.4975 -5.868313180118023
6.5024999999999995 528.5546733195679
6.507499999999999 -309.11702487266
6.512499999999999 -7.150681496801058
6.5175 -29.988808800784746
6.5225 -151.73737395843963
6.5275 148.78136743556425
6.5325 -68.64597481908632
6.5375 -82.2787528300001
6.5424999999999995 81.70984941130615
6.547499999999999 180.0461315199511
6.552499999999999 -178.93075694252119
6.5575 88.67321118175919
6.5625 -22.33998094238484
6.5675 16.494452043620225
6.5725 -147.97704361466046
6.5775 371.80980307048344
6.5825 -39.24008739542909
6.5874999999999995 -136.17712534706203
6.592499999999999 369.0687830963408
6.5975 -170.31276766734752
6.6025 -31.13192596036703
6.6075 187.48571399231506
6.6125 -46.54906121261104
6.6175 208.91032351219738
6.6225 -154.4002523541481
6.6274999999999995 4.1019060693045155
6.632499999999999 -300.3233142211522
6.637499999999999 190.72551259151044
6.6425 81.15572911483032
6.6475 -122.72526139814654
6.6525 78.48775326772922
6.6575 -73.80480300557058
6.6625 -68.54305996110861
6.6674999999999995 96.02344213018081
6.672499999999999 220.21818195727266
6.677499999999999 -43.49352155304116
6.6825 55.99945687225588
6.6875 -105.18927997403901
6.6925 -166.59992213469275
6.6975 -160.99561080648155
6.7025 -75.69171860961056
6.7075 -70.11996896441283
6.7124999999999995 224.80257083416393
6.717499999999999 105.31770411293314
6.722499999999999 60.35177124434426
6.7275 -14.782849311878433
6.7325 -60.66361726460601
6.7375 20.151908189027775
6.7425 -136.95580496360733
6.7475 21.69843301873253
6.7524999999999995 -165.01195768251466
6.757499999999999 245.17228134833456
6.762499999999999 -63.73507733110414
6.7675 7.789807344824571
6.7725 56.1085194889913
6.7775 94.45666434277072
6.7825 -56.30802078069011
6.7875 245.7226721457314
6.7924999999999995 -157.88438163190057
6.797499999999999 5.29454863576783
6.802499999999999 50.13737513862848
6.8075 38.93207219430035
6.8125 83.99116885255205
6.8175 -52.40254890030657
6.8225 185.2480066498499
6.8275 -234.30641426972875
6.8325 6.5143312919194925
6.8374999999999995 31.48921616310046
6.842499999999999 45.991118205896136
6.847499999999999 -295.30014945852497
6.8525 306.87597370524355
6.8575 -202.61782234652884
6.8625 185.4234215330207
6.8675 194.27826107321837
6.8725 -150.31991166620958
6.8774999999999995 98.08776533284343
6.882499999999999 -285.78278484530443
6.887499999999999 -75.98690379704286
6.8925 190.85640862720928
6.8975 -198.74114023053124
6.9025 173.9691512676119
6.9075 -77.21110690240808
6.9125 0.6208877119636482
6.9174999999999995 -148.84664834111678
6.922499999999999 42.78093274455805
6.927499999999999 -46.011865049520594
6.9325 -76.30385661119571
6.9375 34.94369024530435
6.9425 122.24764011096953
6.9475 77.46543523860626
6.9525 38.298612768985755
6.9575 68.05974961869113
6.9624999999999995 -222.03687600567307
6.967499999999999 10.947513146648372
6.972499999999999 67.86160785789885
6.9775 -42.52686731416234
6.9825 -218.08138688849698
6.9875 227.52595756612757
6.9925 -200.8662862563699
6.9975 256.1539675122645
7.0024999999999995 25.281070916373597
7.007499999999999 -72.02131293889741
7.012499999999999 175.888229409576
7.0175 -47.68326171399856
7.0225 -338.7725188548295
7.0275 311.2943996757429
7.0325 -85.27913727336319
7.0375 25.990728154099177
7.0424999999999995 52.181208399926966
7.047499999999999 71.81935930713809
7.052499999999999 -11.024176504969859
7.0575 1.9077274010562109
7.0625 -200.61488856983783
7.0675 110.88865806674565
7.0725 -1.0434720773865553
7.0775 252.0706256453755
7.0825 -136.8597222352976
7.0874999999999995 13.32674065619002
7.092499999999999 -21.12570943924893
7.097499999999999 -140.5897873907485
7.1025 -25.065266043724094
7.1075 20.555960984987646
7.1125 19.58835552186149
7.1175 -74.4697536247631
7.1225 13.891442582254658
7.1274999999999995 -204.34230835078768
7.132499999999999 80.00688141799844
7.137499999999999 16.207787181911673
7.1425 -24.39077554931628
7.1475 268.48290946081767
7.1525 32.00463956767541
7.1575 36.861684920612966
7.1625 -29.058225389329003
7.1674999999999995 505.42049365349493
7.172499999999999 -490.797863223349
7.177499999999999 107.0105887870995
7.1825 346.08932181732786
7.1875 -346.3080476023915
7.1925 29.32149597690443
7.1975 157.9282845323948
7.2025 -81.2300147414947
7.2075 -198.6697119609744
7.2124999999999995 -28.684257313575227
7.217499999999999 9.566610287933033
7.222499999999999 55.15729234680373
7.2275 151.00998202689658
7.2325 -307.2200800307023
7.2375 102.57621109256431
7.2425 6.369091757769376
7.2475 123.48979212969499
7.2524999999999995 -43.183931680371714
7.257499999999999 -71.22514567840656
7.262499999999999 135.37935065049354
7.2675 -158.27452114488526
7.2725 -164.9522817990604
7.2775 47.89842016141387
7.2825 333.9651894760045
7.2875 -147.14967370862087
7.2924999999999995 31.38299861677127
7.297499999999999 -177.68256059044379
7.302499999999999 -85.41514681376191
7.3075 -24.95040726197684
7.3125 -205.0664511324169
7.3175 288.6569859184289
7.3225 164.01141001049035
7.3275 -4.671533334254444
7.3325 -85.9785085518394
7.3374999999999995 -13.576354057095601
7.342499999999999 41.00786443232352
7.347499999999999 163.04341752449554
7.3525 210.52261946545624
7.3575 -293.83846824921017
7.3625 -86.16436426919923
7.3675 161.03039852068815
7.3725 -75.6153039459671
7.3774999999999995 74.32662398204938
7.382499999999999 19.39192771478808
7.387499999999999 -133.89818057813395
7.3925 112.83725728677122
7.3975 -74.31922584171605
7.4025 216.17277971356918
7.4075 25.777971567646052
7.4125 66.14213601205317
7.4174999999999995 -120.24912309912648
7.422499999999999 217.04028412136043
7.427499999999999 -220.24907996828892
7.4325 76.9317611974453
7.4375 11.15972497333058
7.4425 138.0604248778497
7.4475 55.37035684095345
7.4525 -84.60209219774944
7.4575 -24.16776774191802
7.4624999999999995 11.892899516683443
7.467499999999999 -145.24865821835684
7.472499999999999 29.665423610631557
7.4775 101.7788914809397
7.4825 2.150838159846077
7.4875 20.70420696146768
7.4925 -103.2218085287649
7.4975 -190.532517363124
7.5024999999999995 -0.21718183850040326
7.507499999999999 132.23199146836703
7.512499999999999 -3.467200407325582
7.5175 -110.66773508393925
7.5225 113.6844844266234
7.5275 -126.21546895804825
7.5325 25.60691390734346
7.5375 -52.232152978382686
7.5424999999999995 -77.15171992914027
7.547499999999999 317.92882312757604
7.552499999999999 -79.45037338944458
7.557499999999999 107.1464970074442
7.5625 -133.91738559699493
7.5675 -102.36784673045254
7.5725 -71.35044848526667
7.5775 42.93040890439515
7.5825 122.48908323377952
7.5874999999999995 -221.2601430171135
7.592499999999999 69.80139637813679
7.597499999999999 49.81587765950755
7.6025 -79.87062568302693
7.6075 19.26454636649529
7.6125 299.75397262612074
7.6175 -117.08835085244726
7.6225 33.0263680983023
7.6274999999999995 -43.634825395223146
7.632499999999999 31.51119050904809
7.637499999999999 60.34590112885144
7.6425 -41.14525403080855
7.6475 333.6313093046463
7.6525 -189.47547563564672
7.6575 46.08714466539016
7.6625 -138.39790513494515
7.6674999999999995 71.91532058296748
7.672499999999999 5.249474238597163
7.677499999999999 -120.11039739177336
7.682499999999999 -162.42361189755027
7.6875 66.67668094513293
7.6925 9.318171212770334
7.6975 38.3171802610134
7.7025 291.70293981269407
7.7075 111.49206451661134
7.7124999999999995 -143.32961080137017
7.717499999999999 73.613857929264
7.722499999999999 -148.93290935669086
7.7275 -186.95717304549427
7.7325 145.59872801850105
7.7375 152.32480210420334
7.7425 142.87610131852693
7.7475 47.62047565029544
7.7524999999999995 -235.83569028132956
7.757499999999999 149.46121876416095
7.762499999999999 154.71303579873424
7.7675 -99.96262862039374
7.7725 51.06034674944219
7.7775 -72.97805162885417
7.7825 127.92401981791642
7.7875 -169.3270416717956
7.7924999999999995 146.78014294134286
7.797499999999999 123.76719380546561
7.802499999999999 -218.7986673418187
7.807499999999999 -380.7383091323401
7.8125 308.3863588559431
7.8175 -56.71491080133124
7.8225 174.68929815737073
7.8275 80.2992181960682
7.8325 14.724344217833977
7.8374999999999995 -120.32956464278668
7.842499999999999 26.15414055840424
7.847499999999999 -380.1411671566709
7.8525 121.15078736575072
7.8575 271.6365702568618
7.8625 -156.56658692281331
7.8675 -21.563067387014723
7.8725 16.818272942901782
7.8774999999999995 -169.7894887018707
7.882499999999999 37.05651943694094
7.887499999999999 337.39058266314777
7.8925 -65.97346996557093
7.8975 15.07648795395385
7.9025 -55.60767725734497
7.9075 16.529328018120655
7.9125 31.064746191997067
7.9174999999999995 166.3478325933828
7.922499999999999 -261.6403076415433
7.927499999999999 -179.58950230053574
7.932499999999999 -53.81662328678257
7.9375 82.73870192599037
7.9425 256.001890585067
7.9475 -177.59823980455985
7.9525 58.41441680681944
7.9575 -380.89217350319177
7.9624999999999995 75.94585233235436
7.967499999999999 417.2228444946072
7.972499999999999 -221.55593839470225
7.9775 129.23789827664334
7.9825 225.57030051614493
7.9875 -59.70526166448859
7.9925 -126.69145583432804
7.9975 132.2837709503847
8.0025 -149.09826340521926
8.0075 148.82746121774585
8.0125 -67.51594449322049
8.0175 -48.23312013701422
8.022499999999999 114.49483657691603
8.0275 7.270541541681869
8.032499999999999 80.17573852515397
8.0375 -68.42827565618028
8.0425 177.47919808359578
8.0475 -64.20752076876776
8.0525 -17.442819690452318
8.0575 46.78468007712149
8.0625 17.261404291563387
8.067499999999999 72.60492381873016
8.0725 98.82612932570451
8.077499999999999 -149.01372013053003
8.0825 -148.45547161342338
8.0875 16.206597921329664
8.0925 97.57789413564377
8.0975 79.81429199616596
8.1025 180.79121735412102
8.1075 -164.02580617563206
8.112499999999999 62.40372918971403
8.1175 -127.22365415548157
8.1225 -125.06454406852467
8.1275 49.75095295315787
8.1325 -119.24370657085737
8.1375 47.98048553986826
8.1425 -95.75013424513791
8.147499999999999 75.20494029227947
8.1525 204.61881709423818
8.157499999999999 -140.36307047986654
8.1625 51.49439870279631
8.1675 -52.97961147820704
8.1725 17.518682357178147
8.1775 90.76653744725905
8.1825 16.814501928917544
8.1875 -124.64658660837344
8.192499999999999 109.16399142988404
8.1975 64.73558006702658
8.202499999999999 85.48393405110563
8.2075 22.49808667596497
8.2125 -107.771034346704
8.2175 17.685112256909925
8.2225 103.5913547407719
8.2275 -147.35804818628995
8.2325 235.56874832212173
8.237499999999999 -140.9267707848258
8.2425 234.98908668745918
8.2475 12.9677052813185
8.2525 -190.37094345725353
8.2575 124.25858290896886
8.2625 -25.348079263054778
8.2675 -242.75039204316806
8.272499999999999 198.6986518632586
8.2775 -56.73556903925263
8.282499999999999 -155.01913524488722
8.2875 -26.776049365977137
8.2925 27.407955568022206
8.2975 141.5416434409856
8.3025 -102.74404453821312
8.3075 62.94677809914518
8.3125 83.24206021748442
8.317499999999999 -44.73211434301216
8.3225 -61.998708458277136
8.327499999999999 -7.785100567770074
8.3325 -60.815222724591166
8.3375 106.37919023800036
8.3425 -130.57747123789835
8.3475 103.45634103176118
8.3525 -69.62386860998258
8.3575 -5.838281258186829
8.362499999999999 177.80007461552856
8.3675 103.02968596868777
8.3725 -86.16174915912985
8.3775 -107.89429124508389
8.3825 47.92995157080025
8.3875 108.26653322844999
8.3925 154.19559110842596
8.397499999999999 114.58082689030684
8.4025 -335.65200488155887
8.407499999999999 154.1163451414031
8.4125 199.22497263439584
8.4175 -211.644716694262
8.4225 -95.6069245990569
8.4275 237.2397032574811
8.4325 94.76651659490473
8.4375 -333.2360358255743
8.442499999999999 190.7907308628478
8.4475 -113.83836800880998
8.452499999999999 26.028907129464233
8.4575 -146.50233309049753
8.4625 -41.105609335856975
8.4675 71.52986014850306
8.4725 -13.082097990817308
8.4775 -70.045701364823
8.4825 10.436145570677018
8.487499999999999 -95.25238046585224
8.4925 -63.05201437062011
8.4975 95.93061374937211
8.5025 120.40405679130141
8.5075 111.94538405724941
8.5125 -104.51560298426614
8.5175 266.9121042670529
8.522499999999999 -27.58583555494859
8.5275 -63.51878401684361
8.532499999999999 94.86211351329314
8.5375 26.821103367552517
8.5425 63.91233347598369
8.5475 -239.4645996660002
8.5525 40.20353557831315
8.5575 -52.535710294511695
8.5625 -40.11527528451099
8.567499999999999 79.72307684115228
8.5725 213.37736600263867
8.577499999999999 -25.11726928515975
8.5825 -323.0044088630369
8.5875 467.3686627517625
8.5925 -159.6478234863282
8.5975 -121.46837257494198
8.6025 -118.66353241462288
8.6075 54.851904493101515
8.612499999999999 14.463254281252159
8.6175 -10.381123254800814
8.6225 79.36678210794952
8.6275 -3.583952689822466
8.6325 -26.020320978601497
8.6375 145.39068656471724
8.6425 301.0659520575496
8.647499999999999 -374.8164109336834
8.6525 -137.22535420360765
8.657499999999999 105.29373126181625
8.6625 -185.25177220307802
8.6675 281.83747484077526
8.6725 12.259886245962422
8.6775 12.104380556028035
8.6825 332.40719383454865
8.6875 -57.85836208681891
8.692499999999999 -4.289331852748052
8.6975 -218.3916867910514
8.702499999999999 170.63806961580818
8.7075 -27.32604869952894
8.7125 -54.97521889390167
8.7175 20.016135105949918
8.7225 -156.82967210784835
8.7275 51.81351489747901
8.7325 -74.5861027323957
8.737499999999999 131.15858227567125
8.7425 27.54501041557554
8.747499999999999 -46.01500676070184
8.7525 92.61865171809815
8.7575 -80.57146702337769
8.7625 -59.36041872907874
8.7675 104.69236595049317
8.772499999999999 -1.2676996729675158
8.7775 -70.63132890848402
8.782499999999999 -39.2128509858972
8.7875 48.563266911102964
8.7925 172.18377822694796
8.7975 -305.07937966597467
8.8025 -41.71276541722796
8.8075 78.44804659648486
8.8125 39.31300362235049
8.817499999999999 71.73930975366086
8.8225 -57.64574840111729
8.827499999999999 190.2500704750016
8.8325 47.800018207198995
8.8375 -85.38530937370061
8.8425 124.52896297341205
8.8475 -131.7909733665462
8.8525 -80.87367211153911
8.8575 -31.63088238895614
8.862499999999999 -57.41943492826857
8.8675 -83.46686467945081
8.872499999999999 -66.73080394684143
8.8775 99.31318822639133
8.8825 -112.72297895708664
8.8875 16.75641474719976
8.8925 77.27216657765845
8.897499999999999 132.18381595382894
8.9025 142.37116677647836
8.907499999999999 -202.01141491508943
8.9125 43.24919219032897
8.9175 116.55275199342908
8.9225 93.53596506444107
8.9275 -255.20046343213588
8.9325 7.9969692221135045
8.9375 74.45107468067603
8.942499999999999 -66.80042029802974
8.9475 212.09698421693668
8.952499999999999 -137.2103272553375
8.9575 -77.83456952332469
8.9625 -53.41099036058184
8.9675 133.09727861178152
8.9725 -70.15044340496954
8.9775 17.37514842113204
8.9825 191.31103618342775
8.987499999999999 -283.6993429432034
8.9925 -197.37607330150433
8.997499999999999 166.92724908614852
9.0025 98.6917639128949
9.0075 -8.177316023393837
9.0125 12.517103684025383
9.0175 28.931898789377687
9.022499999999999 17.21449981736521
9.0275 -48.23124951551705
9.032499999999999 37.24830908826916
9.0375 114.85586609822069
9.0425 -120.9650274418965
9.0475 113.57194607148973
9.0525 113.62461611730681
9.0575 -62.51654656974969
9.0625 39.54586888412036
9.067499999999999 -192.9434430489396
9.0725 93.78457158086185
9.077499999999999 124.54655713499875
9.0825 8.81633963027194
9.0875 -200.60324426394234
9.0925 85.91381319724834
9.0975 210.89132136561054
9.1025 -99.53245982390185
9.1075 13.073611580994754
9.112499999999999 237.27098694262503
9.1175 29.712691126425856
9.122499999999999 -136.6704763752475
9.1275 -54.04396811883043
9.1325 -29.159765748664917
9.1375 -36.10189320431804
9.1425 33.67592043780594
9.147499999999999 -135.62944847968333
9.1525 24.013191762167548
9.157499999999999 -111.42181155968107
9.1625 92.3061880402604
9.1675 -62.25672668662412
9.1725 230.55358184021918
9.1775 209.4911279581185
9.1825 -139.13695992579622
9.1875 124.17325931771916
9.192499999999999 -208.99599290747557
9.1975 73.94043976712122
9.202499999999999 17.82632714797956
9.2075 42.721366026882734
9.2125 -85.10135479054073
9.2175 -36.65678445429575
9.2225 -119.53204581225069
9.2275 -129.6175642566942
9.2325 155.31885338626836
9.237499999999999 75.08232967110123
9.2425 -248.32523458170286
9.247499999999999 157.2322431309144
9.2525 -78.63597661167772
9.2575 62.299898766884624
9.2625 204.67998545827376
9.2675 23.553335038486257
9.272499999999999 2.8875019290069917
9.2775 -185.32970982555926
9.282499999999999 -6.071957935687928
9.2875 244.34995778956295
9.2925 -235.37304811146214
9.2975 164.90355417246826
9.3025 -127.48080879484871
9.3075 85.03327955684927
9.3125 185.33396855743985
9.317499999999999 28.920193954618707
9.3225 -108.50877171368396
9.327499999999999 86.29905138551636
9.3325 -276.90640347736365
9.3375 -5.620794867394207
9.3425 148.53482890092116
9.3475 6.639902498234365
9.3525 -64.16925928993015
9.3575 -123.56981549785954
9.362499999999999 -62.181801690943594
9.3675 367.63777615507223
9.372499999999999 -271.1271032543062
9.3775 1.2603554164810842
9.3825 -49.121267502478446
9.3875 149.46894558609156
9.3925 135.2004885498618
9.397499999999999 67.79889933035392
9.4025 -269.07137778194107
9.407499999999999 3.279498033293044
9.4125 29.230808344094033
9.4175 -118.82135892592429
9.4225 201.12234032309843
9.4275 98.04449351154273
9.4325 -216.92556784561123
9.4375 88.58775077554044
9.442499999999999 -152.9950745592328
9.4475 -3.42246957724715
9.452499999999999 142.93804132688297
9.4575 -146.34569745168807
9.4625 250.77007880040458
9.4675 104.96603320099062
9.4725 13.05347901486983
9.4775 41.54642765953232
9.4825 -239.90657721609873
9.487499999999999 371.0495155767423
9.4925 -66.28985864413735
9.497499999999999 -63.938910614345964
9.5025 24.07343890321856
9.5075 151.7303357345709
9.5125 -59.889149190455086
9.5175 -108.31393829937606
9.522499999999999 97.09859336988315
9.5275 74.35061657083912
9.532499999999999 1.1360938705526655
9.5375 14.917721962320456
9.5425 -77.72952184736994
9.5475 16.329854712797154
9.5525 8.045938594077997
9.5575 -70.40791266284207
9.5625 -116.95369048067685
9.567499999999999 119.17244419232894
9.5725 -4.852136984338903
9.577499999999999 -273.72023595127683
9.5825 152.0161391784436
9.5875 14.15677356082777
9.5925 15.928072703203616
9.5975 -115.85707718632595
9.6025 279.40365922771224
9.6075 -60.262881433914316
9.612499999999999 -53.861115883149594
9.6175 86.16891067766176
9.622499999999999 78.56043861116635
9.6275 -454.35398603413466
9.6325 80.53190233179343
9.6375 -185.02323705777226
9.6425 14.601752215860479
9.647499999999999 47.35330756314886
9.6525 134.49291028121846
9.657499999999999 199.53275167426884
9.6625 -273.3911474947588
9.6675 384.86296063267855
9.6725 -9.072702657372947
9.6775 21.186818853434918
9.6825 -57.494245708615495
9.6875 48.488643770232706
9.692499999999999 -77.4222305253933
9.6975 249.22568800788937
9.702499999999999 -111.31331748661236
9.7075 -80.57274553113716
9.7125 -65.69442072045452
9.7175 56.43792260513492
9.7225 -89.79049745971788
9.7275 -187.6023122551714
9.7325 -81.60509730494647
9.737499999999999 113.07848793353288
9.7425 -109.41858441537916
9.747499999999999 234.66891431345366
9.7525 93.59738102113461
9.7575 -52.4726693516597
9.7625 -17.527624444074775
9.7675 152.88980535874032
9.772499999999999 64.5735422929478
9.7775 -64.74194832848625
9.782499999999999 -131.75896780891358
9.7875 310.3913724570155
9.7925 33.91747126251751
9.7975 -258.5059909820577
9.8025 30.018159773002292
9.8075 -4.051116036827274
9.8125 226.80176813779818
9.817499999999999 -272.1366383769786
9.8225 378.894372837289
9.827499999999999 -42.781348025195
9.8325 -108.28087304253567
9.8375 35.18789058942829
9.8425 -1.6727602087113318
9.8475 97.86081909281891
9.8525 -89.52041738939809
9.8575 4.977220509765559
9.862499999999999 116.90100997389315
9.8675 -77.42264199008018
9.872499999999999 -43.10489045880863
9.8775 -74.29419320915112
9.8825 -166.3376617047662
9.8875 178.39572559094188
9.8925 -6.905217859373825
9.897499999999999 118.14815517975435
9.9025 43.03242466202994
9.907499999999999 -113.12126552350517
9.9125 -13.378933165460335
9.9175 -216.5523670883379
9.9225 327.08534339175947
9.9275 -106.7133244332082
9.9325 -105.36495873344784
9.9375 -148.5239223892371
9.942499999999999 389.51717521167495
9.9475 -383.47322819180187
9.952499999999999 142.5978513833691
9.9575 33.7280324996113
9.9625 -220.34795834058247
9.9675 188.5817173596785
9.9725 -34.974882610815186
9.9775 -167.4845533324255
9.9825 276.83456084826133
9.987499999999999 126.56789484420163
9.9925 -109.37286321466888
9.997499999999999 184.51824843450004
10.0025 131.09173735692133
