0.0075 -220.04923366206853
0.012499999999999999 265.48840197534065
0.017499999999999998 -111.41724084098482
0.0225 261.93662037643384
0.0275 -56.80389744149463
0.0325 -108.04868642775097
0.0375 -378.2755854768866
0.042499999999999996 392.17366175940475
0.0475 91.02314772160877
0.0525 -64.79288659088667
0.057499999999999996 -49.2023953908162
0.0625 -18.37546473473433
0.06749999999999999 278.0934514662473
0.0725 -246.49012023691293
0.0775 20.21761911267968
0.08249999999999999 71.50590387703139
0.0875 112.97640778174039
0.0925 29.887898764031593
0.09749999999999999 -158.93274759948034
0.1025 -297.5832317864704
0.1075 200.0335148894315
0.11249999999999999 -2.92484573764113
0.1175 158.24503733812935
0.1225 -91.41848172954427
0.1275 355.31395425754715
0.1325 -211.00898996956994
0.13749999999999998 475.4414451648352
0.1425 -244.79581313445584
0.1475 49.91442825484711
0.1525 183.48125241916307
0.1575 -290.620214504201
0.1625 -133.42632561918663
0.16749999999999998 228.18320496635658
0.1725 -397.79129083565675
0.1775 208.03716834025101
0.1825 92.14388015612855
0.1875 78.64329560394289
0.1925 -10.78875751729323
0.19749999999999998 2.0030675981129793
0.20249999999999999 40.885325722066746
0.2075 179.6054107332758
0.2125 112.57717894704359
0.2175 -315.53403608978226
0.2225 205.9393463921078
0.22749999999999998 -209.24967934165622
0.23249999999999998 -158.03148752750013
0.2375 -114.09005113498769
0.2425 -69.9195625030367
0.2475 64.673292609836
0.2525 88.60248734974674
0.2575 33.67615636878885
0.2625 -4.652083041912049
0.2675 -34.216343841993364
0.27249999999999996 90.82952851959097
0.27749999999999997 -83.65823773429722
0.2825 -40.888731523310845
0.2875 58.01310623154215
0.2925 -73.52362327604571
0.2975 285.5060460921729
0.3025 -250.63838746807406
0.3075 130.4712209763764
0.3125 -166.206711390467
0.3175 41.489606814009065
0.3225 10.847417354692901
0.32749999999999996 204.3530777514376
0.33249999999999996 -3.0828808103524246
0.33749999999999997 87.8388284312085
0.34249999999999997 -346.7936640945058
0.3475 202.42479237983815
0.3525 -20.274946130823412
0.3575 -258.27743473389006
0.3625 -30.23611412757035
0.3675 169.42579714417946
0.3725 212.35920946446134
0.3775 0.9260400294363998
0.3825 -236.1234436428002
0.38749999999999996 99.87255387522175
0.39249999999999996 -159.14501758650525
0.39749999999999996 12.580816102508043
0.40249999999999997 83.7047317964844
0.4075 32.388332690912016
0.4125 -285.1204982856099
0.4175 212.7739677110111
0.4225 -182.49602358269436
0.4275 -25.405071135513356
0.4325 -92.4209920828616
0.4375 357.1730188538185
0.4425 -302.4829727522456
0.44749999999999995 178.21251039590524
0.45249999999999996 -380.82830160431234
0.45749999999999996 263.8298990114502
0.46249999999999997 46.9653728140148
0.46749999999999997 47.460117848242064
0.4725 67.88699866343393
0.4775 -1.3902000921389484
0.4825 18.86133781659585
0.4875 -174.61794094343625
0.4925 -26.097511859126268
0.4975 79.11797110923791
0.5025 -272.3382334410143
0.5075 252.207544829324
0.5125 92.7112124560629
0.5175 96.5371919116818
0.5225 84.3770135137148
0.5275 -144.6497174827678
0.5325 -75.14505967981344
0.5375 -198.64366875955912
0.5425 -35.71779598512576
0.5475 158.29151824186795
0.5525 -9.739210447369578
0.5575 144.15831074694347
0.5625 61.29871689053521
0.5675 -22.718659380870342
0.5725 178.88561862818662
0.5775 34.46451295513553
0.5825 -210.39589454281858
0.5875 -79.65909671403341
0.5925 19.68606555550622
0.5974999999999999 162.08115597050377
0.6024999999999999 -187.43488856361117
0.6074999999999999 114.0745120927952
0.6124999999999999 96.86671788661495
0.6174999999999999 75.08901863684875
0.6224999999999999 89.45357271120106
0.6275 17.491783856605593
0.6325 -228.88940705865596
0.6375 3.884878250444658
0.6425 -95.76114661654076
0.6475 -133.99544009939567
0.6525 246.62619596430795
0.6575 46.33420256399842
0.6625 -93.33063115882788
0.6675 21.296277407887892
0.6725 9.69465015078465
0.6775 196.43101326099384
0.6825 169.17835909799192
0.6875 -316.1753624827288
0.6925 225.66222859590223
0.6975 -302.3808792446278
0.7025 -50.09074383382268
0.7075 -66.28953800564175
0.7125 100.61650492478678
0.7174999999999999 52.05798189756328
0.7224999999999999 50.677118251024694
0.7274999999999999 -55.73425663109337
0.7324999999999999 147.79395613881528
0.7374999999999999 -80.01147134802962
0.7424999999999999 -29.761444757401968
0.7474999999999999 -110.59737843843426
0.7525 61.53106403839251
0.7575 -119.47043532434306
0.7625 166.51268637414455
0.7675 -101.23004259054663
0.7725 130.0256940663599
0.7775 -141.83213547035768
0.7825 5.356330973013832
0.7875 130.0279923209876
0.7925 219.45726795689896
0.7975 -47.87001167952341
0.8025 107.90783628887576
0.8075 12.410704995203533
0.8125 -422.51510829736486
0.8175 69.9381092047156
0.8225 -145.03391918004175
0.8275 13.167682119348733
0.8325 -133.25648504958477
0.8374999999999999 238.89381156271722
0.8424999999999999 124.91838857476941
0.8474999999999999 110.42450195157767
0.8524999999999999 -58.16739825197242
0.8574999999999999 -243.48082226048658
0.8624999999999999 -217.65150195263692
0.8674999999999999 189.44742090219808
0.8724999999999999 -289.8480947690227
0.8775 75.20748480727224
0.8825 158.4893689377778
0.8875 105.71893942188457
0.8925 274.39605360680775
0.8975 -221.21185062265602
0.9025 -93.56519902515468
0.9075 180.15037363774022
0.9125 -149.81679075312778
0.9175 -78.97122019568471
0.9225 23.692918281932858
0.9275 72.71135856170109
0.9325 52.80824610758457
0.9375 103.62091480073728
0.9425 -168.81446772925912
0.9475 192.64019765383404
0.9524999999999999 224.43652121669618
0.9574999999999999 -113.40433526679077
0.9624999999999999 -60.880987729466696
0.9674999999999999 -196.15029065597238
0.9724999999999999 1.768613387885712
0.9774999999999999 -143.2020099701552
0.9824999999999999 173.58264236796518
0.9874999999999999 -204.71707438775906
0.9924999999999999 90.07578179457039
0.9974999999999999 -196.00268444326198
1.0025 226.75551329620603
1.0075 -76.51061031340991
1.0125 107.17913456536178
1.0174999999999998 168.30450126489177
1.0225 88.01945840230212
1.0274999999999999 6.226896825450039
1.0325 -255.29269705106904
1.0374999999999999 127.17424852337867
1.0425 63.14262318432355
1.0474999999999999 -62.95596585427666
1.0525 -58.07089840084292
1.0574999999999999 237.41191866388138
1.0625 -370.7149325139576
1.0675 279.94551468230594
1.0725 -229.1516649391331
1.0775 85.52570712511387
1.0825 -207.89292384798196
1.0875 9.94307455427719
1.0925 130.49486670846176
1.0975 -93.70418082881314
1.1025 -77.34365406023382
1.1075 -48.80407494139259
1.1125 145.34889204243785
1.1175 -19.19421301144424
1.1225 -106.24815827552777
1.1275 184.32346549929045
1.1324999999999998 -96.18074743533427
1.1375 30.949883725884213
1.1424999999999998 107.82777462962585
1.1475 3.7183028182716624
1.1524999999999999 8.359353060289472
1.1575 95.6958489668624
1.1624999999999999 25.610109831332824
1.1675 -166.83777367541288
1.1724999999999999 143.82241345121136
1.1775 12.724062921206293
1.1824999999999999 67.73891001265466
1.1875 9.954661127479621
1.1925 173.78284028437952
1.1975 -221.59242993062227
1.2025 163.92121308912337
1.2075 -290.0525211364378
1.2125 -72.5115564678679
1.2175 246.18215674848705
1.2225 0.652778791093697
1.2275 -82.41373219546003
1.2325 -34.770754019091264
1.2375 -84.87609715160548
1.2425 241.4132662901786
1.2475 -225.49393624935945
1.2525 138.03433562186441
1.2574999999999998 142.6371488268628
1.2625 -373.6032253973083
1.2674999999999998 233.39228605744736
1.2725 -144.12921689081102
1.2774999999999999 155.6660372096793
1.2825 -63.32020171119313
1.2874999999999999 48.74337843932282
1.2925 -164.5854418358272
1.2974999999999999 4.44524604671838
1.3025 89.84524472289877
1.3074999999999999 -41.44664447941882
1.3125 96.99796630556655
1.3175 84.61560566126475
1.3225 -58.82533436539974
1.3275 -328.0106777335989
1.3325 228.48703907045135
1.3375 -66.3851707150103
1.3425 -9.737842758224918
1.3475 -22.76320941386539
1.3525 -158.032559447617
1.3575 158.1003607224092
1.3625 -153.46350397926318
1.3675 5.894577838222822
1.3724999999999998 80.36575599662842
1.3775 52.545981121545196
1.3824999999999998 -23.367886969863214
1.3875 191.11089144359372
1.3924999999999998 -72.97966011760772
1.3975 -212.33886571346088
1.4024999999999999 105.59059270401225
1.4075 -106.99754560653615
1.4124999999999999 2.1864020251417706
1.4175 58.598545872557544
1.4224999999999999 -130.0512609319369
1.4275 241.40859398825933
1.4324999999999999 -88.15287033336807
1.4375 63.23082531778302
1.4425 280.2373174905326
1.4475 -103.3725867170883
1.4525 -180.22601435433475
1.4575 145.93532764642572
1.4625 110.26001160716552
1.4675 -231.6501200985171
1.4725 -103.55225237127826
1.4775 30.616052503954762
1.4825 72.95498796074146
1.4874999999999998 10.831851896914905
1.4925 35.179674519931666
1.4974999999999998 -2.7400003259627224
1.5025 -64.57543349096893
1.5074999999999998 80.00119828405985
1.5125 -31.044859302331027
1.5174999999999998 151.3088285526443
1.5225 -63.77137491149225
1.5274999999999999 -77.46605921223758
1.5325 -44.98182722178894
1.5374999999999999 -150.53881114279443
1.5425 232.77274656012452
1.5474999999999999 21.343027007146365
1.5525 238.88752656134088
1.5574999999999999 -50.93089893259328
1.5625 -35.218867616928236
1.5675 -48.62868308550684
1.5725 19.446468234069787
1.5775 -176.88355340778975
1.5825 -233.62161255185032
1.5875 19.4104488232845
1.5925 66.81330399819636
1.5975 -97.94540144604443
1.6025 104.36357342748347
1.6075 128.83237410296405
1.6124999999999998 26.97780022604396
1.6175 -101.57195119192474
1.6224999999999998 140.36894704299917
1.6275 -40.58632379504141
1.6324999999999998 49.15938989651464
1.6375 -127.31294857175708
1.6424999999999998 -33.70749452990987
1.6475 87.34115958970835
1.6524999999999999 99.74564790877977
1.6575 27.474997435851126
1.6624999999999999 -145.6084234923707
1.6675 165.8018479682828
1.6724999999999999 153.81823160703317
1.6775 -161.42882581671418
1.6824999999999999 130.87308420649376
1.6875 -173.7964363665038
1.6925 167.25662031772643
1.6975 -70.75062050838649
1.7025 -156.4462697863252
1.7075 176.55620699827818
1.7125 -73.2099182301696
1.7175 -22.398125626522887
1.7225 117.0273861811956
1.7274999999999998 -370.6578459006692
1.7325 17.222070925505037
1.7374999999999998 142.8889638993836
1.7425 -8.62765418854653
1.7474999999999998 127.59722685275186
1.7525 -291.72978304778263
1.7574999999999998 165.84814945657513
1.7625 138.39563240770764
1.7674999999999998 -135.79302470667312
1.7725 -159.7271955112884
1.7774999999999999 17.575402902427154
1.7825 43.27281739523454
1.7874999999999999 142.37033470198287
1.7925 -2.5796396290506682
1.7974999999999999 -20.41756305458848
1.8025 -65.54801679519018
1.8074999999999999 81.9324627284162
1.8125 -106.43231207914917
1.8175 -256.258165845316
1.8225 346.98885941549366
1.8275 -27.730828762941425
1.8325 -95.2061085840692
1.8375 182.3290084609623
1.8425 66.87741459133284
1.8475 -222.57396966444912
1.8524999999999998 72.71676273652994
1.8575 255.4865541578371
1.8624999999999998 -301.448379995956
1.8675 165.12967447929194
1.8724999999999998 60.21675687741111
1.8775 -145.3246598382996
1.8824999999999998 -55.91642245630441
1.8875 112.281353000734
1.8924999999999998 -101.21732758169072
1.8975 77.70497584712936
1.9024999999999999 20.45837793037164
1.9075 91.30988742199355
1.9124999999999999 21.67351223298047
1.9175 -150.27511293853652
1.9224999999999999 172.97526338247533
1.9275 24.178700833668202
1.9324999999999999 152.13328930663312
1.9375 -107.26085826825091
1.9425 -89.18666410866034
1.9475 -109.91397572680805
1.9525 78.81234745613727
1.9575 41.15267079034662
1.9625 90.2988832901225
1.9674999999999998 -215.5387843446442
1.9725 72.96345469868339
1.9774999999999998 72.82431910565722
1.9825 -83.0729607317062
1.9874999999999998 56.66074878482274
1.9925 -283.66272534934603
1.9974999999999998 130.97930999330137
2.0025 -157.14308595725754
2.0075 171.41642671877898
2.0124999999999997 211.6112535094887
2.0175 -95.4688137860056
2.0225 101.44256627246
2.0275 29.135545518714878
2.0324999999999998 -158.84514417543093
2.0375 5.416478504609146
2.0425 -134.1216654121891
2.0475 290.61521429374335
2.0524999999999998 -338.4887045407315
2.0575 -144.92177709158682
2.0625 301.31287429255315
2.0675 -64.07795676281795
2.0725 -37.10995431758131
2.0775 -226.2771694786179
2.0825 12.48621685769041
2.0875 285.26060207728204
2.0925 -239.15440410994296
2.0974999999999997 115.15268201218463
2.1025 -168.24370475861284
2.1075 61.55129515307321
2.1125 -263.0650457663272
2.1174999999999997 114.87879390535191
2.1225 -172.15940430631858
2.1275 213.2362603266922
2.1325 194.89421857767076
2.1374999999999997 -143.8791316279396
2.1425 -39.57299456530751
2.1475 93.1692738410209
2.1525 160.38232624348
2.1574999999999998 -132.05563845360527
2.1625 206.72709556802033
2.1675 -113.36683974124459
2.1725 -61.07175075863727
2.1774999999999998 -216.3266343471689
2.1825 169.8699095209744
2.1875 -137.87698426214092
2.1925 331.98126380199164
2.1975 6.222759809218744
2.2024999999999997 -84.07356722199563
2.2075 20.06500495892305
2.2125 255.73271188697845
2.2175 107.54736690627878
2.2224999999999997 51.692617835266184
2.2275 -303.7332380071921
2.2325 11.415294533646602
2.2375 -63.06209938802372
2.2424999999999997 348.88971047449473
2.2475 -146.17239209809637
2.2525 -207.0351545867828
2.2575 227.18364868474387
2.2624999999999997 -63.380290029769874
2.2675 44.12727309591408
2.2725 -64.51341693333833
2.2775 160.37252293612426
2.2824999999999998 -197.1784444570374
2.2875 26.546914195416463
2.2925 278.89409727050213
2.2975 -233.62997816711496
2.3024999999999998 70.56045408327421
2.3075 60.76644843485079
2.3125 75.62555042987074
2.3175 -152.9090180095015
2.3225 85.38854161500804
2.3274999999999997 -59.72741614959719
2.3325 -252.99482928172907
2.3375 355.77190317066595
2.3425 -36.34631237344174
2.3474999999999997 171.87376063890764
2.3525 -31.49609250515564
2.3575 -203.6892050723522
2.3625 112.9760119756073
2.3674999999999997 101.36609568541012
2.3725 -207.11387237367998
2.3775 -4.947101643385419
2.3825 66.1629182025601
2.3874999999999997 277.47798398241974
2.3925 102.12681428282251
2.3975 10.786859279502115
2.4025 -145.13353968883476
2.4074999999999998 -89.27492466563149
2.4125 -147.17518325270623
2.4175 -27.077246780146844
2.4225 -170.09563849553754
2.4274999999999998 -200.45087824562964
2.4325 177.41420942718605
2.4375 11.320334101751689
2.4425 61.20635168711627
2.4475 -116.4717735850671
2.4524999999999997 219.1997144849556
2.4575 -122.5377583746099
2.4625 -107.82117974678565
2.4675 312.41399179910934
2.4724999999999997 9.050086968641876
2.4775 -84.19490874370514
2.4825 213.7949612107007
2.4875 -313.0885959825128
2.4924999999999997 -43.70615142363453
2.4975 239.95950325953277
2.5025 -175.3748614862526
2.5075 7.61132720105878
2.5124999999999997 -31.39721097483447
2.5175 59.073176178581726
2.5225 -72.74534005776366
2.5275 -135.7738190298897
2.5324999999999998 81.11643535570217
2.5375 -213.2407491998383
2.5425 213.39924666043248
2.5475 104.88679413392923
2.5524999999999998 34.06631094819714
2.5574999999999997 27.678819994957372
2.5625 -235.59013356432672
2.5675 256.9757986818905
2.5725 -45.13722981527876
2.5774999999999997 -147.69598938383888
2.5825 -66.82391760281519
2.5875 88.14069271555188
2.5925 178.36328095232847
2.5974999999999997 60.9021417777303
2.6025 93.63746933673177
2.6075 -140.73387503431056
2.6125 -324.9267350364467
2.6174999999999997 373.3039793810619
2.6225 -136.36148258029837
2.6275 -38.932979271952725
2.6325 -55.60218451793318
2.6374999999999997 135.1896962452873
2.6425 -139.88042016522945
2.6475 -16.23007443576637
2.6525 88.01499479337724
2.6574999999999998 -2.661734400189555
2.6625 -161.62062520529435
2.6675 -110.18879676764459
2.6725 80.94177024093109
2.6774999999999998 15.070106928799069
2.6824999999999997 21.849340423020898
2.6875 115.34766521898148
2.6925 3.416244841565294
2.6975 310.3021036997147
2.7024999999999997 -242.9623314899648
2.7075 -138.33248572849732
2.7125 -13.178618837896304
2.7175 153.15462453123217
2.7224999999999997 24.503170543152766
2.7275 20.96724487477622
2.7325 192.04994228380994
2.7375 -146.9367579542842
2.7424999999999997 32.982680601611214
2.7475 385.66515755485125
2.7525 -478.58761627064
2.7575 274.623629895966
2.7624999999999997 -146.50819281081596
2.7675 171.66045435826538
2.7725 -84.59387658879852
2.7775 89.15658205304008
2.7824999999999998 -167.28084396887309
2.7875 73.7449418018162
2.7925 -248.242447676169
2.7975 14.210683387445352
2.8024999999999998 168.3427765601004
2.8074999999999997 -99.25573107119124
2.8125 -231.21336039961568
2.8175 209.03266892484464
2.8225 151.28516571457578
2.8274999999999997 -153.32274594952798
2.8325 164.68479049107268
2.8375 69.97320805043873
2.8425 -179.9725660551771
2.8474999999999997 82.82489818554942
2.8525 47.07534823232772
2.8575 12.514420413192413
2.8625 -31.6731346936614
2.8674999999999997 -113.56543625801953
2.8725 -139.30287717237158
2.8775 -67.29124385141333
2.8825 -65.59739624198042
2.8874999999999997 3.1965292779999523
2.8925 -125.65419270248506
2.8975 190.3154637537049
2.9025 -51.875313156447795
2.9074999999999998 150.84715543672198
2.9125 18.13494697982022
2.9175 -216.7410452106763
2.9225 213.88106220309209
2.9274999999999998 -214.73378967313604
2.9324999999999997 159.79908011584166
2.9375 104.0745894221101
2.9425 -66.06004545161784
2.9475 68.56573038898573
2.9524999999999997 -151.73102527017224
2.9575 34.706012083592256
2.9625 -70.94554292315092
2.9675 110.11415415227043
2.9724999999999997 235.50340320334013
2.9775 -183.53107727943748
2.9825 159.45694124161352
2.9875 -314.4580650705098
2.9924999999999997 177.67438629902142
2.9975 -0.33041272278247275
3.0025 -102.69610403356656
3.0075 -90.38170673502319
3.0124999999999997 346.78864713169844
3.0175 -13.20618597680905
3.0225 7.0185071178233756
3.0275 -92.87240476692475
3.0324999999999998 14.234090425273594
3.0374999999999996 98.61257610621472
3.0425 -56.843637008860426
3.0475 134.6786220122548
3.0524999999999998 -64.31948324439965
3.0574999999999997 -228.57412536747182
3.0625 273.4011331782117
3.0675 -41.6322978198396
3.0725 -148.00206095052891
3.0774999999999997 58.44138978421091
3.0825 -78.0798884692178
3.0875 -112.92130546249686
3.0925 236.65843931853578
3.0974999999999997 -79.13636583083579
3.1025 -93.26202485015199
3.1075 47.03993937355621
3.1125 65.58423792499208
3.1174999999999997 58.191820200939084
3.1225 -53.040247188244415
3.1275 -186.5615975964755
3.1325 -93.85784861244312
3.1374999999999997 155.9316841801709
3.1425 204.12591555865598
3.1475 -301.9486636843565
3.1525 102.07114141324888
3.1574999999999998 -54.627122926835646
3.1624999999999996 89.67232533949985
3.1675 148.1958491070264
3.1725 -15.548372585202705
3.1774999999999998 -12.715654935737234
3.1824999999999997 138.56060803570315
3.1875 -9.568005346650722
3.1925 -44.83452707459232
3.1975 -98.20428786882823
3.2024999999999997 20.245221327081904
3.2075 120.02841249368007
3.2125 -146.08126142032253
3.2175 104.97589262090548
3.2224999999999997 64.18087083128874
3.2275 -306.97019267089746
3.2325 215.615117557491
3.2375 -208.02351013380138
3.2424999999999997 4.694125995700512
3.2475 18.767474918560353
3.2525 75.27158053136182
3.2575 314.53597716560085
3.2624999999999997 -467.0201987428899
3.2675 320.11508264671977
3.2725 -84.78396222103656
3.2775 136.3468327531643
3.2824999999999998 -32.204792334163066
3.2874999999999996 -123.40503014103038
3.2925 161.87990743421122
3.2975 -41.43192912321087
3.3024999999999998 182.94135101063054
3.3074999999999997 -149.84467034762594
3.3125 165.93036396959604
3.3175 83.00784509626773
3.3225 -319.1396880399609
3.3274999999999997 -145.1012209601261
3.3325 30.677408046921304
3.3375 148.04306346578872
3.3425 13.900967720007548
3.3474999999999997 -69.8640192441815
3.3525 -9.921682601263392
3.3575 30.320415389606232
3.3625 -20.834477707690333
3.3674999999999997 -210.3497293596054
3.3725 124.3564659762123
3.3775 34.52501670238178
3.3825 -5.187916121314842
3.3874999999999997 -135.19299629372503
3.3924999999999996 -151.9920352033867
3.3975 200.88450149672929
3.4025 18.645066345359957
3.4074999999999998 4.918530440830292
3.4124999999999996 4.051735010248139
3.4175 -61.64727814034276
3.4225 -74.82830134753051
3.4274999999999998 -4.477576881199733
3.4324999999999997 -58.80804021644049
3.4375 67.7819431890424
3.4425 68.28609177695773
3.4475 -227.10754048136766
3.4524999999999997 313.24034447483405
3.4575 -286.82046431046024
3.4625 -6.249475144187162
3.4675 139.02699450790422
3.4724999999999997 170.12883752445572
3.4775 170.27483656425747
3.4825 -126.9631870082707
3.4875 52.723426221746266
3.4924999999999997 -145.82387769236573
3.4975 82.0294844436161
3.5025 162.01640975850898
3.5075 26.06841326595234
3.5124999999999997 -56.21266492507954
3.5174999999999996 40.61564660817901
3.5225 73.17279114118347
3.5275 -153.50926116833026
3.5324999999999998 -58.74649631028263
3.5374999999999996 -170.68714786571059
3.5425 66.9660317422603
3.5475 40.067339056360225
3.5524999999999998 39.66174119536894
3.5574999999999997 -97.77669960858205
3.5625 258.8764771020463
3.5675 0.22394811013327393
3.5725 -31.904532854207627
3.5774999999999997 100.55692478549393
3.5825 -167.2205182718841
3.5875 144.77416508915903
3.5925 -131.46361721978275
3.5974999999999997 -47.11814924433847
3.6025 -78.55422474970862
3.6075 15.441379660843307
3.6125 179.9021666447142
3.6174999999999997 -166.76320665532575
3.6225 -65.0168366418911
3.6275 20.49039644907612
3.6325 79.3613256611837
3.6374999999999997 11.822845581287838
3.6424999999999996 173.32922229367978
3.6475 -162.84648476195815
3.6525 -47.98917537930575
3.6574999999999998 -108.25938371700244
3.6624999999999996 318.8604749721598
3.6675 -79.27252077209123
3.6725 -238.52804419397137
3.6774999999999998 78.39571926246086
3.6824999999999997 167.93157530536885
3.6875 -223.36313038003618
3.6925 367.5442058351408
3.6975 -136.58734820534994
3.7024999999999997 -162.33402365311818
3.7075 -115.86703839506455
3.7125 -146.63435285770447
3.7175 -46.31213426672797
3.7224999999999997 50.14596563177924
3.7275 21.476188138182522
3.7325 18.738603703377766
3.7375 -76.29912167506127
3.7424999999999997 208.81437513164755
3.7474999999999996 120.30821558631523
3.7525 141.5771007886401
3.7575 63.85238318953248
3.7624999999999997 -86.24762198402297
3.7674999999999996 -103.82495246758157
3.7725 98.59600685618733
3.7775 214.75453357255762
3.7824999999999998 5.296406213952855
3.7874999999999996 -440.7794944752502
3.7925 -36.05620292596193
3.7975 90.46319678498581
3.8024999999999998 348.3789542359321
3.8074999999999997 -115.61164140780156
3.8125 52.18294842382205
3.8175 -12.13970806269124
3.8225 6.29328725138624
3.8274999999999997 -73.58511191671958
3.8325 -125.6049701044018
3.8375 102.3590932699162
3.8425 34.753298547552504
3.8474999999999997 -14.2940195266226
3.8525 -52.766987265746565
3.8575 -247.3123987937904
3.8625 -85.70519178484372
3.8674999999999997 309.34763484213676
3.8724999999999996 -202.52332810613083
3.8775 -67.98154737980904
3.8825 64.73318276217722
3.8874999999999997 23.924516187728422
3.8924999999999996 10.156356360205097
3.8975 -141.6285168343082
3.9025 97.21042761643372
3.9074999999999998 97.3732542066083
3.9124999999999996 -63.341792619949345
3.9175 -198.8480947322208
3.9225 256.6524577041245
3.9274999999999998 -45.40791331354605
3.9324999999999997 207.7459366086924
3.9375 92.29439938618404
3.9425 -277.532120734707
3.9475 380.0012612680653
3.9524999999999997 -185.74848547804277
3.9575 -77.3429508727421
3.9625 139.78993661995645
3.9675 -2.1571597417094295
3.9724999999999997 0.40842561158958546
3.9775 145.0903352387908
3.9825 -337.2893348490198
3.9875 46.748424209015354
3.9924999999999997 101.62594556979843
3.9974999999999996 77.89826740377768
4.0024999999999995 -222.96062251752323
4.007499999999999 196.39502595682308
4.0125 -108.87106393616175
4.0175 73.58558812097341
4.0225 -55.35196402733061
4.0275 98.98809066153312
4.0325 -65.00219191365586
4.0375 -165.01051128117547
4.0424999999999995 274.0044432578616
4.047499999999999 -11.84829376485472
4.0525 127.2621265149056
4.0575 -151.22882099106607
4.0625 -183.79514003851313
4.0675 386.4663420988868
4.0725 -207.70070720499757
4.0775 -42.89619706969031
4.0825 39.48332955777602
4.0874999999999995 158.51780163121364
4.0925 110.8596306607785
4.0975 -244.5944357111595
4.1025 -26.49200155520911
4.1075 117.20671629494694
4.1125 -21.09643044374507
4.1175 3.2851672192761567
4.1225 -95.53267686872441
4.1274999999999995 -172.11162097934024
4.132499999999999 85.0960909505659
4.1375 32.06608787770439
4.1425 -254.3448830459607
4.1475 91.30560089289035
4.1525 -5.28552772976425
4.1575 82.04598875669977
4.1625 -197.755985739297
4.1674999999999995 151.26665652681137
4.172499999999999 65.44947118772502
4.1775 265.21487644955835
4.1825 -120.3141653597661
4.1875 213.9151872084844
4.1925 79.21868314423617
4.1975 -263.77332070903026
4.2025 77.77216946476643
4.2075 185.0501848367347
4.2124999999999995 -172.61042796084968
4.2175 60.528968439374204
4.2225 62.67749400188361
4.2275 -96.53459877622154
4.2325 -151.6601309704585
4.2375 113.20319114278763
4.2425 300.4317952344607
4.2475 -186.6130325245173
4.2524999999999995 156.54202407975856
4.257499999999999 -93.62785728742605
4.2625 166.1886954348113
4.2675 -316.75935851035126
4.2725 171.5200662125196
4.2775 -135.83613388954944
4.2825 -64.38768914148545
4.2875 77.93213863204122
4.2924999999999995 -257.4375037070506
4.297499999999999 11.5515623209346
4.3025 82.4770154511425
4.3075 154.21449032494212
4.3125 -69.24629883658157
4.3175 59.388125684731605
4.3225 -283.12725932486615
4.3275 36.52681108901085
4.3325 262.44773932351944
4.3374999999999995 -16.268156762326655
4.342499999999999 -164.17303585933658
4.3475 -165.08453356616374
4.3525 63.64519348212482
4.3575 -11.438104519206894
4.3625 93.9580808575103
4.3675 94.61734189512441
4.3725 -135.82942400186872
4.3774999999999995 324.7709972972717
4.382499999999999 -229.3279028832621
4.3875 -89.58304316058151
4.3925 -151.71180715865492
4.3975 72.36887881786268
4.4025 3.996685719552363
4.4075 212.22877160594183
4.4125 -302.70071415377157
4.4174999999999995 43.28274426042236
4.422499999999999 151.09954296754793
4.4275 -138.23329669345705
4.4325 84.8591932822309
4.4375 0.8812252484560738
4.4425 296.034485942231
4.4475 -218.1690881456115
4.4525 -3.153696883089363
4.4575 347.2861176507065
4.4624999999999995 -141.49096762384198
4.467499999999999 99.6971075433589
4.4725 -164.96444173521132
4.4775 -42.87693639059186
4.4825 24.075464514791857
4.4875 -76.68079116049186
4.4925 -175.04534814343006
4.4975 90.79788889841313
4.5024999999999995 -53.81193795799925
4.507499999999999 11.767088596331694
4.5125 -53.56439671667879
4.5175 -13.22351749576225
4.5225 -195.3180951685358
4.5275 4.380113042127797
4.5325 92.16443516602085
4.5375 115.80993651797588
4.5424999999999995 -373.5527184030598
4.547499999999999 366.218308317903
4.5525 -85.92340708789503
4.5575 173.66853486473894
4.5625 7.965804226175703
4.5675 5.129778147985568
4.5725 -31.49132158066435
4.5775 -87.02088334619947
4.5825 -25.072520822760232
4.5874999999999995 30.542153702782308
4.592499999999999 62.33256770770205
4.5975 -102.55803174187344
4.6025 172.22532828170094
4.6075 -83.89456973737614
4.6125 -47.4330715124998
4.6175 2.697676373504988
4.6225 85.0640674974432
4.6274999999999995 200.2168024065911
4.632499999999999 -136.5101296262909
4.6375 146.6700215958353
4.6425 -194.95547546516914
4.6475 -75.60926008960894
4.6525 45.18140619767851
4.6575 -1.8156922115274765
4.6625 -68.68929532664671
4.6674999999999995 60.895094112674705
4.672499999999999 -51.93382246119579
4.6775 -35.45244718507887
4.6825 -105.15155290914213
4.6875 156.396152413739
4.6925 181.53828195578734
4.6975 -158.93104134345393
4.7025 157.39670347406383
4.7075 -296.9042075486068
4.7124999999999995 127.60174572716072
4.717499999999999 72.11276784084409
4.7225 62.316307878592866
4.7275 -140.42805637300208
4.7325 102.71626856649746
4.7375 19.13187683509781
4.7425 -224.91639009847393
4.7475 148.70789092190262
4.7524999999999995 79.87268471705961
4.757499999999999 -121.53702178016019
4.7625 -37.06759806113234
4.7675 -286.3708745978624
4.7725 174.53721544045587
4.7775 -53.92720346739189
4.7825 52.601982162826246
4.7875 16.568286039433463
4.7924999999999995 115.75289832777833
4.797499999999999 73.36923361992704
4.8025 -119.11931422995015
4.8075 147.15798516042156
4.8125 -55.0843090117946
4.8175 68.93730129147463
4.8225 16.222445693621793
4.8275 25.360077662801412
4.8325 -103.87052478044622
4.8374999999999995 -6.830004841702097
4.842499999999999 83.70364648764613
4.8475 -147.01759819893613
4.8525 23.108951860819676
4.8575 60.25049671856564
4.8625 -29.42261760151064
4.8675 28.064183320071322
4.8725 -74.12770817551983
4.8774999999999995 87.49534607938106
4.882499999999999 83.23972090849713
4.8875 33.1185318458736
4.8925 17.70396305033534
4.8975 -5.2515257723141495
4.9025 -69.6447918590582
4.9075 17.925939761703436
4.9125 -67.50223931110946
4.9174999999999995 93.65922748936936
4.922499999999999 -4.9480393637749
4.9275 -91.05457517925142
4.9325 154.56791651635604
4.9375 61.002284413762695
4.9425 -36.07719427000892
4.9475 18.251812951312775
4.9525 164.12236287125938
4.9575 -219.9745845990546
4.9624999999999995 13.890540965358447
4.967499999999999 -285.41097669598776
4.9725 128.2739287560268
4.9775 22.279200357828685
4.9825 -165.08872328198157
4.9875 55.863808926023935
4.9925 -3.4110885719075505
4.9975 -48.484024365276724
5.0024999999999995 36.6276898086564
5.007499999999999 -15.436541299303084
5.0125 169.05646054625825
5.0175 100.30514918831888
5.0225 36.14701102436899
5.0275 -54.608760706605736
5.0325 432.9907076421287
5.0375 -353.05054403226694
5.0424999999999995 32.907507174421625
5.047499999999999 57.39866458036535
5.0525 5.927491328806979
5.0575 -69.42875460820692
5.0625 98.04289502321014
5.0675 71.78088676678536
5.0725 33.1938710695152
5.0775 84.79670802066215
5.0825 -133.01742577711047
5.0874999999999995 -119.64982919077774
5.092499999999999 79.93799746605771
5.0975 142.28590930643276
5.1025 -236.43115869971697
5.1075 165.91935061130957
5.1125 -153.53850713612823
5.1175 99.68025946580629
5.1225 97.97194624751931
5.1274999999999995 1.1416551572574807
5.132499999999999 33.761612597200156
5.1375 -135.99420738493055
5.1425 6.873301664055064
5.1475 -109.7251967285133
5.1525 -45.72566695087904
5.1575 184.92115776127892
5.1625 -58.71843276067344
5.1674999999999995 -63.65935730196084
5.172499999999999 -66.20273514160351
5.177499999999999 91.53073777016382
5.1825 -217.6502205829149
5.1875 236.01159788260713
5.1925 -216.70049587238535
5.1975 260.1345347902376
5.2025 71.77636183949014
5.2075 -307.38390034691315
5.2124999999999995 259.5059610968781
5.217499999999999 -237.515212222009
5.2225 -180.42356109008256
5.2275 253.34799717279748
5.2325 -3.6466783562466523
5.2375 138.41398033457278
5.2425 -97.57476050046033
5.2475 -170.1642445410444
5.2524999999999995 194.21487287890855
5.257499999999999 31.247694813313704
5.2625 -48.329358513322504
5.2675 228.4734062927036
5.2725 -207.82134955254213
5.2775 -69.53972572632334
5.2825 6.940060526551303
5.2875 57.57476620296712
5.2924999999999995 -56.38220521888496
5.297499999999999 185.89737542899599
5.302499999999999 -20.52781506349039
5.3075 90.41898281876733
5.3125 21.144955512469476
5.3175 41.11151432123851
5.3225 -38.810114265067455
5.3275 -81.402484533602
5.3325 75.86787681354119
5.3374999999999995 193.63036354020724
5.342499999999999 -27.93367203740876
5.3475 -63.60788829353724
5.3525 51.31659332427333
5.3575 -160.8089997283814
5.3625 192.31181699026465
5.3675 12.641184432870409
5.3725 15.348982877147794
5.3774999999999995 -10.41408358946189
5.382499999999999 -141.00968216928314
5.3875 -38.98740807600605
5.3925 -6.754952209070411
5.3975 140.28080149086855
5.4025 -164.02742519114446
5.4075 200.2694563991009
5.4125 -170.3185391931644
5.4174999999999995 -120.36690927382386
5.422499999999999 -50.63132813294003
5.427499999999999 239.29987325902067
5.4325 -161.96565183264627
5.4375 252.83109081106832
5.4425 -111.93709561628563
5.4475 -45.82713898497074
5.4525 -106.96298336234582
5.4575 16.06353940003049
5.4624999999999995 -56.356198334787706
5.467499999999999 13.37040854679274
5.4725 -101.89472898809181
5.4775 -78.35046564722063
5.4825 432.4987375848969
5.4875 -39.80252422615641
5.4925 -33.31562211504041
5.4975 -78.48663795762818
5.5024999999999995 50.55026791192406
5.507499999999999 -8.527484972448022
5.5125 -42.62186736532349
5.5175 14.12386368059294
5.5225 128.50418634225076
5.5275 -22.508016962349416
5.5325 -139.57434715111006
5.5375 -177.44409568509155
5.5424999999999995 119.9409432858061
5.547499999999999 22.124626450533867
5.552499999999999 -188.29493558515438
5.5575 1.546799446526463
5.5625 87.76189433780763
5.5675 -23.306437804535072
5.5725 17.0836957592219
5.5775 84.38082696369568
5.5825 -138.8233167246284
5.5874999999999995 333.2204435245611
5.592499999999999 15.543147135001592
5.5975 60.90989345268067
5.6025 -144.18336416985716
5.6075 -166.84853847060577
5.6125 98.26759309911981
5.6175 -8.123855352194257
5.6225 34.91220859130165
5.6274999999999995 92.22214548977153
5.632499999999999 233.10409419067807
5.6375 -208.7029921540908
5.6425 36.51931958948489
5.6475 -221.19440061187336
5.6525 -19.15211382173619
5.6575 -180.0058271755245
5.6625 468.76803352594584
5.6674999999999995 -128.24431372664253
5.672499999999999 -212.83780112142838
5.677499999999999 -30.56730061236107
5.6825 115.94229172282108
5.6875 75.03834587904441
5.6925 -132.0867143339501
5.6975 33.43759435408613
5.7025 158.210016719383
5.7075 45.977113850008756
5.7124999999999995 87.8030479778493
5.717499999999999 -130.84226455403876
5.7225 46.66480272888081
5.7275 -2.8946076228207986
5.7325 212.887373010529
5.7375 77.04057329376795
5.7425 -281.1944020009659
5.7475 103.45119811792873
5.7524999999999995 179.84910612193576
5.757499999999999 4.037831925070587
5.7625 -123.9749396547022
5.7675 2.8129456330554725
5.7725 -6.584748268911219
5.7775 117.16041868839696
5.7825 65.44811055068641
5.7875 -236.16980575864432
5.7924999999999995 80.61680340525946
5.797499999999999 57.760663336543836
5.802499999999999 77.31162448843254
5.8075 -18.241579033727508
5.8125 -56.74502022652453
5.8175 -283.9105421285796
5.8225 -24.93620696034215
5.8275 188.9180168104951
5.8325 -176.44021201739284
5.8374999999999995 136.7739230977165
5.842499999999999 -244.77352339694397
5.8475 177.2823735986421
5.8525 -109.82743481458478
5.8575 100.92004141767092
5.8625 181.83424513649155
5.8675 101.04703386801613
5.8725 -76.83594966476065
5.8774999999999995 -34.38313757282818
5.882499999999999 -51.52453293166516
5.8875 206.42867442201887
5.8925 -359.61876498548156
5.8975 267.22521034035
5.9025 34.03530043244559
5.9075 -28.43224131154474
5.9125 -240.2901417812928
5.9174999999999995 56.55207052637013
5.922499999999999 52.85812768077235
5.927499999999999 79.86818663299948
5.9325 -216.66312456259368
5.9375 15.063869561006582
5.9425 34.84757751573188
5.9475 79.14791026410666
5.9525 184.41789473695252
5.9575 -78.70938154337912
5.9624999999999995 -233.27584773553346
5.967499999999999 234.49082834746292
5.9725 -122.83531326704568
5.9775 -119.85143083403773
5.9825 308.14408497448244
5.9875 -41.24279747849435
5.9925 -31.576533785646866
5.9975 103.20651762201638
6.0024999999999995 38.35816132800203
6.007499999999999 -45.719376159785355
6.012499999999999 236.18055367812693
6.0175 -192.71843519025438
6.0225 119.31791656933856
6.0275 -180.0517896528374
6.0325 88.29773116736826
6.0375 -223.71161886362313
6.0424999999999995 -44.56880036390241
6.047499999999999 183.9844849158888
6.052499999999999 -314.61699294395675
6.0575 161.272025006479
6.0625 -124.11742091486248
6.0675 49.06951558741053
6.0725 262.64457333190023
6.0775 -152.78188292157375
6.0825 265.4538989441689
6.0874999999999995 -123.23473678921313
6.092499999999999 -164.8647587237876
6.0975 187.74341207560826
6.1025 -133.87453395785332
6.1075 118.97267305785805
6.1125 -13.324178706252894
6.1175 -150.32110855869175
6.1225 84.75536759644298
6.1274999999999995 61.79605387596234
6.132499999999999 -52.29202069556911
6.137499999999999 -67.09882048920184
6.1425 -143.20727387592225
6.1475 119.51028147514226
6.1525 -65.72411447025738
6.1575 -25.044601752916375
6.1625 365.48719353229745
6.1674999999999995 -129.51343382123736
6.172499999999999 -165.27976290174115
6.177499999999999 -34.46261236527174
6.1825 243.81455341241465
6.1875 63.44917898192108
6.1925 169.09957157131734
6.1975 -31.52709881020365
6.2025 99.07315101801912
6.2075 -278.0753933377639
6.2124999999999995 -115.44923607302196
6.217499999999999 -4.319343642252932
6.2225 50.64923655117477
6.2275 -154.9026653426967
6.2325 -47.23993437024548
6.2375 87.68663755184633
6.2425 -25.393693025032448
6.2475 -86.82502207612936
6.2524999999999995 -58.50756441159052
6.257499999999999 2.6380065593851096
6.262499999999999 152.65186402805676
6.2675 11.830897959684217
6.2725 26.898976645220273
6.2775 -60.03905702964568
6.2825 25.223787979032586
6.2875 -40.42316771731455
6.2924999999999995 85.69140462559808
6.297499999999999 17.024488398777116
6.302499999999999 125.79913485569743
6.3075 113.82883655500176
6.3125 -291.1567060323704
6.3175 120.6244057367888
6.3225 55.136146719947206
6.3275 -162.29733237194873
6.3325 210.8669600770918
6.3374999999999995 58.33433369929837
6.342499999999999 -194.63702012066986
6.3475 10.15267337624181
6.3525 -9.083771281143429
6.3575 -119.29828044680622
6.3625 57.22729578854625
6.3675 218.85105981016318
6.3725 -26.95671121341243
6.3774999999999995 -33.971881677638954
6.382499999999999 -61.726407786680255
6.387499999999999 -154.89795988148708
6.3925 -35.06578512109078
6.3975 252.720372729918
6.4025 13.42603378278255
6.4075 -131.33446336267494
6.4125 43.33055640440309
6.4174999999999995 88.83223813832389
6.422499999999999 -193.4190133287376
6.427499999999999 -227.14513495844713
6.4325 269.4569316413903
6.4375 -12.769897481951011
6.4425 76.83066115269476
6.4475 39.83497585519566
6.4525 -55.52752450873482
6.4575 -261.1071949397985
6.4624999999999995 120.21471191392578
6.467499999999999 -117.4839375025954
6.4725 27.545584387102288
6.4775 113.34929005521406
6.4825 107.43288708785042
6.4875 230.49826622252434
6.4925 -28.36936603356028
6.4975 2.585792914356774
6.5024999999999995 -156.01125002907855
6.507499999999999 114.66607225457976
6.512499999999999 -217.82163516613502
6.5175 95.73023590762163
6.5225 -3.6204944910160908
6.5275 -101.76487036447844
6.5325 -81.75519974114339
6.5375 91.95845972024752
6.5424999999999995 -37.066423011674786
6.547499999999999 71.00686839906248
6.552499999999999 86.4011518671119
6.5575 9.82398612082069
6.5625 1.3528890480417568
6.5675 -255.89748276951417
6.5725 196.93269516613972
6.5775 -174.81261755838136
6.5825 74.11813777270385
6.5874999999999995 93.32131048691772
6.592499999999999 219.88244192144907
6.5975 -64.90880962795448
6.6025 24.112863852078974
6.6075 -70.11946525900147
6.6125 -305.049973954611
6.6175 318.74233263115565
6.6225 91.49950435029345
6.6274999999999995 -35.66419162366776
6.632499999999999 26.025126707189262
6.637499999999999 -158.25864975317793
6.6425 -39.338812866550185
6.6475 -100.11811605298075
6.6525 -68.57583818284142
6.6575 -28.853019416732053
6.6625 165.0259487977132
6.6674999999999995 328.60226973882897
6.672499999999999 -388.8985947020841
6.677499999999999 304.6413749146693
6.6825 -222.09321153471686
6.6875 3.3342000725309844
6.6925 114.19424114532048
6.6975 -2.152962097926337
6.7025 320.47982737373866
6.7075 -129.83455088961006
6.7124999999999995 17.754531494538618
6.717499999999999 -172.27735716566326
6.722499999999999 58.85611868742034
6.7275 75.21698468080386
6.7325 -87.19625085895535
6.7375 11.16509230450343
6.7425 -19.057355540619493
6.7475 2.179124350405117
6.7524999999999995 69.78208105858064
6.757499999999999 -49.58104869666493
6.762499999999999 103.20019577698405
6.7675 -277.71714036424453
6.7725 61.75949733730632
6.7775 63.84825577896864
6.7825 6.214827764834566
6.7875 -156.5836189883731
6.7924999999999995 -3.1224731346786854
6.797499999999999 12.493720989327
6.802499999999999 12.896930591902322
6.8075 280.5443976523057
6.8125 -106.80353062305738
6.8175 30.08398112070982
6.8225 247.46469401964978
6.8275 -247.27357590974444
6.8325 27.65034152656856
6.8374999999999995 -85.63216149884528
6.842499999999999 21.621737677156982
6.847499999999999 168.53278863661092
6.8525 -130.75784237819656
6.8575 117.2460277480764
6.8625 106.54677821279103
6.8675 -94.77178448110249
6.8725 3.2432087756236534
6.8774999999999995 68.59901836901626
6.882499999999999 -158.52540137542718
6.887499999999999 -151.7713392038182
6.8925 360.9740287058412
6.8975 -276.05045199004263
6.9025 173.46119656555075
6.9075 -35.880094099109556
6.9125 -89.45106464511085
6.9174999999999995 317.0885127591123
6.922499999999999 2.492730181578989
6.927499999999999 -181.3891412048044
6.9325 -37.46129673707922
6.9375 182.40421524481903
6.9425 5.824028026692753
6.9475 -194.33484108623662
6.9525 -18.09877072032795
6.9575 -367.1803587445874
6.9624999999999995 32.21344822480324
6.967499999999999 300.4318851066644
6.972499999999999 -217.83069107361177
6.9775 60.706641180735566
6.9825 -72.49453575147
6.9875 244.0692267631344
6.9925 -20.42419096513461
6.9975 178.95862101005005
7.0024999999999995 -120.30545231211494
7.007499999999999 -296.4764799403902
7.012499999999999 88.2480706561165
7.0175 59.31615344491082
7.0225 -99.73213428078387
7.0275 54.451559484780496
7.0325 313.10597566138784
7.0375 -197.91289431722595
7.0424999999999995 -0.830992344691405
7.047499999999999 206.82879748020855
7.052499999999999 -106.94995439290697
7.0575 55.1704668486838
7.0625 5.873525373182201
7.0675 -308.160979896112
7.0725 -3.70135921038239
7.0775 -95.25891653042733
7.0825 90.85924766519958
7.0874999999999995 -56.53463426616629
7.092499999999999 156.5358943480754
7.097499999999999 -614.5233727743342
7.1025 83.77734011570921
7.1075 217.14768337861173
7.1125 277.49653976342813
7.1175 170.54951523068044
7.1225 -189.69041086643
7.1274999999999995 93.79188425707171
7.132499999999999 -138.81914549643082
7.137499999999999 100.16955348112778
7.1425 11.173672665648793
7.1475 -148.8385432631339
7.1525 95.15736804574942
7.1575 -126.33414342671266
7.1625 -235.15711402284765
7.1674999999999995 109.24120530479767
7.172499999999999 318.00805804150207
7.177499999999999 -290.3285501228533
7.1825 78.32289896062954
7.1875 103.79021745296147
7.1925 24.02198871137642
7.1975 7.941705843459448
7.2025 -25.963994134133788
7.2075 -193.345812616158
7.2124999999999995 515.6270099867635
7.217499999999999 -63.62956657439198
7.222499999999999 140.64154667454764
7.2275 -210.36819539999453
7.2325 -97.44291766504251
7.2375 -71.59624689007366
7.2425 -158.22714263757723
7.2475 -18.706633936725254
7.2524999999999995 315.20759753920595
7.257499999999999 -123.15465512912141
7.262499999999999 -7.265236318386282
7.2675 -182.0613994999963
7.2725 -35.01583143960482
7.2775 174.95778735275402
7.2825 -5.139910548140095
7.2875 193.98484240750696
7.2924999999999995 -207.1453829104773
7.297499999999999 151.8561355360336
7.302499999999999 -302.4885161434604
7.3075 -155.77047686867763
7.3125 47.59276132591136
7.3175 57.14544050117139
7.3225 231.93751877400646
7.3275 3.3183009822894225
7.3325 89.73985081320994
7.3374999999999995 -74.91156932594414
7.342499999999999 110.60942105056807
7.347499999999999 -29.49732232476206
7.3525 -17.069903073427877
7.3575 152.3844365878888
7.3625 -136.51792627023926
7.3675 -275.66829123393455
7.3725 183.7079585401172
7.3774999999999995 65.48926708558676
7.382499999999999 50.61225486304536
7.387499999999999 -48.85911725811063
7.3925 18.6040319866546
7.3975 -136.81801985505433
7.4025 167.52734792969252
7.4075 165.80559213903197
7.4125 -149.8309387170333
7.4174999999999995 -39.859262403726504
7.422499999999999 -101.25819772295789
7.427499999999999 50.16535565842719
7.4325 -97.16204900124191
7.4375 26.265316553564936
7.4425 86.82052267622437
7.4475 272.015522226597
7.4525 -75.2311267234075
7.4575 60.7479192339085
7.4624999999999995 -150.65851275995445
7.467499999999999 10.902298875169375
7.472499999999999 -66.32923467646519
7.4775 -39.980871995929554
7.4825 76.64660366891688
7.4875 171.04304574010442
7.4925 160.82205475154842
7.4975 -138.28671624450485
7.5024999999999995 -101.95498073459981
7.507499999999999 112.79163158350148
7.512499999999999 -204.23806764753178
7.5175 173.92999777754554
7.5225 -135.03080183541988
7.5275 185.8895864169478
7.5325 -381.5096081750809
7.5375 -50.689875366916034
7.5424999999999995 -9.997686852895864
7.547499999999999 301.05871991104505
7.552499999999999 35.11215207266475
7.557499999999999 149.03331909278123
7.5625 -96.20899336104067
7.5675 -99.23915932105862
7.5725 17.792487039446904
7.5775 222.608370059722
7.5825 161.7508212115291
7.5874999999999995 133.24131493739415
7.592499999999999 -443.6990696621078
7.597499999999999 136.7528724748587
7.6025 -156.61918601169646
7.6075 -9.927082828557674
7.6125 86.0540156772848
7.6175 -60.94113394521715
7.6225 -31.84850839088812
7.6274999999999995 -105.2374775783226
7.632499999999999 -0.37507736586458296
7.637499999999999 -147.79924504563462
7.6425 191.17255614430945
7.6475 -66.24002342158467
7.6525 -171.09666181258166
7.6575 93.76280066452917
7.6625 -81.08241510800856
7.6674999999999995 -14.087325563764916
7.672499999999999 155.28525513002046
7.677499999999999 18.768555753526126
7.682499999999999 -61.119706987629876
7.6875 258.7522010818244
7.6925 153.2895992912351
7.6975 -173.454064061398
7.7025 -126.2328065298878
7.7075 211.43836175883177
7.7124999999999995 -207.96254967325325
7.717499999999999 178.95281444986378
7.722499999999999 -16.04036164816863
7.7275 55.32480169986418
7.7325 -259.29999676999375
7.7375 59.44723685691732
7.7425 32.480837110716855
7.7475 -2.463435527521328
7.7524999999999995 82.32767567862484
7.757499999999999 82.15974097871428
7.762499999999999 -135.47142038094975
7.7675 -140.4925538245266
7.7725 141.24344885057246
7.7775 -77.71016448657059
7.7825 155.16244311878685
7.7875 -366.61021527369996
7.7924999999999995 94.74459698810315
7.797499999999999 78.33911385363686
7.802499999999999 -72.40432721777213
7.807499999999999 185.5107936315442
7.8125 173.25841016847738
7.8175 138.30885020243366
7.8225 146.0827246398038
7.8275 -72.96117197102498
7.8325 -293.2866909460872
7.8374999999999995 -151.58204847345846
7.842499999999999 73.62002996535932
7.847499999999999 98.47560376213391
7.8525 57.17631101103013
7.8575 100.54531113878355
7.8625 -195.8276720770331
7.8675 265.16721450926804
7.8725 -130.534463901414
7.8774999999999995 -26.71545523663726
7.882499999999999 -46.4546645421092
7.887499999999999 -105.21889725680761
7.8925 -83.7401177595554
7.8975 -61.48971966663878
7.9025 20.706583114110956
7.9075 -89.47618787359418
7.9125 249.18252724389464
7.9174999999999995 -273.64500396899115
7.922499999999999 390.1595675129722
7.927499999999999 -295.6693662323239
7.932499999999999 115.17754253224224
7.9375 210.72581229410986
7.9425 -271.28711393648615
7.9475 -52.36837890946819
7.9525 -87.75835478093379
7.9575 54.052981129764866
7.9624999999999995 -110.9577725547054
7.967499999999999 146.123557937415
7.972499999999999 152.4194787206986
7.9775 -344.8119833176118
7.9825 229.43148276923066
7.9875 -154.2673804458116
7.9925 33.45731084184315
7.9975 -73.48826863008233
8.0025 1.2394050610013891
8.0075 142.61903016951598
8.0125 177.61587686268894
8.0175 -73.3544214175376
8.022499999999999 -143.73346102301426
8.0275 76.65361027961293
8.032499999999999 62.29397325432331
8.0375 -204.0123770956385
8.0425 171.5848532814972
8.0475 -55.82037604531274
8.0525 -87.80470094215902
8.0575 47.753645992245595
8.0625 -73.49559525424768
8.067499999999999 -44.88174616729587
8.0725 79.26543863190037
8.077499999999999 -23.293444889245308
8.0825 -43.97062623952721
8.0875 305.81745204705527
8.0925 -153.45530652897128
8.0975 6.862787800476412
8.1025 -94.87145390642807
8.1075 219.78289376767512
8.112499999999999 49.04895761686728
8.1175 -138.35915113537743
8.1225 67.39544955319603
8.1275 163.560452378475
8.1325 -236.7258663670506
8.1375 316.9884140722981
8.1425 -85.70185374960975
8.147499999999999 -10.903599982564256
8.1525 -105.78356793155689
8.157499999999999 180.30653616453125
8.1625 44.872000757113874
8.1675 -311.03355711799423
8.1725 -12.967483166706591
8.1775 -54.31262047897603
8.1825 215.2886485533303
8.1875 98.61574992401049
8.192499999999999 -75.62349771189339
8.1975 -13.077351738417093
8.202499999999999 42.50929789045894
8.2075 22.117457497478544
8.2125 35.345587161050055
8.2175 11.143451656811608
8.2225 -34.42415653614871
8.2275 83.65379044184857
8.2325 -113.05786594713733
8.237499999999999 54.60803633401181
8.2425 -90.73527586830873
8.2475 -155.4842750856705
8.2525 124.99256827592278
8.2575 -135.1463919637388
8.2625 247.5555885032717
8.2675 3.7872551941449903
8.272499999999999 -77.31435203744496
8.2775 -42.202051537480315
8.282499999999999 -64.37796517957462
8.2875 -69.12178247729653
8.2925 38.38923368846188
8.2975 29.38284882238901
8.3025 -170.6260152926551
8.3075 132.95322965405828
8.3125 -135.9016321726724
8.317499999999999 83.33098553927745
8.3225 79.47347817770913
8.327499999999999 70.65777291624286
8.3325 -165.37606353395927
8.3375 186.71448692628795
8.3425 -12.566644979733065
8.3475 -161.60590011183444
8.3525 105.75186133387581
8.3575 1.0288654099638148
8.362499999999999 -48.029811563357285
8.3675 189.50690814284403
8.3725 -0.09117041628852882
8.3775 4.057258137452093
8.3825 15.193436067061619
8.3875 -17.122424889321785
8.3925 209.7652989715955
8.397499999999999 2.034302991750645
8.4025 -137.30925773508736
8.407499999999999 -192.4100036887089
8.4125 80.41563506971094
8.4175 25.970409996281163
8.4225 -138.43744679924438
8.4275 -36.32083952497981
8.4325 -145.47291607836954
8.4375 222.26520640551902
8.442499999999999 116.58928221518795
8.4475 -127.19407435784335
8.452499999999999 74.48065671525053
8.4575 69.46983002127182
8.4625 -99.35295763053928
8.4675 79.71500449481022
8.4725 -38.41957364967417
8.4775 43.84333482923042
8.4825 -158.6719517542241
8.487499999999999 38.74376847916804
8.4925 -79.94939952491502
8.4975 -62.54279162176612
8.5025 95.99922268973768
8.5075 51.55926932792235
8.5125 -243.41761933713266
8.5175 27.849286380373346
8.522499999999999 158.55867474957978
8.5275 182.05764565778745
8.532499999999999 -63.52079673313731
8.5375 -141.8506038792676
8.5425 370.345976458369
8.5475 -25.54282956531189
8.5525 -65.06589466067882
8.5575 -140.16835044204115
8.5625 -32.37418367433064
8.567499999999999 93.06574711518456
8.5725 35.91039909174476
8.577499999999999 -0.8234404478864944
8.5825 -23.89686133953191
8.5875 -72.27359750486326
8.5925 3.4927649043818207
8.5975 63.67075304476284
8.6025 -208.54103823222553
8.6075 238.615013775553
8.612499999999999 -262.4707241725252
8.6175 369.5219838819805
8.6225 -64.68330224166533
8.6275 45.0192077424946
8.6325 -137.32198248119522
8.6375 13.312749804160488
8.6425 232.03240092546844
8.647499999999999 114.0148664902207
8.6525 -67.7287822673013
8.657499999999999 -322.3084195690128
8.6625 121.47351963368573
8.6675 37.93404242430657
8.6725 69.71749386643685
8.6775 39.555420272978154
8.6825 -1.9410048543278915
8.6875 82.67616574122563
8.692499999999999 -213.00143965367218
8.6975 -16.211538129261843
8.702499999999999 259.7081444751494
8.7075 76.82061599305426
8.7125 -7.76287068475116
8.7175 -279.07310875242126
8.7225 6.8262483678035295
8.7275 151.9510455834065
8.7325 -411.3317154857553
8.737499999999999 295.4612816846211
8.7425 16.31995532409476
8.747499999999999 122.21540079349799
8.7525 18.851132321259506
8.7575 -59.63289901349865
8.7625 -72.112611781644
8.7675 126.05997583443225
8.772499999999999 -47.613994324866404
8.7775 -48.36686469721203
8.782499999999999 111.57863816047545
8.7875 -91.19752400843366
8.7925 -246.60865338383965
8.7975 -54.78564380946825
8.8025 116.40396204668504
8.8075 66.7340017130136
8.8125 -32.820836684376026
8.817499999999999 -118.59788728321385
8.8225 20.217181989018087
8.827499999999999 187.01130941947613
8.8325 -89.9125854519909
8.8375 184.62446764208337
8.8425 76.2944920065154
8.8475 -134.01913188605104
8.8525 -126.2449878320696
8.8575 -274.29695035662814
8.862499999999999 20.434402184396085
8.8675 37.53575960804588
8.872499999999999 -24.042474573621497
8.8775 221.25097898008556
8.8825 135.95206245316564
8.8875 3.432109719840567
8.8925 -259.90169442260765
8.897499999999999 -50.57268915990538
8.9025 183.0483755152665
8.907499999999999 166.0881216622114
8.9125 -107.96724168397157
8.9175 -78.73338623794153
8.9225 -63.90149828309089
8.9275 27.71807506824671
8.9325 26.56360595060005
8.9375 -34.2296367699106
8.942499999999999 0.950526849554525
8.9475 21.385938023787173
8.952499999999999 -78.18041691096235
8.9575 -107.0490833020613
8.9625 -96.05932337725608
8.9675 246.34218611566405
8.9725 5.626246017884466
8.9775 11.852851646867588
8.9825 93.92716916170751
8.987499999999999 -169.26459101694658
8.9925 -103.16095261209067
8.997499999999999 424.58661844726123
9.0025 61.25840045678398
9.0075 -160.84575430168846
9.0125 26.620308731943485
9.0175 -109.07595992860642
9.022499999999999 -152.97754852551355
9.0275 -5.419469683138718
9.032499999999999 -75.53782226372887
9.0375 71.90584307879843
9.0425 -303.55920568221285
9.0475 216.15125722874555
9.0525 184.05737272056126
9.0575 -249.18772588375683
9.0625 250.47558482627585
9.067499999999999 -25.294143045523775
9.0725 -24.53612693027927
9.077499999999999 292.34316702286316
9.0825 -111.60168834117839
9.0875 -90.76364495709379
9.0925 181.27199022131572
9.0975 -277.7963571195116
9.1025 151.61591437255032
9.1075 19.018339161587267
9.112499999999999 -190.56033511291383
9.1175 205.02604607651455
9.122499999999999 -124.71650665655481
9.1275 139.9719721765266
9.1325 214.96990592700257
9.1375 -61.126524906173394
9.1425 -155.3166556621877
9.147499999999999 50.47389864492817
9.1525 -141.67547466601536
9.157499999999999 -36.24714168621318
9.1625 55.20793053078444
9.1675 12.05298467568238
9.1725 233.68682977051176
9.1775 -137.2572821263937
9.1825 -97.26429962073567
9.1875 -66.80985227396674
9.192499999999999 69.98800604170371
9.1975 -1.643450751399027
9.202499999999999 53.9066715505768
9.2075 101.25661160356691
9.2125 -73.97858716220969
9.2175 -278.46537869952357
9.2225 262.7464676206067
9.2275 -33.72245094889568
9.2325 0.4602664777698524
9.237499999999999 250.70812908769273
9.2425 -289.27624267358806
9.247499999999999 -42.04473360021623
9.2525 -68.77358769028174
9.2575 -11.49812461122778
9.2625 202.94802519205658
9.2675 -11.832168802647377
9.272499999999999 48.07214150290912
9.2775 -68.78218713117754
9.282499999999999 -1.3217101041484687
9.2875 -76.53985891289757
9.2925 22.045523417158613
9.2975 317.95609006470863
9.3025 -167.49220339125677
9.3075 30.010138909090248
9.3125 84.22954414886952
9.317499999999999 -37.257860279750226
9.3225 -128.1619414109271
9.327499999999999 -186.14870337575059
9.3325 235.20979439804685
9.3375 -43.35635222698523
9.3425 -52.53208948421791
9.3475 256.5795588463552
9.3525 -174.94081769113663
9.3575 246.109191045799
9.362499999999999 -213.7360137296152
9.3675 93.51074084486493
9.372499999999999 147.57851259716358
9.3775 -155.91151491019846
9.3825 97.53872353959427
9.3875 12.778096248087763
9.3925 -162.71652843686417
9.397499999999999 19.325873947758613
9.4025 -131.85115589961472
9.407499999999999 -71.40891005774247
9.4125 -1.209523803306352
9.4175 159.20407823024843
9.4225 -197.91977408047774
9.4275 91.88207861064791
9.4325 -29.71583257443813
9.4375 84.17215778612272
9.442499999999999 13.88891300210102
9.4475 -177.64184690313016
9.452499999999999 -11.269773552617556
9.4575 100.44378923417177
9.4625 -18.47509708613106
9.4675 -77.23116616775042
9.4725 87.4731001430549
9.4775 -35.61368318198998
9.4825 42.8477984536567
9.487499999999999 -133.4600880928727
9.4925 10.002109144292216
9.497499999999999 121.77035554849147
9.5025 -136.800946735135
9.5075 172.95024746114015
9.5125 91.98037314257824
9.5175 -107.27009661761716
9.522499999999999 -20.463620815517118
9.5275 -86.27329730811232
9.532499999999999 215.4628429903959
9.5375 138.46314367029328
9.5425 -9.045521250156082
9.5475 -5.952240265220674
9.5525 5.911505129635864
9.5575 1.7052912489877197
9.5625 -45.23602713152906
9.567499999999999 114.00493370373101
9.5725 230.9967618093483
9.577499999999999 -78.02891342895363
9.5825 -53.985716719674464
9.5875 -143.18211176422338
9.5925 72.73592196398991
9.5975 -63.71568467276649
9.6025 -132.01648979926878
9.6075 165.09867373368846
9.612499999999999 228.65051338525694
9.6175 -314.6789377880427
9.622499999999999 149.79887572277264
9.6275 83.36838244225157
9.6325 72.8116739846113
9.6375 -82.69093895759917
9.6425 -354.890338775534
9.647499999999999 56.12972830107306
9.6525 84.86162114757707
9.657499999999999 -218.06174921984692
9.6625 168.81554435352132
9.6675 -57.83314786766368
9.6725 138.1599151837941
9.6775 279.61932516359286
9.6825 -319.00723213597604
9.6875 57.43835190869031
9.692499999999999 70.24336040792937
9.6975 58.165379417000125
9.702499999999999 20.482548552970563
9.7075 -146.25316345827005
9.7125 -154.61199501634647
9.7175 20.74922714583023
9.7225 104.25417191490507
9.7275 30.312356037232107
9.7325 213.08860832258074
9.737499999999999 -438.80217986896923
9.7425 59.02228607610309
9.747499999999999 47.03357344772117
9.7525 106.66011916749541
9.7575 -179.0662926471868
9.7625 -14.259225956906358
9.7675 233.68191403729392
9.772499999999999 -20.96412053274709
9.7775 -24.13592034883723
9.782499999999999 15.836714984623686
9.7875 -141.59525155260147
9.7925 150.22374709234973
9.7975 -54.59936807442998
9.8025 -26.818899327416574
9.8075 -124.57460989468011
9.8125 276.08938027326167
9.817499999999999 163.7559624495527
9.8225 13.332522215323944
9.827499999999999 -83.2115610390444
9.8325 -202.0181968452761
9.8375 25.299663541038015
9.8425 -245.38398920643644
9.8475 -74.74182428667893
9.8525 205.69442026085676
9.8575 7.770775491146793
9.862499999999999 -84.8464930108374
9.8675 157.12597023686095
9.872499999999999 138.81290062832267
9.8775 -91.54013757369407
9.8825 -92.28367439529801
9.8875 51.32326702622049
9.8925 -65.15080823467098
9.897499999999999 -49.639327991731875
9.9025 34.023049522070835
9.907499999999999 -157.83205771907322
9.9125 174.76669036215867
9.9175 17.83315822497165
9.9225 -28.276814901263005
9.9275 361.2882983807455
9.9325 -87.39141328382176
9.9375 -50.66314766300596
9.942499999999999 -103.06206285773914
9.9475 112.96942696160353
9.952499999999999 -184.14062201397792
9.9575 163.28408232507243
9.9625 58.01256094543329
9.9675 27.16153138029722
9.9725 -124.66437919936463
9.9775 -124.10498670729912
9.9825 35.147117430039124
9.987499999999999 -40.90195701829115
9.9925 -125.50672254813287
9.997499999999999 66.25073189861772
10.0025 42.34301062830969
