0.0075 -130.9213886080356
0.012499999999999999 19.448992024506055
0.017499999999999998 -87.4446936842759
0.0225 26.234355513580013
0.0275 109.3091142156992
0.0325 -65.97893387975631
0.0375 -208.71897203720664
0.042499999999999996 219.53446883784466
0.0475 -217.13300644507365
0.0525 164.6804863625445
0.057499999999999996 -76.59986591226213
0.0625 -208.20212028303908
0.06749999999999999 472.9392495848598
0.0725 -61.120509389823845
0.0775 91.92149342750292
0.08249999999999999 -104.73954951538558
0.0875 324.1633031669386
0.0925 -320.0363147261335
0.09749999999999999 9.329716106586908
0.1025 79.74462432702822
0.1075 115.07271417267305
0.11249999999999999 -0.17875989238245138
0.1175 18.542260965674377
0.1225 -77.04843979263018
0.1275 -120.03729970984614
0.1325 6.590363965800882
0.13749999999999998 -5.1938901885513875
0.1425 -84.51962320033314
0.1475 220.47283859676276
0.1525 -54.8129212733597
0.1575 -96.84599727764733
0.1625 51.12702402955728
0.16749999999999998 -106.16761646448944
0.1725 -147.8882187905184
0.1775 48.970637478285994
0.1825 78.17862578294263
0.1875 -237.76799944071038
0.1925 -55.90651993424645
0.19749999999999998 -62.17019488662648
0.20249999999999999 241.25042706789338
0.2075 -173.58938554652084
0.2125 129.32486246326107
0.2175 115.20929544766226
0.2225 122.97600392552417
0.22749999999999998 193.06413786579785
0.23249999999999998 43.70167465626108
0.2375 -48.17695617769178
0.2425 -170.34779963525577
0.2475 82.49441164387044
0.2525 -133.4419757515812
0.2575 27.340264955782523
0.2625 21.90212896066738
0.2675 -311.7854021840271
0.27249999999999996 106.19797353168487
0.27749999999999997 9.854941107919268
0.2825 -113.61668288866224
0.2875 253.22219464095667
0.2925 72.42078475257112
0.2975 -31.496797008492226
0.3025 -2.8800351673643467
0.3075 39.3920769505281
0.3125 -25.38668194046388
0.3175 97.65467947278353
0.3225 83.95739006238973
0.32749999999999996 138.2439197063666
0.33249999999999996 -165.87440424584352
0.33749999999999997 -56.140392409462315
0.34249999999999997 33.8807420850162
0.3475 -35.42872750251254
0.3525 367.0360134586022
0.3575 -14.747949158728753
0.3625 26.64066129910452
0.3675 -229.83925440592617
0.3725 -33.520859042887615
0.3775 -319.63925906678674
0.3825 155.38433008953567
0.38749999999999996 -194.02956955321983
0.39249999999999996 393.51575877426495
0.39749999999999996 -57.363467046277925
0.40249999999999997 -305.9465535335378
0.4075 131.95217778318076
0.4125 35.269634227367014
0.4175 -126.30206760296463
0.4225 51.073839422608756
0.4275 146.47047648650272
0.4325 -100.5579632502553
0.4375 80.48235432527699
0.4425 -363.1118569759988
0.44749999999999995 458.5718274950565
0.45249999999999996 -172.37238906026997
0.45749999999999996 -12.812733232265986
0.46249999999999997 316.11040264332144
0.46749999999999997 -308.04587978841795
0.4725 52.18772314781537
0.4775 -116.92171489141084
0.4825 -1.4605325260985942
0.4875 -239.54178857275772
0.4925 159.91959966216496
0.4975 -317.47375950037184
0.5025 416.11397808584144
0.5075 -130.80932178590652
0.5125 85.08639705571007
0.5175 -130.60789422892114
0.5225 235.39472941876005
0.5275 125.95302343809446
0.5325 93.03643009176433
0.5375 -87.25431830300028
0.5425 169.8901195821374
0.5475 -164.14152657259186
0.5525 -273.1038609292513
0.5575 40.733005758324076
0.5625 -15.338646126286932
0.5675 320.13654473426436
0.5725 -223.45513754206942
0.5775 122.62547443497908
0.5825 237.26375032224794
0.5875 -406.29151545019647
0.5925 314.62096100570835
0.5974999999999999 -23.685614816637003
0.6024999999999999 -219.57786329588603
0.6074999999999999 196.12703941417527
0.6124999999999999 -209.51940756945322
0.6174999999999999 11.673249745360962
0.6224999999999999 56.666854568129494
0.6275 -92.77300189887112
0.6325 -6.153511894590471
0.6375 86.6202134557832
0.6425 102.66905236865263
0.6475 -80.54214921045056
0.6525 -3.8127144236126473
0.6575 71.13118757899565
0.6625 54.053836428922104
0.6675 -5.368785444588002
0.6725 -463.2335837072679
0.6775 183.40072613509406
0.6825 159.09202140854026
0.6875 -64.44680518229714
0.6925 30.651409847400107
0.6975 159.69551180930782
0.7025 52.646509300120776
0.7075 -99.63685842854062
0.7125 -81.03043265692165
0.7174999999999999 0.4549167789180882
0.7224999999999999 170.25340803075662
0.7274999999999999 -136.39335681661427
0.7324999999999999 7.308917893775516
0.7374999999999999 -2.586169903908386
0.7424999999999999 220.60846088402
0.7474999999999999 -38.32158584118006
0.7525 -163.57317844042768
0.7575 22.917455379725652
0.7625 -86.38360797079875
0.7675 190.27494678519741
0.7725 -49.163516912325015
0.7775 -80.99534460112635
0.7825 -135.42116116028797
0.7875 120.55302036377435
0.7925 41.74388462176474
0.7975 -62.630805063073055
0.8025 -60.19996406534248
0.8075 -100.81070309854177
0.8125 -66.06678415630094
0.8175 260.3339081818163
0.8225 187.46562512046341
0.8275 -109.40016554802814
0.8325 -166.76325609819625
0.8374999999999999 241.86544489463705
0.8424999999999999 -91.02842557533131
0.8474999999999999 186.51848446606462
0.8524999999999999 -369.9033099319033
0.8574999999999999 124.60613201091219
0.8624999999999999 -230.53095167719474
0.8674999999999999 -18.701401611234758
0.8724999999999999 15.704434680134995
0.8775 -13.304357871998688
0.8825 -74.68925917948921
0.8875 -333.5386580365555
0.8925 331.27610438515717
0.8975 190.65762499729564
0.9025 -249.0258269642066
0.9075 379.6460121051862
0.9125 146.0390864872949
0.9175 -416.9427448105412
0.9225 21.75209975123676
0.9275 13.751709332494322
0.9325 -346.84014605092034
0.9375 160.64390014780034
0.9425 140.20894188736756
0.9475 -78.13671770325203
0.9524999999999999 -59.03062669031545
0.9574999999999999 128.5846405180216
0.9624999999999999 -68.53446486250083
0.9674999999999999 183.72452607954625
0.9724999999999999 187.355571540966
0.9774999999999999 -149.4185703079133
0.9824999999999999 -315.8378816992955
0.9874999999999999 386.6027893879733
0.9924999999999999 -133.85101770490192
0.9974999999999999 -170.72882751473398
1.0025 207.31959182183635
1.0075 377.40242741008154
1.0125 -141.68812967234578
1.0174999999999998 129.21194113148167
1.0225 150.94103675658548
1.0274999999999999 -327.36178963257925
1.0325 -137.39356207291058
1.0374999999999999 285.034983896856
1.0425 -386.04700810053413
1.0474999999999999 214.85178358684024
1.0525 54.236927293067815
1.0574999999999999 127.28014508580299
1.0625 -25.215665005559615
1.0675 145.5690777573707
1.0725 -60.08848595220255
1.0775 -112.70439580650519
1.0825 83.6833416856534
1.0875 -281.8409413024673
1.0925 151.8667217710794
1.0975 -200.01156080749462
1.1025 106.6198597098265
1.1075 76.49429252133477
1.1125 -46.73817272490125
1.1175 44.106621174048016
1.1225 -279.4433495989284
1.1275 -137.9655200938562
1.1324999999999998 131.05014455365853
1.1375 302.23090266899146
1.1424999999999998 -187.84843096951278
1.1475 241.13028016883368
1.1524999999999999 -219.73191951691788
1.1575 87.27378412231198
1.1624999999999999 70.75263559320092
1.1675 -81.87509610334227
1.1724999999999999 -64.41873505346366
1.1775 20.208081869154103
1.1824999999999999 -187.76161389435006
1.1875 -284.59844315453876
1.1925 430.6591310773488
1.1975 -21.640697957098556
1.2025 -79.9650928170209
1.2075 15.362005530531338
1.2125 24.055884348562053
1.2175 -166.86917769456898
1.2225 439.20155431012347
1.2275 -188.84773408257493
1.2325 27.25810202388003
1.2375 -81.41177081261718
1.2425 56.91057956329874
1.2475 -211.6893423225441
1.2525 206.49413523645953
1.2574999999999998 68.55408463566084
1.2625 -346.74310328220275
1.2674999999999998 150.4066982137716
1.2725 327.64631081853463
1.2774999999999999 -214.1490071650424
1.2825 -132.61692207789966
1.2874999999999999 28.46211191089643
1.2925 -34.93894004536957
1.2974999999999999 150.22850439784673
1.3025 -148.95791012936218
1.3074999999999999 98.90500999363493
1.3125 93.98318178242332
1.3175 -68.67547421860377
1.3225 -26.62138864581786
1.3275 74.24188298111027
1.3325 -83.37557188959055
1.3375 34.93860924197244
1.3425 72.54588501801159
1.3475 -18.4281924803484
1.3525 310.7285237528966
1.3575 -148.9324135299006
1.3625 -21.636766212664995
1.3675 15.161302082970916
1.3724999999999998 -60.322267107785315
1.3775 16.758276667672813
1.3824999999999998 18.041901221441094
1.3875 -129.3314348451542
1.3924999999999998 -165.90836514893405
1.3975 7.834195265733196
1.4024999999999999 -167.89730623141273
1.4075 394.72201401894586
1.4124999999999999 131.49800893047956
1.4175 -159.76515342471743
1.4224999999999999 55.318867042181104
1.4275 -76.77442641736705
1.4324999999999999 19.490624303114558
1.4375 70.65178108510075
1.4425 -147.8398220166676
1.4475 11.706429299775262
1.4525 185.79162492535082
1.4575 -368.28842511967997
1.4625 -49.30142455893036
1.4675 244.78953392279686
1.4725 -13.980919243042894
1.4775 -63.570549353529074
1.4825 -12.884864689314508
1.4874999999999998 -91.96718956136866
1.4925 -219.40265039490086
1.4974999999999998 211.58927547917546
1.5025 -14.385943658845378
1.5074999999999998 73.40894871257848
1.5125 -52.642998362872575
1.5174999999999998 -25.783707335378946
1.5225 -68.14066723502069
1.5274999999999999 -180.381099302876
1.5325 58.18204492107883
1.5374999999999999 363.443705943443
1.5425 32.974232877627465
1.5474999999999999 -112.42026279478266
1.5525 -126.39394146991387
1.5574999999999999 -93.53335784944085
1.5625 130.8218123116298
1.5675 -169.98863793927796
1.5725 2.660588562487834
1.5775 58.052630263520314
1.5825 87.47550761280579
1.5875 -87.4881441973082
1.5925 -114.73400281112917
1.5975 539.5340638605599
1.6025 -300.6752933779766
1.6075 6.225366629465506
1.6124999999999998 -8.291840185793886
1.6175 153.54367037976368
1.6224999999999998 -196.9295866142489
1.6275 149.78471098184522
1.6324999999999998 11.373015299353938
1.6375 -6.703026109039514
1.6424999999999998 -145.2125951215223
1.6475 183.10119694903443
1.6524999999999999 -65.55540894842942
1.6575 27.872165764413815
1.6624999999999999 -153.19184517678764
1.6675 43.762563534848994
1.6724999999999999 95.64382773124831
1.6775 87.84554463494455
1.6824999999999999 107.01890834779412
1.6875 -93.56277619291511
1.6925 130.4850803755047
1.6975 61.13764142669668
1.7025 -147.7386556204401
1.7075 -168.1738852738747
1.7125 32.33469372273428
1.7175 -144.29192518653295
1.7225 310.2181464817648
1.7274999999999998 -52.16742071434339
1.7325 -85.35620499080932
1.7374999999999998 -59.845729945186214
1.7425 146.95438027495086
1.7474999999999998 358.12012424357516
1.7525 -464.5619993568091
1.7574999999999998 -185.53085842343492
1.7625 -53.35327694253976
1.7674999999999998 399.09881429006094
1.7725 -106.88547825806914
1.7774999999999999 -45.71383040004985
1.7825 159.6426280044937
1.7874999999999999 91.1534482059252
1.7925 -31.276931438613158
1.7974999999999999 315.37742652937305
1.8025 -113.21945774849786
1.8074999999999999 68.3323721459401
1.8125 -388.7328393044261
1.8175 62.09139288565845
1.8225 11.702032009431198
1.8275 17.452500624236308
1.8325 -97.81480331762127
1.8375 -44.08271832587756
1.8425 -134.09956185027647
1.8475 -71.55115999237685
1.8524999999999998 -151.05382624071018
1.8575 76.25179547258634
1.8624999999999998 38.05873135664463
1.8675 39.59441757225994
1.8724999999999998 169.29820703710007
1.8775 -28.05797384818981
1.8824999999999998 80.76554019187125
1.8875 90.19237222814984
1.8924999999999998 -166.74306791295405
1.8975 -68.91802548016031
1.9024999999999999 74.3535916302692
1.9075 40.52198792926537
1.9124999999999999 -35.29443237637837
1.9175 15.735718628447891
1.9224999999999999 206.8037322146912
1.9275 -163.41294722264956
1.9324999999999999 102.79140778172078
1.9375 146.4912786778515
1.9425 119.27315412608745
1.9475 -147.19941979913253
1.9525 99.09340766009005
1.9575 -30.816189414511886
1.9625 -184.18683659071743
1.9674999999999998 53.72198798781585
1.9725 38.06899968357291
1.9774999999999998 -219.71719310761313
1.9825 -71.00851465256342
1.9874999999999998 158.18359580470138
1.9925 -51.254467814688546
1.9974999999999998 105.19620182787818
2.0025 -110.09913253317195
2.0075 -68.50414174410272
2.0124999999999997 168.1732378453088
2.0175 -276.34231065588347
2.0225 168.9369334101263
2.0275 -112.89417300470869
2.0324999999999998 181.5640301447857
2.0375 87.99103799556764
2.0425 -168.86349479279656
2.0475 84.92171801914537
2.0524999999999998 109.83870834829567
2.0575 17.827200342626853
2.0625 163.40340392623764
2.0675 -43.344646734303836
2.0725 -113.93892882033802
2.0775 -77.33395286243903
2.0825 -156.29031243264356
2.0875 25.4687477630159
2.0925 -133.6762029785706
2.0974999999999997 251.91864740654228
2.1025 -74.92308507379713
2.1075 93.37461774705501
2.1125 -107.84554235114925
2.1174999999999997 166.0939140112732
2.1225 78.93287937140222
2.1275 -74.50817208389218
2.1325 69.14585164825696
2.1374999999999997 1.1750384044556867
2.1425 -187.55111371865823
2.1475 6.243688321673809
2.1525 -4.276805536044675
2.1574999999999998 -88.95872030403345
2.1625 -6.246868981862831
2.1675 11.879080777161242
2.1725 -102.7172567659853
2.1774999999999998 201.46013072482674
2.1825 63.40532450451759
2.1875 76.40529509124354
2.1925 -58.93545163178827
2.1975 133.96780814689967
2.2024999999999997 146.51743425241762
2.2075 -88.91212544813018
2.2125 -88.27187560542959
2.2175 -12.081243496668389
2.2224999999999997 -27.558209918507906
2.2275 -291.9056662401381
2.2325 242.7898500197344
2.2375 -97.42858943039157
2.2424999999999997 -112.59405432015298
2.2475 -45.91906640680567
2.2525 304.11295951589597
2.2575 181.35685458271024
2.2624999999999997 -165.1295236834713
2.2675 -22.40676809554551
2.2725 -305.93154763878533
2.2775 169.47488315756655
2.2824999999999998 -277.5905668789019
2.2875 101.50108847248761
2.2925 192.80620858856324
2.2975 95.48617214819387
2.3024999999999998 -170.19790858953516
2.3075 48.76183658464283
2.3125 215.94957347676646
2.3175 -128.40176282074273
2.3225 -147.80493344295266
2.3274999999999997 -52.76171941244492
2.3325 -123.76854254644432
2.3375 194.55645120322748
2.3425 -193.75616330877386
2.3474999999999997 79.178867356557
2.3525 84.82030532965675
2.3575 67.32090299449645
2.3625 -192.0076289239033
2.3674999999999997 -6.997579000121769
2.3725 275.7558725517904
2.3775 -286.42489581897115
2.3825 -25.284089464476203
2.3874999999999997 101.27330677994713
2.3925 -45.30118040013044
2.3975 149.72858888283727
2.4025 122.00542017914805
2.4074999999999998 -120.14705669791276
2.4125 -228.82120392484435
2.4175 456.7752897739475
2.4225 -109.60129756625858
2.4274999999999998 -164.16625182379812
2.4325 118.26107336995415
2.4375 157.7312417652273
2.4425 -8.235434785388195
2.4475 -217.7416749585236
2.4524999999999997 -50.967579687003834
2.4575 -2.1565410314575355
2.4625 226.96801763520003
2.4675 317.59412154006577
2.4724999999999997 -87.48998848546016
2.4775 93.43630784357653
2.4825 -157.59443245432433
2.4875 -386.29722550712535
2.4924999999999997 211.0892887440631
2.4975 99.19893499644739
2.5025 -170.45951858912474
2.5075 -108.03113545054767
2.5124999999999997 134.72410254494065
2.5175 60.83192020369988
2.5225 117.020617277873
2.5275 -251.05762715324644
2.5324999999999998 21.260788414164576
2.5375 118.87132981208177
2.5425 133.91650822454022
2.5475 -296.49227833560406
2.5524999999999998 -20.013956395827474
2.5574999999999997 13.779540767070687
2.5625 -135.27953506770044
2.5675 92.44924386407762
2.5725 158.71421162503728
2.5774999999999997 -80.08697067709424
2.5825 -137.19688760249466
2.5875 231.86989395092564
2.5925 -63.665176121092294
2.5974999999999997 151.35999976892862
2.6025 -186.15509864492594
2.6075 89.62271784034778
2.6125 -99.27621869337881
2.6174999999999997 70.64728696502326
2.6225 184.1949512579197
2.6275 14.45693046245255
2.6325 -158.44122980635
2.6374999999999997 45.168204737426926
2.6425 -2.9227917038189135
2.6475 36.854758872518296
2.6525 -71.86830554490518
2.6574999999999998 167.01072858662295
2.6625 -208.39808076781142
2.6675 14.066105854842933
2.6725 -0.9950474076247628
2.6774999999999998 80.86759379649376
2.6824999999999997 -123.17565884211007
2.6875 57.99894553683766
2.6925 -165.57894746803268
2.6975 -226.2339553571142
2.7024999999999997 124.31150480749162
2.7075 -87.86141276993585
2.7125 -124.37350136428037
2.7175 268.0173825971657
2.7224999999999997 102.93122162697861
2.7275 129.6287897291717
2.7325 -170.3981972827966
2.7375 -13.498853426691428
2.7424999999999997 -109.49107082157794
2.7475 82.68168584198641
2.7525 121.64138748867754
2.7575 7.591934279552161
2.7624999999999997 117.08572600512599
2.7675 47.241978929984725
2.7725 -200.7947690357008
2.7775 -7.008079705251848
2.7824999999999998 -65.12752936013183
2.7875 -73.83465952538229
2.7925 65.20128088536865
2.7975 -23.589901840732168
2.8024999999999998 85.9569515918805
2.8074999999999997 98.07786899525628
2.8125 -53.991831187557274
2.8175 157.3736807945184
2.8225 -61.57845155923779
2.8274999999999997 -5.959023971797904
2.8325 80.77013117457831
2.8375 -10.696296651953167
2.8425 95.221025988255
2.8474999999999997 2.164537420655236
2.8525 46.81817543430154
2.8575 -130.40326258970828
2.8625 -142.04952567289126
2.8674999999999997 -90.97592849732071
2.8725 115.73119451953335
2.8775 58.355966583505534
2.8825 -113.21442937896025
2.8874999999999997 -150.4898365814668
2.8925 -150.7821820441126
2.8975 166.75297885641908
2.9025 241.26736488606528
2.9074999999999998 -3.3073734170876414
2.9125 -239.7044362080317
2.9175 11.559691544670645
2.9225 75.80191627411986
2.9274999999999998 72.95780419769724
2.9324999999999997 -139.4987912078205
2.9375 146.71636617804668
2.9425 -167.4476019087278
2.9475 -89.08062056636547
2.9524999999999997 -121.96998197703623
2.9575 70.37223431904378
2.9625 -44.205641526001635
2.9675 252.59434387276175
2.9724999999999997 59.911690353023054
2.9775 49.91628925422877
2.9825 -59.810375496599555
2.9875 17.754419976686965
2.9924999999999997 78.67180259326896
2.9975 1.6019342671379628
3.0025 -69.01509713167255
3.0075 -78.87521531604635
3.0124999999999997 -45.50556742378435
3.0175 12.682849327983314
3.0225 65.3239867079223
3.0275 437.2343995393624
3.0324999999999998 -121.9055626538001
3.0374999999999996 195.8683203668573
3.0425 -276.00596992043444
3.0475 -165.3797989543401
3.0524999999999998 314.53659166514916
3.0574999999999997 -1.206353406707218
3.0625 94.87044096905693
3.0675 6.248844854500524
3.0725 -209.57690972654748
3.0774999999999997 -11.471395196719392
3.0825 139.27255089594584
3.0875 -144.3083554833434
3.0925 -116.05671137835535
3.0974999999999997 58.52945401712934
3.1025 -21.32728134441516
3.1075 -337.98073552885745
3.1125 347.50116466251035
3.1174999999999997 -61.87173258757713
3.1225 6.5904076518501435
3.1275 241.6393450163048
3.1325 -127.8381001489464
3.1374999999999997 -210.3135615215202
3.1425 222.5270066351548
3.1475 158.39484995949644
3.1525 15.638700860782574
3.1574999999999998 -188.36710016859718
3.1624999999999996 -138.1484951636545
3.1675 27.648062121418416
3.1725 116.03527494978538
3.1774999999999998 65.97659799196566
3.1824999999999997 -276.0846334945235
3.1875 36.24775723843742
3.1925 35.27870803033386
3.1975 -92.61089033879196
3.2024999999999997 -53.08334137048936
3.2075 -188.907165005061
3.2125 155.65041813122338
3.2175 215.300093245561
3.2224999999999997 -180.79603992552296
3.2275 19.011674144216162
3.2325 -4.373314598088166
3.2375 12.42930472543018
3.2424999999999997 164.68781246037193
3.2475 58.94657400782117
3.2525 -80.54887929634984
3.2575 -119.39651800265425
3.2624999999999997 -97.50505896476557
3.2675 -38.430158832044086
3.2725 29.054957126768606
3.2775 79.524714018424
3.2824999999999998 226.97636232853148
3.2874999999999996 -43.23119064317444
3.2925 27.400473279410246
3.2975 70.93827551200417
3.3024999999999998 -100.64579299962014
3.3074999999999997 -254.61364373303414
3.3125 79.33946280019163
3.3175 42.7617585164667
3.3225 -54.74967282177371
3.3274999999999997 37.563500775665034
3.3325 -27.938090907608483
3.3375 55.01423448342698
3.3425 -270.43953010398934
3.3474999999999997 298.6118140266209
3.3525 -48.24282263420581
3.3575 221.1955561210348
3.3625 14.549875295531121
3.3674999999999997 53.45092052601921
3.3725 -209.79824404245625
3.3775 124.1727942981466
3.3825 -82.63749023180368
3.3874999999999997 -1.5101683652592715
3.3924999999999996 232.07697438050195
3.3975 -513.2294730223707
3.4025 222.3396645394442
3.4074999999999998 309.9743935906846
3.4124999999999996 -61.89475039849658
3.4175 -103.30146793424193
3.4225 201.59245708388542
3.4274999999999998 -299.588179068962
3.4324999999999997 104.67398359783695
3.4375 215.4729452577032
3.4425 -63.887060306978846
3.4475 94.96353594003371
3.4524999999999997 -197.41811954490493
3.4575 297.4010441182347
3.4625 -42.0297055992702
3.4675 -364.8301074546479
3.4724999999999997 136.594269483507
3.4775 -111.62889448627855
3.4825 177.79206506788228
3.4875 14.301025084642765
3.4924999999999997 -240.78413454701513
3.4975 -55.87795215288796
3.5025 73.11860043925707
3.5075 295.8913716291099
3.5124999999999997 -198.1518517433083
3.5174999999999996 -301.0167257751008
3.5225 107.5231579925945
3.5275 -56.432619446070966
3.5324999999999998 -52.85852401324336
3.5374999999999996 38.78912078277257
3.5425 211.60773204548167
3.5475 -16.172305951673017
3.5524999999999998 -73.80889001969729
3.5574999999999997 79.6459967547645
3.5625 68.10534232715106
3.5675 -194.85972817860966
3.5725 -89.0542985374249
3.5774999999999997 142.0079915563091
3.5825 -256.1961595512753
3.5875 71.83402058212239
3.5925 -23.812540422063474
3.5974999999999997 147.89376033955037
3.6025 -19.875228385745856
3.6075 90.42688209861457
3.6125 -134.1224822886765
3.6174999999999997 65.05621293738793
3.6225 76.26726928177003
3.6275 34.51897947459208
3.6325 -174.63973607131433
3.6374999999999997 21.455422264151814
3.6424999999999996 17.049981313873115
3.6475 155.83073493124098
3.6525 -57.5772778876307
3.6574999999999998 -107.99482573971477
3.6624999999999996 61.75211005269305
3.6675 -101.03978366154088
3.6725 94.12635280845778
3.6774999999999998 -97.29378086159409
3.6824999999999997 187.32424232758999
3.6875 22.99427479724721
3.6925 134.8842157972273
3.6975 -45.0758564426144
3.7024999999999997 60.78166670696319
3.7075 128.80820492779446
3.7125 -154.2600551374911
3.7175 107.43726700904236
3.7224999999999997 -239.91666908823163
3.7275 354.1421228630737
3.7325 -152.54253495273775
3.7375 -226.96088246646144
3.7424999999999997 27.966706322550813
3.7474999999999996 -156.16974446322953
3.7525 11.65758540184194
3.7575 94.4733000429634
3.7624999999999997 -108.63566323872863
3.7674999999999996 82.24416229514533
3.7725 19.69070575081094
3.7775 46.612199527982476
3.7824999999999998 -82.39475244923861
3.7874999999999996 126.18350077040955
3.7925 -199.6523088445596
3.7975 197.24273966320737
3.8024999999999998 115.88167052408527
3.8074999999999997 -222.0621523984978
3.8125 -151.7957461521535
3.8175 267.8540657560934
3.8225 154.64792988409965
3.8274999999999997 117.787726604796
3.8325 -148.4474057476172
3.8375 -185.57227148229023
3.8425 211.50829259694098
3.8474999999999997 -220.7476659536546
3.8525 305.93246583532675
3.8575 -218.25493893010326
3.8625 146.17253315666505
3.8674999999999997 -146.6463228352022
3.8724999999999996 -175.31554438434668
3.8775 228.16666729660585
3.8825 -22.845597355238475
3.8874999999999997 -16.341084371306074
3.8924999999999996 38.50446827550038
3.8975 -179.72798312916095
3.9025 29.816737347811852
3.9074999999999998 166.14795286470306
3.9124999999999996 -40.81510210847679
3.9175 -20.943148334242764
3.9225 -102.85346565687989
3.9274999999999998 97.6787149581156
3.9324999999999997 -129.1984392474011
3.9375 53.94104404993872
3.9425 60.86712688290907
3.9475 -39.88986053369979
3.9524999999999997 -42.71618449300373
3.9575 71.3740901711291
3.9625 -95.80755435930531
3.9675 -88.30836214113921
3.9724999999999997 -13.394779835732395
3.9775 20.24086561743533
3.9825 187.60138715044448
3.9875 66.42214621866889
3.9924999999999997 -135.90018132213277
3.9974999999999996 -37.40329455893922
4.0024999999999995 -0.36819128655745675
4.007499999999999 -51.82920384729687
4.0125 -131.79171155551114
4.0175 145.40327156810127
4.0225 129.95457317816175
4.0275 -24.05572697351712
4.0325 -83.00432757979524
4.0375 -171.67173476726566
4.0424999999999995 223.72677377780565
4.047499999999999 -31.028253866570076
4.0525 33.95512482103105
4.0575 -133.19863050923774
4.0625 -53.302047154711225
4.0675 214.71770294341783
4.0725 117.2856633678105
4.0775 -59.7533957957059
4.0825 11.964566480497341
4.0874999999999995 147.52215311974342
4.0925 2.1426628157477863
4.0975 -125.42063379309869
4.1025 123.15424445394147
4.1075 -46.55706089142089
4.1125 -100.69341947789152
4.1175 89.08186469767804
4.1225 -79.97101964542708
4.1274999999999995 -32.870400349446285
4.132499999999999 -76.4429882566873
4.1375 -109.59229008187253
4.1425 -3.4131839232582855
4.1475 131.2653028201452
4.1525 -200.74640752649216
4.1575 75.49565180457374
4.1625 17.279886253675304
4.1674999999999995 199.40307624915573
4.172499999999999 -181.17865734558876
4.1775 31.5829735303784
4.1825 -10.805641912163924
4.1875 72.92392750867756
4.1925 51.47708428982626
4.1975 48.546282512023126
4.2025 91.64557891959001
4.2075 -77.5039426488477
4.2124999999999995 95.2401728467733
4.2175 105.26073408349917
4.2225 -244.6036629416367
4.2275 124.52493622497981
4.2325 -125.65392321745827
4.2375 164.5027662507683
4.2425 -85.04299549210644
4.2475 159.85868157182122
4.2524999999999995 -60.49774949379725
4.257499999999999 -144.1773836549808
4.2625 109.5757693865204
4.2675 55.48274078169314
4.2725 -148.5431966215376
4.2775 131.67286023729793
4.2825 -5.066614568392879
4.2875 -115.77937970553111
4.2924999999999995 141.3961610676671
4.297499999999999 48.379693395063605
4.3025 -44.53886147220263
4.3075 -124.4991030324037
4.3125 350.2073235640956
4.3175 -201.2036294024312
4.3225 111.24318430446023
4.3275 -133.17382920219873
4.3325 5.711068535412498
4.3374999999999995 63.01934036379998
4.342499999999999 -162.31252906420548
4.3475 187.75182242959806
4.3525 -2.0827458201714677
4.3575 -258.46577850005025
4.3625 183.21990905086173
4.3675 -85.13647100541596
4.3725 77.16500233029865
4.3774999999999995 -29.351245123775794
4.382499999999999 -64.28156322730251
4.3875 192.33102464081534
4.3925 -197.96705817591726
4.3975 -89.99900856320332
4.4025 371.1037875649848
4.4075 -292.58488614413193
4.4125 132.40213856402838
4.4174999999999995 -111.44771580787945
4.422499999999999 -89.83542852026345
4.4275 17.58587544847729
4.4325 62.418129795832115
4.4375 -95.60202834034294
4.4425 39.020374200384495
4.4475 39.14902145722224
4.4525 -34.89985550557373
4.4575 -43.05136807448525
4.4624999999999995 7.576301516309713
4.467499999999999 23.948237712477557
4.4725 -58.33120725191746
4.4775 -61.89787868806028
4.4825 28.91971511867515
4.4875 -167.67714722813048
4.4925 276.56579479912006
4.4975 -214.46879036148326
4.5024999999999995 14.077882797900088
4.507499999999999 559.2694382019874
4.5125 -106.36646378129419
4.5175 -388.7292331000103
4.5225 27.975057200353067
4.5275 -240.2488372796382
4.5325 230.1619761471023
4.5375 40.88294022692498
4.5424999999999995 11.955976645269008
4.547499999999999 -62.36261403813444
4.5525 -12.220318824000083
4.5575 35.43354507370401
4.5625 -98.46216556494444
4.5675 81.599120277059
4.5725 19.098329370461414
4.5775 -41.77968323378297
4.5825 75.11532027019403
4.5874999999999995 -15.035925490110436
4.592499999999999 70.85802608169313
4.5975 330.0504522714351
4.6025 -12.53211484215725
4.6075 -9.315096280715595
4.6125 -293.71519621861444
4.6175 106.0618251696537
4.6225 178.26809069579315
4.6274999999999995 -83.66473129708342
4.632499999999999 -144.97786142584735
4.6375 -133.2228235669915
4.6425 161.12517395713218
4.6475 -72.14032465859873
4.6525 -12.67935202617745
4.6575 -40.1848378053086
4.6625 11.477254312571606
4.6674999999999995 158.33661553473914
4.672499999999999 -31.765873333850838
4.6775 85.480602331927
4.6825 120.84090011214352
4.6875 -93.39441884363636
4.6925 160.91808326705004
4.6975 -178.8143049358207
4.7025 90.38053409520651
4.7075 -140.82810663207508
4.7124999999999995 10.211506641993669
4.717499999999999 -304.5142208785756
4.7225 63.16497307239344
4.7275 80.71483174177516
4.7325 -66.68095421709921
4.7375 -257.8801538512479
4.7425 58.598545872557544
4.7475 89.76861755031085
4.7524999999999995 172.17583368203765
4.757499999999999 -95.37510510498734
4.7625 389.2912607029869
4.7675 -160.53300205907348
4.7725 -115.91973824476764
4.7775 159.66069955459463
4.7825 -81.07867626643107
4.7875 250.67996737605725
4.7924999999999995 -372.77839686468184
4.797499999999999 -60.93950078437255
4.8025 -19.048425164742095
4.8075 107.08111116326427
4.8125 177.36264673060862
4.8175 51.80648657534282
4.8225 4.003829836036001
4.8275 37.498870686978904
4.8325 -181.6518964746376
4.8374999999999995 233.01180820111952
4.842499999999999 -152.3766403386939
4.8475 -152.14418792324804
4.8525 33.23492148152781
4.8575 -162.32096362974065
4.8625 73.3496638488716
4.8675 2.496662715519461
4.8725 277.02975906410785
4.8774999999999995 204.27624320170023
4.882499999999999 -19.255175972097614
4.8875 -223.74413260053964
4.8925 143.5275216971822
4.8975 9.86251300556601
4.9025 -20.522299305017636
4.9075 -75.80256472246553
4.9125 72.07183572328414
4.9174999999999995 -76.62001241811852
4.922499999999999 -216.3953267120984
4.9275 111.35396567774823
4.9325 60.51870327047358
4.9375 16.65014422166701
4.9425 -319.05598872760305
4.9475 168.3151102640536
4.9525 227.91604701121543
4.9575 -300.1055243965355
4.9624999999999995 34.98610281991323
4.967499999999999 -356.1814028406203
4.9725 226.86921439764788
4.9775 18.01914782954571
4.9825 52.81605163348573
4.9875 -17.96784494653534
4.9925 -73.67495471133935
4.9975 247.09856160264437
5.0024999999999995 -200.83846498669504
5.007499999999999 132.19353629716642
5.0125 -209.29582789588002
5.0175 -57.1681009286276
5.0225 61.45750988988429
5.0275 73.38197362983523
5.0325 384.5414892072859
5.0375 -68.4629752745737
5.0424999999999995 -162.3157836748755
5.047499999999999 47.304116808511154
5.0525 67.46717730904234
5.0575 -233.84978031327194
5.0625 181.1537199801915
5.0675 -97.65870701072271
5.0725 457.84568851098663
5.0775 -285.4234557738607
5.0825 27.028335774125804
5.0874999999999995 119.41896026303311
5.092499999999999 -239.1974496059282
5.0975 159.869535186542
5.1025 -18.179107522737503
5.1075 -224.34921122604993
5.1125 170.65276562909673
5.1175 242.78896077177987
5.1225 -97.78263380571941
5.1274999999999995 -225.8040858824312
5.132499999999999 389.47334494581685
5.1375 -252.00003688483764
5.1425 -321.28105027465176
5.1475 209.32796819602603
5.1525 280.38457842555243
5.1575 20.34546949387185
5.1625 128.6639672779187
5.1674999999999995 -177.94430594934906
5.172499999999999 86.99705300108064
5.177499999999999 157.4495693833879
5.1825 -128.99219030327416
5.1875 -8.123119268581094
5.1925 -173.68080860502195
5.1975 94.861487960648
5.2025 -179.006075902152
5.2075 157.39953569853463
5.2124999999999995 14.000008993894392
5.217499999999999 -87.46620669501657
5.2225 186.28338483393486
5.2275 89.63442690225837
5.2325 -135.72243699881116
5.2375 -184.27219492027135
5.2425 158.6619601494693
5.2475 117.20170588669161
5.2524999999999995 -277.66000374885164
5.257499999999999 164.47608433825923
5.2625 -82.13220403021698
5.2675 211.49517993976917
5.2725 -45.588500914435265
5.2775 -153.25006052179455
5.2825 28.142038965417992
5.2875 -222.82332805462138
5.2924999999999995 54.50619810029632
5.297499999999999 218.72468501739394
5.302499999999999 -79.88285751365125
5.3075 -241.818310180485
5.3125 241.24322860701716
5.3175 -240.71978920715614
5.3225 -226.95472378619138
5.3275 147.01299800531507
5.3325 107.97351852710976
5.3374999999999995 235.36427037358817
5.342499999999999 37.436678595644345
5.3475 -200.4417962844247
5.3525 111.43308334989752
5.3575 -73.17614444021775
5.3625 -55.73477402129125
5.3675 79.28569922150588
5.3725 3.777315038924114
5.3774999999999995 -4.975069925826939
5.382499999999999 106.85367823540322
5.3875 27.815529959573617
5.3925 -151.45936725720364
5.3975 -34.465301162653105
5.4025 -47.4963764796224
5.4075 -66.04746650112016
5.4125 106.46117697827647
5.4174999999999995 132.56848451285828
5.422499999999999 -330.34050158480494
5.427499999999999 206.53899949320646
5.4325 71.7184744030217
5.4375 -226.09082814871348
5.4425 12.959097320327258
5.4475 119.6050893636101
5.4525 120.06823148873104
5.4575 -174.91591453770562
5.4624999999999995 71.92698528445831
5.467499999999999 78.50056749128738
5.4725 -169.4789364860649
5.4775 124.73701567766936
5.4825 198.07672463385765
5.4875 -124.27253007494912
5.4925 93.89216189878645
5.4975 -158.4233287897426
5.5024999999999995 -31.49454349258965
5.507499999999999 148.76792818569888
5.5125 -72.78460374983682
5.5175 16.434938847934486
5.5225 -277.32230558784784
5.5275 84.95036501436428
5.5325 108.52351430788045
5.5375 -63.62518060031369
5.5424999999999995 -60.57467562633673
5.547499999999999 252.8918215251044
5.552499999999999 59.24621181687378
5.5575 -227.97567754736633
5.5625 -20.758151600405764
5.5675 239.7839337645913
5.5725 -230.2523502140832
5.5775 -73.18165546164903
5.5825 -96.04432932510737
5.5874999999999995 261.2201531152339
5.592499999999999 -149.2457107296632
5.5975 154.31436104163475
5.6025 168.2547311437634
5.6075 -155.22167324334765
5.6125 -152.90017763741233
5.6175 -53.46494532684606
5.6225 259.460484577519
5.6274999999999995 72.8163535072292
5.632499999999999 -169.96361530713392
5.6375 40.95617594097772
5.6425 9.071119432840666
5.6475 -200.2235120968951
5.6525 17.788993734519792
5.6575 -104.86400054297344
5.6625 56.18618802119926
5.6674999999999995 -8.23185779272816
5.672499999999999 -106.3840487319669
5.677499999999999 188.91592984765532
5.6825 -32.532952462134354
5.6875 14.70024899314538
5.6925 196.39604126271496
5.6975 152.58683129084432
5.7025 20.784973781976596
5.7075 -1.5336100755995006
5.7124999999999995 -19.91063724451736
5.717499999999999 -24.246963180498373
5.7225 -76.44646603464508
5.7275 29.83504522364916
5.7325 -113.11717923309311
5.7375 -2.8619791442327287
5.7425 76.66014450200522
5.7475 1.5050604529000329
5.7524999999999995 -62.12758519845799
5.757499999999999 -8.288071474538146
5.7625 186.38893848718936
5.7675 -246.58716642682717
5.7725 -55.38842391718187
5.7775 -217.93530942434174
5.7825 -1.9548662272234678
5.7875 164.69785104078812
5.7924999999999995 53.401252382867284
5.797499999999999 134.1166757284903
5.802499999999999 -131.37134938888323
5.8075 195.82885896909437
5.8125 36.23434983201761
5.8175 -168.0696834867304
5.8225 -161.54294298829987
5.8275 237.79926378293487
5.8325 -0.6607134342714694
5.8374999999999995 -24.150822719495526
5.842499999999999 93.28066602949166
5.8475 36.19632612634571
5.8525 -116.62537689229909
5.8575 61.30151990325019
5.8625 -91.62489910181297
5.8675 147.5168655287689
5.8725 -145.35460215119602
5.8774999999999995 -99.91900925157013
5.882499999999999 372.9769274576294
5.8875 -118.30609289639428
5.8925 81.2858355120303
5.8975 -73.66793171837482
5.9025 -125.34941355861383
5.9075 137.3291546251743
5.9125 -11.245296732920346
5.9174999999999995 31.344024262534177
5.922499999999999 -125.20174589594858
5.927499999999999 10.05189466080541
5.9325 -160.12174277558375
5.9375 18.603935601018808
5.9425 -13.603750144400932
5.9475 38.078432975354765
5.9525 -243.22458042269696
5.9575 51.5278577426583
5.9624999999999995 191.25930676930687
5.967499999999999 -205.68420812050388
5.9725 21.297811682991476
5.9775 21.49876908860936
5.9825 233.9654317599612
5.9875 -19.607966347276474
5.9925 -50.63519148633713
5.9975 65.88697106169474
6.0024999999999995 85.53945770387247
6.007499999999999 -198.68411335659945
6.012499999999999 -7.816795586016389
6.0175 55.92712553837353
6.0225 -195.02343427948685
6.0275 -11.134299955829214
6.0325 76.88050825074727
6.0375 -85.2838974737189
6.0424999999999995 -41.633043640704706
6.047499999999999 -52.498152529503756
6.052499999999999 56.270666840050566
6.0575 61.537228771548875
6.0625 -125.22969694082246
6.0675 321.99263575143124
6.0725 -69.43622992284114
6.0775 141.36088247753645
6.0825 -65.12292574531415
6.0874999999999995 17.208267186614208
6.092499999999999 18.156594996243246
6.0975 24.144913885267783
6.1025 -237.74803596887364
6.1075 331.63931019871933
6.1125 26.508619688872937
6.1175 162.27295871448834
6.1225 -16.182914819250367
6.1274999999999995 84.53378616487002
6.132499999999999 -10.953230229384289
6.137499999999999 -8.038812035899173
6.1425 -114.07081673989026
6.1475 -153.49181464453653
6.1525 -89.40892556885555
6.1575 69.7983193736264
6.1625 -77.64467988823414
6.1674999999999995 224.1165345906404
6.172499999999999 -82.7421036481154
6.177499999999999 -143.94781267660338
6.1825 54.442078296245846
6.1875 55.852775303726666
6.1925 -112.37629462838352
6.1975 -43.083504953434634
6.2025 -203.81566513186814
6.2075 39.38836389950982
6.2124999999999995 20.332142090819353
6.217499999999999 61.01862062766585
6.2225 136.58913216201518
6.2275 -94.61990068703389
6.2325 124.01217569564254
6.2375 -163.5161394607232
6.2425 72.21226018634799
6.2475 -169.9814084244631
6.2524999999999995 -10.903021273996021
6.257499999999999 77.40878022243115
6.262499999999999 -108.17966667752067
6.2675 32.46909582705534
6.2725 102.43814712358991
6.2775 88.5166143274769
6.2825 -174.4652271473278
6.2875 88.94637952145494
6.2924999999999995 69.1350482988097
6.297499999999999 82.06394352556961
6.302499999999999 79.29072864371939
6.3075 31.238341130145713
6.3125 166.83501178284968
6.3175 100.11220211985417
6.3225 -43.26588368234358
6.3275 -67.72989284036085
6.3325 -221.972448557095
6.3374999999999995 253.42656508496538
6.342499999999999 -282.59062601441343
6.3475 48.227388037198864
6.3525 -69.41130861075112
6.3575 321.21910319362956
6.3625 -137.70267718875553
6.3675 -120.53750734241392
6.3725 98.32826124473289
6.3774999999999995 -252.71805421127945
6.382499999999999 -71.63059780957992
6.387499999999999 161.0867390499424
6.3925 130.87450031872916
6.3975 -12.921301749257493
6.4025 29.334613107948726
6.4075 -143.89684289971865
6.4125 217.93050843279545
6.4174999999999995 -210.28300444590647
6.422499999999999 73.60022281589163
6.427499999999999 98.87173806691165
6.4325 -217.4380265859305
6.4375 26.257380298477212
6.4425 56.977996874561555
6.4475 95.32189135207524
6.4525 -101.04800979725066
6.4575 156.4349506256939
6.4624999999999995 -88.96038379510203
6.467499999999999 -6.528182022919785
6.4725 190.66989816189653
6.4775 -169.00728778579895
6.4825 49.49090776449662
6.4875 52.380006898887494
6.4925 -281.4758951482877
6.4975 79.6142933151111
6.5024999999999995 199.3625246739285
6.507499999999999 -231.15835426863126
6.512499999999999 -5.676359574520581
6.5175 -170.68675074373266
6.5225 162.56102241796853
6.5275 100.39146874254102
6.5325 -97.72006949477085
6.5375 43.75226293682559
6.5424999999999995 80.21207762044733
6.547499999999999 154.59957159871092
6.552499999999999 2.2482257786046542
6.5575 -285.3619145322887
6.5625 -68.91494377150457
6.5675 -79.28899975516138
6.5725 306.33432636796215
6.5775 -230.83131089819034
6.5825 313.63606277526003
6.5874999999999995 -307.515872151575
6.592499999999999 200.3543237869386
6.5975 -50.276564352332585
6.6025 77.96334053742726
6.6075 -79.39013940684215
6.6125 172.8360296932151
6.6175 -80.38418368013997
6.6225 -122.94295417920505
6.6274999999999995 8.481466522384498
6.632499999999999 201.1352996185521
6.637499999999999 -149.45887029360384
6.6425 53.00705454117379
6.6475 35.99879340434563
6.6525 9.69122855940226
6.6575 120.14204971085407
6.6625 -56.85562725036893
6.6674999999999995 135.90913439633394
6.672499999999999 32.423016584959406
6.677499999999999 -39.87855150507388
6.6825 19.284879524944675
6.6875 102.50838475092759
6.6925 -130.47522061840462
6.6975 -171.00665420839348
6.7025 2.1306053345670577
6.7075 5.095450650517777
6.7124999999999995 -54.341637029223094
6.717499999999999 -41.42566438584535
6.722499999999999 -229.6894048751108
6.7275 42.480799651501144
6.7325 222.44962475974899
6.7375 -94.22406442111634
6.7425 89.28718583959613
6.7475 -118.76652378897904
6.7524999999999995 188.44576446640087
6.757499999999999 -0.5510329296871957
6.762499999999999 194.29367395878515
6.7675 -82.34456402103012
6.7725 -37.226340532038904
6.7775 161.42092087873408
6.7825 -99.11046390429911
6.7875 -3.5150329469015977
6.7924999999999995 42.24570074308606
6.797499999999999 150.85767653744736
6.802499999999999 -220.90356264688833
6.8075 151.17492133757403
6.8125 19.228352145720713
6.8175 -164.77902366785102
6.8225 -144.0830797515414
6.8275 260.7425509078073
6.8325 -393.2347201033088
6.8374999999999995 162.11425427149817
6.842499999999999 -62.194589860773576
6.847499999999999 166.21340555380172
6.8525 -93.96840303538936
6.8575 -48.392335144257096
6.8625 324.9506544642623
6.8675 -335.5068078491976
6.8725 -377.1044205907295
6.8774999999999995 -49.67197616378864
6.882499999999999 242.82543530451716
6.887499999999999 -15.525348750181013
6.8925 14.01484785550625
6.8975 -214.78386599136272
6.9025 37.006804120750886
6.9075 -76.07119280527351
6.9125 32.352146825752286
6.9174999999999995 -39.84332712775137
6.922499999999999 103.08140321124371
6.927499999999999 -172.03188163628815
6.9325 -102.31707465925761
6.9375 93.22142300965122
6.9425 6.782775452512538
6.9475 -67.30981667261264
6.9525 380.7739403359964
6.9575 38.74961504103791
6.9624999999999995 88.84125720214467
6.967499999999999 -71.65445789279252
6.972499999999999 260.1011533852222
6.9775 -243.92312008722337
6.9825 -74.32649009483517
6.9875 237.06573856692756
6.9925 252.24312132673032
6.9975 -166.42674130936877
7.0024999999999995 -144.65174809455155
7.007499999999999 -86.0323729242412
7.012499999999999 -40.952554999099455
7.0175 131.2602445809293
7.0225 152.5464907771322
7.0275 -7.004142039516433
7.0325 -51.693029036784075
7.0375 353.1555773922408
7.0424999999999995 -333.06371357257154
7.047499999999999 9.347348427674481
7.052499999999999 49.41139260851207
7.0575 -167.02710144680535
7.0625 -240.6714119078092
7.0675 157.06342049889415
7.0725 117.4171025842664
7.0775 -242.19037057726078
7.0825 -94.63135695869931
7.0874999999999995 222.562178641852
7.092499999999999 133.24270157470474
7.097499999999999 -146.24902637624652
7.1025 140.1295843367008
7.1075 38.40434590347879
7.1125 371.30637661822567
7.1175 23.71434865761649
7.1225 -298.7119341617062
7.1274999999999995 -70.40475910905711
7.132499999999999 278.8959664281219
7.137499999999999 -233.66448758013428
7.1425 58.19941387581821
7.1475 68.04703882053875
7.1525 -105.15136237480678
7.1575 -54.98673990513408
7.1625 54.23845104141254
7.1674999999999995 -252.44979607825312
7.172499999999999 145.70101620536548
7.177499999999999 50.00856537495088
7.1825 20.025085482669148
7.1875 169.43503858578111
7.1925 16.68669760229538
7.1975 -143.89299800104567
7.2025 160.47333296866827
7.2075 -45.299180315947375
7.2124999999999995 -154.0668804278661
7.217499999999999 -206.20437883015492
7.222499999999999 152.8785525166898
7.2275 -133.44070806664567
7.2325 -15.796656193295519
7.2375 -125.38173886654678
7.2425 -222.7468224660983
7.2475 92.700857546543
7.2524999999999995 -177.891873216152
7.257499999999999 237.99551112188612
7.262499999999999 42.85649145112184
7.2675 56.659848220602406
7.2725 -191.31855998694493
7.2775 232.6782917950722
7.2825 186.72939393529933
7.2875 -213.64027654216503
7.2924999999999995 247.7558564061844
7.297499999999999 57.32609336796552
7.302499999999999 197.51084423713885
7.3075 -149.97430843564118
7.3125 226.8634149430239
7.3175 -169.40544812979954
7.3225 -190.55463408348518
7.3275 161.60811309971544
7.3325 -63.34021860633107
7.3374999999999995 -126.28434343590604
7.342499999999999 300.5766551473695
7.347499999999999 27.286493218858684
7.3525 -6.233213933440876
7.3575 -20.950971821426215
7.3625 -59.374803281889584
7.3675 151.23685683916145
7.3725 -15.186880001644697
7.3774999999999995 -88.8546082904046
7.382499999999999 -585.03626772172
7.387499999999999 73.9505117699968
7.3925 17.132853749322656
7.3975 433.6055235113589
7.4025 -69.03915952603194
7.4075 -251.61695576104412
7.4125 165.3665473439514
7.4174999999999995 78.81924879924475
7.422499999999999 243.19656029596803
7.427499999999999 -39.36018771358085
7.4325 -209.95763811973615
7.4375 -19.941539860990623
7.4425 -143.6917629521629
7.4475 204.09743067552347
7.4525 -78.85820385990662
7.4575 -79.55490028895696
7.4624999999999995 89.3233388086344
7.467499999999999 -2.048768337435713
7.472499999999999 5.371320024952097
7.4775 67.39832230568845
7.4825 -56.23634276377941
7.4875 19.920641086629335
7.4925 -169.2091869744773
7.4975 -61.3765880628512
7.5024999999999995 70.74204804231026
7.507499999999999 48.52419552975571
7.512499999999999 -147.38662688916077
7.5175 -133.48075106783557
7.5225 16.675102640581983
7.5275 429.69901935068475
7.5325 -280.57345558587355
7.5375 88.97627051640191
7.5424999999999995 68.3123410396777
7.547499999999999 -384.60182543103366
7.552499999999999 278.2097247812161
7.557499999999999 144.03090170011643
7.5625 -31.898709188038268
7.5675 -19.418082828808508
7.5725 266.813505906545
7.5775 -30.00501645664534
7.5825 -140.07848350166825
7.5874999999999995 -48.90125311054601
7.592499999999999 75.86878277272542
7.597499999999999 -207.16626431568645
7.6025 252.53199769599442
7.6075 -165.14571410176427
7.6125 -35.409822496279
7.6175 -36.3335603235531
7.6225 38.03484324593657
7.6274999999999995 313.1244143322039
7.632499999999999 17.494424494065186
7.637499999999999 -121.22504101738505
7.6425 -36.889381744260426
7.6475 163.09614665174672
7.6525 -16.59042963592586
7.6575 -43.66188689607739
7.6625 -45.01819875265804
7.6674999999999995 -125.92932507221481
7.672499999999999 -56.61716852948751
7.677499999999999 25.961192437263666
7.682499999999999 -59.55549009748103
7.6875 -235.66091259603098
7.6925 224.49316965364702
7.6975 73.0964134527805
7.7025 -168.61518618365147
7.7075 23.23700198726118
7.7124999999999995 -50.89661169997812
7.717499999999999 -25.89042340598037
7.722499999999999 -17.10228219941549
7.7275 -30.236043417357333
7.7325 -130.30823648481896
7.7375 -90.22893613553707
7.7425 177.92602481805847
7.7475 -44.963028437131506
7.7524999999999995 -65.58402831090632
7.757499999999999 117.8640587649669
7.762499999999999 11.924574270918953
7.7675 58.35602493505693
7.7725 19.830692504251058
7.7775 51.56457797241456
7.7825 -37.971519791193714
7.7875 167.40012925272023
7.7924999999999995 -41.01218750901763
7.797499999999999 -123.85036941157027
7.802499999999999 138.3729085565293
7.807499999999999 3.096674548822336
7.8125 -38.7168016862474
7.8175 -160.95459559331886
7.8225 163.01818008067858
7.8275 -85.5811073516331
7.8325 1.1942915832384602
7.8374999999999995 260.259699532076
7.842499999999999 -37.826572374601916
7.847499999999999 119.52994440801362
7.8525 -208.5262389251157
7.8575 76.28794146764689
7.8625 134.74250049035845
7.8675 -91.32030759741838
7.8725 -143.2023212990484
7.8774999999999995 -132.8439416330988
7.882499999999999 41.35881130885733
7.887499999999999 -33.012916347910796
7.8925 3.9660906160222495
7.8975 -7.963402809311165
7.9025 -20.982604468626295
7.9075 162.02046782404886
7.9125 -21.195291578470954
7.9174999999999995 9.089088610211702
7.922499999999999 81.5009303547948
7.927499999999999 99.39184811611476
7.932499999999999 -100.04077016593179
7.9375 230.10825888615557
7.9425 -242.73614723308108
7.9475 1.7941120926990866
7.9525 -86.265194828923
7.9575 50.02254096318007
7.9624999999999995 -22.63735938002526
7.967499999999999 -61.75660958418252
7.972499999999999 10.779176587718393
7.9775 -130.75736802023752
7.9825 -25.986312705096086
7.9875 -74.8793784973556
7.9925 72.34054584901895
7.9975 -3.126483435050222
8.0025 -17.663918206962663
8.0075 185.49232574897223
8.0125 -78.57981345831024
8.0175 88.84446760042746
8.022499999999999 13.642372625275133
8.0275 -122.85017020816028
8.032499999999999 279.4967197400018
8.0375 -93.50304920533617
8.0425 3.142952812452931
8.0475 188.153947512842
8.0525 83.25051820505804
8.0575 -229.58962100417875
8.0625 -96.65128197686342
8.067499999999999 121.03798340733258
8.0725 44.86542784888278
8.077499999999999 93.02582675073539
8.0825 76.24593522592995
8.0875 -225.99173851752812
8.0925 -74.27930087180987
8.0975 134.2253119456997
8.1025 -200.29158897539267
8.1075 192.6017757735083
8.112499999999999 -4.846093444605909
8.1175 65.15607819332439
8.1225 -171.56410161859094
8.1275 270.4223372750841
8.1325 -146.3471018200081
8.1375 118.04412818615133
8.1425 -135.76301160132337
8.147499999999999 85.01508168564203
8.1525 225.74217327654432
8.157499999999999 -11.204941876499293
8.1625 -50.14316709293678
8.1675 -121.65548992435095
8.1725 4.038941577038733
8.1775 34.84618535187287
8.1825 22.56515923587519
8.1875 10.528013121570934
8.192499999999999 -181.35133803473056
8.1975 -203.8247557776492
8.202499999999999 149.11076261551858
8.2075 -161.7151773428661
8.2125 184.6686766080914
8.2175 82.6460290780438
8.2225 11.92038304187954
8.2275 -67.27169539704458
8.2325 86.20279325508716
8.237499999999999 125.67378800093073
8.2425 151.07738591654186
8.2475 -159.98843992805644
8.2525 73.96707825674997
8.2575 -51.906059187383036
8.2625 -84.80506679353353
8.2675 5.473943028540463
8.272499999999999 -323.32627681827734
8.2775 201.38555883611363
8.282499999999999 279.52299637229487
8.2875 -144.36535525087112
8.2925 147.57373029061426
8.2975 -43.891914242347426
8.3025 -65.9797333870916
8.3075 -50.41042360485777
8.3125 145.55973789057373
8.317499999999999 -248.5578935847913
8.3225 116.24061464511593
8.327499999999999 -284.99631384819014
8.3325 219.1506433406154
8.3375 25.573496513971207
8.3425 -149.08997516163222
8.3475 -5.39629054963976
8.3525 -215.76998802332056
8.3575 332.54521701233244
8.362499999999999 125.55292817712736
8.3675 -229.64940957329702
8.3725 -129.0127780119112
8.3775 -158.46796698434306
8.3825 85.96480639617154
8.3875 124.51842147709141
8.3925 -89.86902835552517
8.397499999999999 77.12332847099265
8.4025 -330.2806390652058
8.407499999999999 196.99544491252482
8.4125 -19.460963844186573
8.4175 118.89585087706227
8.4225 27.62744651687041
8.4275 -90.15970480055398
8.4325 286.95858933463603
8.4375 -123.52700185373816
8.442499999999999 -23.193718586525755
8.4475 -131.2698193260333
8.452499999999999 22.474057506688208
8.4575 -121.37879433093076
8.4625 145.17813840808952
8.4675 -64.31852899370915
8.4725 107.59282539856328
8.4775 247.8470673504945
8.4825 -8.544102250812687
8.487499999999999 -13.293698739147793
8.4925 162.41606052708332
8.4975 -23.092227209514654
8.5025 -172.90554676390894
8.5075 -212.07793315192396
8.5125 98.92552598872723
8.5175 -147.937959173553
8.522499999999999 129.99432879883483
8.5275 19.321459551431403
8.532499999999999 228.07770342055846
8.5375 -114.12769150215654
8.5425 6.88552770496201
8.5475 -135.97743378419685
8.5525 156.27411517195733
8.5575 -86.87285040500183
8.5625 93.26552315528957
8.567499999999999 -170.21047069721868
8.5725 -68.84612192744108
8.577499999999999 198.6570672182339
8.5825 -12.611961887110928
8.5875 -32.74593774242367
8.5925 266.3679587325177
8.5975 -28.90301336307064
8.6025 22.95109311131926
8.6075 -75.11779537437057
8.612499999999999 89.49789799789448
8.6175 -48.208837256400905
8.6225 -14.496024871084815
8.6275 -409.1804852041418
8.6325 248.4745516558967
8.6375 -100.53791451167181
8.6425 106.51629535082724
8.647499999999999 -88.67214245256608
8.6525 328.60778339195
8.657499999999999 -111.05111016747388
8.6625 -152.15859168739377
8.6675 10.20388053153881
8.6725 -1.461513883193155
8.6775 0.5375028865266832
8.6825 170.72957149341627
8.6875 -82.01376325559924
8.692499999999999 -223.09250622637194
8.6975 245.1673890371552
8.702499999999999 -204.20314525660402
8.7075 336.2011941810165
8.7125 20.311990979505975
8.7175 -154.5444328963571
8.7225 131.4841086085762
8.7275 -42.530736687549656
8.7325 -23.757714430239975
8.737499999999999 19.80953404173916
8.7425 87.0660943280663
8.747499999999999 -167.30121377360175
8.7525 72.92089369677461
8.7575 -10.39722340613657
8.7625 11.18720323514725
8.7675 250.89075914296942
8.772499999999999 -17.728534610862276
8.7775 -238.84716749421628
8.782499999999999 0.6129992220442447
8.7875 141.22379302326337
8.7925 -260.07995512457137
8.7975 89.66001192649438
8.8025 2.30785555814475
8.8075 56.18033172207744
8.8125 -45.06863850723426
8.817499999999999 94.0164139706319
8.8225 61.34077234484981
8.827499999999999 -322.7252089536843
8.8325 81.61620046964445
8.8375 13.843475300165258
8.8425 14.60002109036624
8.8475 -12.242463177103277
8.8525 -50.810557288494714
8.8575 -119.49784410955127
8.862499999999999 -46.37842784648267
8.8675 14.13601629735685
8.872499999999999 -5.9302827620872165
8.8775 138.01789861424515
8.8825 4.177896636150472
8.8875 -87.94611215728136
8.8925 2.569598943282695
8.897499999999999 23.718821740624332
8.9025 -92.60959186308679
8.907499999999999 -86.84950836990953
8.9125 240.0605296169713
8.9175 -145.53654480911925
8.9225 12.915119120611068
8.9275 3.919126270883069
8.9325 271.0855741379345
8.9375 118.96902764126543
8.942499999999999 -296.7371614387284
8.9475 95.50043880130549
8.952499999999999 -0.035647026690673496
8.9575 -266.0184356001194
8.9625 226.73837520644688
8.9675 -162.0032518362741
8.9725 213.40179150438647
8.9775 164.8236371245682
8.9825 12.41000496573946
8.987499999999999 -2.6325608038587633
8.9925 -26.62752232503559
8.997499999999999 -70.23370638317272
9.0025 -107.59515154910197
9.0075 151.08276324813565
9.0125 -99.38482913647707
9.0175 81.22893969624629
9.022499999999999 -103.43953716659576
9.0275 -41.05738309549966
9.032499999999999 -53.491903566775136
9.0375 90.91596005221048
9.0425 7.714273639313063
9.0475 20.92665185043599
9.0525 24.390545276466256
9.0575 104.8415090699969
9.0625 -147.5497169114758
9.067499999999999 -296.74647867299376
9.0725 84.54114489564986
9.077499999999999 60.16551761549959
9.0825 -104.77352936664207
9.0875 -252.67248808288562
9.0925 314.0208920647387
9.0975 -5.752869768500678
9.1025 125.08259653887518
9.1075 91.31650743747055
9.112499999999999 153.63514015075728
9.1175 -178.8271483711347
9.122499999999999 58.36332018249045
9.1275 -217.6219872893191
9.1325 -7.534945565121239
9.1375 286.52097512608424
9.1425 -31.146530160580664
9.147499999999999 -16.80171218007374
9.1525 -142.00515117360015
9.157499999999999 -34.93148078404261
9.1625 -80.33230511500453
9.1675 246.25411898788695
9.1725 134.77403865989777
9.1775 -293.6852727222995
9.1825 -72.2954178969626
9.1875 389.21068862751696
9.192499999999999 -152.90486678214572
9.1975 161.2630977886293
9.202499999999999 -203.66798075797323
9.2075 186.12862226738363
9.2125 -7.104067429562884
9.2175 -122.27170217636771
9.2225 -292.1511434143193
9.2275 88.17226193902982
9.2325 131.45391391663617
9.237499999999999 -6.337618590966
9.2425 -63.06064394436313
9.247499999999999 -18.917818088573924
9.2525 -70.78288186625937
9.2575 23.03808598335489
9.2625 56.66397865760941
9.2675 -96.99097548500878
9.272499999999999 90.08065384173896
9.2775 -52.823468590400516
9.282499999999999 89.03386715115691
9.2875 -3.6788248408634994
9.2925 36.42502759444143
9.2975 -17.466932810630976
9.3025 -158.41897255375807
9.3075 83.62076273593081
9.3125 74.10736810888494
9.317499999999999 268.56184738855944
9.3225 -534.1998782933251
9.327499999999999 315.07516012284134
9.3325 -265.66956723212223
9.3375 100.31504223629383
9.3425 226.7836655337586
9.3475 -195.8840626083919
9.3525 32.00191879526401
9.3575 189.89381469080658
9.362499999999999 -449.8007351639695
9.3675 163.95473581587643
9.372499999999999 -164.63580316604993
9.3775 -58.44252535832275
9.3825 19.04866280632332
9.3875 39.83279576343611
9.3925 34.31719624474177
9.397499999999999 -53.36910102962447
9.4025 132.95155563623084
9.407499999999999 298.81855983376596
9.4125 -140.53455453969514
9.4175 -21.43570459213442
9.4225 147.3400017688258
9.4275 118.78711577411187
9.4325 -50.65182008096757
9.4375 -140.76044615268262
9.442499999999999 88.91024457949119
9.4475 128.96147822113622
9.452499999999999 -79.14278899592213
9.4575 -111.35519428209146
9.4625 26.41162350106328
9.4675 127.69233506636027
9.4725 -179.42661123396311
9.4775 64.26857189102657
9.4825 -300.5711928121979
9.487499999999999 39.81424656165199
9.4925 131.286417919401
9.497499999999999 29.052028845623212
9.5025 -63.162807454927325
9.5075 -82.01866504086158
9.5125 -12.730870839328896
9.5175 138.17738427432715
9.522499999999999 39.42558546615671
9.5275 -73.50105706308129
9.532499999999999 -155.67832904282912
9.5375 8.889458892054822
9.5425 113.8550934496219
9.5475 -71.40941271047797
9.5525 -3.172331154243514
9.5575 -55.8644234255723
9.5625 92.48520557506592
9.567499999999999 -11.823211057196948
9.5725 -19.870141329527605
9.577499999999999 -70.71385659258095
9.5825 99.42451001716222
9.5875 234.4553302744101
9.5925 -381.7724566067299
9.5975 86.02501287761648
9.6025 -47.59532327584849
9.6075 147.75144224415237
9.612499999999999 -161.64143844973992
9.6175 105.177839805025
9.622499999999999 245.7527181472026
9.6275 70.59032086667581
9.6325 -199.77734647578487
9.6375 125.10945411667265
9.6425 -249.64177894211056
9.647499999999999 162.4301016443864
9.6525 -121.73157786371637
9.657499999999999 219.325013311385
9.6625 -20.290277960346998
9.6675 -35.605625474421934
9.6725 37.484462448960635
9.6775 138.8417111830573
9.6825 -9.986806921277918
9.6875 -144.40619249601687
9.692499999999999 10.021928925870535
9.6975 -185.05542183347444
9.702499999999999 176.32375510917026
9.7075 -68.6533738147188
9.7125 29.324937437544165
9.7175 206.1765839760656
9.7225 -147.94503276075227
9.7275 73.8953602381556
9.7325 -105.34022453449653
9.737499999999999 -41.675814914621675
9.7425 84.64275180383945
9.747499999999999 -72.48947474897992
9.7525 -115.76853793341404
9.7575 376.542300681236
9.7625 -435.3646693954965
9.7675 431.80231603583735
9.772499999999999 -307.8646500552383
9.7775 -6.24923618676108
9.782499999999999 -227.69562812857387
9.7875 432.70245879105306
9.7925 -66.46607951517932
9.7975 -187.88714207253813
9.8025 242.83616933772456
9.8075 -304.92403049578604
9.8125 125.97560491485923
9.817499999999999 -51.45037303397689
9.8225 164.73666543763477
9.827499999999999 -22.44799127798789
9.8325 173.91928864259006
9.8375 8.083019554477865
9.8425 -231.65599587214285
9.8475 90.08262629318003
9.8525 22.214333153899275
9.8575 -57.45718928049818
9.862499999999999 15.616363210069848
9.8675 78.29104511990896
9.872499999999999 132.08111492064057
9.8775 -97.20414182555048
9.8825 -164.09709417612706
9.8875 -18.98730246052305
9.8925 103.48263727014255
9.897499999999999 122.39635452821875
9.9025 33.950875563233424
9.907499999999999 -62.6176037179579
9.9125 -19.851777069738173
9.9175 56.71427261657547
9.9225 -172.25010295932967
9.9275 274.9322106143183
9.9325 -286.3033160306541
9.9375 627.6889273041332
9.942499999999999 78.70424672199253
9.9475 -582.7278759567959
9.952499999999999 266.37008948009503
9.9575 -145.06778113159902
9.9625 -276.73479493861157
9.9675 -136.28003665225862
9.9725 -112.12637568830205
9.9775 316.40746435710474
9.9825 -56.01714130079981
9.987499999999999 -137.21061503060778
9.9925 391.16627988525676
9.997499999999999 -133.9286409720468
10.0025 40.82924612484771
