0.0075 -109.49273852335004
0.012499999999999999 8.859830276572385
0.017499999999999998 -246.5487919169163
0.0225 186.57548028605774
0.0275 187.244508708463
0.0325 51.684882509688165
0.0375 19.492291741717704
0.042499999999999996 234.20498157939826
0.0475 -292.67614156399827
0.0525 -65.02781437367805
0.057499999999999996 -48.729676546823946
0.0625 98.85825960486955
0.06749999999999999 12.740553088957745
0.0725 -239.32462864307416
0.0775 -61.64447328544498
0.08249999999999999 41.68320969955062
0.0875 29.591763141858873
0.0925 109.38209755070831
0.09749999999999999 82.06201186531912
0.1025 127.79173372371035
0.1075 -183.9127605812391
0.11249999999999999 76.84846453361378
0.1175 -140.38549510792436
0.1225 2.7492901906551306
0.1275 -176.6304677554748
0.1325 111.65652380708485
0.13749999999999998 258.121971397712
0.1425 -223.0440876094965
0.1475 66.41984270066173
0.1525 -72.72851375744341
0.1575 52.800054710179026
0.1625 51.89163515922648
0.16749999999999998 -248.5445874984255
0.1725 170.01737704363686
0.1775 2.5887973829194055
0.1825 -63.15310888882225
0.1875 -80.9049350063343
0.1925 -30.77290153990395
0.19749999999999998 151.16750734131017
0.20249999999999999 -9.996508119072711
0.2075 88.87939407047429
0.2125 -78.28791248805723
0.2175 34.615504721527316
0.2225 -15.06660240629455
0.22749999999999998 78.82385738137678
0.23249999999999998 -201.9008824338562
0.2375 325.17814193389273
0.2425 -256.2564810375607
0.2475 6.241371908387051
0.2525 -73.91927413942287
0.2575 192.90708309750525
0.2625 47.65135359467762
0.2675 -150.0520399310256
0.27249999999999996 -63.19487459409928
0.27749999999999997 -102.0135868855293
0.2825 -85.22547054085895
0.2875 -52.10056974270715
0.2925 22.661696456998627
0.2975 -42.07270293533364
0.3025 32.18926825970583
0.3075 105.5793393356238
0.3125 138.01492427852978
0.3175 -204.54967918423992
0.3225 119.19391815948549
0.32749999999999996 164.23749166437136
0.33249999999999996 121.05446067980444
0.33749999999999997 -241.57308301682667
0.34249999999999997 141.15783419444037
0.3475 -6.18170939720613
0.3525 -113.7046621180029
0.3575 -113.06516335954683
0.3625 -5.613476533051464
0.3675 -181.5612318691122
0.3725 320.37108829035753
0.3775 -302.89682727654736
0.3825 70.54494645687768
0.38749999999999996 215.01197809254685
0.39249999999999996 -12.976260115073632
0.39749999999999996 41.25971993417755
0.40249999999999997 223.19411691761547
0.4075 -389.65993516777604
0.4125 -40.049883584821465
0.4175 450.6688819672201
0.4225 33.31330135946562
0.4275 -170.43037284758475
0.4325 146.29697365749408
0.4375 140.16743698254123
0.4425 -435.00353445857064
0.44749999999999995 236.5600541248948
0.45249999999999996 -21.696437934759917
0.45749999999999996 -31.78731397312435
0.46249999999999997 -114.8238279076356
0.46749999999999997 37.35809397224674
0.4725 -52.46732912689092
0.4775 -343.648691460197
0.4825 130.18708559613313
0.4875 -68.69017457418035
0.4925 19.294227089434074
0.4975 110.16985781261373
0.5025 -348.6194240982054
0.5075 -70.80437908686176
0.5125 282.81348407866693
0.5175 23.84223140859215
0.5225 24.661617738473357
0.5275 185.1745276360831
0.5325 109.44746872321808
0.5375 -92.99050342187961
0.5425 88.59840171725712
0.5475 16.240371184943566
0.5525 60.356213799751416
0.5575 39.051723414602314
0.5625 -227.8346376636627
0.5675 -52.594220783520065
0.5725 -31.25899515736355
0.5775 10.838197492946902
0.5825 44.61670132741101
0.5875 -33.2881884603644
0.5925 8.606173547589348
0.5974999999999999 -11.413660069293172
0.6024999999999999 67.11233651039059
0.6074999999999999 -62.62211126787697
0.6124999999999999 201.76072390303796
0.6174999999999999 -68.69137199300047
0.6224999999999999 22.859207928104254
0.6275 -265.85839070597314
0.6325 278.8998956724502
0.6375 16.215856205745496
0.6425 234.47736435971424
0.6475 -321.84551745399386
0.6525 -28.564962292476135
0.6575 91.5634141455047
0.6625 152.47812987352222
0.6675 -166.14023201341845
0.6725 -168.84689514675298
0.6775 3.026815161088883
0.6825 16.12278057768811
0.6875 175.22709684582136
0.6925 -123.81998523797077
0.6975 53.797439058270314
0.7025 232.10801042364372
0.7075 -172.12277605411785
0.7125 142.48594062044006
0.7174999999999999 173.37141972765443
0.7224999999999999 96.23274758453451
0.7274999999999999 -302.2447446331754
0.7324999999999999 104.92805133096117
0.7374999999999999 -99.65922007286191
0.7424999999999999 26.798415484170953
0.7474999999999999 -196.47160417998234
0.7525 154.78891187062956
0.7575 170.0813717108414
0.7625 -211.79592055839672
0.7675 -154.41914670203832
0.7725 313.37364811186814
0.7775 -231.99203245827715
0.7825 156.8814973401469
0.7875 -326.39555736869806
0.7925 294.58840208348397
0.7975 -141.6324282489387
0.8025 44.634669485002284
0.8075 2.377726229247854
0.8125 -194.23357077116154
0.8175 35.53472183220974
0.8225 -197.30044913165887
0.8275 1.210544767331117
0.8325 238.43302743158048
0.8374999999999999 169.2847025213298
0.8424999999999999 142.83132252590346
0.8474999999999999 10.372828596470091
0.8524999999999999 -275.3907709347501
0.8574999999999999 191.75855275778085
0.8624999999999999 200.8088346852864
0.8674999999999999 -35.048610714013535
0.8724999999999999 71.59126891739407
0.8775 97.56838557753609
0.8825 19.3997408725894
0.8875 -204.9161186865389
0.8925 -249.21358815650422
0.8975 -24.491131483800036
0.9025 356.32506250564256
0.9075 -22.753521900857105
0.9125 -190.74975387497818
0.9175 336.05522316871026
0.9225 -21.292237501007065
0.9275 27.400684998847783
0.9325 -334.76889679069654
0.9375 200.72766206644755
0.9425 146.6255433421772
0.9475 -20.14454585612262
0.9524999999999999 -45.81936864969549
0.9574999999999999 -132.59650035486735
0.9624999999999999 -197.15015958232323
0.9674999999999999 169.70647843167237
0.9724999999999999 33.98014995328029
0.9774999999999999 -136.29048538151682
0.9824999999999999 37.64474051081565
0.9874999999999999 -94.79886058783462
0.9924999999999999 -23.511427879887062
0.9974999999999999 208.1164275315147
1.0025 -117.73845841268846
1.0075 4.126195249525078
1.0125 -18.758837976086127
1.0174999999999998 99.07901363319623
1.0225 -97.3061279602279
1.0274999999999999 -156.01457108991386
1.0325 45.10887118746032
1.0374999999999999 -7.3513064542157425
1.0425 93.7793608023309
1.0474999999999999 -79.22344957840687
1.0525 39.2102549391302
1.0574999999999999 24.725718725942375
1.0625 -197.7143209593205
1.0675 589.3393026512273
1.0725 -113.96838558648207
1.0775 -67.92981862361061
1.0825 -212.6472634306896
1.0875 105.71571454930837
1.0925 -60.090618936716204
1.0975 319.47908778574185
1.1025 13.681738032155758
1.1075 -78.209999800836
1.1125 -137.2794142668118
1.1175 189.1884641392826
1.1225 33.96522213747207
1.1275 29.221260820530514
1.1324999999999998 -57.17539449219091
1.1375 -45.189142238747166
1.1424999999999998 -53.38803366037597
1.1475 7.200329046980965
1.1524999999999999 -3.550571005190027
1.1575 -79.00244412502406
1.1624999999999999 -60.14321884800239
1.1675 13.863860533174869
1.1724999999999999 13.409233766463327
1.1775 -151.5275910826756
1.1824999999999999 80.05649225610684
1.1875 105.60936943490428
1.1925 -49.13046358341266
1.1975 -34.617434457354705
1.2025 253.96680400770381
1.2075 -106.07971026453836
1.2125 6.183857777104613
1.2175 -209.4454587332801
1.2225 143.7663402358399
1.2275 -79.07101584342823
1.2325 58.11884250761478
1.2375 -51.47772055015893
1.2425 176.9249978495449
1.2475 -199.17596951923477
1.2525 166.68050416123955
1.2574999999999998 88.40393359792964
1.2625 110.8263049817928
1.2674999999999998 147.4920235621238
1.2725 -263.5320263753775
1.2774999999999999 -65.48091637226511
1.2825 124.04838333803464
1.2874999999999999 64.6927330991342
1.2925 -9.327177644480482
1.2974999999999999 -298.12573514662375
1.3025 185.2270615577497
1.3074999999999999 -71.01349236207405
1.3125 71.94436766081525
1.3175 -212.7647152656568
1.3225 -68.38872007476563
1.3275 -90.25404796757034
1.3325 83.93505478019776
1.3375 31.280877788924627
1.3425 -70.8176382633584
1.3475 249.71803919136005
1.3525 -95.39751315339994
1.3575 -87.72861012438298
1.3625 104.17979939313592
1.3675 -53.31303608762753
1.3724999999999998 61.8718082980006
1.3775 -165.0009326790012
1.3824999999999998 147.8741214208477
1.3875 -138.37824338633416
1.3924999999999998 208.4518190822759
1.3975 -66.85897960488231
1.4024999999999999 -71.45563412961073
1.4075 -56.1115794862069
1.4124999999999999 207.5437688889748
1.4175 -203.8887645243937
1.4224999999999999 -104.63118521751593
1.4275 158.4790363976205
1.4324999999999999 197.95108855639137
1.4375 -102.57711007777081
1.4425 -127.82423956555773
1.4475 -16.058629061776575
1.4525 93.99986143183422
1.4575 11.018903980418973
1.4625 156.1401586784972
1.4675 140.07800894222046
1.4725 -102.01115033560708
1.4775 77.77319444211801
1.4825 -197.83860082838854
1.4874999999999998 5.391889015696031
1.4925 19.105421338368554
1.4974999999999998 209.48096923387078
1.5025 218.7844638317842
1.5074999999999998 -53.986574913690376
1.5125 -143.17526608135336
1.5174999999999998 -111.0162206068753
1.5225 383.7684657498596
1.5274999999999999 35.58628827894502
1.5325 -294.601234695974
1.5374999999999999 179.37266620027162
1.5425 45.809511664093634
1.5474999999999999 -217.6155671506759
1.5525 -59.220910620373495
1.5574999999999999 -216.00784310037372
1.5625 234.73204159217636
1.5675 -300.424587167917
1.5725 64.20105957576506
1.5775 102.24965011084807
1.5825 -31.94756940244782
1.5875 162.6357851699782
1.5925 112.38960203059416
1.5975 -169.78411735737106
1.6025 206.1833303126489
1.6075 32.47105775173754
1.6124999999999998 -201.01675022094136
1.6175 238.16198444449822
1.6224999999999998 -257.93727625551634
1.6275 75.765505794243
1.6324999999999998 13.901150096104768
1.6375 -16.452353791451635
1.6424999999999998 -168.97153039262088
1.6475 -104.49493869345842
1.6524999999999999 276.6462881870676
1.6575 56.251891970873416
1.6624999999999999 91.13943761622278
1.6675 58.39949650777497
1.6724999999999999 -387.4062978785074
1.6775 13.061821874242485
1.6824999999999999 160.23306785596677
1.6875 -57.84751584082931
1.6925 286.1553681588265
1.6975 -329.53400158678005
1.7025 -126.1830329875628
1.7075 -163.02657819731124
1.7125 502.21258090294623
1.7175 -276.71412130530535
1.7225 150.75055847624202
1.7274999999999998 208.13175968999948
1.7325 -71.05245715998785
1.7374999999999998 -135.7568292358459
1.7425 -58.09577550054572
1.7474999999999998 -3.8344290217854513
1.7525 150.52599665606732
1.7574999999999998 -119.19805412304089
1.7625 232.68664135702957
1.7674999999999998 -32.33325589905873
1.7725 -121.15002707059219
1.7774999999999999 -15.356558985498078
1.7825 -97.2035828546551
1.7874999999999999 -53.336003320760284
1.7925 5.568377792750936
1.7974999999999999 161.83788777087676
1.8025 -97.3310558515422
1.8074999999999999 -36.93487458009571
1.8125 85.67265357321286
1.8175 -34.868336810538295
1.8225 56.88454267793874
1.8275 -113.69024493223961
1.8325 -99.13503243838288
1.8375 42.178921484994525
1.8425 117.32062562883743
1.8475 -46.3743608331978
1.8524999999999998 -34.17305675689234
1.8575 -58.632015965516324
1.8624999999999998 45.24730260611111
1.8675 63.21909929792184
1.8724999999999998 -68.90521862533338
1.8775 25.079725484555368
1.8824999999999998 -62.51478164349068
1.8875 296.24231824247477
1.8924999999999998 306.9547672848045
1.8975 -364.8079696807691
1.9024999999999999 226.8846363625442
1.9075 -137.32149061838754
1.9124999999999999 -64.48962961634635
1.9175 -100.67657061083197
1.9224999999999999 -51.45583879034506
1.9275 177.31130417487583
1.9324999999999999 -59.33280861960738
1.9375 218.88404961974905
1.9425 -151.8029322440881
1.9475 -80.701150902794
1.9525 60.68267543518093
1.9575 -7.532519410373381
1.9625 -53.448665957440745
1.9674999999999998 164.58019135167766
1.9725 -230.30953814742554
1.9774999999999998 -129.73911647806148
1.9825 369.19003964736856
1.9874999999999998 24.20574197182328
1.9925 -211.6449457170594
1.9974999999999998 -30.29707309134497
2.0025 109.04933643960905
2.0075 252.2937889856359
2.0124999999999997 -40.98240678186969
2.0175 -237.72058560296793
2.0225 -69.5595322178686
2.0275 92.21232830025257
2.0324999999999998 -224.0580005480091
2.0375 -66.15584829972643
2.0425 193.2340830450659
2.0475 -5.738822598311254
2.0524999999999998 106.7142002595452
2.0575 -217.1878732280877
2.0625 -66.0588398745596
2.0675 107.05545238592401
2.0725 13.375853381227687
2.0775 8.696793282805105
2.0825 -22.765365820417497
2.0875 189.56182111201255
2.0925 -84.33102328852345
2.0974999999999997 -68.34308772853537
2.1025 215.66159793489166
2.1075 -191.25085726893258
2.1125 242.03368700880242
2.1174999999999997 61.77673911564025
2.1225 -239.97216839786861
2.1275 180.797852810215
2.1325 -8.597166305812209
2.1374999999999997 -124.59114532749466
2.1425 307.9579424358398
2.1475 -315.63102297621356
2.1525 370.978466714602
2.1574999999999998 -131.12749952003705
2.1625 -127.98363270529818
2.1675 -67.88162555899177
2.1725 -45.986857023254494
2.1774999999999998 85.32966861074148
2.1825 -47.37098067542701
2.1875 11.283060164479473
2.1925 -29.318612039730723
2.1975 20.2810636251494
2.2024999999999997 -77.36999293198858
2.2075 176.18525194407866
2.2125 -51.305731123664835
2.2175 -37.37573168829823
2.2224999999999997 60.384791581530834
2.2275 -201.03602136100648
2.2325 137.4474124973569
2.2375 91.64353449143525
2.2424999999999997 83.25871223415331
2.2475 -284.0431868891976
2.2525 238.94168726200454
2.2575 71.38012805684122
2.2624999999999997 -64.76306349353432
2.2675 13.337841912912962
2.2725 118.52007795560614
2.2775 -9.73571030004921
2.2824999999999998 -326.84102587165097
2.2875 88.77565128291238
2.2925 -124.53798282673974
2.2975 -57.28371763701266
2.3024999999999998 71.79740456727882
2.3075 -55.26918626691855
2.3125 91.61205461382309
2.3175 19.213161308973582
2.3225 0.23912927542070347
2.3274999999999997 -0.018876847153590687
2.3325 9.292832317314875
2.3375 -38.042404748408934
2.3425 69.42565105652652
2.3474999999999997 68.89201622754231
2.3525 142.3094258225531
2.3575 -45.671865475861416
2.3625 32.35182168048806
2.3674999999999997 -81.36463027585161
2.3725 23.924319732091234
2.3775 -60.653476574628876
2.3825 217.56930717728883
2.3874999999999997 69.94708668783889
2.3925 -385.32442137124093
2.3975 256.8233430545431
2.4025 82.38253535607669
2.4074999999999998 175.29288961502337
2.4125 -33.057489276606354
2.4175 -251.12199177023263
2.4225 220.94342945645184
2.4274999999999998 -70.88592883506075
2.4325 -52.53390456061404
2.4375 -132.44507116052486
2.4425 26.392512433525088
2.4475 19.480625461213045
2.4524999999999997 47.08782849446109
2.4575 45.375230358980886
2.4625 -129.59375167548097
2.4675 205.21009092818176
2.4724999999999997 -218.81888056100937
2.4775 -183.64271184653097
2.4825 -47.509684145002026
2.4875 58.5454204786276
2.4924999999999997 -78.59657153207465
2.4975 144.86461363295888
2.5025 71.27073134709654
2.5075 98.49121573502764
2.5124999999999997 168.1634574336536
2.5175 41.92701101372159
2.5225 -267.2144904154667
2.5275 -119.46575960122718
2.5324999999999998 -169.76818892378915
2.5375 292.6841516379825
2.5425 69.21411004755257
2.5475 -188.72841248140972
2.5524999999999998 147.0871134932394
2.5574999999999997 -160.16783300498423
2.5625 -298.12048097810856
2.5675 592.4761590228719
2.5725 -105.20599520060523
2.5774999999999997 96.47147519831252
2.5825 4.836949375523688
2.5875 -62.33812695484734
2.5925 70.40055787959678
2.5974999999999997 1.0104951630802776
2.6025 319.57767147457963
2.6075 -341.5746565329808
2.6125 -139.687148346254
2.6174999999999997 -186.07096115623062
2.6225 238.65043395059024
2.6275 57.62298375874838
2.6325 121.91358315585482
2.6374999999999997 145.84056839487346
2.6425 -256.1673186005244
2.6475 67.82536580616372
2.6525 6.456841240597945
2.6574999999999998 -107.11122535839516
2.6625 1.4265773798292918
2.6675 49.56886871032799
2.6725 78.13071981922357
2.6774999999999998 -24.306855175022406
2.6824999999999997 -274.0352651318329
2.6875 159.09030291515668
2.6925 93.8312282814734
2.6975 105.83205391968903
2.7024999999999997 98.14662044161992
2.7075 230.50777754390623
2.7125 -4.1264199958267005
2.7175 -181.67454979653158
2.7224999999999997 8.43988128522964
2.7275 -91.03904365382266
2.7325 -76.75533061362921
2.7375 -5.299699905215117
2.7424999999999997 0.03266348006127315
2.7475 -139.62076923658358
2.7525 216.9596436219578
2.7575 -320.94732912314464
2.7624999999999997 -52.77012476622427
2.7675 -10.468977215711051
2.7725 290.95079868156836
2.7775 51.14429870401265
2.7824999999999998 31.36426827249448
2.7875 -104.88610621023784
2.7925 82.83418883974872
2.7975 345.7310112098037
2.8024999999999998 -171.9027183708896
2.8074999999999997 -124.48477617938985
2.8125 -21.337948964465383
2.8175 50.88862031099088
2.8225 -13.697294936942184
2.8274999999999997 -292.32846482510377
2.8325 130.96895797864016
2.8375 141.24008370893446
2.8425 5.780998847183758
2.8474999999999997 -5.409646111772197
2.8525 -105.90211976348058
2.8575 111.78915807384016
2.8625 -71.37239852098057
2.8674999999999997 -104.24278887000592
2.8725 105.40892137329858
2.8775 -6.339723153230736
2.8825 -44.22435007659797
2.8874999999999997 -93.63497291586853
2.8925 103.67844695909425
2.8975 91.15308319056179
2.9025 1.4175494011596041
2.9074999999999998 10.712995644283469
2.9125 183.52171938556597
2.9175 -76.35131360864946
2.9225 111.93950650723316
2.9274999999999998 60.77454140706101
2.9324999999999997 62.86713816817204
2.9375 -70.13598437533979
2.9425 -39.44125540201638
2.9475 -133.0423407073529
2.9524999999999997 259.58904314641336
2.9575 -380.1056827684046
2.9625 -209.99664239299568
2.9675 274.83046597006825
2.9724999999999997 -44.1171587228341
2.9775 55.15839476162515
2.9825 -259.22191795735927
2.9875 228.8848787101641
2.9924999999999997 -59.077984637547566
2.9975 -26.786074064230096
3.0025 325.69283395899987
3.0075 27.210852008822336
3.0124999999999997 -65.47890875487023
3.0175 -60.29273757542063
3.0225 -278.7552597163362
3.0275 60.84823056125159
3.0324999999999998 124.19299212195243
3.0374999999999996 -65.30400573534897
3.0425 -117.60263513012929
3.0475 15.328600440308499
3.0524999999999998 152.65584866945358
3.0574999999999997 77.01540656016401
3.0625 -189.58552553077854
3.0675 191.00445051615193
3.0725 -159.45214840830536
3.0774999999999997 201.07229913792946
3.0825 38.49026846730751
3.0875 79.72226733339609
3.0925 -0.6294396508600928
3.0974999999999997 -160.31427206330625
3.1025 404.7964301539905
3.1075 -279.02690549194756
3.1125 -121.7417148693279
3.1174999999999997 -121.5914964414068
3.1225 164.73303857445464
3.1275 -91.50510063847146
3.1325 235.52836570137418
3.1374999999999997 28.171939434447943
3.1425 -144.93027297549236
3.1475 -17.152140350564807
3.1525 -55.730747272859006
3.1574999999999998 -43.48109774065217
3.1624999999999996 -99.65716428320921
3.1675 -89.97707974548774
3.1725 12.114011717980302
3.1774999999999998 302.48132926201885
3.1824999999999997 -44.63375072922681
3.1875 7.820678117852284
3.1925 33.30608737162006
3.1975 -334.98776175925
3.2024999999999997 94.55323518373028
3.2075 102.46314360331739
3.2125 99.47378972291227
3.2175 -56.07241744314898
3.2224999999999997 167.30935984015196
3.2275 -87.19385306066417
3.2325 -65.37442185704153
3.2375 141.47770634199358
3.2424999999999997 -154.60941378928214
3.2475 4.540985339520362
3.2525 -9.483219672778697
3.2575 -208.71178778745482
3.2624999999999997 203.92336492808488
3.2675 36.18649018603753
3.2725 53.4902682347865
3.2775 137.66863930874084
3.2824999999999998 51.16143218831482
3.2874999999999996 -159.86196013086763
3.2925 -172.30547677026337
3.2975 242.3792208943468
3.3024999999999998 270.2135971734734
3.3074999999999997 -66.29301788895131
3.3125 -81.45233830956717
3.3175 -156.80990061777626
3.3225 -83.53985801488085
3.3274999999999997 51.49133015258913
3.3325 247.32600805081134
3.3375 -51.3491599581531
3.3425 54.73593750681547
3.3474999999999997 46.034454684523496
3.3525 -108.02822306645294
3.3575 112.90140580913571
3.3625 42.194195417344396
3.3674999999999997 -136.244790300327
3.3725 -61.62553538309001
3.3775 110.15023988163652
3.3825 -367.6068498533915
3.3874999999999997 -1.6205642617963276
3.3924999999999996 63.813988284026344
3.3975 -1.0718201126538875
3.4025 -96.88748612916639
3.4074999999999998 1.0628128914368236
3.4124999999999996 230.50638959075073
3.4175 -31.196750958572643
3.4225 131.13334726616728
3.4274999999999998 19.336170960104784
3.4324999999999997 -151.65343805717643
3.4375 -57.57375747629953
3.4425 69.08163999823546
3.4475 -166.95304832992727
3.4524999999999997 304.59130017545647
3.4575 -281.737054561478
3.4625 148.73139270056058
3.4675 74.07003732711487
3.4724999999999997 -98.69302817663377
3.4775 -108.08318024800872
3.4825 76.19800347165169
3.4875 85.63760972980475
3.4924999999999997 -80.58962857726688
3.4975 -248.1218115459914
3.5025 354.1791246836295
3.5075 -61.31365699304478
3.5124999999999997 70.19798382698723
3.5174999999999996 -106.71066721610339
3.5225 89.91797988956782
3.5275 -58.5458749714413
3.5324999999999998 -279.69501706655234
3.5374999999999996 -8.067478735894818
3.5425 -60.79612284173426
3.5475 330.20760283323335
3.5524999999999998 -238.2543022775023
3.5574999999999997 -60.867016878278996
3.5625 -75.98445790462215
3.5675 80.50587294674912
3.5725 -4.905352780922559
3.5774999999999997 -210.28548797149008
3.5825 146.20286153844262
3.5875 121.98930713253269
3.5925 -59.98971942672191
3.5974999999999997 101.83401485370095
3.6025 2.2505999903767693
3.6075 -58.057682713018814
3.6125 -231.11017842513198
3.6174999999999997 292.8007914157441
3.6225 -54.08457193309849
3.6275 95.50436291383888
3.6325 28.702077800477394
3.6374999999999997 107.92696854151613
3.6424999999999996 156.69512494807984
3.6475 -49.62131573688983
3.6525 -6.687351995372425
3.6574999999999998 208.05631177757266
3.6624999999999996 -156.6075749966758
3.6675 -19.901774503065628
3.6725 -86.84637455379743
3.6774999999999998 -309.8662413083176
3.6824999999999997 -61.38882183434667
3.6875 84.89455503375652
3.6925 -73.80465378876376
3.6975 -15.305133136785797
3.7024999999999997 -56.07681868102761
3.7075 167.15784563400769
3.7125 189.3175493833051
3.7175 -160.05812733486707
3.7224999999999997 261.23136437658695
3.7275 -50.67656033280521
3.7325 48.343310547928745
3.7375 24.6997811868691
3.7424999999999997 -80.72848152681769
3.7474999999999996 4.05274485538386
3.7525 40.703688340150386
3.7575 26.122444290105314
3.7624999999999997 1.8310631216433262
3.7674999999999996 174.07009821381328
3.7725 2.335205294814984
3.7775 -37.8617293148755
3.7824999999999998 83.2231271508593
3.7874999999999996 -142.01009980293944
3.7925 43.19777515777724
3.7975 -133.74096859927698
3.8024999999999998 238.20370646372595
3.8074999999999997 -214.194132748578
3.8125 -26.249171466127308
3.8175 143.492845435035
3.8225 -82.61600110364718
3.8274999999999997 128.9045929321111
3.8325 -185.76005017532447
3.8375 -132.78642345559345
3.8425 314.4182581647835
3.8474999999999997 -41.87452183078015
3.8525 122.73868038400111
3.8575 -60.99659943764129
3.8625 -57.886743018207675
3.8674999999999997 226.94898433409293
3.8724999999999996 -283.1709761320015
3.8775 29.648850972303677
3.8825 21.903281114424416
3.8874999999999997 -118.93577782073575
3.8924999999999996 58.70887841116472
3.8975 -61.995754912910485
3.9025 194.02376272986464
3.9074999999999998 168.71711468432414
3.9124999999999996 -115.11306955543206
3.9175 84.66385927119511
3.9225 -44.108860741995116
3.9274999999999998 -29.583899389822786
3.9324999999999997 -255.78712733520652
3.9375 358.7226424981622
3.9425 -56.991042423645624
3.9475 -151.05271079902468
3.9524999999999997 107.5718067507355
3.9575 107.57366748694817
3.9625 -18.80800188748874
3.9675 129.5182858675641
3.9724999999999997 -40.92370799546224
3.9775 22.228492697239513
3.9825 -10.507787007100687
3.9875 4.80688916292806
3.9924999999999997 0.14661459202597577
3.9974999999999996 -137.6680781009092
4.0024999999999995 55.2981906456007
4.007499999999999 170.43100761114394
4.0125 -16.169726106245832
4.0175 -111.93488841812203
4.0225 -150.8172489148057
4.0275 -43.31094768433988
4.0325 -23.15315951098285
4.0375 -119.60967302693012
4.0424999999999995 -114.00158882610381
4.047499999999999 32.76105495765104
4.0525 71.1036648416228
4.0575 94.32790708130291
4.0625 -97.22698199741419
4.0675 221.66259762080583
4.0725 -104.50020549408417
4.0775 -162.62532538762315
4.0825 352.71306903032695
4.0874999999999995 -75.92308479512675
4.0925 -154.07952148624102
4.0975 164.61037077981737
4.1025 28.902670059147376
4.1075 -133.964054896821
4.1125 -244.95169765612462
4.1175 -157.3714218836519
4.1225 238.2473401423624
4.1274999999999995 159.79136373842962
4.132499999999999 -57.21631374736738
4.1375 6.352882391310467
4.1425 106.49472733777155
4.1475 -62.42430926645088
4.1525 -248.74385667509148
4.1575 132.9370410779481
4.1625 235.10186301313527
4.1674999999999995 37.569155750523684
4.172499999999999 -324.00747450288395
4.1775 308.9616996508478
4.1825 -90.57295324671448
4.1875 -38.603638239014266
4.1925 -44.41855851394285
4.1975 58.349316172012344
4.2025 150.24219602675575
4.2075 -298.7741366482152
4.2124999999999995 242.17863139895104
4.2175 15.580904480778251
4.2225 261.2831233972171
4.2275 -114.56494280069666
4.2325 77.8682132440684
4.2375 -97.08780113932495
4.2425 -9.820942308496825
4.2475 46.117552261028116
4.2524999999999995 76.1381350307506
4.257499999999999 18.654245152746412
4.2625 -48.68708633315934
4.2675 -130.97999423262715
4.2725 57.51626295110546
4.2775 278.4768278656267
4.2825 -27.53724114120021
4.2875 -154.45557889335532
4.2924999999999995 47.65491999478656
4.297499999999999 150.41254056493793
4.3025 -304.051924052191
4.3075 -98.90085850311021
4.3125 146.6352063146789
4.3175 97.49521618206413
4.3225 -379.34960594531077
4.3275 324.32295014960005
4.3325 111.87090704095056
4.3374999999999995 -304.4641524554181
4.342499999999999 27.781905649597554
4.3475 26.351989675300246
4.3525 50.35113268826455
4.3575 -22.27798767520822
4.3625 -64.13042502382618
4.3675 161.60961474186658
4.3725 -107.65846368757906
4.3774999999999995 5.687828083543191
4.382499999999999 -142.06304782098263
4.3875 287.60204431223997
4.3925 29.49686362124481
4.3975 98.45716903885237
4.4025 -440.0730930982472
4.4075 74.7573370448704
4.4125 14.813955094797658
4.4174999999999995 -64.13044949854051
4.422499999999999 162.95083435137602
4.4275 -35.48598017542183
4.4325 -144.86518293323638
4.4375 -280.7795381414183
4.4425 173.2404411226908
4.4475 -148.85890833082107
4.4525 258.2385723580503
4.4575 17.218323136182526
4.4624999999999995 -1.0474756669493204
4.467499999999999 230.44412618062492
4.4725 -326.1321957740027
4.4775 159.03574798737375
4.4825 -192.57891270594408
4.4875 101.45366279214147
4.4925 73.18591669363485
4.4975 -198.27198943145402
4.5024999999999995 46.361680562646114
4.507499999999999 90.68303840648849
4.5125 174.1021610764895
4.5175 -71.50804765147288
4.5225 113.94516434594769
4.5275 4.546318458726924
4.5325 -47.4841637534206
4.5375 58.609681612639775
4.5424999999999995 104.78422489905132
4.547499999999999 100.36279345254567
4.5525 -158.39774981428093
4.5575 -83.78661570348491
4.5625 -2.265393244600272
4.5675 190.89568542838686
4.5725 -31.965207513252768
4.5775 -67.26960752956147
4.5825 -201.89219275889928
4.5874999999999995 33.28530985236237
4.592499999999999 -87.55884941011591
4.5975 209.38306919942468
4.6025 -68.76602743786198
4.6075 -87.22394557725106
4.6125 2.4606046188953723
4.6175 -119.67731626875496
4.6225 45.72567537228613
4.6274999999999995 77.36865458618423
4.632499999999999 260.1963084429075
4.6375 189.30876138184126
4.6425 -255.01076939532732
4.6475 20.61360577966441
4.6525 -39.82152634174041
4.6575 62.986442926523075
4.6625 90.50624649167457
4.6674999999999995 -116.73347775802831
4.672499999999999 131.02349645836236
4.6775 -109.37599847821033
4.6825 -132.50119878608118
4.6875 66.08680249886822
4.6925 -28.959130988206045
4.6975 142.11627466655105
4.7025 -155.15896448552988
4.7075 -35.27114179082
4.7124999999999995 146.74704503510196
4.717499999999999 -1.051833218778694
4.7225 47.01566940467056
4.7275 91.63559455198191
4.7325 -78.5073364604022
4.7375 -93.23577953496661
4.7425 62.15859018766115
4.7475 -78.99335507470495
4.7524999999999995 156.8119454406845
4.757499999999999 -95.03801749599735
4.7625 4.133648457965692
4.7675 -85.10774269098486
4.7725 39.854128766600304
4.7775 -222.8179141425406
4.7825 81.12827756466424
4.7875 9.240952107373376
4.7924999999999995 35.760427516318884
4.797499999999999 82.31796895428167
4.8025 -170.3481259647804
4.8075 -111.15966605235474
4.8125 219.10416098944745
4.8175 12.990021220591082
4.8225 -290.3903179858059
4.8275 13.088276145591216
4.8325 310.96985759479116
4.8374999999999995 -105.55257926193023
4.842499999999999 113.74070942469916
4.8475 25.810033969776523
4.8525 63.57968947507673
4.8575 -168.82150789399898
4.8625 195.5419942634481
4.8675 -79.40918086618738
4.8725 -33.99976419989189
4.8774999999999995 -220.1753702869186
4.882499999999999 285.31144619098296
4.8875 -146.42804456897446
4.8925 211.4731101950694
4.8975 -73.7824233794069
4.9025 -31.480159597701245
4.9075 270.8734086289913
4.9125 -20.86123554444764
4.9174999999999995 -62.58060518701431
4.922499999999999 -22.49310594001119
4.9275 -64.71507963179971
4.9325 40.83046301817172
4.9375 -142.05783023295453
4.9425 -31.92168094438772
4.9475 -13.939737509713522
4.9525 103.47635368329945
4.9575 27.071219059336244
4.9624999999999995 -128.24634983207858
4.967499999999999 3.5156184978630876
4.9725 -51.22761800037572
4.9775 156.03317226756982
4.9825 185.04216074900276
4.9875 -306.5240324447511
4.9925 220.71393209959416
4.9975 47.31593289795281
5.0024999999999995 288.98112084408564
5.007499999999999 -78.57679892353444
5.0125 4.375627721762782
5.0175 -233.10331994756402
5.0225 78.98477116077845
5.0275 -6.307192178746591
5.0325 -90.75520802303787
5.0375 116.83556337057696
5.0424999999999995 -194.04577839334075
5.047499999999999 49.61589055788743
5.0525 98.30685902812921
5.0575 -84.02138222948906
5.0625 58.10329344855331
5.0675 -201.76184105532178
5.0725 43.68001334980501
5.0775 -272.6708636255503
5.0825 167.75607844506348
5.0874999999999995 122.07050002360639
5.092499999999999 -101.93020021790956
5.0975 276.4894871136635
5.1025 -326.1060438838022
5.1075 -167.6251718826058
5.1125 356.1091535496649
5.1175 -78.8616653213882
5.1225 -49.59949657839505
5.1274999999999995 135.39466136070718
5.132499999999999 -95.69667942944795
5.1375 44.89490751072737
5.1425 147.31797031521137
5.1475 -88.23034806807172
5.1525 -138.1521147896879
5.1575 -1.9775634983356898
5.1625 -79.30303679334543
5.1674999999999995 0.752010599315876
5.172499999999999 61.63060612283204
5.177499999999999 216.5250961214304
5.1825 -191.55812447805218
5.1875 136.74848123740094
5.1925 148.33624106872227
5.1975 50.98198608283929
5.2025 -3.4227274828391776
5.2075 -53.207722395130816
5.2124999999999995 -116.10874251570198
5.217499999999999 75.7163371457989
5.2225 -246.27563726200702
5.2275 57.990261980559374
5.2325 295.7223624102889
5.2375 -191.1422561189886
5.2425 -156.3525713031046
5.2475 116.63061211264827
5.2524999999999995 -162.9658265613419
5.257499999999999 130.39349375748782
5.2625 396.8777908077103
5.2675 -487.48174430658645
5.2725 91.7487519463287
5.2775 -41.31413416524907
5.2825 30.911775542972475
5.2875 207.39431259839503
5.2924999999999995 -538.0334546476431
5.297499999999999 -63.46129686038075
5.302499999999999 269.3339219902591
5.3075 -76.32265161279918
5.3125 223.5448260538797
5.3175 -82.51990508530439
5.3225 305.07296965933693
5.3275 -35.95058499368614
5.3325 293.04812090473087
5.3374999999999995 -18.697841198219923
5.342499999999999 -24.77566095957807
5.3475 -211.8863977218222
5.3525 -73.44453468406779
5.3575 -46.84730363398476
5.3625 -188.60275745577746
5.3675 -136.21638699957566
5.3725 272.63602150115884
5.3774999999999995 255.04901284709038
5.382499999999999 -280.41456712198004
5.3875 -69.48179598544272
5.3925 70.9153084926962
5.3975 -223.15758159695775
5.4025 268.9167123247403
5.4075 140.03550958764328
5.4125 -71.87491125056933
5.4174999999999995 -173.29739299346573
5.422499999999999 158.03723674974668
5.427499999999999 -241.3012881559929
5.4325 -50.047118576593334
5.4375 241.00737710113592
5.4425 115.29904264615314
5.4475 -46.877444639454616
5.4525 -91.66167749191192
5.4575 171.98706836852938
5.4624999999999995 -45.17943659175195
5.467499999999999 143.77944032669328
5.4725 -41.47343718606484
5.4775 180.63818749207786
5.4825 -216.01119764946057
5.4875 -54.32003625163045
5.4925 124.85517472990315
5.4975 -44.2531217481171
5.5024999999999995 -1.9302199267086402
5.507499999999999 -0.7779664286326702
5.5125 94.58735089596829
5.5175 -310.01190332735524
5.5225 323.69418447447583
5.5275 -2.045943744865072
5.5325 -201.84735833893447
5.5375 -18.356853425072938
5.5424999999999995 38.000390216869384
5.547499999999999 80.29042072052138
5.552499999999999 80.537286374196
5.5575 -142.58381868747307
5.5625 18.353177480879634
5.5675 269.06327902001345
5.5725 -420.03540471670397
5.5775 56.68520376149531
5.5825 80.98103110393781
5.5874999999999995 -63.53160639863987
5.592499999999999 -1.0569418548526042
5.5975 84.7500226346327
5.6025 2.4257310458118093
5.6075 70.75848426042258
5.6125 -4.989648171000763
5.6175 48.97968364851083
5.6225 50.4746231491066
5.6274999999999995 -130.7947640679125
5.632499999999999 239.42704874338554
5.6375 108.68506031783996
5.6425 -288.71019990161386
5.6475 -261.37436092159334
5.6525 176.0979492892675
5.6575 -33.31199104115674
5.6625 155.05822189003482
5.6674999999999995 -19.582987927519667
5.672499999999999 -16.285563350228962
5.677499999999999 317.5448938101875
5.6825 -161.03898309253705
5.6875 19.062583918575417
5.6925 -11.779715542270534
5.6975 -431.2772726210952
5.7025 141.89145717772058
5.7075 -347.72451643175435
5.7124999999999995 476.08402431610205
5.717499999999999 8.609216570406298
5.7225 -141.54381991417182
5.7275 220.00316198608053
5.7325 -204.40733187708614
5.7375 80.96356300028843
5.7425 100.6337835467767
5.7475 -119.75378935591007
5.7524999999999995 102.62051822059868
5.757499999999999 142.85516984542096
5.7625 -25.201914689969996
5.7675 101.78782027780328
5.7725 -120.29291415280784
5.7775 -19.317052260666426
5.7825 -21.71821753566867
5.7875 -84.93799054615744
5.7924999999999995 267.46356879385326
5.797499999999999 -228.0783605534802
5.802499999999999 -289.73249292968455
5.8075 153.58896531253245
5.8125 72.05931348569982
5.8175 -1.6451158214814312
5.8225 134.33255639380357
5.8275 -213.30285418224332
5.8325 308.16873785422155
5.8374999999999995 -188.76328026477594
5.842499999999999 77.87567329490228
5.8475 -19.977886917145373
5.8525 12.920006168411012
5.8575 88.09882937458642
5.8625 -187.75726624425326
5.8675 -76.57543392997843
5.8725 248.64328638948047
5.8774999999999995 -41.57669232152265
5.882499999999999 -110.79869480652918
5.8875 -150.06539411152093
5.8925 -0.6304075863371092
5.8975 192.4911669074811
5.9025 -136.5912054071723
5.9075 256.5972898558071
5.9125 6.729887206721996
5.9174999999999995 -265.3565801112002
5.922499999999999 82.45570554105556
5.927499999999999 149.76686549389075
5.9325 23.52786265057002
5.9375 -37.25118368294438
5.9425 7.681230406425979
5.9475 45.71990611630162
5.9525 31.658310582875988
5.9575 203.90669067363788
5.9624999999999995 -316.27249946593815
5.967499999999999 6.876281526318864
5.9725 80.05501015425183
5.9775 326.3300702867045
5.9825 -63.617321190565626
5.9875 -241.65652126556483
5.9925 77.4315555231434
5.9975 -87.79965704565207
6.0024999999999995 244.89140347362
6.007499999999999 -222.33019598302016
6.012499999999999 199.1383598441472
6.0175 -84.05948988606285
6.0225 -132.5512108910788
6.0275 88.66575613113575
6.0325 66.86082336669634
6.0375 -82.69966159858174
6.0424999999999995 92.35796364053576
6.047499999999999 53.93681545090536
6.052499999999999 109.25569407252121
6.0575 -239.33807026146027
6.0625 -17.02087193077136
6.0675 -244.81358572460522
6.0725 41.600770703397075
6.0775 -18.79195831748185
6.0825 205.35106712499433
6.0874999999999995 32.9366670859659
6.092499999999999 -449.927466813864
6.0975 3.352217015070342
6.1025 -50.41473760222237
6.1075 84.55910828330354
6.1125 168.18815715746962
6.1175 253.78103526768905
6.1225 -382.20355343570367
6.1274999999999995 99.56634361848374
6.132499999999999 154.21308131826893
6.137499999999999 93.42390824273292
6.1425 11.613240903813606
6.1475 -101.89961314103307
6.1525 73.69305040719341
6.1575 167.94939184473645
6.1625 -80.78371253568827
6.1674999999999995 -342.6094948259207
6.172499999999999 -53.733092402566456
6.177499999999999 15.924264459033946
6.1825 -268.36943218458606
6.1875 328.0198436457058
6.1925 -1.5213135054082036
6.1975 54.487006174091654
6.2025 -166.8044520755462
6.2075 136.84337371824503
6.2124999999999995 -273.9283022087362
6.217499999999999 393.4456310857651
6.2225 75.9820085910048
6.2275 -51.526414260849855
6.2325 -122.47995041517082
6.2375 26.98432971139476
6.2425 -1.0196626542009586
6.2475 127.52963137609535
6.2524999999999995 -129.43659881095422
6.257499999999999 146.8459099528818
6.262499999999999 113.71534046424472
6.2675 69.6990207842217
6.2725 -295.02769899443916
6.2775 184.6018848494737
6.2825 -153.9366607364239
6.2875 -2.787053622214256
6.2924999999999995 21.701081024923322
6.297499999999999 -143.26602029591356
6.302499999999999 370.7521014468101
6.3075 -112.23236435986638
6.3125 91.4302860503985
6.3175 119.22080915151834
6.3225 61.228956849088476
6.3275 -142.40329319446113
6.3325 25.621602880862024
6.3374999999999995 106.72059631822748
6.342499999999999 106.3986125028473
6.3475 65.98046578633917
6.3525 -5.285051920263858
6.3575 -314.7440917145664
6.3625 -43.51216852209819
6.3675 -52.3349051321438
6.3725 -143.99196295593077
6.3774999999999995 83.79977237566717
6.382499999999999 158.4251525507148
6.387499999999999 -78.58015715698697
6.3925 248.79975350145983
6.3975 -135.45267380243706
6.4025 -126.7595746224843
6.4075 125.70391769013482
6.4125 -2.6537043911557507
6.4174999999999995 -66.05007667677131
6.422499999999999 -172.98724436783772
6.427499999999999 73.45374107896407
6.4325 59.354410449875914
6.4375 -124.87598942177807
6.4425 17.60174328740349
6.4475 401.815656684075
6.4525 -165.12334600569113
6.4575 249.04773097824662
6.4624999999999995 -48.350433347725705
6.467499999999999 -104.16087246163747
6.4725 -21.911345006463296
6.4775 83.26193592246916
6.4825 21.425689367964434
6.4875 -47.524779821493894
6.4925 -12.974554607433957
6.4975 98.21902681155524
6.5024999999999995 33.62952536004814
6.507499999999999 -197.18393485260052
6.512499999999999 -11.918704714660198
6.5175 218.90382676795397
6.5225 20.632192006033208
6.5275 20.323208244401147
6.5325 -258.3886167654891
6.5375 161.17302452378274
6.5424999999999995 236.84957262644923
6.547499999999999 -11.677284388862361
6.552499999999999 -95.48260410327886
6.5575 98.26522701268968
6.5625 81.96177448845701
6.5675 5.680444220126554
6.5725 -164.73997371832687
6.5775 -68.19572562149403
6.5825 315.91418991109
6.5874999999999995 -26.60691408921879
6.592499999999999 -215.65368023321642
6.5975 -46.37738569735571
6.6025 -150.28090397175342
6.6075 217.08871642302236
6.6125 -147.06450622591544
6.6175 2.9405227132707834
6.6225 -1.0141697914287222
6.6274999999999995 -72.61911257382621
6.632499999999999 -90.32015813294399
6.637499999999999 90.80797892836326
6.6425 -62.89844869655106
6.6475 -135.5253979160093
6.6525 221.1770153406578
6.6575 68.1952358475901
6.6625 60.100444876603476
6.6674999999999995 8.602561027118167
6.672499999999999 10.29001310420675
6.677499999999999 -225.18113150453473
6.6825 111.5667679240179
6.6875 -66.49727622297817
6.6925 129.76276773669525
6.6975 -292.5546890836712
6.7025 18.673028311746165
6.7075 179.02043098003801
6.7124999999999995 79.32045884242481
6.717499999999999 -157.92634866144076
6.722499999999999 11.732797251701358
6.7275 -66.61546935559379
6.7325 128.23725352816464
6.7375 -123.79133534789318
6.7425 -77.17677177304012
6.7475 111.32073835816563
6.7524999999999995 -151.59341026746316
6.757499999999999 45.002165972578965
6.762499999999999 58.56626346116693
6.7675 130.2759543365973
6.7725 -201.3328506307957
6.7775 231.65707697027761
6.7825 -115.57329129447677
6.7875 62.40555676663631
6.7924999999999995 -300.844593924849
6.797499999999999 103.53182105080249
6.802499999999999 46.45945652011819
6.8075 196.67546652694745
6.8125 -297.9510394549078
6.8175 302.0284549374882
6.8225 -225.54868986971584
6.8275 179.8348371003034
6.8325 154.0863012452837
6.8374999999999995 -90.0173480193172
6.842499999999999 34.053532647203596
6.847499999999999 219.34994271592086
6.8525 -54.62364534625457
6.8575 20.333350036398343
6.8625 -130.35728802307074
6.8675 84.35146217510713
6.8725 -124.0116235671404
6.8774999999999995 5.385738263391276
6.882499999999999 41.27392299908643
6.887499999999999 110.1321017497858
6.8925 23.53080566917782
6.8975 -31.171261464673268
6.9025 -320.2540799444514
6.9075 245.67087286024864
6.9125 16.350248704399096
6.9174999999999995 -237.6148219408742
6.922499999999999 133.33959854781216
6.927499999999999 52.16001329730381
6.9325 -230.16811877406508
6.9375 104.69776828313925
6.9425 -155.7173746336172
6.9475 109.19764978734578
6.9525 -9.319238033988375
6.9575 7.661980385670862
6.9624999999999995 -109.73250229916093
6.967499999999999 109.89113581811331
6.972499999999999 308.95595861973544
6.9775 -54.73134494509458
6.9825 -231.96543968603314
6.9875 -9.622606855341568
6.9925 227.19713241016544
6.9975 -217.25386363718732
7.0024999999999995 151.4503213501478
7.007499999999999 -338.9983893485071
7.012499999999999 130.37794119498943
7.0175 171.45383329321282
7.0225 -13.988810364652013
7.0275 129.07693229109694
7.0325 -291.4149903245475
7.0375 -79.9910983852733
7.0424999999999995 -65.29115782616248
7.047499999999999 -76.08887966813042
7.052499999999999 31.23898195481524
7.0575 192.12414066173625
7.0625 81.81671443554542
7.0675 68.38701339314564
7.0725 172.77900749053256
7.0775 -56.30740022825541
7.0825 42.75089148012836
7.0874999999999995 -204.22364783007882
7.092499999999999 -130.9372448017348
7.097499999999999 59.21652293569689
7.1025 78.25619088974481
7.1075 222.12431389643945
7.1125 97.56656892212611
7.1175 -68.97386256717215
7.1225 21.035748284384244
7.1274999999999995 -206.76579693379372
7.132499999999999 70.63180024411189
7.137499999999999 -103.20740108025355
7.1425 -209.4206881512185
7.1475 215.14010335372967
7.1525 -141.2495346330374
7.1575 84.5153722319372
7.1625 14.460506534021183
7.1674999999999995 132.67746831048672
7.172499999999999 -179.1374888017108
7.177499999999999 52.05062342995239
7.1825 366.4297845215178
7.1875 -339.61646911333753
7.1925 137.07119087280444
7.1975 -228.88835306692525
7.2025 -72.16272625937151
7.2075 131.29478879804512
7.2124999999999995 71.69421364505006
7.217499999999999 -197.87387030629355
7.222499999999999 271.76440692037136
7.2275 -82.22046800838476
7.2325 -123.91395077190514
7.2375 74.06601926325868
7.2425 99.77514214360617
7.2475 297.15588564167797
7.2524999999999995 -274.8534753595806
7.257499999999999 -71.71379854832135
7.262499999999999 207.97641328308507
7.2675 -125.80422005328481
7.2725 -102.18515438636992
7.2775 212.59270731864635
7.2825 -218.17175556051396
7.2875 -69.86844864114008
7.2924999999999995 11.606886425828822
7.297499999999999 -55.34152562745452
7.302499999999999 144.00799257798218
7.3075 29.257671974777868
7.3125 155.00898850202373
7.3175 -40.11092404873693
7.3225 -139.42698542237412
7.3275 83.85822562542427
7.3325 -267.14694434878453
7.3374999999999995 -154.62923689336876
7.342499999999999 99.9152855093124
7.347499999999999 -40.706325819582325
7.3525 200.02514243177356
7.3575 11.043988259894544
7.3625 -76.34445226722565
7.3675 32.48055446724152
7.3725 64.13524733205914
7.3774999999999995 168.50593632219287
7.382499999999999 -14.460617854496109
7.387499999999999 -80.26406224267825
7.3925 297.069891495889
7.3975 -123.1211924048938
7.4025 -213.50664986521838
7.4075 146.54159737470084
7.4125 93.13594506979982
7.4174999999999995 -177.33507425430014
7.422499999999999 -293.93468042427173
7.427499999999999 78.7495809661404
7.4325 165.27070646792643
7.4375 197.10208097975894
7.4425 -121.3909872125473
7.4475 27.759794455784764
7.4525 -115.1095804612085
7.4575 213.09707841592703
7.4624999999999995 -76.32117207684165
7.467499999999999 -228.6626430405281
7.472499999999999 197.64726576856236
7.4775 134.5412967585833
7.4825 -33.93244005044497
7.4875 -142.73894232185316
7.4925 167.15385941359702
7.4975 117.30987438684652
7.5024999999999995 -152.91558723336698
7.507499999999999 -23.31067614082038
7.512499999999999 46.721800456849
7.5175 -1.0112662481666446
7.5225 -2.2149162516145773
7.5275 -0.6841357687961751
7.5325 -174.4323003667106
7.5375 -58.17721511253017
7.5424999999999995 156.03322871731422
7.547499999999999 -202.66886107368416
7.552499999999999 -61.25422528105183
7.557499999999999 -22.98628643470314
7.5625 180.95505082878043
7.5675 -239.70534703584192
7.5725 -81.1664381182013
7.5775 458.87326228763845
7.5825 -76.55453926763231
7.5874999999999995 -133.04917632400975
7.592499999999999 159.44715582974789
7.597499999999999 -15.011922900899792
7.6025 67.23471199831685
7.6075 40.52975983533042
7.6125 100.36611780710513
7.6175 -153.4957261249593
7.6225 102.94933617231027
7.6274999999999995 -45.43607650550705
7.632499999999999 -38.716602993673945
7.637499999999999 170.53108419176445
7.6425 -220.94321444740214
7.6475 -145.0109853200242
7.6525 97.95038244516716
7.6575 -6.177146047241077
7.6625 75.45391715323534
7.6674999999999995 -235.37507924958382
7.672499999999999 78.11346067173751
7.677499999999999 -3.7083497677711836
7.682499999999999 199.12838863498772
7.6875 -364.0247311881312
7.6925 275.7498933527589
7.6975 216.57891943947268
7.7025 -17.213365559098232
7.7075 -165.2254553527914
7.7124999999999995 18.809074037878453
7.717499999999999 -25.018611448464323
7.722499999999999 -17.55461979082882
7.7275 250.33034410786536
7.7325 -147.6132577437891
7.7375 -91.8047708830998
7.7425 179.22668525333663
7.7475 -76.41176977165604
7.7524999999999995 17.386951812670826
7.757499999999999 319.08128452913945
7.762499999999999 -342.75963884281515
7.7675 99.89024031042908
7.7725 -242.327718233191
7.7775 40.73688569136638
7.7825 164.53000900925161
7.7875 244.3604007291038
7.7924999999999995 -292.0541376208422
7.797499999999999 -53.11785394153633
7.802499999999999 -81.6802694162912
7.807499999999999 -25.123337961641536
7.8125 246.98918597931356
7.8175 19.87855063084152
7.8225 62.87140992691672
7.8275 -194.0794077035273
7.8325 -133.35815064445498
7.8374999999999995 244.9425695745574
7.842499999999999 -144.0279755243228
7.847499999999999 264.3943390843882
7.8525 -73.31779934980767
7.8575 7.9064375169187
7.8625 -168.27730959408504
7.8675 180.786995071143
7.8725 0.7078097915459574
7.8774999999999995 -169.87391890025455
7.882499999999999 129.60854229801475
7.887499999999999 89.07661131866982
7.8925 80.71358668937121
7.8975 -303.2444079587673
7.9025 -39.8796816842218
7.9075 -92.57941190860916
7.9125 259.6625454506342
7.9174999999999995 284.0596744252594
7.922499999999999 -260.43549640500885
7.927499999999999 165.28051293330978
7.932499999999999 -146.14293164758672
7.9375 291.9760449918367
7.9425 -262.03711065867753
7.9475 87.08946919348779
7.9525 -50.237871679359266
7.9575 279.39740359434836
7.9624999999999995 -193.57030153852767
7.967499999999999 -105.30120605011254
7.972499999999999 75.72218291816186
7.9775 -6.008269202412698
7.9825 -66.99669645398335
7.9875 -5.144500215002293
7.9925 79.32851286562726
7.9975 -132.37378342319883
8.0025 39.76513896840927
8.0075 89.77902173822065
8.0125 152.64867751235812
8.0175 -56.46404234760079
8.022499999999999 99.5741081558176
8.0275 163.8805974322516
8.032499999999999 -253.45604527314794
8.0375 250.06353300942854
8.0425 -294.6804414508201
8.0475 -1.8280135196020904
8.0525 -5.293339374343988
8.0575 290.72492233238125
8.0625 -169.85095214411555
8.067499999999999 142.79845930059284
8.0725 -117.18218453872694
8.077499999999999 -185.4650264420562
8.0825 -65.71266846218182
8.0875 115.03085767410087
8.0925 11.798070262184757
8.0975 50.15622001075204
8.1025 59.41576526912778
8.1075 -356.5080782350469
8.112499999999999 246.2628914623815
8.1175 -220.16263922475542
8.1225 118.35102347172203
8.1275 -147.43418889103413
8.1325 -93.52032203760874
8.1375 285.70072165444213
8.1425 -170.6096196025644
8.147499999999999 -7.393984632109057
8.1525 -95.6468973341314
8.157499999999999 87.53070730456875
8.1625 224.54720929658382
8.1675 -261.4514283758704
8.1725 -65.89886050948718
8.1775 -209.0517015680293
8.1825 510.88386534893255
8.1875 -157.546598467319
8.192499999999999 -69.06813811415488
8.1975 35.818366007567796
8.202499999999999 -145.3254075013475
8.2075 118.74715935551359
8.2125 -96.73690952827515
8.2175 246.01580737846055
8.2225 -157.98192652701573
8.2275 26.07062520115743
8.2325 245.7238498268787
8.237499999999999 -61.99682943182094
8.2425 -302.08795770510346
8.2475 210.5510757289631
8.2525 -321.681872934656
8.2575 166.47730541128402
8.2625 168.68342063457067
8.2675 -143.9858166446024
8.272499999999999 154.03325348620032
8.2775 2.210229343817426
8.282499999999999 153.2243428603969
8.2875 -151.90314172503926
8.2925 14.336815801591854
8.2975 -76.75095016609932
8.3025 71.02466230589853
8.3075 -130.0386535591903
8.3125 -68.62616056405639
8.317499999999999 207.0797161992126
8.3225 350.94169052605815
8.327499999999999 -64.24288738891936
8.3325 -90.70658610813197
8.3375 -3.777795947323329
8.3425 -18.856374186625214
8.3475 104.57660338070569
8.3525 -176.12749140439863
8.3575 -290.57281710629525
8.362499999999999 347.07404027869654
8.3675 -112.31054485441219
8.3725 90.39804749681512
8.3775 -7.066817309082585
8.3825 31.184715057247576
8.3875 168.46647281907812
8.3925 -58.001160860343255
8.397499999999999 -388.3119738929326
8.4025 144.55012375141763
8.407499999999999 -270.73299337684136
8.4125 41.05897638624509
8.4175 118.1093397466799
8.4225 193.505581906599
8.4275 -76.91594526859872
8.4325 -130.00083854651274
8.4375 -131.05782382424567
8.442499999999999 298.5782681409984
8.4475 78.96737740236351
8.452499999999999 125.82994878422731
8.4575 -23.35788207507536
8.4625 -79.62245339540905
8.4675 -1.713174475527694
8.4725 0.8100314624528516
8.4775 -277.54307356413005
8.4825 -2.499353881421573
8.487499999999999 307.26660304147634
8.4925 219.94997001040085
8.4975 -139.14430970883106
8.5025 -218.5567463699488
8.5075 128.84625652937734
8.5125 16.054712054805417
8.5175 -331.91507022644606
8.522499999999999 19.138526325499598
8.5275 216.9029093919223
8.532499999999999 14.507146260234073
8.5375 -60.26752095484854
8.5425 85.42331304563454
8.5475 102.09967261412032
8.5525 -52.60855480788837
8.5575 -155.97275498777876
8.5625 -87.46863192867302
8.567499999999999 65.50733376706171
8.5725 379.9020457763194
8.577499999999999 -46.48004607093802
8.5825 -138.05741264580243
8.5875 -33.0375923865194
8.5925 -11.858145948650863
8.5975 85.961400200174
8.6025 -123.4321999688125
8.6075 184.0471417636269
8.612499999999999 62.45948916821722
8.6175 -46.88950830510618
8.6225 25.557936516949365
8.6275 -81.77323813195392
8.6325 115.86329007940408
8.6375 -192.92387011985653
8.6425 13.7070650850075
8.647499999999999 -3.225800510019153
8.6525 68.45037316520654
8.657499999999999 -15.064561695401512
8.6625 84.44528375561411
8.6675 231.37279500491724
8.6725 -280.77605654751045
8.6775 199.08896704153173
8.6825 -150.08255772867034
8.6875 -158.07884718533057
8.692499999999999 -34.74478082062235
8.6975 30.491696546157836
8.702499999999999 -24.41555527649964
8.7075 -117.88883770264334
8.7125 79.26284878605227
8.7175 178.10201574521162
8.7225 -61.23439418320774
8.7275 146.68073744159952
8.7325 -124.94834273026954
8.737499999999999 -79.035489216542
8.7425 436.658072781906
8.747499999999999 -67.81670333629926
8.7525 -50.00943593790845
8.7575 -233.36783134394375
8.7625 11.859785754512007
8.7675 12.400710364005564
8.772499999999999 -35.03820685506495
8.7775 136.39579191910715
8.782499999999999 -73.34892118603416
8.7875 116.81395298731685
8.7925 -128.49066182563863
8.7975 -35.28231502425663
8.8025 -22.920101543733647
8.8075 -24.577642625033416
8.8125 -37.61686644286592
8.817499999999999 -286.16882583051984
8.8225 150.34560314229458
8.827499999999999 138.7106807009102
8.8325 -57.483189091929326
8.8375 164.74946268679426
8.8425 24.26255252086053
8.8475 56.52843611055055
8.8525 -113.6616855722882
8.8575 9.871709708442522
8.862499999999999 19.597780129067285
8.8675 25.15243129143603
8.872499999999999 -74.98150384841895
8.8775 154.14521872510642
8.8825 -73.25328295011721
8.8875 -124.34688794149618
8.8925 17.1809681428671
8.897499999999999 67.39358144825215
8.9025 86.29433125263657
8.907499999999999 -75.27633082998499
8.9125 -169.52819633489366
8.9175 155.2291525507486
8.9225 -87.12615672449937
8.9275 92.44212323542469
8.9325 -194.36059914407136
8.9375 120.24382958685013
8.942499999999999 1.303434071756713
8.9475 27.098640575343442
8.952499999999999 171.5303757253919
8.9575 10.98912963511859
8.9625 101.00395254815469
8.9675 -168.96722257972712
8.9725 140.58458927722432
8.9775 -92.67466828634853
8.9825 -51.8417841136394
8.987499999999999 212.76071603483012
8.9925 -177.62178586139726
8.997499999999999 103.1846395959123
9.0025 -125.95925238447985
9.0075 -10.188303691702794
9.0125 -32.283513015918906
9.0175 -22.61518160446269
9.022499999999999 -58.15029121615187
9.0275 -71.96676853787336
9.032499999999999 152.44276654298275
9.0375 7.304284804033028
9.0425 -83.07974562254378
9.0475 -13.717266632809274
9.0525 16.167471504771243
9.0575 28.54934364166978
9.0625 77.39119270586096
9.067499999999999 128.14948036012865
9.0725 10.985997134851345
9.077499999999999 -112.69830739235056
9.0825 120.90755765458576
9.0875 -78.81873351439863
9.0925 -78.1030599708166
9.0975 -65.11719839898835
9.1025 24.424673291853683
9.1075 64.98873246557194
9.112499999999999 -87.26102516423784
9.1175 -20.54114194020494
9.122499999999999 -35.14971681165042
9.1275 177.7103039949992
9.1325 -45.13905462892684
9.1375 -147.6116310963765
9.1425 -58.69014446476263
9.147499999999999 16.11632649024763
9.1525 59.21357386420274
9.157499999999999 -17.69885046672686
9.1625 194.95226128383237
9.1675 106.87427726030603
9.1725 -141.65873501407896
9.1775 -115.61959087479404
9.1825 23.13122648256374
9.1875 154.09025693809366
9.192499999999999 -171.84441039040476
9.1975 -62.76342970771284
9.202499999999999 178.45403508464832
9.2075 51.6356503717297
9.2125 43.117693497685494
9.2175 39.70564383269419
9.2225 -157.90388718972696
9.2275 62.77992739222803
9.2325 -28.563112214606793
9.237499999999999 52.23413115374888
9.2425 7.045013365043972
9.247499999999999 3.752069239492309
9.2525 68.75595892197528
9.2575 251.16269769406162
9.2625 -213.6356071351045
9.2675 -245.6026228823601
9.272499999999999 -209.04641055585813
9.2775 247.94459579754897
9.282499999999999 74.86237396584944
9.2875 136.8559615506955
9.2925 -229.28655022168573
9.2975 92.61804208717578
9.3025 -36.557274476470745
9.3075 12.157021422985407
9.3125 -55.725398363514145
9.317499999999999 -59.6299906016106
9.3225 -101.89019537622052
9.327499999999999 226.25782682238483
9.3325 100.08786925358434
9.3375 306.5233428104614
9.3425 -455.4957572345165
9.3475 -60.74469962471169
9.3525 -28.93541288465354
9.3575 230.22017254394322
9.362499999999999 27.017018718846263
9.3675 -51.50489782891256
9.372499999999999 -96.43413757414922
9.3775 138.67582235873084
9.3825 27.999204664082495
9.3875 -159.0751613567994
9.3925 -24.28052584314287
9.397499999999999 -13.562302544618149
9.4025 106.94521899622683
9.407499999999999 -112.17561749772021
9.4125 38.12236929830837
9.4175 182.44882264864987
9.4225 -260.39664740144246
9.4275 244.42495936741415
9.4325 -171.10913845614164
9.4375 -2.5317403103481455
9.442499999999999 -15.038033736740775
9.4475 132.51051944154324
9.452499999999999 -153.26679938422402
9.4575 236.50816036175124
9.4625 -163.80977681984993
9.4675 -67.11153339270598
9.4725 146.23433549475288
9.4775 43.931181421409455
9.4825 323.4967851133521
9.487499999999999 -313.8438314544049
9.4925 224.9443246952871
9.497499999999999 -157.68396845971566
9.5025 -95.36670369874258
9.5075 48.48769294073883
9.5125 87.48130154088136
9.5175 2.2403490326006024
9.522499999999999 -337.422170111077
9.5275 49.78667577251234
9.532499999999999 63.650493705209946
9.5375 92.18591850446
9.5425 28.176833587810115
9.5475 79.37879735051033
9.5525 -221.3732591268279
9.5575 -7.428685697931832
9.5625 61.679347779619945
9.567499999999999 -85.70917708416296
9.5725 258.6682200470826
9.577499999999999 -148.16178662071286
9.5825 -267.4743429315447
9.5875 201.45758667037964
9.5925 157.865034238626
9.5975 -310.37710738291764
9.6025 37.82107990658314
9.6075 162.22154393532094
9.612499999999999 -226.2155109130288
9.6175 -30.711437176567706
9.622499999999999 18.38935821424442
9.6275 152.6079282314411
9.6325 158.85328346538014
9.6375 -99.06156789890943
9.6425 -60.32975558086811
9.647499999999999 81.11347904706132
9.6525 76.98326626001798
9.657499999999999 171.92004607389273
9.6625 -1.5075100296863482
9.6675 73.48628907307904
9.6725 256.55282272103807
9.6775 -366.13743037429583
9.6825 244.7990966937127
9.6875 -282.99930953159503
9.692499999999999 170.62184722248517
9.6975 -60.58993337379487
9.702499999999999 -175.5381483589583
9.7075 271.1555131342818
9.7125 -104.36384633370687
9.7175 17.13539675109384
9.7225 -63.69601094996733
9.7275 249.56180689189546
9.7325 -177.87105497149597
9.737499999999999 -74.13845310145541
9.7425 14.111691852494113
9.747499999999999 170.6928652116155
9.7525 -84.31103652623275
9.7575 -43.175635146962065
9.7625 237.32818592906415
9.7675 8.305919331013342
9.772499999999999 -113.26615524029998
9.7775 -236.5712645967409
9.782499999999999 -12.737516382196112
9.7875 100.51169498704562
9.7925 172.3812223267969
9.7975 -215.74814605136558
9.8025 106.69203458975532
9.8075 -176.93054222764326
9.8125 -93.71975674755777
9.817499999999999 108.15038149754598
9.8225 131.0009874846492
9.827499999999999 -150.26934716954088
9.8325 225.50186579363842
9.8375 -94.37420666162022
9.8425 -0.8766763727844512
9.8475 -106.69789431007378
9.8525 -79.4041752607658
9.8575 100.43788424879021
9.862499999999999 21.116332465626968
9.8675 39.64127059692421
9.872499999999999 -0.9219932801623159
9.8775 125.49981330995625
9.8825 -79.28074532878719
9.8875 -2.9851566971677186
9.8925 -14.166259675556612
9.897499999999999 -133.52304284788653
9.9025 -10.966412363164538
9.907499999999999 -8.051002548994974
9.9125 180.75469081672776
9.9175 -221.7268084813204
9.9225 -3.1511955278079142
9.9275 -61.51981974933358
9.9325 283.99494100985584
9.9375 129.59508505397096
9.942499999999999 -280.6162118591592
9.9475 -78.92085143093853
9.952499999999999 -50.673652776216315
9.9575 -54.45131276386975
9.9625 67.00753151529166
9.9675 -51.31639002624287
9.9725 20.382738299349125
9.9775 142.29981344428617
9.9825 131.6342203214794
9.987499999999999 -26.663741217901237
9.9925 -66.04632566362889
9.997499999999999 150.67908217834795
10.0025 -270.62955135851774
