0.0075 268.5474033595611
0.012499999999999999 -117.29641171494269
0.017499999999999998 -31.365245945223442
0.0225 -174.6691236240189
0.0275 -27.894379857294446
0.0325 388.62032535821453
0.0375 -119.45187296411036
0.042499999999999996 0.7726962068102857
0.0475 -70.90175844869385
0.0525 -140.2930617437418
0.057499999999999996 206.0594456246876
0.0625 79.05619087734368
0.06749999999999999 11.788214847372688
0.0725 -51.56839076447302
0.0775 -140.63331685447224
0.08249999999999999 437.21297797983937
0.0875 100.2840943547575
0.0925 -110.69457621367604
0.09749999999999999 -41.466253725819975
0.1025 -160.66044373885296
0.1075 257.90576519238107
0.11249999999999999 113.16263851488455
0.1175 -387.4918473345268
0.1225 284.21451383715026
0.1275 20.96918627227865
0.1325 3.8554406956354956
0.13749999999999998 5.28860680673029
0.1425 -220.2952111204645
0.1475 103.72839958790432
0.1525 -7.5000196214123545
0.1575 65.07834413204253
0.1625 -19.85928613579298
0.16749999999999998 -43.08951152203915
0.1725 -21.240793493635753
0.1775 -140.25819422354456
0.1825 256.3291119893171
0.1875 -74.9007022896058
0.1925 169.58745289560002
0.19749999999999998 -185.45476890505572
0.20249999999999999 120.38720364774608
0.2075 -245.45500719556668
0.2125 63.70728695088732
0.2175 -203.48126895194923
0.2225 80.14339900609657
0.22749999999999998 299.15189333737817
0.23249999999999998 -222.43616781177033
0.2375 48.67025878278648
0.2425 -94.884998687051
0.2475 -208.53053436906782
0.2525 236.66872317243343
0.2575 243.16315099504166
0.2625 -257.7694178746074
0.2675 259.6875246598979
0.27249999999999996 -14.729940242843027
0.27749999999999997 57.64054870857925
0.2825 -280.31128428798803
0.2875 -5.675134654542937
0.2925 -161.29950721583026
0.2975 -80.62876575085701
0.3025 15.187157644909586
0.3075 -63.3642590918736
0.3125 30.73807744258702
0.3175 125.44757374278424
0.3225 -161.6906155195911
0.32749999999999996 -76.19465964670037
0.33249999999999996 324.76566483598754
0.33749999999999997 -12.60980442788293
0.34249999999999997 -301.2366292413118
0.3475 99.11977850687484
0.3525 175.66951520394704
0.3575 -123.87149266906421
0.3625 -95.66681317238428
0.3675 -49.358233528953775
0.3725 24.155981456362376
0.3775 368.1855821068315
0.3825 -244.35196366346338
0.38749999999999996 44.81430911836019
0.39249999999999996 -97.74234368886533
0.39749999999999996 222.88863738242284
0.40249999999999997 -73.68433004015523
0.4075 -167.14247893459535
0.4125 149.12661749337295
0.4175 -181.30626061111673
0.4225 -20.589691088890234
0.4275 1.0238938849240335
0.4325 166.74155127017156
0.4375 230.16584209929297
0.4425 -82.6199414010723
0.44749999999999995 -7.563397025794353
0.45249999999999996 -94.25875022313876
0.45749999999999996 69.02439022018484
0.46249999999999997 156.447451678176
0.46749999999999997 5.415995852715494
0.4725 -70.10213768758284
0.4775 172.24221016001837
0.4825 -150.2709930282884
0.4875 39.3096595342302
0.4925 -197.7310937705473
0.4975 -65.95411336138238
0.5025 -173.72020473688
0.5075 52.13252266654549
0.5125 137.00940748288255
0.5175 20.032400264230773
0.5225 -92.64317196067566
0.5275 -204.4744554917768
0.5325 320.2793575873287
0.5375 11.42819679956175
0.5425 87.70692761637665
0.5475 11.853522332991345
0.5525 66.68745896456667
0.5575 -119.0619023398131
0.5625 126.72618440130832
0.5675 -147.98053925521222
0.5725 -36.18475274448797
0.5775 -157.87905009170782
0.5825 23.969686246820217
0.5875 -3.6141279072586188
0.5925 179.49409591648262
0.5974999999999999 -55.77915615248251
0.6024999999999999 41.57705023132383
0.6074999999999999 -164.68579763872646
0.6124999999999999 58.52849897693192
0.6174999999999999 -44.86606234927296
0.6224999999999999 55.8623101787315
0.6275 96.7076167164003
0.6325 155.11111516893195
0.6375 -82.90105033814382
0.6425 62.059620495734535
0.6475 -207.56105277434415
0.6525 -103.3701442458642
0.6575 16.54183150491576
0.6625 266.30236255053734
0.6675 -239.94005165134553
0.6725 -144.0394757452065
0.6775 10.19872531455695
0.6825 14.092693421275708
0.6875 84.11580830912348
0.6925 172.35170240009967
0.6975 85.28586597762538
0.7025 101.64166728415323
0.7075 -138.23734679813552
0.7125 64.40278043456912
0.7174999999999999 -78.56361882931373
0.7224999999999999 -55.88559800101567
0.7274999999999999 149.05248121509987
0.7324999999999999 -66.4260966480994
0.7374999999999999 -118.39674592248491
0.7424999999999999 72.31624403668776
0.7474999999999999 84.06554803578577
0.7525 -162.1844315673491
0.7575 -29.216029169410504
0.7625 58.14262378816849
0.7675 -15.771457501109603
0.7725 21.124497019797428
0.7775 -121.61651302066446
0.7825 -38.09585976147563
0.7875 101.27738589900471
0.7925 25.085263201189175
0.7975 338.51356558712695
0.8025 -192.5696696853286
0.8075 -280.77213289552276
0.8125 195.07935926493514
0.8175 14.058740676423273
0.8225 -108.88638773903169
0.8275 105.0646908320853
0.8325 130.203226407075
0.8374999999999999 -137.48108549359267
0.8424999999999999 80.0908195561979
0.8474999999999999 -68.27288872124426
0.8524999999999999 -188.87513905183306
0.8574999999999999 -84.78466922447839
0.8624999999999999 -156.85459513053667
0.8674999999999999 13.647042969875146
0.8724999999999999 267.4990948121613
0.8775 -32.37556524563855
0.8825 -47.435133638767894
0.8875 36.851995960175344
0.8925 16.285641248244513
0.8975 16.19459781098471
0.9025 -160.59958815113995
0.9075 62.037467260678554
0.9125 -2.2792579729002345
0.9175 107.45273364687158
0.9225 14.597857800300716
0.9275 75.45276619196271
0.9325 99.99668265240408
0.9375 128.92851087960128
0.9425 -314.6944544608726
0.9475 -179.75408307638568
0.9524999999999999 226.93800571411066
0.9574999999999999 247.3395378308029
0.9624999999999999 -147.2308438849227
0.9674999999999999 -30.670615787352503
0.9724999999999999 36.830542294037734
0.9774999999999999 -351.10227149539924
0.9824999999999999 313.3835914251167
0.9874999999999999 148.6220705992193
0.9924999999999999 -437.49559369085694
0.9974999999999999 270.62247767263005
1.0025 13.03626165368203
1.0075 -7.808328848074454
1.0125 -46.61901086730172
1.0174999999999998 -118.15279190451827
1.0225 199.68869241540918
1.0274999999999999 -212.2614254145434
1.0325 174.78506804356567
1.0374999999999999 43.84377445299724
1.0425 205.80527604517138
1.0474999999999999 -166.52534197260516
1.0525 172.3105410623656
1.0574999999999999 213.31490929490332
1.0625 -232.5663718212292
1.0675 104.15876151752516
1.0725 -110.99967352883374
1.0775 95.38616978122326
1.0825 -273.0249675428579
1.0875 170.30584082974596
1.0925 -216.54490846848535
1.0975 96.39798888160671
1.1025 -147.17280736323193
1.1075 -13.127841495097904
1.1125 5.358636859541733
1.1175 -226.20027321575668
1.1225 93.25152546086677
1.1275 239.29751723880372
1.1324999999999998 55.602053040359856
1.1375 -54.35484883530488
1.1424999999999998 -96.87127636795402
1.1475 134.0769849789687
1.1524999999999999 -60.45961078328483
1.1575 150.6120155397396
1.1624999999999999 -239.9243404637496
1.1675 104.47907749954875
1.1724999999999999 16.70873050333916
1.1775 -159.84771821563933
1.1824999999999999 133.37588264079048
1.1875 -171.4405525368605
1.1925 304.5024913059333
1.1975 -84.57426536863008
1.2025 224.62129201997115
1.2075 98.87129646937753
1.2125 -380.62425446338517
1.2175 236.9503367360077
1.2225 -20.66497688923063
1.2275 -1.3425878249920418
1.2325 -231.07313765556847
1.2375 96.33883935254339
1.2425 114.58881222640775
1.2475 95.00653419718859
1.2525 304.9203673152878
1.2574999999999998 -375.38983039771983
1.2625 39.959163384850854
1.2674999999999998 -46.384781074414846
1.2725 66.24968810468468
1.2774999999999999 42.867999303905684
1.2825 -46.909814159774776
1.2874999999999999 -138.20152081654425
1.2925 173.7371633454006
1.2974999999999999 234.1941490181952
1.3025 -384.05225203646216
1.3074999999999999 -117.04562905429694
1.3125 165.52467110460606
1.3175 50.90206982444612
1.3225 -76.07287557346923
1.3275 83.61763523587402
1.3325 31.203288338992593
1.3375 -42.786262705736945
1.3425 -179.48269912100474
1.3475 -48.35127140931531
1.3525 65.78404383477536
1.3575 -132.0348196826113
1.3625 74.83295706980454
1.3675 97.00709800570712
1.3724999999999998 -141.68304156345164
1.3775 -37.74270094973673
1.3824999999999998 132.15686376678624
1.3875 114.69735311065723
1.3924999999999998 41.68730145071883
1.3975 34.5119381255918
1.4024999999999999 -157.31405104787441
1.4075 -25.394911760539255
1.4124999999999999 184.8638721922482
1.4175 -111.73426181590128
1.4224999999999999 -167.3605125852641
1.4275 171.71863470179906
1.4324999999999999 -133.384316219442
1.4375 288.59644379785703
1.4425 -214.42948344390652
1.4475 71.54333992639003
1.4525 166.3921265629686
1.4575 0.3504781725956459
1.4625 -139.1746996721479
1.4675 -119.2502321086736
1.4725 132.66112709637312
1.4775 -78.35904179766244
1.4825 -9.881665127463743
1.4874999999999998 -53.52429940399244
1.4925 103.0635429200346
1.4974999999999998 -31.60815432707426
1.5025 192.4487372268891
1.5074999999999998 -258.7865625280895
1.5125 -140.27700080458277
1.5174999999999998 177.20252499112266
1.5225 172.1522440049432
1.5274999999999999 -171.07403625501414
1.5325 35.342302549117306
1.5374999999999999 -180.27741967586724
1.5425 -37.80606519567015
1.5474999999999999 383.6211958670947
1.5525 35.062237208602085
1.5574999999999999 15.808027856136631
1.5625 157.73030198883026
1.5675 -339.97198289261746
1.5725 69.88409979331442
1.5775 9.899564334784493
1.5825 110.13664009869856
1.5875 -141.02393961148076
1.5925 -60.69539412840244
1.5975 -66.99866179986219
1.6025 142.1184954179167
1.6075 250.24174287866066
1.6124999999999998 -205.6956203113666
1.6175 -69.68143313812305
1.6224999999999998 77.18755827967318
1.6275 118.70585603811938
1.6324999999999998 -19.057305538514917
1.6375 -106.63772809348147
1.6424999999999998 306.99769646010435
1.6475 -123.62575857617462
1.6524999999999999 -118.74407258085512
1.6575 -224.2948487405774
1.6624999999999999 51.44811116245946
1.6675 -348.63583972334567
1.6724999999999999 -22.3225414583611
1.6775 247.61445992852447
1.6824999999999999 252.3481981836008
1.6875 -253.08798063665796
1.6925 -156.54048678643582
1.6975 352.2606948995467
1.7025 -268.22082339678275
1.7075 222.21102182227122
1.7125 62.03024136443703
1.7175 7.279001371438305
1.7225 207.09254252854342
1.7274999999999998 -3.370521732879986
1.7325 61.32678208495047
1.7374999999999998 113.6335709021063
1.7425 -204.67399217970228
1.7474999999999998 -23.650009107474848
1.7525 -53.26770360393618
1.7574999999999998 14.35655373762005
1.7625 89.16252098721893
1.7674999999999998 292.0601877439115
1.7725 -46.98218746910806
1.7774999999999999 -102.36422848605623
1.7825 -327.1671311762932
1.7874999999999999 63.346280703588555
1.7925 -77.7066985512165
1.7974999999999999 113.01977908091229
1.8025 65.36637467623234
1.8074999999999999 -49.803993540886765
1.8125 165.65252642021645
1.8175 -129.16779216799912
1.8225 37.84807775344241
1.8275 -125.65067071214006
1.8325 -282.61771557565925
1.8375 66.21479143852386
1.8425 207.6964037343918
1.8475 144.1875614517829
1.8524999999999998 -0.5717001153536038
1.8575 22.10487065191173
1.8624999999999998 -173.65650205564927
1.8675 -1.552003481352526
1.8724999999999998 -60.10235811502596
1.8775 -92.35547537791062
1.8824999999999998 125.24955540823957
1.8875 -87.10397197495904
1.8924999999999998 34.22603846056387
1.8975 7.049859358484367
1.9024999999999999 111.46297934505496
1.9075 -12.717990297189939
1.9124999999999999 -32.87169435127893
1.9175 74.88743304689599
1.9224999999999999 -162.82149443380538
1.9275 463.40317979289534
1.9324999999999999 -134.39659882617642
1.9375 -133.8884200686322
1.9425 72.03537089901465
1.9475 -133.6287362438649
1.9525 -135.00043634681737
1.9575 134.1678199864031
1.9625 -22.6027863459071
1.9674999999999998 49.48277298131605
1.9725 -26.595256493290186
1.9774999999999998 -81.56056997027521
1.9825 -25.339504954795757
1.9874999999999998 15.876903255085809
1.9925 118.51031228141335
1.9974999999999998 -133.91559068592125
2.0025 115.42058960414101
2.0075 -49.96210137981868
2.0124999999999997 129.37332480730592
2.0175 -213.94101338596258
2.0225 -0.34647616204670956
2.0275 -76.31264803385618
2.0324999999999998 -76.9678948235642
2.0375 296.58938179766574
2.0425 -24.937569090042285
2.0475 25.839058086131526
2.0524999999999998 155.77739715995105
2.0575 199.35127959536268
2.0625 -190.68250078115355
2.0675 -100.40880118258562
2.0725 48.212701629577765
2.0775 24.566684005893006
2.0825 10.44046864737113
2.0875 -7.502649732113089
2.0925 -47.0884719425963
2.0974999999999997 127.57452852896375
2.1025 8.095400996662455
2.1075 -172.03083731601714
2.1125 -7.1358182396311465
2.1174999999999997 -104.18294082470013
2.1225 -52.26864339583465
2.1275 158.50062809588363
2.1325 -73.5835213234561
2.1374999999999997 134.01065021326997
2.1425 -519.6757675032685
2.1475 309.45312559800703
2.1525 -112.8366769005008
2.1574999999999998 -157.59418362806187
2.1625 159.1460755257705
2.1675 -40.38703251218182
2.1725 2.412607335543225
2.1774999999999998 -34.901144770364894
2.1825 -1.3402040404485904
2.1875 242.8566462522246
2.1925 -352.28049134955097
2.1975 154.99963679262302
2.2024999999999997 80.75282913054993
2.2075 146.34350587918212
2.2125 71.33964266861032
2.2175 -138.46162860652458
2.2224999999999997 -87.6659611552659
2.2275 198.7005669438639
2.2325 124.98561561486586
2.2375 -196.4088333800795
2.2424999999999997 -111.01595052971834
2.2475 220.2740015435479
2.2525 -131.2948753806367
2.2575 18.118853934046694
2.2624999999999997 -90.18053936168626
2.2675 -7.425463588629807
2.2725 36.01684172978484
2.2775 -68.17961966399284
2.2824999999999998 81.48504258081901
2.2875 -23.176793137295515
2.2925 73.97540702835862
2.2975 48.86584941646558
2.3024999999999998 187.57967251937558
2.3075 103.4532677445125
2.3125 -2.0641800387421383
2.3175 -224.39306359810166
2.3225 87.36135491340895
2.3274999999999997 52.20134266842617
2.3325 -25.052291287093354
2.3375 -66.97569399104732
2.3425 128.5064769649783
2.3474999999999997 6.990427909660386
2.3525 -292.95984061008687
2.3575 136.36636041718432
2.3625 -319.0750692675405
2.3674999999999997 37.41453476887909
2.3725 118.63822161245513
2.3775 -9.524112183408437
2.3825 -30.671847023385457
2.3874999999999997 224.7390828988139
2.3925 31.53350039543433
2.3975 -155.21303814305622
2.4025 155.0108651599592
2.4074999999999998 7.383719989546376
2.4125 -92.03241256974748
2.4175 38.45362850408753
2.4225 83.96687519845896
2.4274999999999998 -68.7730504308265
2.4325 -10.33055691594931
2.4375 160.30695543956185
2.4425 -113.29824974904494
2.4475 -59.02373876882553
2.4524999999999997 -18.26490429179787
2.4575 -2.819822369864111
2.4625 98.77676643799938
2.4675 -84.40961093836422
2.4724999999999997 -209.02741896703304
2.4775 201.42197332931732
2.4825 -95.33816907667448
2.4875 -54.126390009000836
2.4924999999999997 5.68707805197454
2.4975 25.312174857110023
2.5025 -48.07245072645058
2.5075 67.23825504217957
2.5124999999999997 274.18308424824124
2.5175 -121.71234731746515
2.5225 -71.21267890368298
2.5275 -17.436077564572575
2.5324999999999998 13.721009356129086
2.5375 -113.75521187720919
2.5425 -90.95858500417933
2.5475 -97.76862426869292
2.5524999999999998 267.94896764522827
2.5574999999999997 23.63513163918048
2.5625 -150.24006777928358
2.5675 95.80596245019696
2.5725 229.17955690257287
2.5774999999999997 -233.1694924695919
2.5825 56.11413130413863
2.5875 62.733155160438024
2.5925 -55.66387610300419
2.5974999999999997 -44.26908408115212
2.6025 135.4025109838591
2.6075 88.20886637443866
2.6125 12.24141523825894
2.6174999999999997 93.44938480845654
2.6225 -167.01460822360013
2.6275 -173.65790523970895
2.6325 215.47341488273275
2.6374999999999997 1.893957939923916
2.6425 -104.9337919015278
2.6475 -100.15889619045966
2.6525 59.6803771960546
2.6574999999999998 54.300249431965796
2.6625 20.737302828149055
2.6675 30.88107977731078
2.6725 -164.0885717121554
2.6774999999999998 322.34497972624223
2.6824999999999997 -194.36993855032267
2.6875 -65.7304271043757
2.6925 0.09301970465095238
2.6975 -111.37169241070431
2.7024999999999997 262.20101768906443
2.7075 -135.27636861863584
2.7125 101.84408165898934
2.7175 97.23163640384337
2.7224999999999997 -238.7750486692784
2.7275 -140.25730392291413
2.7325 228.72837475452874
2.7375 -133.89924183990746
2.7424999999999997 120.85938010048815
2.7475 131.91043944747676
2.7525 -202.35449310516893
2.7575 -20.982640522775387
2.7624999999999997 -119.92038715744566
2.7675 407.82213671578717
2.7725 -7.238080701728617
2.7775 -247.17720941949125
2.7824999999999998 -97.17250602032273
2.7875 47.677810695092795
2.7925 132.7252792702071
2.7975 -10.987310874356856
2.8024999999999998 -168.39766176494248
2.8074999999999997 182.05381128587334
2.8125 -9.656304589460664
2.8175 -221.66422347871148
2.8225 120.7482930564398
2.8274999999999997 61.82713097346367
2.8325 -128.02522197222788
2.8375 -271.64417238604415
2.8425 392.9432570462243
2.8474999999999997 -31.333548032118443
2.8525 29.003155209596116
2.8575 -73.86768144158268
2.8625 -96.47800836802894
2.8674999999999997 162.89175607531172
2.8725 -93.00755045517465
2.8775 -131.33384675777484
2.8825 211.80750361171414
2.8874999999999997 261.2931496086916
2.8925 -121.35154239442953
2.8975 -213.07136443889505
2.9025 3.4940881179703034
2.9074999999999998 -49.03975565061134
2.9125 15.010940227960374
2.9175 87.30899534118595
2.9225 100.28482885935684
2.9274999999999998 -40.63986420643934
2.9324999999999997 228.1683472357351
2.9375 -170.29653168792638
2.9425 -74.4537755838301
2.9475 156.19021085097071
2.9524999999999997 10.02601732163435
2.9575 -144.19406751509524
2.9625 122.36875784036492
2.9675 129.17922942570638
2.9724999999999997 -205.16275788331362
2.9775 224.5212397824805
2.9825 -289.3220196003281
2.9875 -118.49582009249319
2.9924999999999997 241.2730073603978
2.9975 -85.8033585482384
3.0025 -50.73516740482609
3.0075 -81.85715232177698
3.0124999999999997 104.3567199811288
3.0175 17.903879359502138
3.0225 -18.014793501536236
3.0275 15.274094198785326
3.0324999999999998 168.9860782417785
3.0374999999999996 102.7681125907054
3.0425 69.98799867297252
3.0475 2.7537209034585692
3.0524999999999998 -164.45126250404044
3.0574999999999997 164.75396103402335
3.0625 -164.6269356875567
3.0675 -82.84121541839048
3.0725 72.0256783528998
3.0774999999999997 316.4598220871449
3.0825 -306.90603207565636
3.0875 -54.110297752734226
3.0925 -108.43696619140658
3.0974999999999997 91.88700385084485
3.1025 -80.27334556104249
3.1075 233.98705266998013
3.1125 41.373696145882896
3.1174999999999997 -55.33836444176939
3.1225 -61.38826460694574
3.1275 -51.32968492792739
3.1325 68.69458581247989
3.1374999999999997 -179.47254158821346
3.1425 157.82155925087937
3.1475 287.06798025466327
3.1525 -263.88624217239413
3.1574999999999998 36.22080452505675
3.1624999999999996 89.85405562006312
3.1675 26.933248877204058
3.1725 98.812017658557
3.1774999999999998 168.3238720802048
3.1824999999999997 -275.30503410242295
3.1875 -29.050886165949148
3.1925 99.33419200517223
3.1975 -8.586510088380075
3.2024999999999997 100.78962563244885
3.2075 52.5122281219421
3.2125 -131.24429640967458
3.2175 -57.38811782066527
3.2224999999999997 133.48840086349784
3.2275 85.12956860963261
3.2325 37.886077247568934
3.2375 -56.20505986814239
3.2424999999999997 67.87615320695123
3.2475 -137.85745080840357
3.2525 -110.7544753137623
3.2575 -164.4327743574577
3.2624999999999997 1.6325845045675953
3.2675 190.03749731732157
3.2725 132.8967751726394
3.2775 -193.90163311577396
3.2824999999999998 -102.02103009354902
3.2874999999999996 176.2930864499126
3.2925 -49.04638277165055
3.2975 98.75942912932882
3.3024999999999998 87.00191925853184
3.3074999999999997 -20.775417853454048
3.3125 117.72546161565636
3.3175 109.60325922777182
3.3225 -283.1705391070282
3.3274999999999997 32.51296451558327
3.3325 -231.9609537077457
3.3375 83.21649203606259
3.3425 -151.99457241544056
3.3474999999999997 -31.502157760440795
3.3525 19.011770990397657
3.3575 -44.65456660536209
3.3625 -139.6646850323574
3.3674999999999997 456.36088351589717
3.3725 -195.79904258255078
3.3775 -124.8175795949013
3.3825 213.6626948541675
3.3874999999999997 -120.75174004362793
3.3924999999999996 24.835899810806477
3.3975 269.0305018509565
3.4025 -201.40003056364625
3.4074999999999998 -77.77615357982532
3.4124999999999996 -157.69282777997077
3.4175 10.174230336200711
3.4225 -109.3545229690481
3.4274999999999998 69.95645708223657
3.4324999999999997 139.98181995943852
3.4375 135.01205788859687
3.4425 219.96159155218032
3.4475 -3.6370896631871554
3.4524999999999997 -283.93875828329607
3.4575 102.52699191567768
3.4625 -216.2009451095703
3.4675 133.15818670170435
3.4724999999999997 -75.0391339056333
3.4775 58.48798937715565
3.4825 -115.62707329499047
3.4875 -89.88220838395364
3.4924999999999997 125.41109536531275
3.4975 36.41400844643758
3.5025 73.79462731412023
3.5075 29.750776939975015
3.5124999999999997 -164.8440282459835
3.5174999999999996 167.92763356051438
3.5225 -51.0800946858913
3.5275 5.7614998685816445
3.5324999999999998 59.047532401872836
3.5374999999999996 154.16254550701814
3.5425 -206.57580156851287
3.5475 -55.62570995712649
3.5524999999999998 55.540457421499106
3.5574999999999997 124.5162592808219
3.5625 136.73762551732838
3.5675 -36.61448030530312
3.5725 -77.47942187993225
3.5774999999999997 64.16038154784705
3.5825 -270.3578719301741
3.5875 26.279189176934043
3.5925 30.901156346013003
3.5974999999999997 52.065248848164345
3.6025 -413.23182289503535
3.6075 214.13054931578745
3.6125 55.162935840916006
3.6174999999999997 104.65214004686814
3.6225 -73.50696573282842
3.6275 -26.956992508146794
3.6325 24.12514857966655
3.6374999999999997 143.01621241313805
3.6424999999999996 1.5086511303465828
3.6475 -186.41207314513213
3.6525 -98.12065224336146
3.6574999999999998 151.21830921639113
3.6624999999999996 202.51555067351737
3.6675 -71.74176512016456
3.6725 158.70649412915708
3.6774999999999998 -83.42162409107468
3.6824999999999997 158.11113328108678
3.6875 -369.7244339820045
3.6925 78.99899057505971
3.6975 149.12982525996603
3.7024999999999997 -54.42602972602849
3.7075 -185.28449779101655
3.7125 -0.13549859784063206
3.7175 90.16919467366469
3.7224999999999997 -160.41862935041652
3.7275 52.6751460317498
3.7325 10.239889941903177
3.7375 66.64786519281108
3.7424999999999997 16.127445905629603
3.7474999999999996 -17.98123893133761
3.7525 67.59476215274232
3.7575 162.96934249880061
3.7624999999999997 -83.96826867816283
3.7674999999999996 225.9392242019499
3.7725 -349.6874372085182
3.7775 211.4561419808813
3.7824999999999998 -161.9813293346139
3.7874999999999996 97.2786574618959
3.7925 -192.71834686416835
3.7975 45.42087833292484
3.8024999999999998 -31.312706102254985
3.8074999999999997 -111.2025904906131
3.8125 188.16625737306637
3.8175 147.18053334631148
3.8225 -31.781840848024977
3.8274999999999997 110.18230438911877
3.8325 -73.63825652198443
3.8375 -70.38434270697243
3.8425 186.42643031192188
3.8474999999999997 -186.64742989334704
3.8525 5.447470861701671
3.8575 -22.578772637807408
3.8625 -37.211340229627105
3.8674999999999997 49.47292309305239
3.8724999999999996 15.829243617524043
3.8775 5.906393861872239
3.8825 129.99021402038161
3.8874999999999997 -52.58439260669654
3.8924999999999996 -86.87522958408827
3.8975 68.76753533027617
3.9025 148.7856487999764
3.9074999999999998 18.704631352436955
3.9124999999999996 23.868300663735642
3.9175 -108.91258739440056
3.9225 -38.87219941111125
3.9274999999999998 -198.8316805545099
3.9324999999999997 -144.4360497724394
3.9375 173.89704273916004
3.9425 440.233093714214
3.9475 -413.82850800936995
3.9524999999999997 47.816471662878925
3.9575 -112.72000435820225
3.9625 -94.4730989818692
3.9675 134.001505946811
3.9724999999999997 1.755991606637938
3.9775 -54.43554104741038
3.9825 217.78982698523095
3.9875 -140.22370487715932
3.9924999999999997 -294.7554718456737
3.9974999999999996 100.49341632296414
4.0024999999999995 -118.07953296580378
4.007499999999999 7.077800139768372
4.0125 92.92489487095759
4.0175 140.23627316931365
4.0225 321.9682084075006
4.0275 -199.14573265446708
4.0325 -84.29416239495194
4.0375 -73.77759028124609
4.0424999999999995 -171.57671043876687
4.047499999999999 236.08060605030244
4.0525 -31.324795032127803
4.0575 -305.507441235616
4.0625 67.05126704032006
4.0675 -4.169702080717265
4.0725 150.84049897234246
4.0775 -38.99104993981755
4.0825 237.28207517248387
4.0874999999999995 31.91494408188741
4.0925 156.12703148123973
4.0975 -192.1848890163174
4.1025 -72.6747822853722
4.1075 -63.84479885715183
4.1125 7.15281283650864
4.1175 4.574630176676196
4.1225 129.47314238853843
4.1274999999999995 7.208038384623048
4.132499999999999 -5.857362061293297
4.1375 153.05290643415213
4.1425 158.60902081600221
4.1475 -240.81205414319692
4.1525 -128.95980854559684
4.1575 -113.35010022089268
4.1625 55.74743100138897
4.1674999999999995 303.47038918078954
4.172499999999999 145.10405581628663
4.1775 -205.7222469583916
4.1825 -38.70981007618272
4.1875 -114.41226453239935
4.1925 34.16244433653389
4.1975 35.77850669831999
4.2025 -80.54426522056555
4.2075 115.32481767838655
4.2124999999999995 -54.75102261542831
4.2175 -63.28779482087903
4.2225 -69.34447013964103
4.2275 229.3017524404909
4.2325 38.76208622384177
4.2375 -255.20540140313176
4.2425 185.82520897047428
4.2475 33.10025107644035
4.2524999999999995 -67.80114610255161
4.257499999999999 -41.12873517763921
4.2625 224.686409102839
4.2675 1.1856192445375742
4.2725 65.1198191671906
4.2775 -275.3596458747037
4.2825 20.07550615749495
4.2875 -25.62957413742295
4.2924999999999995 -47.973540115958066
4.297499999999999 85.12618952003912
4.3025 -142.25389980126556
4.3075 105.81434633227562
4.3125 -103.7110554368405
4.3175 149.12388882589238
4.3225 95.67307514647561
4.3275 -381.3950384844488
4.3325 205.127967471625
4.3374999999999995 49.20904672340078
4.342499999999999 -74.35568040239563
4.3475 -137.7130101236663
4.3525 152.25704741031913
4.3575 51.15287130167334
4.3625 -132.36648653712726
4.3675 22.461366840962157
4.3725 118.35171968523602
4.3774999999999995 -122.36210913947005
4.382499999999999 2.8560038927358122
4.3875 85.4873290624219
4.3925 107.14939120820777
4.3975 -43.213547795328004
4.4025 -58.4548554825579
4.4075 -223.04251359587818
4.4125 70.74362863515283
4.4174999999999995 84.58769606550386
4.422499999999999 -93.41783588188552
4.4275 -3.0933370399263267
4.4325 223.29580241463913
4.4375 -139.11393645674386
4.4425 65.86127774342695
4.4475 -66.20210524667034
4.4525 46.0180321511977
4.4575 -87.02458297560021
4.4624999999999995 66.13911154264872
4.467499999999999 -28.233647952797455
4.4725 19.90303113490433
4.4775 -209.9323690298504
4.4825 276.87708816454176
4.4875 -173.43630857723176
4.4925 -91.10207485942271
4.4975 -56.808708959799766
4.5024999999999995 370.9206502515156
4.507499999999999 -95.90159358055168
4.5125 -49.4696913780829
4.5175 129.28965848153385
4.5225 -228.81335148907405
4.5275 -55.693673870343034
4.5325 249.90408300874222
4.5375 -106.45622111179048
4.5424999999999995 85.66856590116372
4.547499999999999 -143.89024933272327
4.5525 59.85103358946797
4.5575 144.3619853721916
4.5625 -107.11881952671612
4.5675 -7.288977186054813
4.5725 -16.992977204057365
4.5775 124.30651992662652
4.5825 -98.79189286414078
4.5874999999999995 111.88034375392903
4.592499999999999 -5.464851856421505
4.5975 73.21054746718036
4.6025 205.18562160880023
4.6075 -70.44741432545766
4.6125 -173.36954313551124
4.6175 163.08807446988524
4.6225 27.13684942038676
4.6274999999999995 100.73465647670488
4.632499999999999 -95.33915503922606
4.6375 -175.29792522170771
4.6425 150.2065493948185
4.6475 130.6449593416145
4.6525 -127.21645003647244
4.6575 137.13854120756403
4.6625 44.885651200078826
4.6674999999999995 147.53833722198107
4.672499999999999 -359.55018009218077
4.6775 9.39825530717505
4.6825 -48.52138738524578
4.6875 53.72950830434419
4.6925 -374.27682453840976
4.6975 -43.67297621150825
4.7025 339.0099651646778
4.7075 69.12320608984763
4.7124999999999995 -365.1743615494842
4.717499999999999 145.84226343332247
4.7225 -242.87295361622924
4.7275 18.881854995948526
4.7325 167.33982829361454
4.7375 223.49118234866046
4.7425 -209.7889600990657
4.7475 236.59756294047403
4.7524999999999995 -21.281603763961915
4.757499999999999 78.3980648217112
4.7625 247.4719032046616
4.7675 -63.105803147734854
4.7725 46.82726463265321
4.7775 -29.452630180522426
4.7825 -323.0058250410645
4.7875 157.28510851390055
4.7924999999999995 -216.0053401660784
4.797499999999999 61.0874749730973
4.8025 -146.31728635455593
4.8075 33.57834001487965
4.8125 -43.51670104839746
4.8175 106.04340623651046
4.8225 -98.44835863512985
4.8275 288.9620579035731
4.8325 -236.84045161754813
4.8374999999999995 -50.047930913415975
4.842499999999999 69.65878583621928
4.8475 -210.84622509251915
4.8525 -165.8567997548747
4.8575 198.49202171065244
4.8625 84.30569573400587
4.8675 -55.907050729613815
4.8725 -152.6664347400188
4.8774999999999995 20.17768270314727
4.882499999999999 123.18137203487963
4.8875 -135.27130069151224
4.8925 -14.646632016024814
4.8975 152.0329383723598
4.9025 323.48445271928455
4.9075 -375.90693032022745
4.9125 -147.1208292708811
4.9174999999999995 362.3235271506469
4.922499999999999 -329.8341940737842
4.9275 59.9361701662673
4.9325 79.56297743813278
4.9375 64.86522605011099
4.9425 -281.1485295274412
4.9475 -29.54179429526094
4.9525 103.63650726623098
4.9575 242.6288288344962
4.9624999999999995 -122.99423173220191
4.967499999999999 447.98280746361405
4.9725 -156.08956832547705
4.9775 42.51156867682528
4.9825 -287.94719360922875
4.9875 253.7291298017503
4.9925 -0.23307044310325914
4.9975 -383.33086338391155
5.0024999999999995 283.27047920164097
5.007499999999999 -100.16279030173031
5.0125 368.4043011810864
5.0175 -79.74080179771781
5.0225 -232.13490096335485
5.0275 227.9787754080177
5.0325 64.79768110189703
5.0375 -108.89080660923142
5.0424999999999995 -140.04657571130852
5.047499999999999 -61.30232154883336
5.0525 66.38575304215189
5.0575 -50.48470620507897
5.0625 -8.035241523775062
5.0675 -332.8938870825097
5.0725 215.1745537511072
5.0775 -229.7095641446623
5.0825 87.7142997029818
5.0874999999999995 124.95678242759965
5.092499999999999 -93.34849125266024
5.0975 395.09158036337914
5.1025 -369.31290455556547
5.1075 21.86421795710751
5.1125 -140.8480487872251
5.1175 128.24635391119762
5.1225 -123.33233852882613
5.1274999999999995 291.34541568564117
5.132499999999999 -105.39443227661384
5.1375 134.95780300633757
5.1425 -132.28849552424091
5.1475 399.8481889231665
5.1525 -35.77498061240787
5.1575 78.81506448147486
5.1625 -321.59395637551063
5.1674999999999995 150.8854728554141
5.172499999999999 23.33424134320046
5.177499999999999 -113.58195465064317
5.1825 -55.52028374344641
5.1875 67.24867646765699
5.1925 104.93316911215682
5.1975 -177.31925391737332
5.2025 -121.2292117192447
5.2075 129.54749110996372
5.2124999999999995 -153.42815328083435
5.217499999999999 26.55331543523786
5.2225 -91.39898543197606
5.2275 59.98086928448468
5.2325 233.75450002210826
5.2375 -380.9313715654467
5.2425 43.706865100876975
5.2475 231.6839038888899
5.2524999999999995 74.08288115718231
5.257499999999999 27.853034794722166
5.2625 -73.16064914986677
5.2675 -4.376750203218285
5.2725 -100.13291496533714
5.2775 -37.26966268440537
5.2825 110.64420067232884
5.2875 13.545936551501068
5.2924999999999995 136.94764808245722
5.297499999999999 -91.12549425694057
5.302499999999999 43.00994355852768
5.3075 -39.461041485630304
5.3125 247.64203430047192
5.3175 -123.20366502088348
5.3225 106.90448644298755
5.3275 19.363118919995905
5.3325 63.61952189174525
5.3374999999999995 -140.79059562890376
5.342499999999999 -5.824087009438481
5.3475 -71.77399275951296
5.3525 202.84927962140534
5.3575 -187.90730002624474
5.3625 49.81367032975947
5.3675 72.21966151760512
5.3725 -61.532494295960134
5.3774999999999995 287.3660794463243
5.382499999999999 -306.544097006369
5.3875 -25.828695098557812
5.3925 -54.8290637805078
5.3975 242.53918940369917
5.4025 120.99243899860295
5.4075 155.81447517614805
5.4125 -121.77465059769013
5.4174999999999995 -95.12012435646088
5.422499999999999 -78.7555167417776
5.427499999999999 -203.46282810998912
5.4325 177.57359287079473
5.4375 142.3764350656536
5.4425 -118.04930511457333
5.4475 -150.26993000657237
5.4525 -18.21665496658734
5.4575 89.06640120965244
5.4624999999999995 -31.33998544122536
5.467499999999999 215.70615385629245
5.4725 -302.7206451242403
5.4775 37.334524756539835
5.4825 52.64812361971184
5.4875 -40.09192434279382
5.4925 169.88767441343137
5.4975 -87.18963426467499
5.5024999999999995 237.49519578741675
5.507499999999999 -177.65523937471087
5.5125 -74.62531859350831
5.5175 -126.4235820595845
5.5225 167.29272562850878
5.5275 -44.7954517210384
5.5325 -27.178521042756493
5.5375 33.81026951357926
5.5424999999999995 22.273244186082202
5.547499999999999 54.92332032792441
5.552499999999999 199.35801612890177
5.5575 -114.02181651958789
5.5625 -56.005914117724025
5.5675 34.1354825438237
5.5725 -52.69842385361304
5.5775 -232.2374806098552
5.5825 156.88128309593208
5.5874999999999995 13.806885865387798
5.592499999999999 -103.99769329083334
5.5975 99.97454501010965
5.6025 -125.33241836960616
5.6075 63.957181416254414
5.6125 -123.18337607482128
5.6175 64.45315966028191
5.6225 -125.16615400315742
5.6274999999999995 233.42305603675902
5.632499999999999 -80.9147219972138
5.6375 -49.994133451725176
5.6425 48.646103818741366
5.6475 -128.76372752943556
5.6525 -101.71231894207526
5.6575 111.20799071790738
5.6625 100.1908980637267
5.6674999999999995 -218.5665570460357
5.672499999999999 56.98249457209227
5.677499999999999 168.433728932672
5.6825 -229.93049877269567
5.6875 569.7949293753051
5.6925 -116.93126345120218
5.6975 105.7188138902852
5.7025 -223.46877548450826
5.7075 0.5390453198683887
5.7124999999999995 -85.40325460269526
5.717499999999999 -53.056348392256055
5.7225 -61.24393826912657
5.7275 74.67933376173073
5.7325 168.75358306137474
5.7375 184.46619940166335
5.7425 -308.187127049271
5.7475 169.1868794566118
5.7524999999999995 -7.560723492213328
5.757499999999999 151.34388160696636
5.7625 108.23201651249171
5.7675 -128.77175786743058
5.7725 -50.752452474455836
5.7775 -110.21291436169575
5.7825 -175.35221974379334
5.7875 320.59302078933837
5.7924999999999995 18.635489363319692
5.797499999999999 -207.15843609146154
5.802499999999999 94.28459736367036
5.8075 114.66942035602688
5.8125 -239.85632891694925
5.8175 327.5451531397794
5.8225 -55.08571801846777
5.8275 -16.221139849185423
5.8325 -179.95401869557577
5.8374999999999995 205.59982680575646
5.842499999999999 -109.24537469081245
5.8475 -156.55636284116835
5.8525 118.51401572676416
5.8575 80.336039614294
5.8625 -86.16293618277561
5.8675 -138.75693432534584
5.8725 130.59617926215677
5.8774999999999995 -43.91492481612017
5.882499999999999 87.17630659845355
5.8875 42.381166971143195
5.8925 37.38463587886297
5.8975 -65.62929850579175
5.9025 -18.51607960054904
5.9075 -77.9404535214866
5.9125 -125.79222193315519
5.9174999999999995 147.57451611316304
5.922499999999999 -75.84333407001664
5.927499999999999 83.80131559851579
5.9325 -279.1140711673091
5.9375 228.3712503482473
5.9425 -215.27632388985126
5.9475 446.49842334150213
5.9525 -82.31471317579934
5.9575 9.213822758268677
5.9624999999999995 -124.83929807481643
5.967499999999999 -189.11349309725608
5.9725 196.10265917749058
5.9775 -35.07112810913376
5.9825 -91.48763924563086
5.9875 229.26318048805922
5.9925 -89.79960161758078
5.9975 4.131693416796895
6.0024999999999995 32.81858161413171
6.007499999999999 161.00231878618723
6.012499999999999 -187.3820488067036
6.0175 335.41236792852015
6.0225 -321.2892405808313
6.0275 0.2399920975097065
6.0325 225.02099398776048
6.0375 29.589588757576397
6.0424999999999995 -332.87098013151945
6.047499999999999 27.794967317781115
6.052499999999999 300.3882412960226
6.0575 -155.358552820366
6.0625 143.29278826467623
6.0675 -62.75395702282557
6.0725 91.03286793336173
6.0775 -220.52788301883257
6.0825 156.24984638733204
6.0874999999999995 -198.2992976861151
6.092499999999999 11.237317712874765
6.0975 -71.02096596610994
6.1025 169.17455051663703
6.1075 -134.1628708307259
6.1125 79.29466267443338
6.1175 55.49315972351339
6.1225 -25.184656331990862
6.1274999999999995 -137.2684696531951
6.132499999999999 240.97087966036204
6.137499999999999 49.913349722609844
6.1425 -245.07682200152595
6.1475 -134.77588979044302
6.1525 164.66047558608517
6.1575 -24.350282833474335
6.1625 37.154161893728215
6.1674999999999995 -235.00088986517315
6.172499999999999 145.4783086408675
6.177499999999999 180.4116124786157
6.1825 83.01918037599853
6.1875 -171.89196434917642
6.1925 2.0112861348187105
6.1975 -222.30361785777427
6.2025 237.65445624065143
6.2075 -93.25109113337552
6.2124999999999995 25.272747852242016
6.217499999999999 -148.02777283865726
6.2225 -20.902406224680206
6.2275 66.12874117195175
6.2325 -156.66544907731895
6.2375 307.97571867745864
6.2425 -83.90654895868397
6.2475 333.91251916701844
6.2524999999999995 -58.06783001511635
6.257499999999999 16.027051959677536
6.262499999999999 -74.56740944559971
6.2675 139.6767640933938
6.2725 -338.89929682246304
6.2775 1.1433523339544025
6.2825 72.11908560675735
6.2875 -94.8542891050183
6.2924999999999995 229.29058650999323
6.297499999999999 -167.4211016486013
6.302499999999999 13.142614748479575
6.3075 -51.881247879923095
6.3125 -153.34482372088138
6.3175 274.07751069283324
6.3225 45.89861910703894
6.3275 138.84780761564156
6.3325 -237.92886436937172
6.3374999999999995 139.65522535788617
6.342499999999999 -122.22823469176377
6.3475 69.285061161695
6.3525 -41.74572509396662
6.3575 15.837335800227349
6.3625 150.5317924263257
6.3675 -74.80286975080486
6.3725 -305.21284502034183
6.3774999999999995 339.7864852166433
6.382499999999999 -172.8413740628952
6.387499999999999 169.06624148425138
6.3925 -238.21261394390288
6.3975 60.08553161732898
6.4025 -62.12406294494402
6.4075 239.93065994026117
6.4125 -52.68413351529401
6.4174999999999995 176.0045295677799
6.422499999999999 -151.00899303790186
6.427499999999999 -64.82535479957112
6.4325 -10.802632838144293
6.4375 -334.34879424025894
6.4425 237.17601926124738
6.4475 -144.09930168431868
6.4525 143.65431927090407
6.4575 8.081172503051699
6.4624999999999995 187.48493672275785
6.467499999999999 -76.25340738253651
6.4725 4.459721392824364
6.4775 -25.095017295947233
6.4825 10.86035000428821
6.4875 3.7880949663329084
6.4925 -78.03509579443107
6.4975 -51.561643112044884
6.5024999999999995 -57.132392583566585
6.507499999999999 330.9351674036217
6.512499999999999 -105.0227090650827
6.5175 153.73100023811716
6.5225 128.59455777754195
6.5275 -67.84990289155539
6.5325 -63.37822546918879
6.5375 -65.73096081104981
6.5424999999999995 127.17138235011053
6.547499999999999 -252.91482880926503
6.552499999999999 65.49205075538234
6.5575 120.57693268602779
6.5625 -166.8167923317868
6.5675 -209.5479435073662
6.5725 77.84773369787864
6.5775 148.70662271062918
6.5825 -64.59251276246299
6.5874999999999995 -41.57208752244459
6.592499999999999 251.01861031366855
6.5975 -89.44087138713165
6.6025 86.0519216417789
6.6075 -198.08127666755698
6.6125 -1.1276843060697788
6.6175 86.66807494394607
6.6225 -4.798052212035529
6.6274999999999995 -68.96871682427326
6.632499999999999 12.339114350391357
6.637499999999999 -61.698125543655784
6.6425 88.40972746021298
6.6475 -156.53848077272687
6.6525 12.734256244977711
6.6575 92.0375800240865
6.6625 -243.45669338049575
6.6674999999999995 218.264545022641
6.672499999999999 21.220965553819315
6.677499999999999 -119.84059037776551
6.6825 396.68339999426814
6.6875 100.37087405992627
6.6925 66.49045619908289
6.6975 74.2625572723389
6.7025 -214.11415069794197
6.7075 -8.319222522520459
6.7124999999999995 11.452916261050643
6.717499999999999 -87.98836972536603
6.722499999999999 -186.0903869738587
6.7275 -151.19085306076806
6.7325 8.45126939613147
6.7375 214.19069286695213
6.7425 316.6845270712401
6.7475 15.758300894719586
6.7524999999999995 -318.91535412411554
6.757499999999999 236.64321709888884
6.762499999999999 -385.63810352141655
6.7675 -65.92157199172385
6.7725 268.2125421600696
6.7775 -107.42286587658634
6.7825 54.58368004570352
6.7875 161.34116765351868
6.7924999999999995 157.49585817377735
6.797499999999999 -155.14624059472118
6.802499999999999 -388.34056384627695
6.8075 464.03680356723254
6.8125 102.7958487581141
6.8175 -296.3841047365504
6.8225 -34.070106371103485
6.8275 -61.853880257229406
6.8325 -145.83121273793816
6.8374999999999995 165.98666791836325
6.842499999999999 81.65703903063505
6.847499999999999 51.49530374088915
6.8525 -70.48609200602363
6.8575 -57.70214945923495
6.8625 147.69376534286113
6.8675 -125.2361348433712
6.8725 -75.64923090026033
6.8774999999999995 153.42737693236856
6.882499999999999 -43.79565519082682
6.887499999999999 204.82387704095208
6.8925 -45.93216695820476
6.8975 -68.20520574090473
6.9025 -107.97184294671656
6.9075 67.70132033840892
6.9125 -162.31193746035765
6.9174999999999995 128.3206304585325
6.922499999999999 87.34791513720565
6.927499999999999 -61.41346119377989
6.9325 -139.10157606807698
6.9375 59.695887848894294
6.9425 129.8098447181542
6.9475 52.98137839468141
6.9525 -20.147409315460735
6.9575 -54.181386534317845
6.9624999999999995 -97.11260928875721
6.967499999999999 222.6689144501263
6.972499999999999 22.88447714957452
6.9775 -177.947892679261
6.9825 87.95831635516367
6.9875 70.40444014826369
6.9925 -68.81308948448182
6.9975 25.82332334491264
7.0024999999999995 -98.12043756327299
7.007499999999999 -233.7274948373579
7.012499999999999 246.5677875848605
7.0175 -76.66361491123182
7.0225 -34.61185575215359
7.0275 126.78098354989675
7.0325 -88.30295612412756
7.0375 183.8302952681884
7.0424999999999995 -210.99855295133094
7.047499999999999 101.11957606603686
7.052499999999999 -214.81209981129646
7.0575 95.56988935604178
7.0625 -174.39949122262365
7.0675 133.6586303968395
7.0725 136.86542773859878
7.0775 -94.20249996084176
7.0825 224.64396152675693
7.0874999999999995 -160.30227813743213
7.092499999999999 -20.542216360427034
7.097499999999999 236.90395402719156
7.1025 -302.48386857942444
7.1075 78.2319114467762
7.1125 -24.17823581409564
7.1175 494.12080795372424
7.1225 63.698311573115795
7.1274999999999995 -121.85602257524891
7.132499999999999 -129.8485323991411
7.137499999999999 93.2031136863846
7.1425 128.11798719248344
7.1475 -8.166837950795303
7.1525 -224.56335760784134
7.1575 323.75017630484285
7.1625 -103.24067405965273
7.1674999999999995 -49.96138259956538
7.172499999999999 -244.18946498182723
7.177499999999999 245.5171032302267
7.1825 -82.20909410860736
7.1875 1.618398907499185
7.1925 -65.60395678126986
7.1975 -12.87416002823155
7.2025 7.086321945817584
7.2075 -112.56561996546299
7.2124999999999995 -70.18805314584932
7.217499999999999 -110.38877307933687
7.222499999999999 -90.7972705829147
7.2275 93.38013297918984
7.2325 -130.97239417590046
7.2375 -12.348821864241465
7.2425 224.28605475201948
7.2475 -27.346949579241997
7.2524999999999995 -108.85516369455591
7.257499999999999 19.417536786088856
7.262499999999999 -29.338473796759992
7.2675 -64.07884193165344
7.2725 214.99709628196442
7.2775 -139.2746957230632
7.2825 194.3755904329459
7.2875 -267.4583700224066
7.2924999999999995 26.368280985997643
7.297499999999999 -57.574046205557345
7.302499999999999 36.508998266904975
7.3075 140.12626525374478
7.3125 87.76230796952649
7.3175 61.65171085980961
7.3225 -27.131282183595975
7.3275 67.79195923972742
7.3325 192.69438631620088
7.3374999999999995 -167.09318797837176
7.342499999999999 -267.1985731007738
7.347499999999999 -7.236163252602586
7.3525 92.76234441082629
7.3575 -201.99909551498982
7.3625 413.95029491166747
7.3675 -143.16909226886747
7.3725 1.2160335509842959
7.3774999999999995 139.6350119413188
7.382499999999999 -171.08037836405728
7.387499999999999 84.32039731496297
7.3925 -65.85426652727391
7.3975 95.91016473078305
7.4025 12.58508825600618
7.4075 -13.632569054750444
7.4125 -169.76064281670162
7.4174999999999995 282.84746182457167
7.422499999999999 -283.36638445537557
7.427499999999999 162.2227181788235
7.4325 -52.63871581420007
7.4375 -174.88797072997843
7.4425 2.3152084992072397
7.4475 -20.945754496567094
7.4525 102.1250442083205
7.4575 134.37751460187332
7.4624999999999995 -88.95516383855319
7.467499999999999 58.62932269426245
7.472499999999999 165.6202006517378
7.4775 42.02007282540798
7.4825 -228.65430742652617
7.4875 -19.782859234792344
7.4925 71.40376168315387
7.4975 31.346697269777255
7.5024999999999995 123.20588465378098
7.507499999999999 -14.407201658852705
7.512499999999999 -119.33074891865964
7.5175 -43.875125640982354
7.5225 140.21461159968862
7.5275 -18.78681389042782
7.5325 -14.852362237660966
7.5375 210.42362825946623
7.5424999999999995 -121.88813090036489
7.547499999999999 -65.92134237679626
7.552499999999999 7.256410683759522
7.557499999999999 109.24697660034171
7.5625 59.0120324866372
7.5675 87.84387022236366
7.5725 4.585010745170805
7.5775 88.28477568786468
7.5825 -435.8933360548453
7.5874999999999995 366.3513177978193
7.592499999999999 -60.97014516629256
7.597499999999999 156.16436160508735
7.6025 -388.87032509117023
7.6075 97.90559950763239
7.6125 -16.747954654274352
7.6175 201.55898014853338
7.6225 7.783902359443035
7.6274999999999995 -142.79852654026507
7.632499999999999 -133.35337373286958
7.637499999999999 10.170228194067288
7.6425 88.47216745671865
7.6475 32.16858936302019
7.6525 -75.31737482725391
7.6575 50.39707777997727
7.6625 -67.6114918042578
7.6674999999999995 -127.20861549619218
7.672499999999999 -121.6605301364923
7.677499999999999 12.143901133913452
7.682499999999999 -26.18071930867647
7.6875 -181.05752566823787
7.6925 254.98035916799967
7.6975 83.06399574910905
7.7025 129.40353669569345
7.7075 14.386223012708577
7.7124999999999995 -146.99935822069347
7.717499999999999 -157.65662428248996
7.722499999999999 114.61207004742916
7.7275 170.79661168354298
7.7325 -123.0617770093771
7.7375 210.79544101423986
7.7425 -211.90381806030325
7.7475 349.49744197482187
7.7524999999999995 8.116389774811983
7.757499999999999 -146.55302364510354
7.762499999999999 -27.79194594061207
7.7675 242.75326597992088
7.7725 -321.64032013307684
7.7775 209.13997673087832
7.7825 -106.37998421878723
7.7875 158.77838610244157
7.7924999999999995 -70.08420193267118
7.797499999999999 86.96809191369431
7.802499999999999 -292.5324635758364
7.807499999999999 154.6152327348581
7.8125 -302.3231559433573
7.8175 252.3199737061656
7.8225 19.603556424821782
7.8275 255.29440870205946
7.8325 -58.4206452268669
7.8374999999999995 -211.5172848175267
7.842499999999999 84.52927623820617
7.847499999999999 -149.1557317451007
7.8525 -152.40461756888047
7.8575 287.65417519062675
7.8625 -205.83626307309225
7.8675 22.685241461160153
7.8725 -234.01019805205854
7.8774999999999995 163.532253165261
7.882499999999999 207.25160678930985
7.887499999999999 78.06787151605867
7.8925 -214.6260455987399
7.8975 87.98182313403208
7.9025 120.22223565165073
7.9075 -236.01585569339633
7.9125 124.9186201634643
7.9174999999999995 142.0393970886868
7.922499999999999 -115.43097056738907
7.927499999999999 -270.21429483441665
7.932499999999999 -3.972267454951302
7.9375 40.26112642335077
7.9425 -103.27090454257288
7.9475 335.1650820186702
7.9525 -65.97263282507274
7.9575 235.84523719631486
7.9624999999999995 -260.1487356511063
7.967499999999999 260.61457867938134
7.972499999999999 -386.1139693399694
7.9775 78.73592897654373
7.9825 97.6721696826265
7.9875 38.4699220846173
7.9925 227.37911164857573
7.9975 -183.41485830886126
8.0025 96.45406209697816
8.0075 -96.62191863570422
8.0125 93.90666040376193
8.0175 10.670664388886776
8.022499999999999 -62.646947321444244
8.0275 -48.39955159931176
8.032499999999999 -100.88088921055329
8.0375 113.78622226137628
8.0425 72.41189687848262
8.0475 -31.869233605312733
8.0525 -144.57618873006533
8.0575 33.91696722814493
8.0625 -48.04715158595787
8.067499999999999 88.26366685531998
8.0725 3.327446104047529
8.077499999999999 -168.74730819200383
8.0825 -56.5122566137699
8.0875 63.067214747242446
8.0925 207.73230731793353
8.0975 -83.41760717858273
8.1025 121.2019274952003
8.1075 -44.86375542651724
8.112499999999999 96.89626990759065
8.1175 -29.153978584854308
8.1225 -21.771367651033874
8.1275 -60.09554840406474
8.1325 250.22295866698502
8.1375 -171.43054109574453
8.1425 107.82061778234322
8.147499999999999 33.945790447886345
8.1525 130.10933669870053
8.157499999999999 -130.6561369502353
8.1625 19.20699434710499
8.1675 -200.4157504595437
8.1725 -103.36718823328845
8.1775 181.81531795827215
8.1825 -50.30996066751502
8.1875 -55.70662532829577
8.192499999999999 276.11583033390684
8.1975 -166.0808217496967
8.202499999999999 -237.91971464215663
8.2075 107.88669553064521
8.2125 233.83811850663974
8.2175 -64.10711825337606
8.2225 -125.60198734727932
8.2275 189.57822088122234
8.2325 -189.70756974653798
8.237499999999999 34.00654159041381
8.2425 89.68077016862492
8.2475 -25.225897804676748
8.2525 80.37969658338439
8.2575 138.75819529947256
8.2625 -214.17898395307407
8.2675 -204.81957817580331
8.272499999999999 252.14469849992642
8.2775 63.53039805830744
8.282499999999999 -322.2882807608489
8.2875 258.25009843528545
8.2925 39.07151477393172
8.2975 91.52449461265397
8.3025 -18.74840069467817
8.3075 -38.2740617356386
8.3125 -88.6295159215834
8.317499999999999 10.958062011700227
8.3225 135.8349972627617
8.327499999999999 -238.10061291401664
8.3325 99.62783278549556
8.3375 -161.47600635516343
8.3425 198.8282940303929
8.3475 -198.46723396503947
8.3525 -72.96014587520527
8.3575 52.505012291913744
8.362499999999999 248.03588529779705
8.3675 -274.8955083129482
8.3725 68.3442638306688
8.3775 336.3695762681786
8.3825 15.007830623393644
8.3875 -289.5901376616693
8.3925 85.27028466391684
8.397499999999999 -17.896919658675248
8.4025 134.7549948320318
8.407499999999999 105.22130597661112
8.4125 -221.25741833006367
8.4175 91.15853592006586
8.4225 -102.97559763949128
8.4275 -111.84935044284897
8.4325 15.664310458421296
8.4375 126.07536358736229
8.442499999999999 68.92721165627798
8.4475 47.10612636987748
8.452499999999999 -52.4747115428782
8.4575 -195.17303478666292
8.4625 52.18030994105841
8.4675 -226.89380595901665
8.4725 152.92301859878296
8.4775 151.1797475933416
8.4825 -152.15977094755488
8.487499999999999 62.84340585349508
8.4925 -84.13472489479174
8.4975 -121.53178182276952
8.5025 -138.31507559603793
8.5075 400.33037579724476
8.5125 10.998785436265807
8.5175 -53.11312953216074
8.522499999999999 -145.09342247399493
8.5275 -113.10189490556887
8.532499999999999 345.6739422288365
8.5375 -114.98432124170928
8.5425 -169.63503358247038
8.5475 -81.40891648195276
8.5525 4.135629593982815
8.5575 277.2043974672283
8.5625 -196.46272222719566
8.567499999999999 78.56488835643205
8.5725 62.49073469386028
8.577499999999999 -114.97590220314342
8.5825 141.4098487490415
8.5875 108.23533270470104
8.5925 -221.04973235176806
8.5975 144.5792305686219
8.6025 40.994916782096844
8.6075 22.318855974292585
8.612499999999999 -62.554217628999844
8.6175 190.0441636505375
8.6225 -111.87665254593539
8.6275 152.04506138261445
8.6325 -89.32351302649352
8.6375 -10.70365985660554
8.6425 -0.8204138731302608
8.647499999999999 -134.1118119711443
8.6525 90.68174177296612
8.657499999999999 27.505266637506214
8.6625 -71.11153898883326
8.6675 56.07483386064489
8.6725 -76.96772481640863
8.6775 102.16950581654113
8.6825 -221.72808432449406
8.6875 50.87105115045646
8.692499999999999 17.832421615020547
8.6975 -21.7638381400396
8.702499999999999 144.63392971300118
8.7075 -151.96093836821254
8.7125 8.510124044362263
8.7175 244.71021236048693
8.7225 -281.3547850507925
8.7275 -1.6436658509130408
8.7325 -38.36822587168208
8.737499999999999 251.8393540691045
8.7425 104.36853070850267
8.747499999999999 -234.25868321468735
8.7525 135.42243879630018
8.7575 94.50363261899642
8.7625 -61.590223370500006
8.7675 -168.33515492351805
8.772499999999999 -53.1465513994055
8.7775 156.1808278244624
8.782499999999999 14.818654766289924
8.7875 -4.470556848886136
8.7925 -48.1006587558251
8.7975 95.06440702777911
8.8025 -16.03563914676809
8.8075 43.79353312782549
8.8125 105.11757134728731
8.817499999999999 -37.531571800203096
8.8225 161.0109037527896
8.827499999999999 33.44488795054556
8.8325 93.61176825497934
8.8375 -162.05551245696387
8.8425 91.54163086023034
8.8475 -54.88155968865008
8.8525 -132.71630073440792
8.8575 150.35185432645804
8.862499999999999 -70.68562645701284
8.8675 153.31547353817075
8.872499999999999 -89.63426742186167
8.8775 25.05603828690895
8.8825 106.20898294243678
8.8875 -45.370160145576804
8.8925 -62.88290830561759
8.897499999999999 -243.21234990791748
8.9025 81.18126874241874
8.907499999999999 14.904115468573735
8.9125 39.52427856749433
8.9175 -102.91521746652519
8.9225 -145.9397423059219
8.9275 124.37483780210967
8.9325 56.928976653417365
8.9375 -339.84969892992507
8.942499999999999 390.17809092419714
8.9475 -48.057783003826465
8.952499999999999 -157.57517703860532
8.9575 69.17128640301027
8.9625 -90.45871843859854
8.9675 155.71207388419413
8.9725 -44.73234593170704
8.9775 105.46700513381974
8.9825 -34.72880777989981
8.987499999999999 -3.1497015175569567
8.9925 11.781380086014995
8.997499999999999 -37.072903810765865
9.0025 -25.604419526039752
9.0075 93.48885360784683
9.0125 108.74055475885096
9.0175 -49.95271749801121
9.022499999999999 67.94959787716734
9.0275 -176.9530905451177
9.032499999999999 87.58191735472442
9.0375 -41.59580654708849
9.0425 -98.65937912877439
9.0475 100.91293082233501
9.0525 64.83129610227071
9.0575 -3.1118751886136535
9.0625 128.9820367180174
9.067499999999999 -288.7453766453525
9.0725 141.75446483279796
9.077499999999999 6.185772989294387
9.0825 -182.7626183562366
9.0875 -65.79460901630344
9.0925 61.128186555059166
9.0975 -16.937387101125246
9.1025 115.98271379013023
9.1075 114.24859724894543
9.112499999999999 -100.53434251922224
9.1175 -121.5189949687844
9.122499999999999 92.07289532628866
9.1275 283.48568921372663
9.1325 18.35778083252835
9.1375 -290.4691357769122
9.1425 17.248844420816148
9.147499999999999 59.867896141314034
9.1525 44.21792770101855
9.157499999999999 -109.08910061327367
9.1625 -16.661959982147454
9.1675 65.67484502809721
9.1725 -213.8232691152699
9.1775 69.29940867321609
9.1825 60.093998651336015
9.1875 -203.1480686118366
9.192499999999999 94.55419239507172
9.1975 81.81757575469287
9.202499999999999 -72.9282389730408
9.2075 95.24261702859572
9.2125 138.32287618752088
9.2175 -4.959067015426138
9.2225 -154.31839101388692
9.2275 49.61563615573234
9.2325 -179.56828583188172
9.237499999999999 206.03768273500853
9.2425 -165.48434598627878
9.247499999999999 116.70432863641187
9.2525 -71.23287633273534
9.2575 145.31083530906002
9.2625 235.82709801178822
9.2675 -285.6924736757077
9.272499999999999 158.47029418755767
9.2775 2.899890739922784
9.282499999999999 -22.59929593583867
9.2875 -159.23105989221594
9.2925 56.861998834336866
9.2975 -250.836264480881
9.3025 249.1779550777691
9.3075 -66.91707007621224
9.3125 101.84876784307183
9.317499999999999 109.60158099924084
9.3225 -20.084431664746376
9.327499999999999 173.68029253066896
9.3325 -159.076073632039
9.3375 -43.90580324798501
9.3425 10.380779029786149
9.3475 -5.284536635417745
9.3525 -54.79984361766112
9.3575 105.78863709228509
9.362499999999999 45.53453811683814
9.3675 -88.89726745433971
9.372499999999999 -141.3080615701065
9.3775 -60.16419966529054
9.3825 223.376484692116
9.3875 -145.63333595540405
9.3925 14.618098463080667
9.397499999999999 53.00753423241651
9.4025 -12.565293343895663
9.407499999999999 -253.69513191519525
9.4125 -1.5375728739716898
9.4175 1.3391921557533408
9.4225 -98.97581461852161
9.4275 244.03414824721432
9.4325 256.2834361194622
9.4375 -89.65721049279321
9.442499999999999 -11.005451637897282
9.4475 89.20724839610074
9.452499999999999 -42.88438578308238
9.4575 -227.01064975852333
9.4625 43.93711002620619
9.4675 104.59044902925524
9.4725 -131.88051871443602
9.4775 233.26613548464184
9.4825 -105.01359368141837
9.487499999999999 167.45977571059387
9.4925 -129.91510651701938
9.497499999999999 205.52244012751692
9.5025 -240.92962488119502
9.5075 -7.123691150257468
9.5125 -37.4033500875922
9.5175 11.455014770429033
9.522499999999999 19.60689998660413
9.5275 38.327600568022696
9.532499999999999 0.7487559886458756
9.5375 157.81252202839957
9.5425 -128.4648188958106
9.5475 65.77630456166277
9.5525 -5.232729191696855
9.5575 -15.420881495448818
9.5625 129.0308106258544
9.567499999999999 25.77848572117399
9.5725 -11.205380973928168
9.577499999999999 158.49127322845527
9.5825 -29.904032337826717
9.5875 -188.75924167373998
9.5925 121.50802424387129
9.5975 10.026505434284159
9.6025 -132.82300759409532
9.6075 3.0783093021492567
9.612499999999999 -147.17581650304382
9.6175 74.45584537078247
9.622499999999999 0.4106465973400848
9.6275 -55.53617485637853
9.6325 130.5177817354498
9.6375 -132.5941054596589
9.6425 22.449810022301563
9.647499999999999 192.0634525399534
9.6525 -90.9834628604929
9.657499999999999 -5.138307158285374
9.6625 -104.30322799282165
9.6675 -44.62029779457494
9.6725 74.96149195349147
9.6775 -129.67699017896982
9.6825 -148.02738096361068
9.6875 213.30540613175953
9.692499999999999 37.70126815320859
9.6975 -74.00044729282372
9.702499999999999 -93.83621138594792
9.7075 94.8724292106363
9.7125 51.259191171388245
9.7175 296.8311559212496
9.7225 -79.85937020928672
9.7275 -215.2604918419052
9.7325 168.71162142679847
9.737499999999999 24.14852147440476
9.7425 234.74363405070054
9.747499999999999 -197.10829782037163
9.7525 -129.98676479625723
9.7575 64.28088152097807
9.7625 -148.92242608650514
9.7675 -79.11802922023642
9.772499999999999 279.90575886425614
9.7775 -86.16798988232674
9.782499999999999 199.69165076360954
9.7875 -111.694678965658
9.7925 -205.7339625830784
9.7975 136.07045450862756
9.8025 98.16185558944262
9.8075 -189.37124388013584
9.8125 -106.51261466959244
9.817499999999999 40.218945569021265
9.8225 180.93387612175255
9.827499999999999 57.350513737918355
9.8325 -290.4675941330774
9.8375 26.015035624563254
9.8425 -156.27773821918737
9.8475 51.01953818971434
9.8525 -48.50910667098502
9.8575 222.21369351366943
9.862499999999999 -67.60907670260673
9.8675 -52.40474359794402
9.872499999999999 79.15787120967629
9.8775 -63.803273622522475
9.8825 293.5460600207647
9.8875 -126.76943490592232
9.8925 -130.06198269900298
9.897499999999999 -46.25163277286605
9.9025 138.71048013325782
9.907499999999999 106.02283379167378
9.9125 -100.96010386046855
9.9175 -304.61877633192137
9.9225 -31.14338450186484
9.9275 281.1093355093533
9.9325 -13.204163391678922
9.9375 19.16809020141506
9.942499999999999 -335.8278651782138
9.9475 476.0158638156639
9.952499999999999 -203.4928597029591
9.9575 67.72130563682222
9.9625 217.49535538046476
9.9675 -192.36406129447818
9.9725 -109.09632315411082
9.9775 358.57306751837626
9.9825 -260.58225205560353
9.987499999999999 136.12789643292345
9.9925 -68.61023831494533
9.997499999999999 -151.98044550505276
10.0025 28.33128614131298
