0.0075 253.03676867852724
0.012499999999999999 -79.98224169670792
0.017499999999999998 -276.8717589928698
0.0225 248.98094928584212
0.0275 -290.7639123945163
0.0325 -0.5978951652654519
0.0375 225.11917152823295
0.042499999999999996 122.6908035004534
0.0475 -20.618989427313494
0.0525 72.75930979048323
0.057499999999999996 -112.6316564291326
0.0625 -220.4356520315891
0.06749999999999999 403.05899544682916
0.0725 -54.82675817154093
0.0775 318.495891732201
0.08249999999999999 -137.6522245388997
0.0875 19.468888125086092
0.0925 -149.93317170420596
0.09749999999999999 -4.993454647003907
0.1025 78.23033401196126
0.1075 51.27481525005464
0.11249999999999999 -257.4233412030594
0.1175 -241.85252846282964
0.1225 451.72852919909934
0.1275 -44.24370773346242
0.1325 -236.14906314217146
0.13749999999999998 108.8715915899495
0.1425 11.462132964768985
0.1475 -117.81893870797968
0.1525 41.02072313143784
0.1575 45.470603320574604
0.1625 142.78192386777832
0.16749999999999998 -160.69553311049316
0.1725 175.86318572391423
0.1775 -328.2035513779206
0.1825 -175.80170524147854
0.1875 281.62765653588843
0.1925 172.1280843038566
0.19749999999999998 -45.69793867853949
0.20249999999999999 134.57066273143224
0.2075 -22.58789966669873
0.2125 -57.85168759536484
0.2175 173.31181833746714
0.2225 -240.12020765512153
0.22749999999999998 98.08209825221208
0.23249999999999998 -296.71833617269317
0.2375 225.3237896142438
0.2425 -25.63404182546688
0.2475 -350.09927138462604
0.2525 378.81540872423454
0.2575 -458.37834224604524
0.2625 334.9519090002159
0.2675 -10.233678660734986
0.27249999999999996 258.7723525878913
0.27749999999999997 -176.30365011821917
0.2825 -297.7399617713561
0.2875 99.42649227164746
0.2925 -120.4911228798233
0.2975 232.91575214128426
0.3025 -461.8775363026075
0.3075 157.8339703982616
0.3125 379.1301273983003
0.3175 -90.35489971034032
0.3225 73.15874119127177
0.32749999999999996 148.8369336230161
0.33249999999999996 -133.22528778255185
0.33749999999999997 8.129902514612622
0.34249999999999997 95.91945420072199
0.3475 -11.622198846640766
0.3525 -400.2695551452128
0.3575 41.581916225606065
0.3625 280.43967456032516
0.3675 35.78472959181905
0.3725 -89.27855429208581
0.3775 -188.91857969602893
0.3825 238.90966828275432
0.38749999999999996 -322.3867628664636
0.39249999999999996 190.71219196505896
0.39749999999999996 180.00988489565506
0.40249999999999997 -391.9351196468554
0.4075 -69.7876666308471
0.4125 147.29238952635097
0.4175 18.83982597366749
0.4225 -48.33684159144138
0.4275 -76.18717525273662
0.4325 247.5803486243667
0.4375 -245.63818773453943
0.4425 104.36813329045965
0.44749999999999995 55.38017935964408
0.45249999999999996 -152.85511192481772
0.45749999999999996 180.7780896963179
0.46249999999999997 83.42537951229734
0.46749999999999997 -69.4751381394261
0.4725 114.83386596171385
0.4775 6.670721032221243
0.4825 -93.1121990703363
0.4875 -85.02253726260338
0.4925 36.387777605545615
0.4975 196.80522664312514
0.5025 298.5142872901648
0.5075 -484.6440372365911
0.5125 18.921404028978984
0.5175 145.41570603883363
0.5225 -106.43342081002594
0.5275 285.11885190052453
0.5325 -120.77601790758273
0.5375 -128.95200703302248
0.5425 63.122044423431554
0.5475 3.71004589179222
0.5525 178.79352906136913
0.5575 -116.83238928961222
0.5625 79.12240445373105
0.5675 56.10781261713396
0.5725 -91.92548622713787
0.5775 -135.83886584664214
0.5825 -187.11047780397618
0.5875 9.804758206259176
0.5925 74.5448531014717
0.5974999999999999 -238.0184189281755
0.6024999999999999 -137.53716574873414
0.6074999999999999 346.5354495421062
0.6124999999999999 -111.23938730254007
0.6174999999999999 108.21341862444787
0.6224999999999999 -22.770193655198867
0.6275 110.0655721074637
0.6325 4.037975220575545
0.6375 16.869983211479965
0.6425 52.71359291312779
0.6475 -147.06779004834127
0.6525 160.24917642870963
0.6575 -238.44223334537102
0.6625 142.27169607662233
0.6675 -57.66707166702954
0.6725 -10.407974648127475
0.6775 -40.667947230552414
0.6825 323.17878488669277
0.6875 43.24555677415727
0.6925 -3.165801668892711
0.6975 153.18149474114028
0.7025 -348.7021733705763
0.7075 68.85007998877178
0.7125 -104.18853684970918
0.7174999999999999 -72.14064190879381
0.7224999999999999 196.6001032726891
0.7274999999999999 -78.23077481998847
0.7324999999999999 -36.88316187720454
0.7374999999999999 280.5817764624131
0.7424999999999999 -182.35543424426993
0.7474999999999999 -199.29735758895615
0.7525 33.87724351670966
0.7575 197.3333920313756
0.7625 195.82130233524794
0.7675 -223.8617817628912
0.7725 124.36653087352566
0.7775 -179.77814655631715
0.7825 38.38051963747902
0.7875 -64.25823356115187
0.7925 -230.71671975928706
0.7975 119.85106634501227
0.8025 27.53545211853225
0.8075 -5.393719915126575
0.8125 -169.239956427451
0.8175 96.96310720677643
0.8225 485.05514111880325
0.8275 -243.95006780039353
0.8325 136.29937312402086
0.8374999999999999 -294.9566030743972
0.8424999999999999 -78.02754679248486
0.8474999999999999 83.32073695002202
0.8524999999999999 42.01541157658554
0.8574999999999999 -0.843841043384817
0.8624999999999999 23.61636690200873
0.8674999999999999 -124.63384528262036
0.8724999999999999 27.31474809231012
0.8775 -95.08217409138007
0.8825 28.61599786160374
0.8875 58.90945316909811
0.8925 146.45849756125997
0.8975 -83.75054214568375
0.9025 96.66238954964167
0.9075 -214.26922933042792
0.9125 172.22369490703153
0.9175 -66.30938726214488
0.9225 84.08124185422959
0.9275 -162.55994447786145
0.9325 170.98676179217904
0.9375 -66.38668972631355
0.9425 113.19657020621928
0.9475 90.63372633095494
0.9524999999999999 -28.442417924086467
0.9574999999999999 -6.32116526687055
0.9624999999999999 -198.70485870345038
0.9674999999999999 -50.37536712933904
0.9724999999999999 190.1502670637734
0.9774999999999999 -205.1017874223445
0.9824999999999999 245.45097044671354
0.9874999999999999 -238.866421199337
0.9924999999999999 -89.64814379538862
0.9974999999999999 -191.31687248170772
1.0025 46.78859221546668
1.0075 369.6132058793874
1.0125 45.16509888301805
1.0174999999999998 -185.95128427695394
1.0225 247.54356062860032
1.0274999999999999 -170.35231772015774
1.0325 -188.07770351427652
1.0374999999999999 -90.51507712651181
1.0425 302.66245425394777
1.0474999999999999 74.20771022699769
1.0525 -146.2013396322807
1.0574999999999999 -28.500475104541508
1.0625 219.5324226990916
1.0675 -218.5490063073293
1.0725 243.97993721548488
1.0775 74.59898327453466
1.0825 -89.2275121437339
1.0875 88.3517471250976
1.0925 -195.64551651541197
1.0975 -194.46192090868038
1.1025 164.4538305068639
1.1075 28.572642352570142
1.1125 -179.23911781609397
1.1175 44.66701318186711
1.1225 213.41284512752554
1.1275 74.67685286783681
1.1324999999999998 13.324616356252426
1.1375 -195.42930373085667
1.1424999999999998 -53.724921532340666
1.1475 124.39159166517055
1.1524999999999999 -156.6838105738342
1.1575 -47.92251915270837
1.1624999999999999 122.52651026960088
1.1675 -137.99508581195448
1.1724999999999999 187.72830433446387
1.1775 15.115298830915492
1.1824999999999999 83.52083589845502
1.1875 127.50571168511071
1.1925 -133.51034928730178
1.1975 -77.36609382050747
1.2025 212.95378896385546
1.2075 -139.89345597706162
1.2125 147.47130966396497
1.2175 -102.58966060601955
1.2225 -102.0364670590767
1.2275 44.77691356412704
1.2325 165.56898931863336
1.2375 -146.6512804122865
1.2425 -41.60754677807413
1.2475 -107.75857184847618
1.2525 -0.1870376092106386
1.2574999999999998 71.3104232808785
1.2625 -3.2094819284370892
1.2674999999999998 88.91628641273789
1.2725 0.5877205264910076
1.2774999999999999 130.35355181318297
1.2825 -143.83159067958397
1.2874999999999999 33.74738726161705
1.2925 -65.3146588153135
1.2974999999999999 51.01689649957886
1.3025 -25.130092982800875
1.3074999999999999 232.26461043595367
1.3125 183.11752868906504
1.3175 -22.26131618403543
1.3225 -35.36172389287284
1.3275 9.285447664391327
1.3325 5.217854618261171
1.3375 -88.87141899796326
1.3425 -383.801297789647
1.3475 -5.651452078801583
1.3525 43.70416055036546
1.3575 2.764117656844923
1.3625 -167.7439171437235
1.3675 147.11289115716252
1.3724999999999998 207.09302939114062
1.3775 -361.378694817089
1.3824999999999998 2.0809454812377353
1.3875 469.6647907110322
1.3924999999999998 -178.6972231657716
1.3975 156.8860940878992
1.4024999999999999 8.050762275724033
1.4075 -24.984913977514196
1.4124999999999999 -162.82633858506298
1.4175 -2.03250054746514
1.4224999999999999 63.51476174228387
1.4275 93.01461101550986
1.4324999999999999 78.5265977974231
1.4375 -105.70679733187953
1.4425 -42.08140349890672
1.4475 -121.29391135033154
1.4525 160.3142107449359
1.4575 -197.00605641179186
1.4625 111.89765553520938
1.4675 78.95505714696478
1.4725 -98.58721398609752
1.4775 -11.197206550921274
1.4825 -167.7666536270125
1.4874999999999998 50.84150595953797
1.4925 36.78545513317195
1.4974999999999998 -212.84641102329078
1.5025 -228.9507433244953
1.5074999999999998 162.3225768555357
1.5125 8.834392100622445
1.5174999999999998 -101.88533385581081
1.5225 67.2665035995757
1.5274999999999999 282.0718660220339
1.5325 52.162633407583634
1.5374999999999999 428.8834218644856
1.5425 -409.7582168891522
1.5474999999999999 190.74156037222087
1.5525 -210.47271374651532
1.5574999999999999 -62.867253436181535
1.5625 72.36813016793113
1.5675 -34.64751909532049
1.5725 -12.015725475872564
1.5775 294.56150644487394
1.5825 -151.42622842818767
1.5875 -71.96471318820629
1.5925 161.56470854256477
1.5975 -215.87572204600886
1.6025 -298.2673972933604
1.6075 -12.669601681577234
1.6124999999999998 118.05060187968019
1.6175 86.2306636386713
1.6224999999999998 38.02154452830196
1.6275 -107.43596642798543
1.6324999999999998 -20.00896164612596
1.6375 225.14806406010226
1.6424999999999998 2.4710534797380745
1.6475 -65.4179278987268
1.6524999999999999 129.87836733909714
1.6575 76.29545678396477
1.6624999999999999 69.62738086307563
1.6675 2.7478546039158362
1.6724999999999999 -381.66926173696663
1.6775 47.12596667863557
1.6824999999999999 138.72359042190885
1.6875 10.178042601921227
1.6925 141.0736501248371
1.6975 72.28833812529248
1.7025 -60.529088707594155
1.7075 23.73932970906301
1.7125 -131.20464579342112
1.7175 139.27039133136606
1.7225 33.41492063659685
1.7274999999999998 403.06482069201235
1.7325 -326.6235919830682
1.7374999999999998 -128.08670692853616
1.7425 60.782125180207586
1.7474999999999998 -130.7057500910722
1.7525 131.33321515224333
1.7574999999999998 28.92840837930926
1.7625 -201.42873387702505
1.7674999999999998 -99.93940195199933
1.7725 210.67958876962538
1.7774999999999999 -59.787292979009244
1.7825 -194.21811594303992
1.7874999999999999 224.84063480468848
1.7925 69.0452976791222
1.7974999999999999 -70.75811450801768
1.8025 -134.18712237778354
1.8074999999999999 19.36521218244293
1.8125 81.27426055115873
1.8175 77.5014846506543
1.8225 -244.94728345717414
1.8275 253.63260744144975
1.8325 -163.13731904257762
1.8375 123.08021278533452
1.8425 65.86029599157894
1.8475 -61.70563559659424
1.8524999999999998 -102.02628163037441
1.8575 90.66712799998115
1.8624999999999998 -77.04568493983697
1.8675 156.9833389703869
1.8724999999999998 -81.93830297423077
1.8775 260.6608664170949
1.8824999999999998 -166.49135521316316
1.8875 77.520369656046
1.8924999999999998 0.9812539323238224
1.8975 2.5712584868166988
1.9024999999999999 39.996859774114505
1.9075 -128.50830046278153
1.9124999999999999 -60.60927655636587
1.9175 -45.18038242103537
1.9224999999999999 -74.87849661813226
1.9275 -24.35306712007219
1.9324999999999999 87.92063187429598
1.9375 113.0378516836891
1.9425 -213.75772727511216
1.9475 372.57268439050324
1.9525 29.83579788690752
1.9575 145.83759774352365
1.9625 -263.92464642039874
1.9674999999999998 -72.58064700745125
1.9725 -141.29715847961907
1.9774999999999998 -139.22344146052032
1.9825 139.81880046640782
1.9874999999999998 -169.44721120338684
1.9925 304.97270754459146
1.9974999999999998 -226.38930288249674
2.0025 -51.02783774956717
2.0075 -10.235292379971835
2.0124999999999997 -80.89824604058678
2.0175 332.0315824988409
2.0225 -206.52713215160765
2.0275 106.3609372328936
2.0324999999999998 211.82903267576208
2.0375 -128.69109184063774
2.0425 -77.58570135321004
2.0475 91.21325467053349
2.0524999999999998 -154.84345390313285
2.0575 51.206738963687286
2.0625 -64.86484251423121
2.0675 85.40656605786309
2.0725 1.0079918998237851
2.0775 150.12200017826734
2.0825 182.51435251204936
2.0875 -82.42468186685542
2.0925 67.88744920871305
2.0974999999999997 -348.38412629984015
2.1025 263.0891265167224
2.1075 -95.90765646731609
2.1125 -8.541800574988331
2.1174999999999997 19.529694368616962
2.1225 -66.92618901265769
2.1275 115.29660991218101
2.1325 -34.42892199988384
2.1374999999999997 -291.2120823105132
2.1425 314.92540671449274
2.1475 -92.44661421392259
2.1525 -49.61932214969074
2.1574999999999998 108.49519074732747
2.1625 114.73597473623228
2.1675 -226.1641594588951
2.1725 -128.04666445368423
2.1774999999999998 -77.43478736969737
2.1825 101.19384054049516
2.1875 -179.63881463923826
2.1925 237.68949350483524
2.1975 29.44308346291388
2.2024999999999997 -241.8547661885939
2.2075 51.58017047080438
2.2125 74.42812555685813
2.2175 175.87542887080437
2.2224999999999997 -113.86166372616329
2.2275 217.58895616220468
2.2325 -152.67098009580542
2.2375 -207.15070155539044
2.2424999999999997 242.147939054486
2.2475 15.46612017584992
2.2525 167.43319985518033
2.2575 80.3094704696892
2.2624999999999997 -364.24806321970226
2.2675 336.31544517402415
2.2725 66.83652497556177
2.2775 -98.64134626451225
2.2824999999999998 -115.58117057348215
2.2875 -84.73128868823062
2.2925 -90.4816201920016
2.2975 347.75090201600153
2.3024999999999998 -337.3885774471698
2.3075 149.03519338219596
2.3125 -158.52142791871162
2.3175 63.115504411321886
2.3225 38.21407105275027
2.3274999999999997 -5.415143974754891
2.3325 79.38081243532476
2.3375 -67.95364357376553
2.3425 137.41628223972333
2.3474999999999997 -105.86599482193775
2.3525 66.29545299144421
2.3575 96.20785278671838
2.3625 -200.2099036293811
2.3674999999999997 169.76967345995715
2.3725 -150.99413820213903
2.3775 515.7872596263695
2.3825 -316.19870846535565
2.3874999999999997 159.86111193727263
2.3925 -253.17750407573087
2.3975 318.19971979271014
2.4025 -214.06092082593037
2.4074999999999998 -20.377237146754286
2.4125 90.23723201102428
2.4175 -188.66831100438444
2.4225 -85.9002318361384
2.4274999999999998 -183.05313097858073
2.4325 390.5467077549814
2.4375 -42.574112986932
2.4425 -166.31403801308224
2.4475 -81.24350557247845
2.4524999999999997 151.86967084257353
2.4575 -16.19034592149738
2.4625 -23.723986826442623
2.4675 -214.53134352064666
2.4724999999999997 222.1698280489614
2.4775 15.196272765404949
2.4825 78.60557112139153
2.4875 14.447858896421963
2.4924999999999997 -296.9118345801531
2.4975 165.80293659962936
2.5025 247.9963303763609
2.5075 -75.40379609628354
2.5124999999999997 83.98099710863629
2.5175 -72.84514103467886
2.5225 -250.48724413280274
2.5275 -13.270596845741958
2.5324999999999998 222.30277272351853
2.5375 -95.11880701483005
2.5425 -85.49093260225195
2.5475 150.86110072762332
2.5524999999999998 -28.277109716303276
2.5574999999999997 156.85776500079785
2.5625 130.78547446638905
2.5675 -234.04182997554392
2.5725 181.4326551415588
2.5774999999999997 -226.59768665332015
2.5825 20.495456596267037
2.5875 88.71887520901038
2.5925 27.945095676121735
2.5974999999999997 48.170374321715656
2.6025 -130.4242016289222
2.6075 -229.96019712795552
2.6125 500.41737297465
2.6174999999999997 -77.67957083046983
2.6225 -151.68155108255226
2.6275 -35.46493060523989
2.6325 -16.715245382812043
2.6374999999999997 -46.77147860042184
2.6425 -120.08724918062856
2.6475 -39.396604772682004
2.6525 83.25960358745964
2.6574999999999998 52.09989945133684
2.6625 118.98491541524123
2.6675 -72.89060084280823
2.6725 -306.57646925706723
2.6774999999999998 233.38368069524972
2.6824999999999997 -273.92935962166354
2.6875 -24.52893557496525
2.6925 233.71886875060378
2.6975 4.73772125166711
2.7024999999999997 17.263560566531012
2.7075 -60.69191292924801
2.7125 307.7926107073298
2.7175 -270.98586099366355
2.7224999999999997 -119.44163700696556
2.7275 210.24076661549464
2.7325 -94.57642333076652
2.7375 -38.55915084023443
2.7424999999999997 -39.67866980262683
2.7475 335.206010846618
2.7525 -115.6154117515273
2.7575 99.17371261905406
2.7624999999999997 -133.2859139198179
2.7675 -20.427216618799438
2.7725 3.3921656701839544
2.7775 34.33824581492371
2.7824999999999998 -168.59135570694815
2.7875 124.07055499491864
2.7925 -50.95379805430661
2.7975 -186.44575166791634
2.8024999999999998 110.0910355476349
2.8074999999999997 -154.80096500952226
2.8125 189.8822563095802
2.8175 -303.12436369560646
2.8225 160.3397083970734
2.8274999999999997 -265.45332313045935
2.8325 38.76397577705683
2.8375 201.5453877343266
2.8425 13.620116162190103
2.8474999999999997 -31.080682389063604
2.8525 -253.3653551402323
2.8575 312.2057043481295
2.8625 204.37736903700997
2.8674999999999997 -187.1227222584871
2.8725 214.08223947816154
2.8775 23.002870882738616
2.8825 -55.19081793551938
2.8874999999999997 159.78093767459907
2.8925 -13.904769985307148
2.8975 -164.60998122394733
2.9025 -39.80023774834015
2.9074999999999998 247.95949708263524
2.9125 -115.17499821462619
2.9175 19.05855269627065
2.9225 97.79023833631862
2.9274999999999998 -246.09517071884468
2.9324999999999997 188.2686645123059
2.9375 -118.04968131461803
2.9425 -136.02184150857056
2.9475 -33.62698785192924
2.9524999999999997 -80.04599622222601
2.9575 207.48576986886246
2.9625 -242.1866912776631
2.9675 142.21984527581338
2.9724999999999997 -205.00283852076663
2.9775 435.7738833955323
2.9825 156.38941890664304
2.9875 -180.9011544813486
2.9924999999999997 57.201647998510545
2.9975 -66.52846569363031
3.0025 17.433175666116572
3.0075 326.79193887138024
3.0124999999999997 -214.17183049409195
3.0175 -33.487832784399195
3.0225 235.9610663478521
3.0275 -237.40363167034693
3.0324999999999998 59.09639978763686
3.0374999999999996 -179.05151334091877
3.0425 274.23897817975086
3.0475 -227.69839370550267
3.0524999999999998 4.246024240467256
3.0574999999999997 12.200042325007846
3.0625 -72.85178535627756
3.0675 154.3390674269154
3.0725 -129.72788883444002
3.0774999999999997 -85.14891106848896
3.0825 22.910873589541772
3.0875 95.72647239395306
3.0925 71.9230484082298
3.0974999999999997 -133.75637832681613
3.1025 199.7295941369529
3.1075 -85.29424573822224
3.1125 -62.894908021209076
3.1174999999999997 117.24403529990553
3.1225 -232.00895809666008
3.1275 71.35800002021426
3.1325 44.35678696662469
3.1374999999999997 -469.79703364552694
3.1425 245.04076212851132
3.1475 142.67544543875812
3.1525 -52.01382740753235
3.1574999999999998 149.64132784161973
3.1624999999999996 -255.0613291549546
3.1675 124.0643594709926
3.1725 -29.16304246552852
3.1774999999999998 18.174151064121343
3.1824999999999997 -8.717252170230607
3.1875 -124.10897092104635
3.1925 -53.460695444022136
3.1975 133.84351607337055
3.2024999999999997 1.257885057570054
3.2075 340.1838865402101
3.2125 -349.2864452650731
3.2175 -342.17892821663236
3.2224999999999997 216.90388900552242
3.2275 77.36207888178282
3.2325 -64.61984582079965
3.2375 32.304127896752235
3.2424999999999997 17.274875187497564
3.2475 198.71781220918666
3.2525 -7.529547180009755
3.2575 163.82767415209173
3.2624999999999997 -183.88172111690068
3.2675 -74.50123179177693
3.2725 -235.9149269716462
3.2775 -154.9823284325393
3.2824999999999998 247.01216615707006
3.2874999999999996 344.80976217149265
3.2925 -80.61685051250535
3.2975 158.3820910014223
3.3024999999999998 -497.96386444390095
3.3074999999999997 512.1247575777917
3.3125 -395.90612543686143
3.3175 179.65958761883115
3.3225 147.782839355123
3.3274999999999997 -49.46646755818256
3.3325 120.17627924367223
3.3375 164.12075069814023
3.3425 -50.81132653139827
3.3474999999999997 -9.810786617888326
3.3525 -226.2392407769447
3.3575 136.54010378263288
3.3625 145.6998208918971
3.3674999999999997 -374.027212716518
3.3725 132.276742496664
3.3775 83.10056715681195
3.3825 -225.05571964703208
3.3874999999999997 -181.0496361256426
3.3924999999999996 96.51105502211263
3.3975 305.97647110855087
3.4025 17.115140372191874
3.4074999999999998 -170.62361361262163
3.4124999999999996 240.15119290665183
3.4175 -141.08607775317617
3.4225 -46.18834984614481
3.4274999999999998 230.88865541707065
3.4324999999999997 -219.86547461190435
3.4375 -78.92843418430536
3.4425 -15.317021795071337
3.4475 52.83051993982172
3.4524999999999997 184.1368865935971
3.4575 -73.62548045792715
3.4625 107.73141728449441
3.4675 63.30994338468575
3.4724999999999997 -314.24614075592893
3.4775 68.30298064570094
3.4825 -13.318889273095593
3.4875 -82.81762840588189
3.4924999999999997 127.69593863908642
3.4975 -50.49206283050707
3.5025 155.32704609951875
3.5075 -164.92010065837962
3.5124999999999997 254.5034409367299
3.5174999999999996 -291.5507360380523
3.5225 139.1743364989673
3.5275 47.8840064790875
3.5324999999999998 -150.31020441552846
3.5374999999999996 160.1674900958144
3.5425 -116.52600770987381
3.5475 -110.86457994804019
3.5524999999999998 -54.28067808189653
3.5574999999999997 158.546972941264
3.5625 1.636769285967208
3.5675 -6.260311784509305
3.5725 14.701222520963041
3.5774999999999997 -93.0647800350067
3.5825 163.59544969031933
3.5875 25.60394353561069
3.5925 -184.51195198527347
3.5974999999999997 -37.03091467503207
3.6025 102.57259594040342
3.6075 207.52613209401474
3.6125 -25.452630768865976
3.6174999999999997 -315.3599721105102
3.6225 205.15279720091294
3.6275 -48.351107981384025
3.6325 -14.680155252667776
3.6374999999999997 23.42395222437329
3.6424999999999996 145.08619664354566
3.6475 -268.49732743608786
3.6525 138.74102470834538
3.6574999999999998 -1.4127536072005125
3.6624999999999996 -387.5370572801659
3.6675 200.37381416320494
3.6725 0.10367923225530509
3.6774999999999998 -36.85709841177842
3.6824999999999997 76.57016281996077
3.6875 302.4174844695436
3.6925 -143.24710002587966
3.6975 146.29286690569452
3.7024999999999997 -158.5615377648203
3.7075 -3.361038833747015
3.7125 102.31305606906346
3.7175 2.0241994085984936
3.7224999999999997 33.79126726641077
3.7275 252.8090800162182
3.7325 -400.60958169369155
3.7375 220.44204335322985
3.7424999999999997 -58.50261222947013
3.7474999999999996 -116.43635709439543
3.7525 242.9184735913647
3.7575 -286.13453965058056
3.7624999999999997 8.73129473496303
3.7674999999999996 17.332965329866276
3.7725 169.02261017413568
3.7775 -163.5341341654845
3.7824999999999998 -59.20965146226767
3.7874999999999996 88.83292698310667
3.7925 70.33669519163142
3.7975 -243.53158466022182
3.8024999999999998 120.95955984334552
3.8074999999999997 -153.55237403557217
3.8125 94.16217721103521
3.8175 84.70245615888683
3.8225 -303.00001411965707
3.8274999999999997 253.92102655462588
3.8325 -53.41966447361728
3.8375 -101.62440603131542
3.8425 14.024086717846387
3.8474999999999997 -80.84990124260783
3.8525 133.69795560465977
3.8575 -51.57739772252112
3.8625 8.988615039197708
3.8674999999999997 139.01886219193275
3.8724999999999996 45.231488519447325
3.8775 -19.92227286583685
3.8825 -11.13482984655324
3.8874999999999997 209.9359922086649
3.8924999999999996 -50.690558158812486
3.8975 -222.5205959705946
3.9025 10.510023417020122
3.9074999999999998 -66.4967154099
3.9124999999999996 -28.999975207329523
3.9175 -1.219223422087318
3.9225 66.30728348938705
3.9274999999999998 -169.53353167870043
3.9324999999999997 -13.294100861336178
3.9375 116.56636164520346
3.9425 75.89181703170561
3.9475 239.20855099423562
3.9524999999999997 -83.46621899437935
3.9575 -130.45437822799545
3.9625 11.65103782362435
3.9675 46.33394544791331
3.9724999999999997 -182.97649209497362
3.9775 315.7653585152329
3.9825 -171.62342635239702
3.9875 -163.52428572465016
3.9924999999999997 147.89994691573136
3.9974999999999996 8.866858203955125
4.0024999999999995 -235.4445362519599
4.007499999999999 51.85296458422275
4.0125 61.75519189293328
4.0175 -34.91651594364972
4.0225 39.75774602566312
4.0275 63.901368277618985
4.0325 -137.25899890917898
4.0375 195.9562494625089
4.0424999999999995 -136.76751374900118
4.047499999999999 -25.48882959509755
4.0525 232.07648741921633
4.0575 -26.81297483463503
4.0625 290.7767613563787
4.0675 -137.10204802683788
4.0725 -267.7390696659353
4.0775 72.0587556990648
4.0825 40.42356437874677
4.0874999999999995 93.64616411058748
4.0925 -55.26824688527494
4.0975 -101.23754955124966
4.1025 160.21668065307537
4.1075 370.5260160098752
4.1125 -231.7918005354973
4.1175 90.17140502985598
4.1225 -324.972251162736
4.1274999999999995 50.44724462833011
4.132499999999999 -68.34896547592835
4.1375 147.2623879757639
4.1425 -204.90334933329044
4.1475 179.288111720341
4.1525 -76.18837938236554
4.1575 86.42806221028818
4.1625 75.1278807988637
4.1674999999999995 -77.1539766030705
4.172499999999999 -18.706763679028178
4.1775 120.19730407597085
4.1825 -148.4421126300943
4.1875 35.53833632644821
4.1925 59.57349085512864
4.1975 59.11366360637215
4.2025 -152.4912830587156
4.2075 29.853167565361584
4.2124999999999995 -112.2807795555452
4.2175 1.0544025374470223
4.2225 -85.56219260814761
4.2275 3.124889420590111
4.2325 15.150953226337366
4.2375 53.95703788101
4.2425 -108.78700645083373
4.2475 289.69230650140526
4.2524999999999995 4.479888294276034
4.257499999999999 -164.09837975655262
4.2625 -104.53925555874476
4.2675 -1.9447592228746875
4.2725 78.77129757046261
4.2775 -20.17144427445487
4.2825 64.25859173412202
4.2875 16.648970751223285
4.2924999999999995 -3.2502060109250985
4.297499999999999 213.93144274464973
4.3025 -188.93438772980636
4.3075 -179.70391290552462
4.3125 -24.944764392890878
4.3175 399.3795082096645
4.3225 -145.38723062978409
4.3275 9.841231846689194
4.3325 -64.93922617133747
4.3374999999999995 30.28422360314464
4.342499999999999 15.38447884484885
4.3475 -200.680062628788
4.3525 36.286323598528455
4.3575 -139.78093518845677
4.3625 174.44028241319938
4.3675 99.33713765546976
4.3725 -163.3910389321138
4.3774999999999995 -59.611191915641534
4.382499999999999 -71.47044633200017
4.3875 161.5205052017935
4.3925 -221.89158752209426
4.3975 36.19897834324005
4.4025 95.56039343004471
4.4075 234.34694650203656
4.4125 -10.888344340457905
4.4174999999999995 -176.72102288270807
4.422499999999999 -62.48624897874181
4.4275 138.019873171038
4.4325 139.24903806419107
4.4375 53.46913971391313
4.4425 -155.21631617576472
4.4475 -103.39805857866658
4.4525 9.945383598832748
4.4575 4.456355461679437
4.4624999999999995 142.84707134666235
4.467499999999999 -166.14865710487067
4.4725 25.4266996774325
4.4775 130.6414210347933
4.4825 66.4608723223256
4.4875 22.871308963749755
4.4925 -102.49155200296755
4.4975 71.51226467107149
4.5024999999999995 -55.44110323970519
4.507499999999999 -175.70940293544376
4.5125 3.3907361363310042
4.5175 110.71688531055537
4.5225 237.11797129170634
4.5275 -115.79481719739677
4.5325 91.15417692080715
4.5375 16.419925584450848
4.5424999999999995 -287.22553267548096
4.547499999999999 29.7484868435854
4.5525 58.978421071940744
4.5575 170.56838102473722
4.5625 -150.59777309817335
4.5675 178.99966115847278
4.5725 -84.60776664711199
4.5775 60.49968352256849
4.5825 163.3161615700171
4.5874999999999995 -321.2467785690059
4.592499999999999 14.460481796137866
4.5975 126.81788562941227
4.6025 -191.00196291144925
4.6075 -17.022288306175742
4.6125 107.59954068120794
4.6175 128.13144907488035
4.6225 9.60281444333628
4.6274999999999995 -238.59538268612724
4.632499999999999 102.48619625122946
4.6375 -23.392991710726314
4.6425 -0.30452623848965715
4.6475 -24.845286784849357
4.6525 20.830537541849687
4.6575 -171.5835355944571
4.6625 55.99816379151463
4.6674999999999995 10.993794305137655
4.672499999999999 -13.555593446444325
4.6775 87.31557824983794
4.6825 -78.46634420873228
4.6875 -128.88412812338373
4.6925 -128.70294260259138
4.6975 442.4031814342695
4.7025 -139.56277284816096
4.7075 -66.61508381305059
4.7124999999999995 -37.65322928915895
4.717499999999999 130.19519488481959
4.7225 81.97520794860499
4.7275 -89.22933116766463
4.7325 49.68593284805605
4.7375 -7.423286128559977
4.7425 46.587329007503975
4.7475 -170.26952870927215
4.7524999999999995 156.64551711996657
4.757499999999999 -408.7995468021139
4.7625 215.619312470896
4.7675 -49.435735738371775
4.7725 -42.04353512872022
4.7775 254.9240678513431
4.7825 -48.07992840960554
4.7875 10.645713338703002
4.7924999999999995 -113.38326569576701
4.797499999999999 -183.48778269402078
4.8025 141.70495695954966
4.8075 106.60765182757858
4.8125 -135.47117168627176
4.8175 264.2794855660204
4.8225 -281.7425182124944
4.8275 67.18225557991235
4.8325 144.08205069507073
4.8374999999999995 40.785227430006046
4.842499999999999 151.58869256889633
4.8475 -273.70567981229664
4.8525 95.61748399086761
4.8575 -68.41774100225287
4.8625 -59.090294464875804
4.8675 182.06773963527218
4.8725 -211.5010911096216
4.8774999999999995 276.2424676377251
4.882499999999999 -236.82928361459483
4.8875 -197.37670240693055
4.8925 20.999211220232105
4.8975 193.24873866191732
4.9025 68.70696172811608
4.9075 149.81803106849026
4.9125 -40.88875659015537
4.9174999999999995 -189.91360835286451
4.922499999999999 0.2982775544313982
4.9275 68.67537789876022
4.9325 133.30285252749667
4.9375 102.12678480789772
4.9425 -94.53070035366567
4.9475 93.88349732357024
4.9525 -101.93096288158884
4.9575 -315.96194560532626
4.9624999999999995 6.711101416032529
4.967499999999999 133.34996924747034
4.9725 -31.053108070572353
4.9775 -117.16282596077109
4.9825 89.85581424671489
4.9875 1.3933033806503614
4.9925 35.59334462857668
4.9975 -254.0330506117971
5.0024999999999995 159.3404790206674
5.007499999999999 -58.84647722898207
5.0125 92.11341997604049
5.0175 23.01092520200616
5.0225 21.445366709336955
5.0275 -118.8926814673468
5.0325 23.41783729594478
5.0375 306.892733686983
5.0424999999999995 40.587230477940324
5.047499999999999 132.67284050879576
5.0525 -120.89249138722646
5.0575 -141.62340332960835
5.0625 183.35710561490623
5.0675 5.553223668075324
5.0725 -31.54070451444346
5.0775 -60.95892258867377
5.0825 -28.662571532404797
5.0874999999999995 71.91335273698343
5.092499999999999 -19.197136292379177
5.0975 47.71988582128802
5.1025 -36.33701579794056
5.1075 3.8470856071297
5.1125 -152.3872020990254
5.1175 139.9661761430993
5.1225 -124.92251795910052
5.1274999999999995 82.47792410780869
5.132499999999999 83.45381939353574
5.1375 -116.73437753274172
5.1425 80.50108590315834
5.1475 16.6160243645177
5.1525 -145.8104366003176
5.1575 201.347498352578
5.1625 60.20250654077572
5.1674999999999995 -87.2007460481568
5.172499999999999 125.08599878733816
5.177499999999999 24.16916964302897
5.1825 -10.38392153047431
5.1875 64.63719345885235
5.1925 -106.43673279153171
5.1975 -51.15476519717643
5.2025 -83.08422673220527
5.2075 -131.27610827494422
5.2124999999999995 193.20819735028
5.217499999999999 176.15607910435864
5.2225 -136.4750307805678
5.2275 0.48590281995529877
5.2325 -171.65967774663062
5.2375 138.93553092138148
5.2425 0.08586598249985512
5.2475 -51.89856413507595
5.2524999999999995 9.589000835609022
5.257499999999999 -6.299463958730805
5.2625 -16.348861145997095
5.2675 46.11996394148253
5.2725 60.82025083095981
5.2775 -152.73585229994526
5.2825 86.1694490884812
5.2875 -1.169931544772334
5.2924999999999995 -74.90787107818052
5.297499999999999 41.01656098256978
5.302499999999999 89.27756385566173
5.3075 -3.0760573652605046
5.3125 -230.0423224266951
5.3175 81.04078059246379
5.3225 232.66451259668796
5.3275 -163.5297021368362
5.3325 -124.93065349889189
5.3374999999999995 229.6168441236776
5.342499999999999 18.951886101435857
5.3475 -221.2783573692776
5.3525 106.17450754400703
5.3575 -257.4832679358877
5.3625 449.7492027318238
5.3675 -137.65888429289137
5.3725 -67.81440192364387
5.3774999999999995 -111.52056782157183
5.382499999999999 -90.13604643635801
5.3875 -45.55987392005818
5.3925 -83.1827369311077
5.3975 -37.18889711394907
5.4025 395.37725528210547
5.4075 -146.38531500733944
5.4125 -66.70279566271624
5.4174999999999995 -69.72908303843288
5.422499999999999 -169.08066419656305
5.427499999999999 246.60620459656025
5.4325 110.18848385973753
5.4375 132.164749098678
5.4425 -125.12159107488277
5.4475 -26.15922156173615
5.4525 94.25655302539609
5.4575 -76.65390923956451
5.4624999999999995 178.31294962336844
5.467499999999999 -253.77387838751025
5.4725 58.6759838687465
5.4775 -78.97968923635514
5.4825 302.3009606177139
5.4875 -137.1400977204457
5.4925 -43.44481831892308
5.4975 19.15267928961555
5.5024999999999995 242.73768019233984
5.507499999999999 -86.39133250644892
5.5125 167.52490687300167
5.5175 -60.8103229130961
5.5225 -84.66548433959385
5.5275 -303.651219291886
5.5325 -58.18154016299157
5.5375 -173.6570233933817
5.5424999999999995 52.98761707831875
5.547499999999999 224.68093203020504
5.552499999999999 13.471987559071337
5.5575 113.64538120183059
5.5625 173.30500357695126
5.5675 -404.77762357295234
5.5725 -63.616844459973834
5.5775 132.14546618180142
5.5825 -135.00643554669068
5.5874999999999995 360.73736019188806
5.592499999999999 -213.7315266986519
5.5975 -157.78384397924202
5.6025 26.416709504605645
5.6075 165.26675288046823
5.6125 206.2869767803672
5.6175 -229.03064326641226
5.6225 272.7473256596086
5.6274999999999995 -129.43053796374934
5.632499999999999 34.22562765379943
5.6375 300.2508338020475
5.6425 -14.42903231454192
5.6475 -15.301255605160359
5.6525 -42.77315794363432
5.6575 6.38263166976632
5.6625 36.02744099169473
5.6674999999999995 27.30389457627768
5.672499999999999 33.2576791828151
5.677499999999999 -328.114456048972
5.6825 223.3280540352601
5.6875 -131.90782381106945
5.6925 -95.43843540212346
5.6975 -83.44675199080727
5.7025 8.76872381034392
5.7075 36.75596573407541
5.7124999999999995 138.78460272674437
5.717499999999999 -91.63162570072338
5.7225 19.043503641806893
5.7275 -3.328920113456656
5.7325 34.99822227738673
5.7375 -137.66068357914924
5.7425 19.126738197761153
5.7475 -33.990222219324835
5.7524999999999995 -242.25471354859906
5.757499999999999 -84.49134043097074
5.7625 381.21143141436556
5.7675 -140.01980234758187
5.7725 162.97894869259667
5.7775 -83.83689393810494
5.7825 156.1610817301961
5.7875 -189.32321909562614
5.7924999999999995 170.45319275543767
5.797499999999999 -152.19897654507758
5.802499999999999 184.4418767989834
5.8075 -201.75199379874783
5.8125 -165.61529255042015
5.8175 220.44212361976614
5.8225 -3.468595729212243
5.8275 50.97959598224053
5.8325 -258.2424375207341
5.8374999999999995 52.58491223383067
5.842499999999999 136.5274879884792
5.8475 -69.26262261575083
5.8525 5.797396642626231
5.8575 -143.15289053430874
5.8625 -3.517452259256195
5.8675 -42.78662482624168
5.8725 132.9457648661829
5.8774999999999995 4.076688955290599
5.882499999999999 2.996881927521984
5.8875 -103.05173926532684
5.8925 181.27885972097766
5.8975 -163.15619325804147
5.9025 307.49699668605854
5.9075 -162.22274896959317
5.9125 -61.747586572827174
5.9174999999999995 305.3899602711333
5.922499999999999 2.286516600782578
5.927499999999999 1.9516303015504408
5.9325 13.776181941487987
5.9375 -208.06455791412426
5.9425 480.1430188424278
5.9475 -413.4504465047458
5.9525 151.19122833972136
5.9575 -86.91447439378773
5.9624999999999995 -54.8982907875949
5.967499999999999 287.7109065258036
5.9725 -27.399538766392602
5.9775 -139.7774534629644
5.9825 -55.01711144662295
5.9875 -213.72101520359402
5.9925 14.350580328305934
5.9975 172.54887964661154
6.0024999999999995 76.22945979564089
6.007499999999999 45.62472428117343
6.012499999999999 125.26423234177769
6.0175 -215.91682051925486
6.0225 35.12811985000786
6.0275 140.00864503586803
6.0325 -11.082777524104408
6.0375 -158.78658565808527
6.0424999999999995 -33.284468303783896
6.047499999999999 -165.55498790694887
6.052499999999999 80.63369885322695
6.0575 58.25328765651073
6.0625 162.26239379612923
6.0675 -81.52467977545491
6.0725 -137.71960684868932
6.0775 122.01682592237097
6.0825 -123.89491470752382
6.0874999999999995 -65.42632193624037
6.092499999999999 114.18834142331836
6.0975 -114.73201746440849
6.1025 -63.107179324078835
6.1075 115.4405488652742
6.1125 31.405369739287558
6.1175 -125.26449551074917
6.1225 167.07822017732795
6.1274999999999995 95.39443618178568
6.132499999999999 229.46016950296422
6.137499999999999 -521.8725649659517
6.1425 10.293530620679235
6.1475 52.683311638596145
6.1525 197.0276378464651
6.1575 -60.83722799289294
6.1625 106.04658610719257
6.1674999999999995 -224.14496499779577
6.172499999999999 -11.922678138479608
6.177499999999999 -53.57875116953851
6.1825 73.6957694690065
6.1875 -64.07144043591572
6.1925 91.5869856639401
6.1975 -47.51807476131898
6.2025 348.8494032516576
6.2075 -296.111735114683
6.2124999999999995 -145.67701914270322
6.217499999999999 -104.20577481209304
6.2225 -70.86418923583567
6.2275 247.62755863774075
6.2325 58.203237786765705
6.2375 -32.3701116608353
6.2425 236.96975623758044
6.2475 -267.25525699974355
6.2524999999999995 159.01977099911664
6.257499999999999 28.962827985917066
6.262499999999999 -167.90674465498952
6.2675 54.21412146475486
6.2725 5.129793280201428
6.2775 -2.468189148652744
6.2825 17.72360979831493
6.2875 219.5066567461877
6.2924999999999995 -437.25229266090076
6.297499999999999 51.827742338413884
6.302499999999999 33.03718144817047
6.3075 215.68531551210623
6.3125 62.50333772431884
6.3175 -32.46300096526089
6.3225 -101.76791443997129
6.3275 -116.64982357914906
6.3325 56.05936478850269
6.3374999999999995 -66.49400450632504
6.342499999999999 2.9515202814189716
6.3475 -34.34968524377497
6.3525 -80.14932965045281
6.3575 76.74605561798369
6.3625 -45.03931819420188
6.3675 77.17657479106498
6.3725 -25.001587837207722
6.3774999999999995 41.930821437259304
6.382499999999999 -150.98262140161017
6.387499999999999 76.14092606927738
6.3925 134.64990290873772
6.3975 -63.53581736535216
6.4025 7.632849027959991
6.4075 30.81034719493004
6.4125 212.9708596823579
6.4174999999999995 -199.26741527605972
6.422499999999999 -84.20144059757668
6.427499999999999 371.40143298754674
6.4325 218.4645045927775
6.4375 -635.4783472642318
6.4425 160.2124705416623
6.4475 34.05973001331242
6.4525 -218.41018125368944
6.4575 523.6744111999685
6.4624999999999995 -279.42340968071466
6.467499999999999 -26.427431929594174
6.4725 86.13295603933956
6.4775 -105.68143856716671
6.4825 84.36902041412922
6.4875 -152.27793605267502
6.4925 30.837744005950043
6.4975 72.65243871335761
6.5024999999999995 -79.96820794813604
6.507499999999999 20.49931886409213
6.512499999999999 123.22638367447463
6.5175 -15.166587831762618
6.5225 -280.46350201058533
6.5275 395.97455094845395
6.5325 42.098335329984515
6.5375 -141.958684744155
6.5424999999999995 -224.575005203349
6.547499999999999 117.48595127156497
6.552499999999999 6.140043038215822
6.5575 216.931336904219
6.5625 -83.83726026931318
6.5675 -172.99524014434516
6.5725 103.86455808194087
6.5775 -254.34685013533397
6.5825 136.2729679336853
6.5874999999999995 -8.983199021765138
6.592499999999999 -72.27492071845175
6.5975 282.1539335551842
6.6025 -257.687301260444
6.6075 134.83146831394038
6.6125 21.419732340918795
6.6175 -86.4075008185483
6.6225 11.893041233174571
6.6274999999999995 40.80757692332248
6.632499999999999 89.3635782654615
6.637499999999999 150.83688171482981
6.6425 24.690531850198294
6.6475 -52.34431671248551
6.6525 360.4455823847137
6.6575 -338.13530466621467
6.6625 60.707361737379415
6.6674999999999995 -285.18895142994444
6.672499999999999 214.98188801027297
6.677499999999999 201.67773988394453
6.6825 -164.76984459729562
6.6875 214.88007004056828
6.6925 -201.1724065093197
6.6975 8.320875486830175
6.7025 -79.18234881888041
6.7075 183.33006684527186
6.7124999999999995 -77.07509723042487
6.717499999999999 62.548020526059986
6.722499999999999 -108.32653654344895
6.7275 11.959041774279559
6.7325 61.91684264414342
6.7375 -59.13066195340748
6.7425 -62.17631198619901
6.7475 39.953645323649596
6.7524999999999995 -228.3726908365087
6.757499999999999 -66.92755301743675
6.762499999999999 186.61360189058703
6.7675 103.8069163137073
6.7725 -93.72564883765969
6.7775 -19.81816335231321
6.7825 -98.27066776800557
6.7875 115.83828507958115
6.7924999999999995 -140.1944183813398
6.797499999999999 -54.21871652658098
6.802499999999999 -58.565596064655324
6.8075 273.34842938097404
6.8125 140.65471407086548
6.8175 -80.45748090993979
6.8225 85.05355988412762
6.8275 -190.03618620950576
6.8325 0.15171217500308476
6.8374999999999995 -106.93100280576549
6.842499999999999 -10.800395375548971
6.847499999999999 -31.93140293253126
6.8525 -62.608161478431
6.8575 78.68836250079785
6.8625 163.9235105542442
6.8675 -9.225618567251473
6.8725 -35.23705022433512
6.8774999999999995 -8.734229661124953
6.882499999999999 -68.222130926966
6.887499999999999 -74.28755746932809
6.8925 -52.8011424533303
6.8975 238.7777497698092
6.9025 -21.93538825528003
6.9075 206.4225322227057
6.9125 11.661041599944074
6.9174999999999995 -147.43540078414767
6.922499999999999 19.914456089462167
6.927499999999999 -109.99281825579769
6.9325 327.16698248582435
6.9375 24.60881893723699
6.9425 -63.874264768417675
6.9475 -46.21139739515804
6.9525 323.0529530115117
6.9575 -108.92409195757223
6.9624999999999995 193.35937081839847
6.967499999999999 -372.8466746068968
6.972499999999999 -76.14688316211527
6.9775 135.58648364498785
6.9825 -308.0177278140343
6.9875 264.54577512934804
6.9925 151.92213931740653
6.9975 12.602411600273202
7.0024999999999995 -332.98061165377896
7.007499999999999 -1.8930602047700353
7.012499999999999 -67.20735979443751
7.0175 192.05995231039276
7.0225 -159.71179433674084
7.0275 236.32408129811776
7.0325 -264.07285857966593
7.0375 187.8497786578156
7.0424999999999995 138.82278486013706
7.047499999999999 -84.96253763197004
7.052499999999999 -203.31162049569656
7.0575 337.16651231102725
7.0625 -157.12209244206653
7.0675 -274.4514856767725
7.0725 160.6333043070871
7.0775 153.75827382026625
7.0825 -133.0419684548428
7.0874999999999995 90.30287135271595
7.092499999999999 91.85735730697623
7.097499999999999 77.27298266463895
7.1025 -153.88472486624494
7.1075 -33.592751937263515
7.1125 18.911401765880846
7.1175 22.913725617477684
7.1225 -202.94714041797457
7.1274999999999995 -203.36551881689564
7.132499999999999 161.89451620698577
7.137499999999999 120.09709696354047
7.1425 -92.30235972123265
7.1475 251.29592435417166
7.1525 -138.7125628524979
7.1575 -35.969601846732544
7.1625 -9.772031828813725
7.1674999999999995 0.44455713235671
7.172499999999999 -31.431689794460848
7.177499999999999 -58.83599981430595
7.1825 441.2473988402864
7.1875 -207.99115771946435
7.1925 -156.6737238334962
7.1975 7.7365106278942095
7.2025 44.007447789337505
7.2075 -139.23009858282228
7.2124999999999995 6.114589466881052
7.217499999999999 -54.855108048991056
7.222499999999999 28.903473382432743
7.2275 98.1646667274996
7.2325 205.73621675690342
7.2375 30.740068315856085
7.2425 3.629006428228874
7.2475 39.98674382202069
7.2524999999999995 -177.4509001820175
7.257499999999999 -9.779532407669201
7.262499999999999 126.3030168534447
7.2675 -59.694643849166226
7.2725 -149.0516124943251
7.2775 -0.57961623801501
7.2825 59.654728221758525
7.2875 -78.55515978906422
7.2924999999999995 -127.31552578549453
7.297499999999999 82.29961791873303
7.302499999999999 310.9186004373896
7.3075 -269.3307847529504
7.3125 -228.30285289704642
7.3175 75.75875472061823
7.3225 132.74234288314733
7.3275 150.76345638753313
7.3325 27.094954367560252
7.3374999999999995 220.84506136879398
7.342499999999999 -144.1481411083795
7.347499999999999 -9.748485837768557
7.3525 128.02372322493545
7.3575 -239.2484778063246
7.3625 -335.45755774995683
7.3675 -158.44480495682728
7.3725 299.77188416948707
7.3774999999999995 45.841905001205696
7.382499999999999 218.09934580227812
7.387499999999999 -103.0721951263092
7.3925 -109.54767425663464
7.3975 206.36145886266877
7.4025 29.264636478438494
7.4075 24.049499079807603
7.4125 21.526814479559512
7.4174999999999995 80.72907760453803
7.422499999999999 -142.25690519091958
7.427499999999999 71.13128810954274
7.4325 -242.31473870662265
7.4375 68.14263600209614
7.4425 19.672967504212355
7.4475 -59.812731714193234
7.4525 -148.09921240803175
7.4575 81.60933702286887
7.4624999999999995 -90.21703616098576
7.467499999999999 -63.83298092552737
7.472499999999999 291.4947049955085
7.4775 -76.82586937206247
7.4825 35.56455058769497
7.4875 -97.34728416616704
7.4925 196.62288054716862
7.4975 -136.099817093176
7.5024999999999995 -154.99361496021817
7.507499999999999 106.90330558736457
7.512499999999999 140.55372718877265
7.5175 -151.11921530870998
7.5225 194.86568790313726
7.5275 -78.44189331117876
7.5325 -116.32829636193435
7.5375 23.811857235413573
7.5424999999999995 112.53398731826293
7.547499999999999 -253.98845110303543
7.552499999999999 110.98070220401941
7.557499999999999 -5.503631909717366
7.5625 315.2241134975166
7.5675 -241.09418733390535
7.5725 -171.2200176624948
7.5775 -83.1295439027521
7.5825 393.81775306408025
7.5874999999999995 -236.29633302493636
7.592499999999999 -96.76192373901206
7.597499999999999 43.22713126178972
7.6025 -148.1796600045783
7.6075 253.7638653344843
7.6125 70.45102421423913
7.6175 -9.866242109891546
7.6225 8.629124250421082
7.6274999999999995 92.26646307877255
7.632499999999999 -226.7029674990396
7.637499999999999 170.72039160045782
7.6425 13.975039521882616
7.6475 45.62603196779259
7.6525 -184.26717549847876
7.6575 -274.9444010287257
7.6625 213.9657215558578
7.6674999999999995 146.14122578631373
7.672499999999999 -112.17961608707253
7.677499999999999 -150.71181079272966
7.682499999999999 -141.07890113532457
7.6875 225.12300326845738
7.6925 73.94715452342793
7.6975 -138.91994684439877
7.7025 86.598705182084
7.7075 147.97256418270118
7.7124999999999995 -84.18813872191441
7.717499999999999 -175.92240190051956
7.722499999999999 144.90728648168053
7.7275 10.742943746897257
7.7325 -69.6076173996572
7.7375 -36.514611891338994
7.7425 241.6354659056655
7.7475 112.47292343230899
7.7524999999999995 -4.202565306027874
7.757499999999999 -194.779475063933
7.762499999999999 224.05666812350657
7.7675 116.13971960899416
7.7725 -228.92012493051124
7.7775 -62.314211737735214
7.7825 -31.09668332569712
7.7875 120.09347417947939
7.7924999999999995 -57.42956667050066
7.797499999999999 48.360390740514205
7.802499999999999 -138.99009348106455
7.807499999999999 301.86650970019906
7.8125 -121.26269839184869
7.8175 -19.01226864292268
7.8225 334.9781273076856
7.8275 -322.4814057973305
7.8325 133.9286764669618
7.8374999999999995 28.194116716568686
7.842499999999999 -140.10262899163038
7.847499999999999 -94.2149067988321
7.8525 -39.10326874202764
7.8575 45.59586346116521
7.8625 -76.50284774984335
7.8675 -158.24608764549444
7.8725 120.0037435606337
7.8774999999999995 -214.05228704148377
7.882499999999999 440.0238177347852
7.887499999999999 24.238196890474676
7.8925 -75.53773476004586
7.8975 -16.05409426564492
7.9025 16.893940272458547
7.9075 66.59704384322623
7.9125 -52.125805278549066
7.9174999999999995 71.91676301210005
7.922499999999999 31.226325887584906
7.927499999999999 21.09138062593628
7.932499999999999 219.64453952332525
7.9375 -129.06141163783633
7.9425 -93.23922020609943
7.9475 18.11259709175032
7.9525 40.46631058581921
7.9575 -90.27870665141889
7.9624999999999995 235.30654583871308
7.967499999999999 -137.0264929388474
7.972499999999999 -75.33015615469063
7.9775 88.74337255588738
7.9825 -11.797842621024445
7.9875 -49.89582062955133
7.9925 245.67192658881035
7.9975 -284.1375716513035
8.0025 -45.34009914347427
8.0075 -78.78211854400692
8.0125 88.16646247618182
8.0175 284.69619595314134
8.022499999999999 -222.7304065119968
8.0275 69.17344228322445
8.032499999999999 166.524926099838
8.0375 -248.62448086111814
8.0425 98.87119593883044
8.0475 -62.11846428824526
8.0525 -133.02465344974257
8.0575 77.40789992222163
8.0625 68.16604777696587
8.067499999999999 171.5722940686724
8.0725 235.7220549063384
8.077499999999999 -219.2175833949485
8.0825 -68.8697495008674
8.0875 -95.1057877168509
8.0925 -48.32852018856392
8.0975 74.66402311730936
8.1025 -57.865696869222376
8.1075 72.48248734961878
8.112499999999999 79.82230443867094
8.1175 -104.62486284614566
8.1225 -142.8576791615638
8.1275 23.853403720937383
8.1325 96.76732054510971
8.1375 -280.72564922850995
8.1425 118.68490403783362
8.147499999999999 177.0529153388248
8.1525 -172.14138999546896
8.157499999999999 251.63874799406352
8.1625 -295.9478224261632
8.1675 -133.79420241882318
8.1725 -9.110333188601487
8.1775 -66.44868654627128
8.1825 -17.239681929905924
8.1875 25.689095458450687
8.192499999999999 248.51274352654139
8.1975 94.39274770516623
8.202499999999999 -93.62252581302556
8.2075 -82.84402635907072
8.2125 307.62396045098586
8.2175 -369.86736973497835
8.2225 184.48347065492212
8.2275 -108.80098651293545
8.2325 143.58731250323675
8.237499999999999 4.24831091566024
8.2425 14.420666962446239
8.2475 -45.81948116265482
8.2525 5.98223889627698
8.2575 -148.9427850190657
8.2625 -71.06916391580282
8.2675 127.14708632749671
8.272499999999999 -5.59570867994359
8.2775 -6.589403135886096
8.282499999999999 10.815502590355424
8.2875 58.40826181091503
8.2925 -56.878580058552444
8.2975 -121.53402218022353
8.3025 49.374278677974495
8.3075 78.20699539806562
8.3125 59.91700399772572
8.317499999999999 -74.34671805148821
8.3225 33.315274139867896
8.327499999999999 59.320497377745916
8.3325 -130.1579780552142
8.3375 73.07370065469895
8.3425 -89.27393199227114
8.3475 47.86500225815173
8.3525 225.11655747083952
8.3575 -68.2203045343041
8.362499999999999 -162.23369232493323
8.3675 192.52419750825757
8.3725 -76.61739296576113
8.3775 -26.91833403891574
8.3825 5.714211825607572
8.3875 115.96584913293238
8.3925 -109.32430353922473
8.397499999999999 175.43518665690365
8.4025 -330.7985692858183
8.407499999999999 310.72442279081434
8.4125 -127.26961227405839
8.4175 231.7967466647313
8.4225 -31.895521948624964
8.4275 -181.60194568801032
8.4325 44.791605136439195
8.4375 -47.897860746420854
8.442499999999999 -179.12616700938975
8.4475 274.2672948979106
8.452499999999999 -10.496669499693757
8.4575 -9.096939565656553
8.4625 120.11832190294574
8.4675 23.57949886175483
8.4725 53.288186086104766
8.4775 -142.9121547439018
8.4825 -57.581825381665226
8.487499999999999 283.0797155474441
8.4925 -10.438624622388136
8.4975 -321.01292898949055
8.5025 -385.5068895776002
8.5075 340.0752231590284
8.5125 -23.67648285332747
8.5175 -48.64276973104198
8.522499999999999 -146.42348608763535
8.5275 -256.7218164128898
8.532499999999999 300.8241189841162
8.5375 -16.810456495488317
8.5425 82.75696190507486
8.5475 -103.5313665579888
8.5525 208.955873060946
8.5575 -291.28192867138256
8.5625 152.75577261207067
8.567499999999999 -146.51232456366782
8.5725 91.83704539942126
8.577499999999999 68.00020684939221
8.5825 -16.26907476149134
8.5875 429.8087402846023
8.5925 -139.88813285827595
8.5975 -213.27618911254845
8.6025 -16.40042476366593
8.6075 63.67978737238397
8.612499999999999 -80.72681250920071
8.6175 353.4897532997307
8.6225 -73.89253959311954
8.6275 -408.56670042271776
8.6325 -18.63657125096135
8.6375 42.002507612408124
8.6425 228.13008536214403
8.647499999999999 133.84596591332584
8.6525 -86.30257640230455
8.657499999999999 -218.46856002662764
8.6625 43.1480563545983
8.6675 -7.822805575817537
8.6725 -70.77315908860892
8.6775 -137.24820332321642
8.6825 161.3564164532318
8.6875 91.28287444291844
8.692499999999999 86.7745438988833
8.6975 85.44573533806772
8.702499999999999 -118.43261269526676
8.7075 57.7771923546147
8.7125 -51.992814154668466
8.7175 54.74412653570027
8.7225 26.134393411462042
8.7275 80.46642878655379
8.7325 25.691502270279138
8.737499999999999 71.51191393262478
8.7425 -66.91067849140248
8.747499999999999 -187.98056021501185
8.7525 21.87826782477889
8.7575 -77.1716291388247
8.7625 195.63258914564412
8.7675 -7.373325078342822
8.772499999999999 -146.32850774791436
8.7775 88.87765478674193
8.782499999999999 29.99643701659138
8.7875 -73.30962754409843
8.7925 60.402976937819865
8.7975 20.523332440607334
8.8025 4.846232829584433
8.8075 110.63092121742935
8.8125 107.40893178064631
8.817499999999999 -56.704395424531
8.8225 64.81172040991342
8.827499999999999 7.904974429021888
8.8325 -210.8470029213104
8.8375 -153.60965019631217
8.8425 250.55681778482545
8.8475 156.19352335881442
8.8525 -237.1008729404618
8.8575 5.661114853926545
8.862499999999999 34.00634355576279
8.8675 0.11715901014226947
8.872499999999999 -158.85521854682725
8.8775 76.07037441556453
8.8825 22.4746577951121
8.8875 83.30174667704175
8.8925 211.17279031783502
8.897499999999999 -27.8173943801519
8.9025 215.02250221971536
8.907499999999999 -442.63056389948036
8.9125 -44.991612370485626
8.9175 145.04286534605743
8.9225 175.1462934448254
8.9275 -222.50151977294516
8.9325 70.33241764316936
8.9375 -34.336172306597604
8.942499999999999 35.65065921198651
8.9475 -87.19242306626552
8.952499999999999 106.91046878359865
8.9575 -49.77548977538058
8.9625 143.07989351451312
8.9675 -152.81946581921844
8.9725 -2.5908364161102493
8.9775 76.60953579294932
8.9825 -367.6802755754417
8.987499999999999 286.57468949217235
8.9925 -22.156537826570833
8.997499999999999 23.513074133388006
9.0025 -141.078472696239
9.0075 139.5176098946314
9.0125 133.97692695176062
9.0175 -314.7577299201742
9.022499999999999 207.56541032617352
9.0275 -36.54104063529749
9.032499999999999 -350.9660036546551
9.0375 154.8366233524787
9.0425 99.94332869622242
9.0475 109.9688667213675
9.0525 -195.2891088827204
9.0575 50.64784280830195
9.0625 61.18150090431062
9.067499999999999 -17.629897301346617
9.0725 56.21859201665467
9.077499999999999 16.676839818962566
9.0825 65.88439884816772
9.0875 -32.89864469613887
9.0925 -50.81229578272015
9.0975 116.44203917565815
9.1025 -171.2200921393137
9.1075 78.5433179748556
9.112499999999999 -527.8950481876818
9.1175 47.56562781544731
9.122499999999999 127.94876849116115
9.1275 251.95285410945212
9.1325 -122.90751051633706
9.1375 101.05573735934402
9.1425 93.75320289214017
9.147499999999999 140.04122167016874
9.1525 313.10177653727925
9.157499999999999 -224.5263144697571
9.1625 -126.34413753157267
9.1675 218.30579949186486
9.1725 -7.78915837014096
9.1775 -501.68659718546917
9.1825 146.90097513240426
9.1875 -63.61762738766392
9.192499999999999 121.10505623041178
9.1975 92.21592292523368
9.202499999999999 81.9116497471396
9.2075 -27.714802562086646
9.2125 286.869156886235
9.2175 -181.9588167612606
9.2225 -221.6710287651444
9.2275 71.4070899811359
9.2325 230.96848114533765
9.237499999999999 -221.4951695211653
9.2425 22.237567026544294
9.247499999999999 -111.68892069697803
9.2525 41.5720302831933
9.2575 -76.57403193017912
9.2625 27.519818565782888
9.2675 -5.402133953481975
9.272499999999999 -216.33005317527707
9.2775 463.3117635767874
9.282499999999999 48.449145002475795
9.2875 234.8591446392818
9.2925 -272.9944439554958
9.2975 176.1210855262241
9.3025 23.753831635235112
9.3075 47.67204861046277
9.3125 -21.577233706955973
9.317499999999999 -196.11862405997505
9.3225 244.46851856923163
9.327499999999999 -509.872090658313
9.3325 214.5184242926689
9.3375 -73.49141534147404
9.3425 -128.29246032548986
9.3475 5.3133957448276465
9.3525 -53.2145232076912
9.3575 217.9717688536473
9.362499999999999 -151.622988617672
9.3675 259.4354724721339
9.372499999999999 -154.33771235343332
9.3775 -84.902756168414
9.3825 -65.80389730198202
9.3875 115.13642632798674
9.3925 46.50781881883375
9.397499999999999 305.425877407877
9.4025 -53.675886310565105
9.407499999999999 77.00718884586131
9.4125 163.04944218596685
9.4175 -231.9312921961418
9.4225 1.964502685451284
9.4275 -271.1911148959094
9.4325 138.9957929314794
9.4375 -392.0296891206832
9.442499999999999 319.9192116393977
9.4475 -123.03436375029638
9.452499999999999 211.69509809111878
9.4575 -51.93482250328733
9.4625 91.83597430170744
9.4675 -243.74805640304496
9.4725 -17.0742112810751
9.4775 126.08977879935829
9.4825 77.90125752963137
9.487499999999999 -247.3114086205353
9.4925 -172.2020405745532
9.497499999999999 102.42456773624724
9.5025 -42.968329184661265
9.5075 167.75287120480837
9.5125 -34.7887047746343
9.5175 65.07754541421417
9.522499999999999 132.13594551792104
9.5275 11.61361776178073
9.532499999999999 -200.3090496445186
9.5375 -211.54204217534746
9.5425 332.53690087283445
9.5475 25.10919236625679
9.5525 -217.20749642244434
9.5575 47.63759163386101
9.5625 -132.3375918999062
9.567499999999999 159.63789293677476
9.5725 81.6192304655973
9.577499999999999 77.11487022025004
9.5825 -97.29984664321718
9.5875 -24.844608598409913
9.5925 -24.82269504449469
9.5975 36.90110789570609
9.6025 -389.42424156327763
9.6075 172.10433093566195
9.612499999999999 98.74370715180505
9.6175 175.21302651676243
9.622499999999999 -171.04320285198037
9.6275 38.210532482760065
9.6325 44.30794964791565
9.6375 -152.05054766616237
9.6425 203.73697629355786
9.647499999999999 -141.04215116747451
9.6525 -76.99347616343461
9.657499999999999 200.46347114408283
9.6625 -86.59383313491543
9.6675 -80.87639091018323
9.6725 99.72868729359574
9.6775 8.02627913997151
9.6825 3.3256002368817343
9.6875 -179.88147985295947
9.692499999999999 292.5119128095438
9.6975 -261.3837378952153
9.702499999999999 160.0143189120336
9.7075 248.95293152763392
9.7125 -247.43626821795138
9.7175 110.46863591442884
9.7225 -66.26256450191234
9.7275 149.73346750923014
9.7325 13.621083834498148
9.737499999999999 -79.94629886809332
9.7425 -80.51105395429018
9.747499999999999 281.4179284979588
9.7525 -195.99650865700883
9.7575 -91.52382616346647
9.7625 131.81607784424037
9.7675 58.3359569255143
9.772499999999999 20.519486818219686
9.7775 -69.61928736452747
9.782499999999999 29.618512425624605
9.7875 -80.9562858518897
9.7925 33.637701855510684
9.7975 -14.910470999234407
9.8025 -5.194360734672351
9.8075 -163.35011984141795
9.8125 290.2360025433372
9.817499999999999 -29.534596788372212
9.8225 -54.36439555291343
9.827499999999999 -231.01880510556643
9.8325 119.85604997582475
9.8375 -278.2535588630243
9.8425 76.70692383935747
9.8475 -107.49847945388068
9.8525 236.71678486639132
9.8575 -131.86564012767352
9.862499999999999 85.84019299332829
9.8675 48.81033441537869
9.872499999999999 61.068657996884724
9.8775 215.08521341184615
9.8825 -131.68181640373453
9.8875 11.624385846585811
9.8925 229.0362745560635
9.897499999999999 28.443976805488887
9.9025 -284.7867835817426
9.907499999999999 132.92355129964022
9.9125 -164.54232817907837
9.9175 256.37178799606636
9.9225 -180.76338644588262
9.9275 -43.44717315487967
9.9325 234.0368273965655
9.9375 -38.12548969280292
9.942499999999999 -166.57719816837798
9.9475 -47.64851459360578
9.952499999999999 -267.43841786683566
9.9575 24.85466099519711
9.9625 25.880839713131333
9.9675 -58.171340983710536
9.9725 189.96025900058967
9.9775 -64.62002385460885
9.9825 -119.68401668235272
9.987499999999999 2.954100455807372
9.9925 93.97040111290903
9.997499999999999 86.09949785477673
10.0025 300.99538514003643
