0.0075 38.60721075780178
0.012499999999999999 -60.794151442969074
0.017499999999999998 157.54949490501886
0.0225 126.12261662886316
0.0275 124.56051693308967
0.0325 22.135260615228596
0.0375 -109.3613677308267
0.042499999999999996 21.058941892176634
0.0475 178.6877838211034
0.0525 -285.3883766658105
0.057499999999999996 3.4638444766015706
0.0625 -108.02052340027055
0.06749999999999999 108.21533212603933
0.0725 -96.94320084260649
0.0775 -210.30917054723147
0.08249999999999999 271.36450114106367
0.0875 79.84818605433776
0.0925 -73.45234764449238
0.09749999999999999 -295.31267411397425
0.1025 236.7708166800512
0.1075 39.67280876646353
0.11249999999999999 -268.81527595004417
0.1175 34.84952707147242
0.1225 159.23954393351775
0.1275 -78.68684085780491
0.1325 125.00104915919692
0.13749999999999998 -147.99499354780048
0.1425 -69.65626760522754
0.1475 435.515573312796
0.1525 -140.99533274953
0.1575 -161.2918143262489
0.1625 319.4198690432391
0.16749999999999998 -285.09599922813464
0.1725 -88.79245291114154
0.1775 14.1581619663049
0.1825 -4.7831050039637235
0.1875 107.06115538911996
0.1925 -68.10996699548647
0.19749999999999998 85.40295406372984
0.20249999999999999 -126.2929790625354
0.2075 238.2344682847995
0.2125 179.35482715995695
0.2175 54.1125144249808
0.2225 -83.8887595421685
0.22749999999999998 -298.0971818395587
0.23249999999999998 181.89309110014625
0.2375 124.12641471446202
0.2425 -165.8055164779527
0.2475 41.42227911178102
0.2525 -5.194797331995997
0.2575 -82.16262531064145
0.2625 7.56966452643407
0.2675 241.11196558218762
0.27249999999999996 -101.96819701455412
0.27749999999999997 308.6293037524887
0.2825 -138.68081158188394
0.2875 170.40259595477772
0.2925 -277.95256316787123
0.2975 70.21835257904002
0.3025 -295.6349432045195
0.3075 284.10594900452435
0.3125 -161.09392014166653
0.3175 -146.95954891355024
0.3225 107.41469000615011
0.32749999999999996 230.24526281051294
0.33249999999999996 -139.26908417108484
0.33749999999999997 -38.215167941023296
0.34249999999999997 14.736264982734035
0.3475 13.786997396707928
0.3525 -0.14851704052063353
0.3575 156.62934459716365
0.3625 26.516964250619875
0.3675 -144.39287719873704
0.3725 -21.475593376307028
0.3775 -157.27597260305643
0.3825 39.97911218501743
0.38749999999999996 232.27228760118896
0.39249999999999996 -111.67103283881919
0.39749999999999996 84.0111552200893
0.40249999999999997 -37.154440663685264
0.4075 203.86171785969023
0.4125 77.33069562007933
0.4175 -154.16793494438457
0.4225 153.30449360234363
0.4275 -240.63712178033535
0.4325 107.11001481402259
0.4375 -37.85954665721848
0.4425 16.69331524925162
0.44749999999999995 75.44277747384257
0.45249999999999996 91.2328383895444
0.45749999999999996 -143.18822544259928
0.46249999999999997 -85.96535747199776
0.46749999999999997 -155.9959834654599
0.4725 45.040932604257286
0.4775 98.16942995429847
0.4825 115.08382108752889
0.4875 -208.73574604914182
0.4925 82.78020044896913
0.4975 50.76504503983576
0.5025 74.77088763577075
0.5075 -31.882181387123897
0.5125 -199.49410034349614
0.5175 9.291607923675175
0.5225 11.474937451075194
0.5275 -107.98271069032153
0.5325 59.18391648106212
0.5375 69.26129876068798
0.5425 46.464335672848996
0.5475 -435.4286126131671
0.5525 273.7217970038233
0.5575 399.5418325747532
0.5625 -243.7114633825903
0.5675 29.07392529355529
0.5725 -253.17043285705233
0.5775 -50.14029697213408
0.5825 176.35806043465217
0.5875 -71.42313386776794
0.5925 -208.3177889426239
0.5974999999999999 79.9558430156924
0.6024999999999999 50.79773665019288
0.6074999999999999 -146.01594285282295
0.6124999999999999 150.27173276748303
0.6174999999999999 52.33027552939018
0.6224999999999999 8.605448977618687
0.6275 -256.9919191630293
0.6325 -10.035761284387009
0.6375 -10.549829697720176
0.6425 118.81569756921807
0.6475 206.04260442242432
0.6525 -112.90335905746589
0.6575 -19.35797640914095
0.6625 -131.78531284869112
0.6675 263.57634342159247
0.6725 -370.1754806638205
0.6775 225.52489205886107
0.6825 -293.98715878387526
0.6875 -153.89501812843326
0.6925 212.38170570737554
0.6975 134.99465835691262
0.7025 272.290530035163
0.7075 -114.67056869383381
0.7125 -39.717267216656495
0.7174999999999999 -209.65157793510411
0.7224999999999999 348.77253448995384
0.7274999999999999 -55.750133878310294
0.7324999999999999 166.68369120327614
0.7374999999999999 -132.51312007731917
0.7424999999999999 -230.0844826222604
0.7474999999999999 -135.0015727104361
0.7525 67.87022137833462
0.7575 121.40096223765688
0.7625 179.99231655752368
0.7675 -11.248218829594913
0.7725 -63.54668655638646
0.7775 -269.8716444419483
0.7825 74.37521561607551
0.7875 204.62171848280428
0.7925 -77.25642144126519
0.7975 137.17335615975918
0.8025 -213.82695433359945
0.8075 9.987734032668236
0.8125 236.92115231685295
0.8175 -178.68610822426217
0.8225 -48.38523757578528
0.8275 106.23815101221916
0.8325 137.88250159962752
0.8374999999999999 -82.06287427003858
0.8424999999999999 -290.10113449835217
0.8474999999999999 41.450225419613425
0.8524999999999999 201.49214417752853
0.8574999999999999 -60.01764823381771
0.8624999999999999 -134.65199431255388
0.8674999999999999 309.95824633210293
0.8724999999999999 -142.19716504489207
0.8775 -20.440512178406383
0.8825 32.67972074483966
0.8875 -171.71588774407502
0.8925 -55.35255582855517
0.8975 132.50830092711388
0.9025 204.5251944694736
0.9075 -112.62773455353546
0.9125 143.74530296880738
0.9175 -205.78823236728076
0.9225 148.65871516789628
0.9275 -237.56090453992468
0.9325 31.1598746696163
0.9375 42.8953784826046
0.9425 -203.67607083532474
0.9475 210.47278217044794
0.9524999999999999 20.515483754994865
0.9574999999999999 -10.0956891356834
0.9624999999999999 145.20754280360828
0.9674999999999999 27.97286105528626
0.9724999999999999 125.74411122397638
0.9774999999999999 -142.92434723076488
0.9824999999999999 -157.68399925048533
0.9874999999999999 98.05096483655086
0.9924999999999999 7.169451234183266
0.9974999999999999 -45.347004170947336
1.0025 61.22426744118609
1.0075 91.46520790676428
1.0125 -160.84538915474056
1.0174999999999998 -59.85465874204978
1.0225 -6.847515315555887
1.0274999999999999 109.831135661142
1.0325 157.71358707477717
1.0374999999999999 -151.63601995563164
1.0425 -174.56178173760338
1.0474999999999999 55.17479255706763
1.0525 55.83080279996183
1.0574999999999999 -22.55778892566058
1.0625 312.30532643593637
1.0675 -179.03282597542466
1.0725 69.42803220938026
1.0775 -68.98730208020648
1.0825 276.14631398537756
1.0875 -216.65468657586192
1.0925 130.108920990414
1.0975 -52.18619676778092
1.1025 108.27294534043953
1.1075 97.50578399528194
1.1125 63.783137511840465
1.1175 125.90795496222565
1.1225 -215.7676584515852
1.1275 35.864582426490095
1.1324999999999998 -49.84711463215904
1.1375 106.09356071592164
1.1424999999999998 -94.86388385096413
1.1475 -147.23093638881616
1.1524999999999999 151.7643985169495
1.1575 20.240600606281077
1.1624999999999999 -153.98997877004098
1.1675 -50.17587136418864
1.1724999999999999 -253.1067421500098
1.1775 -123.94746507725114
1.1824999999999999 173.26194150132088
1.1875 135.45184929404948
1.1925 -236.47667456283727
1.1975 15.1616876255141
1.2025 -67.19122964183902
1.2075 251.03826324611896
1.2125 -6.686560909444227
1.2175 186.21556671632854
1.2225 -12.0948842023814
1.2275 -66.60671753986351
1.2325 113.03007530375152
1.2375 -153.1259421397866
1.2425 202.54412345508638
1.2475 161.69224348284854
1.2525 -127.03743723870842
1.2574999999999998 -52.90353011806593
1.2625 -139.32151427259217
1.2674999999999998 -68.76547011177269
1.2725 -124.32465147925296
1.2774999999999999 -103.33151735690974
1.2825 -146.03438181559216
1.2874999999999999 101.15431387682726
1.2925 -7.669644129288642
1.2974999999999999 -166.30435865831208
1.3025 257.84459419665575
1.3074999999999999 -196.5215797044929
1.3125 24.13417817024619
1.3175 189.10165477003636
1.3225 269.102568831607
1.3275 -234.71490883158887
1.3325 71.18241815633111
1.3375 -78.37378504978138
1.3425 -88.11947024335568
1.3475 447.30800550872846
1.3525 123.71471659671235
1.3575 28.65607639060477
1.3625 -19.797027989046583
1.3675 -216.934416507523
1.3724999999999998 -59.48016797982257
1.3775 119.08514726555494
1.3824999999999998 -30.014191974419646
1.3875 45.019144845110425
1.3924999999999998 -105.10098367543193
1.3975 57.17107894870861
1.4024999999999999 92.56807906319133
1.4075 -162.55418660393497
1.4124999999999999 -80.38873064783654
1.4175 212.50798572641887
1.4224999999999999 -101.60891932685212
1.4275 -73.44810509750353
1.4324999999999999 61.68939701837949
1.4375 6.368157244751735
1.4425 91.98209203071531
1.4475 103.52683215661061
1.4525 -118.19249600986515
1.4575 -41.41161616298004
1.4625 111.33329915000425
1.4675 128.6773986327149
1.4725 -308.83003884611793
1.4775 130.77177020536942
1.4825 4.190176889865539
1.4874999999999998 84.03971273785791
1.4925 -147.6228305151258
1.4974999999999998 79.74780551355518
1.5025 -264.39142396169143
1.5074999999999998 37.16172939151872
1.5125 89.03968713296068
1.5174999999999998 -15.111288662128441
1.5225 -182.18073162792038
1.5274999999999999 231.28550001490234
1.5325 -101.4802507533277
1.5374999999999999 -137.2847722308141
1.5425 303.6117652628542
1.5474999999999999 88.35346719749505
1.5525 -313.2684759220378
1.5574999999999999 335.6033559918334
1.5625 -407.43313586914974
1.5675 256.7643221493145
1.5725 5.206853892085325
1.5775 -214.51641262905108
1.5825 205.64302678192797
1.5875 -403.32139254369224
1.5925 49.33834848147054
1.5975 73.01738012628657
1.6025 -215.58722612038915
1.6075 125.05990400480444
1.6124999999999998 175.3079178791384
1.6175 84.6987370549822
1.6224999999999998 160.0291047975259
1.6275 -66.38978354074197
1.6324999999999998 -59.05449822137832
1.6375 29.8007616753996
1.6424999999999998 -14.83437516479987
1.6475 -56.1444723180268
1.6524999999999999 112.84102760993692
1.6575 44.91722634485865
1.6624999999999999 -224.7675569920186
1.6675 -5.209660325996936
1.6724999999999999 -151.36071257853587
1.6775 255.53554569356336
1.6824999999999999 39.95731600446348
1.6875 -22.31939915504967
1.6925 117.17314678990918
1.6975 -46.01799504437273
1.7025 -53.62973778923743
1.7075 23.40641095974984
1.7125 20.634045324170508
1.7175 -37.10212793553918
1.7225 73.57655866197827
1.7274999999999998 -80.77526454853555
1.7325 -126.79997698090467
1.7374999999999998 -147.4279428386656
1.7425 64.11085354217242
1.7474999999999998 57.72680286531202
1.7525 -84.52580069718462
1.7574999999999998 73.12613891444444
1.7625 327.7675651326263
1.7674999999999998 -166.80285069235492
1.7725 166.97978787644107
1.7774999999999999 -131.13697083973526
1.7825 -178.08353207250138
1.7874999999999999 226.80435666780144
1.7925 -255.1155898598274
1.7974999999999999 151.66790761356506
1.8025 -154.66307288988622
1.8074999999999999 151.40719848248494
1.8125 28.65230991628529
1.8175 -230.70597772821017
1.8225 293.7856793168102
1.8275 -370.45631110232796
1.8325 -102.42091560884589
1.8375 39.18313289296446
1.8425 -105.99182722345678
1.8475 330.04240851182254
1.8524999999999998 8.386697204619061
1.8575 -89.73081674875777
1.8624999999999998 1.1367767940335949
1.8675 27.571977340080675
1.8724999999999998 232.61033156622128
1.8775 -166.5572895672718
1.8824999999999998 -46.6071698426
1.8875 4.455838334650526
1.8924999999999998 84.39966420391906
1.8975 47.3135123355456
1.9024999999999999 190.279237196043
1.9075 -234.34951068890996
1.9124999999999999 -259.7373533032263
1.9175 140.86952627015464
1.9224999999999999 93.79856901211568
1.9275 94.56520575335819
1.9324999999999999 85.03643653183083
1.9375 -44.95897125978693
1.9425 -63.21912982552252
1.9475 136.2428879834168
1.9525 -208.4993318715516
1.9575 95.07875921080645
1.9625 187.69048182147066
1.9674999999999998 -76.83833081761439
1.9725 164.71931075981206
1.9774999999999998 -182.40862036444
1.9825 -366.4472575595853
1.9874999999999998 102.01134718599774
1.9925 164.3999986358301
1.9974999999999998 92.57986548033146
2.0025 91.6205903678278
2.0075 -19.050083524015726
2.0124999999999997 -52.564874087798295
2.0175 215.44052007714558
2.0225 21.794118690856575
2.0275 131.4121474218522
2.0324999999999998 -76.75163598443893
2.0375 -125.20872290013536
2.0425 99.36702733457187
2.0475 -84.38307745315508
2.0524999999999998 -159.23765385396476
2.0575 57.32751790160802
2.0625 185.10471732936276
2.0675 -169.47004920410654
2.0725 -139.88078577272307
2.0775 -79.73250401425555
2.0825 185.77959828428394
2.0875 -55.701467997738106
2.0925 214.5148434840588
2.0974999999999997 -91.36067679654839
2.1025 85.23600137883628
2.1075 152.7109491465143
2.1125 -228.4923648209267
2.1174999999999997 -159.30841999038938
2.1225 265.25569402282343
2.1275 93.07284557185164
2.1325 -245.770112037202
2.1374999999999997 78.92227208283869
2.1425 -52.23108944677679
2.1475 -39.52424672404877
2.1525 -10.147620005651905
2.1574999999999998 86.98105811733348
2.1625 112.47107598612938
2.1675 -147.11045789685244
2.1725 100.16266621756027
2.1774999999999998 -3.2439317336843647
2.1825 -14.776569771258272
2.1875 -145.92799102183946
2.1925 23.068876489846303
2.1975 -11.835220773209358
2.2024999999999997 -36.17046740637938
2.2075 106.21957391452408
2.2125 8.18323100919629
2.2175 71.2857498739596
2.2224999999999997 13.132252733397454
2.2275 302.9052292091301
2.2325 -310.88956289941706
2.2375 127.48129828913561
2.2424999999999997 -81.43321013604584
2.2475 -223.7809936256956
2.2525 340.22082639269706
2.2575 -59.9397386388319
2.2624999999999997 -13.593800580889328
2.2675 -127.93189383354239
2.2725 -63.15717642844508
2.2775 -371.8232910066085
2.2824999999999998 -40.491423221751454
2.2875 48.78015919794253
2.2925 153.18647942462863
2.2975 -233.27445583484342
2.3024999999999998 116.96043362633635
2.3075 459.4799938774586
2.3125 -300.14956638183116
2.3175 203.2465993379188
2.3225 -277.8122598941187
2.3274999999999997 132.92194939011097
2.3325 -225.8024539716392
2.3375 102.42481050962341
2.3425 -3.477456891650149
2.3474999999999997 -1.3644126909638863
2.3525 -124.18125991762041
2.3575 -59.620088079552644
2.3625 180.81032157926597
2.3674999999999997 95.87873603953584
2.3725 43.92773811858692
2.3775 -106.89442573992969
2.3825 -11.209886558303984
2.3874999999999997 -77.85028433154999
2.3925 308.6006841926351
2.3975 -135.56929607946202
2.4025 -53.67549155710792
2.4074999999999998 11.191015237698794
2.4125 17.817838632805238
2.4175 -2.843701006489201
2.4225 120.17893646077702
2.4274999999999998 55.19687296011075
2.4325 -52.00633235522526
2.4375 65.59682121777779
2.4425 -131.86769606947078
2.4475 -256.21375029166535
2.4524999999999997 177.6481484841517
2.4575 -120.71754702550457
2.4625 34.16520221577026
2.4675 54.09513211441612
2.4724999999999997 378.5089860901366
2.4775 -232.02323896089615
2.4825 -123.47111002758027
2.4875 66.14681015615521
2.4924999999999997 197.8078488432553
2.4975 -220.029489673154
2.5025 -121.8767729223103
2.5075 352.89637516669126
2.5124999999999997 76.68785461568575
2.5175 -93.03861228887564
2.5225 31.519369011174042
2.5275 13.796286998231368
2.5324999999999998 -85.50074002162285
2.5375 -0.6004189557017181
2.5425 40.211745134377736
2.5475 -24.344665976996385
2.5524999999999998 -129.0096734075549
2.5574999999999997 -15.631401869359234
2.5625 156.77326960230135
2.5675 1.1208879673819194
2.5725 -54.92041921897532
2.5774999999999997 242.70798288975584
2.5825 -68.45036632281328
2.5875 -66.83713736975835
2.5925 -279.3862847135283
2.5974999999999997 82.37770964309516
2.6025 66.71659479615008
2.6075 -77.43731116013365
2.6125 114.05654363913884
2.6174999999999997 42.667492048813486
2.6225 -40.435476130109556
2.6275 -71.76747225480332
2.6325 -179.41823482877064
2.6374999999999997 -3.4982592145834
2.6425 -245.9964755121553
2.6475 31.965064086163327
2.6525 168.648916813892
2.6574999999999998 22.84088413054418
2.6625 -153.12697020937358
2.6675 294.14053372623226
2.6725 -163.7723351123584
2.6774999999999998 33.89028327607635
2.6824999999999997 84.61328924797799
2.6875 -96.74537896369903
2.6925 11.72318026797743
2.6975 -120.37764311376652
2.7024999999999997 455.66958586671177
2.7075 -75.33425777469527
2.7125 -63.17557776216337
2.7175 -129.202216939298
2.7224999999999997 91.72869472054589
2.7275 108.5183184312925
2.7325 -110.82593068972315
2.7375 -138.61061277196956
2.7424999999999997 83.15901619586549
2.7475 -37.314930839731275
2.7525 -210.21116747493699
2.7575 74.03797176695676
2.7624999999999997 68.02626899897346
2.7675 1.5618699492613952
2.7725 -16.250398185925025
2.7775 -16.964143753622178
2.7824999999999998 291.61236600046385
2.7875 -182.68649896817917
2.7925 -11.411542940710051
2.7975 -33.86535012138264
2.8024999999999998 8.468206687965427
2.8074999999999997 3.6693394416252985
2.8125 -133.74193890327476
2.8175 283.68075084487697
2.8225 24.85637751481344
2.8274999999999997 -28.667119750153994
2.8325 -220.08770764985059
2.8375 -19.50916560982954
2.8425 299.7768054292533
2.8474999999999997 12.015126503293532
2.8525 80.81197622530023
2.8575 -457.15386814243163
2.8625 159.68043295095808
2.8674999999999997 -70.60219031362644
2.8725 127.13939916184046
2.8775 42.18168778563799
2.8825 154.23324348267911
2.8874999999999997 143.36790879490258
2.8925 -71.9952557895266
2.8975 1.1263171432630632
2.9025 -219.56634570585027
2.9074999999999998 4.697682987518715
2.9125 11.430786908578822
2.9175 -215.243722978213
2.9225 315.96391226705
2.9274999999999998 -93.04426384253767
2.9324999999999997 -83.45017081891547
2.9375 62.47548273611954
2.9425 149.64896763686113
2.9475 -6.525128588480404
2.9524999999999997 -156.7255978589669
2.9575 -134.1712451305666
2.9625 89.48395925332129
2.9675 3.8509133998195324
2.9724999999999997 -54.29382074033107
2.9775 214.91284720962523
2.9825 -294.49164271485245
2.9875 181.12619934817045
2.9924999999999997 79.84656480188912
2.9975 26.458728510017703
3.0025 -66.63346261292571
3.0075 -132.9190549261784
3.0124999999999997 9.538902279604283
3.0175 219.404281253017
3.0225 -139.20111709984064
3.0275 -1.6995828508278608
3.0324999999999998 350.09420959262906
3.0374999999999996 -148.506350070675
3.0425 84.40613658160306
3.0475 -429.7054969917482
3.0524999999999998 352.5619155630502
3.0574999999999997 261.546544484548
3.0625 -274.92698424302574
3.0675 19.410055385672173
3.0725 234.67534269257524
3.0774999999999997 -152.04420687296414
3.0825 67.48769133036735
3.0875 -311.1696278451788
3.0925 226.8920674647912
3.0974999999999997 -170.84165910589408
3.1025 99.26084286529279
3.1075 -14.775224254099458
3.1125 -90.93435819500499
3.1174999999999997 89.58425979073655
3.1225 71.68591928278443
3.1275 107.57729145526962
3.1325 -131.31498117754282
3.1374999999999997 -243.77327359929922
3.1425 149.81293476846187
3.1475 -73.04508734510839
3.1525 164.17016369897433
3.1574999999999998 -12.378902604016865
3.1624999999999996 6.940683842260197
3.1675 -33.68478840974099
3.1725 84.4524879733116
3.1774999999999998 -132.74778251999513
3.1824999999999997 7.30345996668424
3.1875 109.52398720702077
3.1925 -145.17514137405033
3.1975 -65.42098401420009
3.2024999999999997 92.22364522394761
3.2075 81.44167088689368
3.2125 98.4919886622968
3.2175 -23.8844210790822
3.2224999999999997 -68.48040002113503
3.2275 -7.206504964818616
3.2325 -99.27908652790104
3.2375 133.25047005957316
3.2424999999999997 -172.1612638582709
3.2475 -94.604629188997
3.2525 -87.73122732335605
3.2575 193.59542963563698
3.2624999999999997 -163.22294494918327
3.2675 66.81356749612902
3.2725 287.94717475975114
3.2775 -185.24996528492
3.2824999999999998 -85.53723261021881
3.2874999999999996 179.3676855959023
3.2925 -20.613020524768014
3.2975 -43.304292897662535
3.3024999999999998 -201.55366124045128
3.3074999999999997 12.149335573174028
3.3125 102.38968748525103
3.3175 -67.0768924938893
3.3225 17.144721946220667
3.3274999999999997 114.63615948240037
3.3325 -8.552448424469576
3.3375 49.98830869998381
3.3425 -16.73724301921365
3.3474999999999997 -53.06656395380556
3.3525 -74.4457386666108
3.3575 8.333196531735819
3.3625 -223.02491097998828
3.3674999999999997 155.58035225453568
3.3725 161.32290477957554
3.3775 -32.24060226244707
3.3825 116.25282209971428
3.3874999999999997 53.748074381838606
3.3924999999999996 -75.11541420506877
3.3975 -58.60249957515216
3.4025 -44.060539333158495
3.4074999999999998 194.54360000442884
3.4124999999999996 -91.48933727762694
3.4175 -67.45602355010959
3.4225 -50.20416967696842
3.4274999999999998 -11.971180952977866
3.4324999999999997 1.5761362076195569
3.4375 -145.90890758704327
3.4425 114.68349936966183
3.4475 43.43432103498964
3.4524999999999997 -220.17104721022451
3.4575 94.53781854800562
3.4625 219.2177206375671
3.4675 -6.094753368826503
3.4724999999999997 14.070933541591753
3.4775 24.646806999961314
3.4825 -43.31324357044687
3.4875 254.36100915233627
3.4924999999999997 98.80517894966474
3.4975 89.9496935928111
3.5025 3.7221677177864696
3.5075 -90.9783582048497
3.5124999999999997 75.53788437160614
3.5174999999999996 -301.737441373007
3.5225 157.8574512878825
3.5275 53.578432471914084
3.5324999999999998 -188.659823278717
3.5374999999999996 86.87785745785276
3.5425 -10.128385511866103
3.5475 16.29503059080813
3.5524999999999998 -129.143499040244
3.5574999999999997 -61.04538464889397
3.5625 237.28013074853828
3.5675 -200.18149796010903
3.5725 12.807796807387772
3.5774999999999997 80.18492052346421
3.5825 -127.23420672134708
3.5875 61.928133070012656
3.5925 44.179634576112136
3.5974999999999997 -100.9765821856163
3.6025 165.90649901775745
3.6075 -59.47868212780973
3.6125 -180.59480461347124
3.6174999999999997 146.37039069496817
3.6225 -192.0349161250467
3.6275 -138.57882748676604
3.6325 373.6820266087694
3.6374999999999997 -161.66100848396434
3.6424999999999996 92.79045131752353
3.6475 -103.8059950907227
3.6525 -49.49730227706119
3.6574999999999998 175.65307030125868
3.6624999999999996 -130.6148672197811
3.6675 103.63977671305173
3.6725 -130.32333238335963
3.6774999999999998 86.26039410054568
3.6824999999999997 61.26943315798986
3.6875 176.91468840246478
3.6925 -344.652659966993
3.6975 171.19113453891623
3.7024999999999997 212.34893806174574
3.7075 -124.92577969589283
3.7125 120.42855124743171
3.7175 -81.0162841666782
3.7224999999999997 165.53214378755055
3.7275 -266.9777843999351
3.7325 -77.63410891698868
3.7375 198.99322136688215
3.7424999999999997 -62.17826377887581
3.7474999999999996 -180.258322951038
3.7525 387.87561585567386
3.7575 -138.08513223356593
3.7624999999999997 16.73486173477543
3.7674999999999996 -231.79657613123783
3.7725 244.24583735452697
3.7775 39.77201913463857
3.7824999999999998 -228.33592811318755
3.7874999999999996 44.825597882975295
3.7925 14.330170653478094
3.7975 -119.50143886611687
3.8024999999999998 147.26358131546496
3.8074999999999997 93.12594346462409
3.8125 -71.69469945497136
3.8175 -48.49183574668749
3.8225 166.4983294540757
3.8274999999999997 31.480488953669024
3.8325 -48.43510599052449
3.8375 -124.70962189309252
3.8425 -60.87264053603005
3.8474999999999997 -128.31339568033817
3.8525 384.2368519114902
3.8575 -123.93657777690197
3.8625 49.92752512188061
3.8674999999999997 -163.59721971547714
3.8724999999999996 227.90858340760045
3.8775 -149.64141468738032
3.8825 67.13481726745557
3.8874999999999997 -91.61661348991564
3.8924999999999996 69.24782725617555
3.8975 6.503992435706861
3.9025 66.48746028351182
3.9074999999999998 108.6236379957469
3.9124999999999996 -141.97679024305324
3.9175 91.8752033212686
3.9225 -95.01331777218132
3.9274999999999998 -332.19393249000825
3.9324999999999997 259.54179510512296
3.9375 105.21186228965487
3.9425 -63.01415540872435
3.9475 -321.5302041825332
3.9524999999999997 146.1938998454576
3.9575 -54.65089603270318
3.9625 -218.56251766549286
3.9675 466.8568238401632
3.9724999999999997 87.50709157374615
3.9775 -282.10923443696686
3.9825 167.14706465392297
3.9875 101.39970078405125
3.9924999999999997 -92.79675947776933
3.9974999999999996 234.10808144826322
4.0024999999999995 -294.14154771627926
4.007499999999999 58.652782102716
4.0125 120.51368739246948
4.0175 -237.05010290882643
4.0225 150.86855502163596
4.0275 -89.38231444879983
4.0325 -47.72028143004436
4.0375 157.55657915056148
4.0424999999999995 -83.35719585298963
4.047499999999999 134.60218721618503
4.0525 112.12107546521693
4.0575 -1.46666857383707
4.0625 -244.9267089069857
4.0675 -117.29190257778578
4.0725 259.19231329025325
4.0775 42.3732037412359
4.0825 -103.35352275679598
4.0874999999999995 11.271115188034042
4.0925 39.05898845722834
4.0975 57.84270984907258
4.1025 -149.98501335989312
4.1075 26.417749811549808
4.1125 79.9760993329141
4.1175 -1.5562215536270279
4.1225 -163.3177013716691
4.1274999999999995 -28.143480078705682
4.132499999999999 -84.14933682559392
4.1375 93.56195194769647
4.1425 -37.152795972750084
4.1475 -85.34730397472029
4.1525 -114.01973458985468
4.1575 453.30979789248073
4.1625 -285.47789104200194
4.1674999999999995 309.49682446030806
4.172499999999999 -157.431880349387
4.1775 -234.41368720587377
4.1825 236.96979015348163
4.1875 -146.93742303161923
4.1925 221.59362605004566
4.1975 43.569803382146276
4.2025 -56.98079462389711
4.2075 142.98328247449317
4.2124999999999995 -52.11893699604364
4.2175 -155.2149900344214
4.2225 16.043137291310583
4.2275 122.7814077744921
4.2325 12.559493362933738
4.2375 -257.4287490622539
4.2425 98.91300138262217
4.2475 -84.78645706288596
4.2524999999999995 -52.03940901057173
4.257499999999999 155.5390623916552
4.2625 266.9667463037653
4.2675 -56.611143012717044
4.2725 -47.62285522413534
4.2775 -86.61059489304543
4.2825 145.310485294328
4.2875 -89.57098554781629
4.2924999999999995 -51.60306538181416
4.297499999999999 -295.9731863884632
4.3025 131.61773054848138
4.3075 -61.39775895392896
4.3125 -47.644594297022486
4.3175 27.548537406131004
4.3225 -31.011552374134542
4.3275 34.982723203981784
4.3325 119.5132787065582
4.3374999999999995 -76.35428978654765
4.342499999999999 128.76991278977167
4.3475 -131.8297339453382
4.3525 41.12594124425374
4.3575 -148.94806524130897
4.3625 -250.5372168940391
4.3675 176.66865778393662
4.3725 -60.24354247849491
4.3774999999999995 -142.5761015205541
4.382499999999999 166.2673070988207
4.3875 50.28827451626323
4.3925 -168.10371018206388
4.3975 148.73830246507515
4.4025 -154.59660825030008
4.4075 -29.945749883181975
4.4125 175.513543112803
4.4174999999999995 66.04750808181765
4.422499999999999 63.45031481920188
4.4275 -1.212798677987155
4.4325 257.04294703446453
4.4375 -126.88635482705403
4.4425 17.70649789386841
4.4475 -154.9253407707843
4.4525 111.12236737719921
4.4575 -5.024266733350984
4.4624999999999995 300.8289307655903
4.467499999999999 -310.8612880251238
4.4725 -265.1421584546647
4.4775 273.94463605411863
4.4825 -322.5183405097985
4.4875 406.1427689263328
4.4925 -52.06132282765593
4.4975 12.230350298854054
4.5024999999999995 -42.09706185533164
4.507499999999999 112.19593072112002
4.5125 -155.00885297000343
4.5175 -59.23149146045538
4.5225 113.12182074424271
4.5275 144.14302694575719
4.5325 -5.578445848091941
4.5375 8.884514078665644
4.5424999999999995 -144.29930839202717
4.547499999999999 -143.30573344769383
4.5525 179.09644325832411
4.5575 -55.84863799143029
4.5625 -33.7744102411131
4.5675 232.40724801848296
4.5725 -63.929555779813725
4.5775 -3.766307996692953
4.5825 -3.1217311297636643
4.5874999999999995 149.20854041517347
4.592499999999999 -32.84920498365416
4.5975 200.72647510859403
4.6025 -36.95597783674782
4.6075 2.1407274711316964
4.6125 -436.5124679692237
4.6175 167.45197722446275
4.6225 374.188689513038
4.6274999999999995 -94.55483057982748
4.632499999999999 -57.64187165899877
4.6375 78.02652464419972
4.6425 -177.05417637874376
4.6475 93.9922347950414
4.6525 -48.651446148861936
4.6575 -47.258398831620795
4.6625 -37.64576397494565
4.6674999999999995 6.646700547520538
4.672499999999999 -46.42009381071953
4.6775 -213.29354931691952
4.6825 0.3487094139384879
4.6875 149.78528942724446
4.6925 6.185269810220963
4.6975 -62.45236913169446
4.7025 149.98396463154188
4.7075 -517.5699583439455
4.7124999999999995 397.98413447871565
4.717499999999999 151.89383764922238
4.7225 -151.63183320046474
4.7275 64.00839383493084
4.7325 -115.55081245361085
4.7375 -177.42253661978089
4.7425 93.62150682276807
4.7475 -162.43383232772578
4.7524999999999995 -24.123246131171896
4.757499999999999 202.33642444992668
4.7625 -49.826253490960674
4.7675 -48.9028602834547
4.7725 215.24187585277053
4.7775 -74.95203950794291
4.7825 74.15922858115357
4.7875 -346.8988641802472
4.7924999999999995 227.66310439123646
4.797499999999999 -9.105276265230469
4.8025 53.717233379800795
4.8075 180.5822111228879
4.8125 7.939158236231265
4.8175 56.51755499467223
4.8225 -1.818707601602423
4.8275 88.55181383533159
4.8325 -121.64679863748414
4.8374999999999995 211.2277884221659
4.842499999999999 -82.04280039881833
4.8475 -17.54165463986554
4.8525 -136.19366801702327
4.8575 37.55229056698791
4.8625 -295.39032185583346
4.8675 -116.98385698064084
4.8725 83.29872707626325
4.8774999999999995 183.9706174243146
4.882499999999999 1.181932313039714
4.8875 -1.9420282526656425
4.8925 -75.17513611019695
4.8975 -123.71421095042983
4.9025 -19.328802228904003
4.9075 513.0680455700328
4.9125 -260.9824173195171
4.9174999999999995 -103.32063663578487
4.922499999999999 -162.4189685442179
4.9275 463.26454869478744
4.9325 -232.10946995875938
4.9375 -118.48016890742272
4.9425 61.74835555256177
4.9475 1.8238580815427947
4.9525 307.50102448716666
4.9575 -113.36926194845788
4.9624999999999995 116.98424857607036
4.967499999999999 -13.35955887960651
4.9725 -50.69133463886276
4.9775 -101.73256137302174
4.9825 294.4096668960887
4.9875 -195.81846274204594
4.9925 -2.0053501941869056
4.9975 -66.66773629233883
5.0024999999999995 -174.9062978171507
5.007499999999999 -43.054479258065804
5.0125 -88.29247673568416
5.0175 244.72473514280003
5.0225 96.29178789847465
5.0275 -213.2110616345063
5.0325 303.1563766219703
5.0375 31.40485945465191
5.0424999999999995 -265.3122461399307
5.047499999999999 -16.156513444864895
5.0525 -145.45818151082668
5.0575 101.59017064298763
5.0625 2.858551894717453
5.0675 139.6616988540383
5.0725 84.50195245657575
5.0775 -106.63076253714496
5.0825 -134.2523367015863
5.0874999999999995 62.34640967188598
5.092499999999999 447.1523868535131
5.0975 17.656106825551895
5.1025 -74.22420592129754
5.1075 13.677829117630473
5.1125 -159.83038669668613
5.1175 137.82199036851367
5.1225 -264.4834120439743
5.1274999999999995 -116.10349782126981
5.132499999999999 -7.986332458625183
5.1375 -57.78971525012144
5.1425 -171.07140851283413
5.1475 42.2627783039818
5.1525 212.56414414274488
5.1575 147.20017930478411
5.1625 -94.78140827432354
5.1674999999999995 -360.0842300702175
5.172499999999999 202.9928557631752
5.177499999999999 -141.76427129818134
5.1825 -69.97732769751791
5.1875 76.97609990575626
5.1925 45.09243398246437
5.1975 122.12199245406843
5.2025 -30.71999404988237
5.2075 213.2145233591568
5.2124999999999995 -146.00037906863517
5.217499999999999 152.69291917711087
5.2225 -99.75656741443181
5.2275 45.727023850095875
5.2325 -10.231115888394823
5.2375 56.69941830715059
5.2425 -44.287681689578946
5.2475 -83.48704921322357
5.2524999999999995 -7.812224604151164
5.257499999999999 -12.279495525259698
5.2625 66.7510511148294
5.2675 -100.37555425691463
5.2725 -92.50065412002834
5.2775 181.09057442767337
5.2825 302.1757798225682
5.2875 -63.66076157159253
5.2924999999999995 -1.613064735616737
5.297499999999999 65.46488276978302
5.302499999999999 -32.2370181642248
5.3075 -217.71612519892975
5.3125 -265.1820801349587
5.3175 73.11861254502975
5.3225 -110.6325517609763
5.3275 -79.38117297681565
5.3325 170.15409253480152
5.3374999999999995 -2.667066466720231
5.342499999999999 103.57449126783443
5.3475 -27.76542140314796
5.3525 59.026544610606955
5.3575 -197.55659300479888
5.3625 0.07500124889000936
5.3675 -64.54234170340662
5.3725 43.3945837045601
5.3774999999999995 -61.4030204911753
5.382499999999999 118.59343656956857
5.3875 -222.337223120896
5.3925 255.1557494448716
5.3975 214.9629372126384
5.4025 -112.92295763729967
5.4075 7.368952525882076
5.4125 -236.667583650787
5.4174999999999995 -183.32059934152372
5.422499999999999 169.24689619322828
5.427499999999999 51.33897347677494
5.4325 -56.86891754659646
5.4375 103.1492167891853
5.4425 54.879901724129894
5.4475 72.30519725594192
5.4525 -5.623323263287474
5.4575 139.29006373832038
5.4624999999999995 -86.04252966752559
5.467499999999999 -207.97874535492562
5.4725 84.84852888600058
5.4775 -44.993136118830364
5.4825 -141.89123822113635
5.4875 106.07760425484429
5.4925 67.03971589624041
5.4975 28.82572695220923
5.5024999999999995 -219.5025869696286
5.507499999999999 -181.85192147258957
5.5125 92.70605223887057
5.5175 121.00802925183247
5.5225 -58.145964455092155
5.5275 89.68013251020707
5.5325 -206.42195561948924
5.5375 104.08986348604445
5.5424999999999995 141.1170516884407
5.547499999999999 -33.31717046968397
5.552499999999999 90.62341642332916
5.5575 150.8596325408277
5.5625 -104.03280503183609
5.5675 142.06732826430334
5.5725 -108.86976572362553
5.5775 -162.78098009698763
5.5825 131.2951774986159
5.5874999999999995 -163.61324460048704
5.592499999999999 147.96549493778994
5.5975 -81.66664969830364
5.6025 67.02766065199593
5.6075 80.0807116307577
5.6125 2.3182173100578995
5.6175 11.782791724377887
5.6225 8.733203104759545
5.6274999999999995 -70.17296093167425
5.632499999999999 60.08072588874122
5.6375 104.860584083386
5.6425 -91.16436050732662
5.6475 -97.06172293643644
5.6525 -81.08987989588391
5.6575 155.07050214374988
5.6625 -89.37944748602477
5.6674999999999995 25.381339084005372
5.672499999999999 -45.91385302948112
5.677499999999999 -1.1444123785714286
5.6825 68.22364414855188
5.6875 66.32221911802411
5.6925 -76.28216596139931
5.6975 -41.95165968275716
5.7025 22.492931590567597
5.7075 -46.149620058122494
5.7124999999999995 303.6662701885325
5.717499999999999 -110.26726441243437
5.7225 -67.14331117759382
5.7275 -22.79185140887384
5.7325 103.95585508250468
5.7375 16.9035127806263
5.7425 18.564031754534597
5.7475 -16.941217266447836
5.7524999999999995 13.330258106870263
5.757499999999999 -194.5159927240239
5.7625 111.33363324301351
5.7675 -53.95078413094905
5.7725 -36.65942239427339
5.7775 -11.85779330222911
5.7825 19.6182665176503
5.7875 180.8671168645029
5.7924999999999995 -79.5302468828799
5.797499999999999 -289.2385966153902
5.802499999999999 208.4097019148375
5.8075 106.36164673644065
5.8125 8.10746966252447
5.8175 -14.737170810333787
5.8225 21.332213394109225
5.8275 -174.0172719772117
5.8325 45.32895867457458
5.8374999999999995 -20.27044002010965
5.842499999999999 5.101026016762565
5.8475 -278.74013684297586
5.8525 51.15265563470124
5.8575 318.52560653552155
5.8625 -41.83245183637987
5.8675 -94.05450353433892
5.8725 63.687834026855214
5.8774999999999995 180.34408406070273
5.882499999999999 -2.348596878200389
5.8875 180.44264570913913
5.8925 -8.319632539777988
5.8975 40.236105107051614
5.9025 139.19924373151733
5.9075 -40.71972072547599
5.9125 -224.87376290956882
5.9174999999999995 66.72269215804975
5.922499999999999 91.53416173006696
5.927499999999999 -160.01370993903365
5.9325 -181.03962254627865
5.9375 139.88167706023717
5.9425 -7.3230048024796295
5.9475 -92.10819997014748
5.9525 -45.81306168193408
5.9575 121.58865605869786
5.9624999999999995 62.62833074840342
5.967499999999999 9.25506401712978
5.9725 -129.06397621946317
5.9775 166.9628782173491
5.9825 -150.16774736691355
5.9875 28.861304502291443
5.9925 -57.86039480395444
5.9975 63.22526343894802
6.0024999999999995 287.7467783645882
6.007499999999999 -134.57177909420912
6.012499999999999 -9.977476265394932
6.0175 -64.81472961551754
6.0225 182.1393667289869
6.0275 -25.33739223429291
6.0325 -119.4810626137484
6.0375 57.95181207273819
6.0424999999999995 -1.6084195401015615
6.047499999999999 -167.19275473490237
6.052499999999999 -166.20867226247333
6.0575 -112.07329819112492
6.0625 73.50530066274601
6.0675 -9.39456330967449
6.0725 92.70723070952477
6.0775 115.57182939084032
6.0825 -52.20060342678536
6.0874999999999995 132.77079144896177
6.092499999999999 -42.50450900468535
6.0975 -168.33948378992955
6.1025 170.78929269127784
6.1075 -64.33098451795921
6.1125 100.61203631565145
6.1175 113.20946732800343
6.1225 -66.78096790033558
6.1274999999999995 63.524446097264494
6.132499999999999 -223.39649349480806
6.137499999999999 -89.60802973857643
6.1425 52.7162324979115
6.1475 -14.752382766390879
6.1525 -156.843648090831
6.1575 -20.8782142853946
6.1625 26.16261880998868
6.1674999999999995 -16.058520109822393
6.172499999999999 183.12828914197
6.177499999999999 -143.0564659495051
6.1825 22.4372896433481
6.1875 -88.08281606901126
6.1925 -210.4702052198794
6.1975 99.23256009593038
6.2025 282.9574706653439
6.2075 -253.92228831825955
6.2124999999999995 -90.16134671176691
6.217499999999999 163.89527304994488
6.2225 -131.31894968339208
6.2275 21.219623967747015
6.2325 103.75639259178111
6.2375 132.14952237226237
6.2425 57.526170604958374
6.2475 28.36914970866574
6.2524999999999995 -26.129755321509098
6.257499999999999 -109.93985773722837
6.262499999999999 24.99629445651585
6.2675 18.504596748817487
6.2725 -13.08656712629058
6.2775 309.3924785717039
6.2825 -47.90264647416679
6.2875 318.48469073443783
6.2924999999999995 -236.79747043348027
6.297499999999999 -210.4427098520796
6.302499999999999 236.62717773958548
6.3075 0.21418717298195883
6.3125 90.9929090804505
6.3175 -162.11517970518628
6.3225 83.39378765628784
6.3275 211.1352020252264
6.3325 -296.23038681923134
6.3374999999999995 113.4871498050666
6.342499999999999 -255.31246156716338
6.3475 61.773315550490565
6.3525 94.73486894707327
6.3575 96.54342770046047
6.3625 -319.57121962407535
6.3675 -112.17384637054234
6.3725 48.840261201305786
6.3774999999999995 174.641463249274
6.382499999999999 -360.61180806532366
6.387499999999999 77.93036401787444
6.3925 22.25428273010429
6.3975 -140.65696600775422
6.4025 74.69141900723797
6.4075 -128.54550334443144
6.4125 17.938913202489317
6.4174999999999995 135.36072493233095
6.422499999999999 245.60375845647195
6.427499999999999 -105.15244689413815
6.4325 -11.518075056200427
6.4375 11.289936506534653
6.4425 22.411196176659235
6.4475 64.67498847068806
6.4525 85.88100813228044
6.4575 -32.48463753383366
6.4624999999999995 -6.067016411910893
6.467499999999999 50.161767086332404
6.4725 -1.403300906707016
6.4775 37.70781158651488
6.4825 -117.38288245973895
6.4875 -213.26915329009654
6.4925 162.75156912224458
6.4975 74.04647344057966
6.5024999999999995 -72.71588848920676
6.507499999999999 20.084146652750288
6.512499999999999 320.2523440819157
6.5175 -184.10863014113178
6.5225 -162.29615048009794
6.5275 147.6273564950969
6.5325 153.89531268030458
6.5375 -37.536299630775304
6.5424999999999995 27.495696234690232
6.547499999999999 -243.95204051500363
6.552499999999999 103.34792383692826
6.5575 -88.2067315477422
6.5625 318.0600181232265
6.5675 -56.19451389794923
6.5725 54.487744165679864
6.5775 -147.19226765599524
6.5825 -235.8519703744496
6.5874999999999995 216.18144297294052
6.592499999999999 58.962155913659885
6.5975 219.7829469278074
6.6025 -245.75292789287283
6.6075 -310.3124999267631
6.6125 208.52957801302557
6.6175 111.583261249797
6.6225 97.91685050750007
6.6274999999999995 -437.32080041279676
6.632499999999999 304.5004360878507
6.637499999999999 -223.321287434666
6.6425 229.63279966366355
6.6475 -76.73670219798467
6.6525 -69.35079290576476
6.6575 -66.2146095887646
6.6625 -73.12827137262013
6.6674999999999995 -23.248906172516033
6.672499999999999 17.141015934972376
6.677499999999999 54.24879016079415
6.6825 -139.3580065980192
6.6875 -199.98308829330378
6.6925 154.13085759433403
6.6975 27.079147912796646
6.7025 123.08644410024068
6.7075 1.1803946825317373
6.7124999999999995 -20.319081541103927
6.717499999999999 170.9195842278492
6.722499999999999 -55.98895182483778
6.7275 97.20881939084913
6.7325 79.86348985636589
6.7375 107.57074894305472
6.7425 -8.569346471230665
6.7475 -82.45668268744657
6.7524999999999995 -86.01275394058808
6.757499999999999 161.11306384215717
6.762499999999999 -330.6273028667291
6.7675 -98.81437275768258
6.7725 90.53681619939894
6.7775 108.13413897179666
6.7825 9.362421167345671
6.7875 -25.23922626040513
6.7924999999999995 82.11958165683902
6.797499999999999 -83.0036464984971
6.802499999999999 -183.14814892523194
6.8075 75.35894131361955
6.8125 7.066959815080629
6.8175 -163.35096777184398
6.8225 77.1267817742361
6.8275 227.08551692282242
6.8325 -181.8248513858476
6.8374999999999995 262.89809321301817
6.842499999999999 -262.97812658160365
6.847499999999999 63.198706071154724
6.8525 -144.56031371978466
6.8575 125.7599995242901
6.8625 150.78521967196562
6.8675 -88.00720736034287
6.8725 -78.13019427078757
6.8774999999999995 260.24258802238296
6.882499999999999 -94.41477284272534
6.887499999999999 -9.694747260135117
6.8925 12.105889797183217
6.8975 84.87640532247106
6.9025 -120.33529067326764
6.9075 187.77253093279296
6.9125 -213.18470973588742
6.9174999999999995 296.72433116186295
6.922499999999999 -64.36756211013295
6.927499999999999 -66.83940141241979
6.9325 3.4475874765588275
6.9375 144.60034645738466
6.9425 -17.612128132393885
6.9475 -162.35418818604907
6.9525 50.14218678851811
6.9575 158.47794714124763
6.9624999999999995 -369.28513207083876
6.967499999999999 -40.99136689584086
6.972499999999999 284.3569364106299
6.9775 -162.5258011986737
6.9825 -14.684096208015333
6.9875 143.571876064047
6.9925 -17.457445569209973
6.9975 -196.84119052525747
7.0024999999999995 -88.78780100481761
7.007499999999999 215.373372382494
7.012499999999999 -72.96891387582728
7.0175 174.64453416800194
7.0225 0.404529658136146
7.0275 -143.74042500033693
7.0325 -47.57410264583511
7.0375 138.2602867110394
7.0424999999999995 6.885158478895057
7.047499999999999 -182.03712453090023
7.052499999999999 -240.44023401969207
7.0575 208.8967229397525
7.0625 205.95520150023503
7.0675 41.83993892782556
7.0725 -74.6130672883801
7.0775 -109.19132978449625
7.0825 -212.11485233742266
7.0874999999999995 142.7851887420382
7.092499999999999 -85.46449428552211
7.097499999999999 130.4898793932837
7.1025 -215.17261945916698
7.1075 -53.47213194511858
7.1125 167.13976803102037
7.1175 79.59601122983301
7.1225 196.3370761493084
7.1274999999999995 -86.25263693194303
7.132499999999999 200.7458701354524
7.137499999999999 27.700261950075742
7.1425 -49.076922741281145
7.1475 -120.61594406484957
7.1525 -87.00476187817704
7.1575 -5.680659755514178
7.1625 -278.2199486325882
7.1674999999999995 139.9167748532844
7.172499999999999 -25.92283177661994
7.177499999999999 239.2494158885714
7.1825 -62.07026553259739
7.1875 7.012392814421167
7.1925 123.96324065900477
7.1975 -110.00046793632356
7.2025 28.894266843615927
7.2075 -6.916448874847756
7.2124999999999995 -173.05168265157582
7.217499999999999 149.00783634258676
7.222499999999999 144.25543213739127
7.2275 -293.21360135660586
7.2325 100.43037577486561
7.2375 -31.69148757139282
7.2425 -244.40884368910906
7.2475 37.81302864665489
7.2524999999999995 122.93695820315162
7.257499999999999 -17.299376152947904
7.262499999999999 -43.25079462619617
7.2675 -94.29198477986812
7.2725 147.35081090799042
7.2775 248.87403715435696
7.2825 -404.0700782662227
7.2875 239.45677262603567
7.2924999999999995 -91.15720428507029
7.297499999999999 26.613055268752206
7.302499999999999 188.60027708822147
7.3075 17.552566283344547
7.3125 -49.99933643387536
7.3175 81.74631923578607
7.3225 -127.08675510395933
7.3275 44.53580937005617
7.3325 72.80863897199991
7.3374999999999995 57.60214235522287
7.342499999999999 149.54435323366573
7.347499999999999 -20.075554317416724
7.3525 -37.46449055571682
7.3575 45.63678163076967
7.3625 -225.9293231931135
7.3675 85.1814136289482
7.3725 59.828943309364384
7.3774999999999995 29.232841192814053
7.382499999999999 -216.68619184927977
7.387499999999999 -80.2381083213365
7.3925 28.732344008585425
7.3975 -339.24283917681595
7.4025 255.12074981385072
7.4075 22.914939089605074
7.4125 -251.36194575141766
7.4174999999999995 442.79729558823016
7.422499999999999 -204.49524202457178
7.427499999999999 -64.02443556275495
7.4325 -151.36022071572822
7.4375 115.26761842877846
7.4425 260.6782399114991
7.4475 -158.45398086935504
7.4525 -133.14763638922315
7.4575 144.39187616976187
7.4624999999999995 -51.32887134105214
7.467499999999999 150.39572044908851
7.472499999999999 122.40299388661514
7.4775 -154.2374822137179
7.4825 -4.420340261597697
7.4875 -150.82155001689068
7.4925 -6.556392930704929
7.4975 121.93319595503709
7.5024999999999995 154.6372083144103
7.507499999999999 -72.00042054638368
7.512499999999999 277.19105703731174
7.5175 -130.30376274388868
7.5225 14.477292108943095
7.5275 -36.930428800868654
7.5325 -134.56397475256833
7.5375 -45.84377415882547
7.5424999999999995 -78.63219164973799
7.547499999999999 146.36673712013743
7.552499999999999 92.68896329591682
7.557499999999999 132.06405308409086
7.5625 -27.70333194771227
7.5675 -130.1304663051459
7.5725 -214.12002272140987
7.5775 294.54917928128975
7.5825 -78.23677994116365
7.5874999999999995 -106.14632043656573
7.592499999999999 126.72707996531821
7.597499999999999 -114.28198010139019
7.6025 180.24751052226128
7.6075 -148.9765742701946
7.6125 46.72916162194185
7.6175 113.88190992371568
7.6225 83.28214238150687
7.6274999999999995 171.67292754773266
7.632499999999999 198.57333612822273
7.637499999999999 -323.0508937801023
7.6425 -92.32930500008986
7.6475 168.57580557876275
7.6525 -277.4820810627596
7.6575 -10.853307799988766
7.6625 114.14103104387785
7.6674999999999995 -87.80889023032726
7.672499999999999 -5.540020875530817
7.677499999999999 121.10368294892646
7.682499999999999 -139.68299419114345
7.6875 251.40739217082557
7.6925 -118.79891686292214
7.6975 -205.56539811981918
7.7025 -61.112232659879304
7.7075 -58.64302267261825
7.7124999999999995 182.8016817705545
7.717499999999999 14.421170141519664
7.722499999999999 111.50276128262514
7.7275 -126.1642686451445
7.7325 105.43616883592729
7.7375 128.09734421836242
7.7425 9.708016766013888
7.7475 -118.18245321874541
7.7524999999999995 129.4043499536075
7.757499999999999 -147.66872040714676
7.762499999999999 -3.7978818256279117
7.7675 -38.61918336698922
7.7725 135.37908465245565
7.7775 30.86779395495578
7.7825 78.91609340172684
7.7875 86.44155540979268
7.7924999999999995 -145.85581614191065
7.797499999999999 1.5561293129025326
7.802499999999999 52.597976467911714
7.807499999999999 -86.45202124503403
7.8125 114.45164342668976
7.8175 -82.50641163907896
7.8225 -7.245012621780958
7.8275 66.74884486242928
7.8325 -270.86611135639026
7.8374999999999995 4.452998757896573
7.842499999999999 -72.88055354491983
7.847499999999999 -2.9287284010615107
7.8525 159.4783002985059
7.8575 196.60484241952713
7.8625 -21.666734842458553
7.8675 -19.03496380868313
7.8725 -126.28125277950524
7.8774999999999995 -32.288792974993235
7.882499999999999 -309.8407363861373
7.887499999999999 293.8132183706593
7.8925 8.012857522427238
7.8975 1.729219361379443
7.9025 142.06191698391228
7.9075 99.44683503576431
7.9125 -24.07957653408288
7.9174999999999995 -64.54507049835962
7.922499999999999 25.079763364439195
7.927499999999999 -17.637873821286973
7.932499999999999 -222.71923709451022
7.9375 4.912237807553799
7.9425 225.01384920050438
7.9475 -220.83251811058804
7.9525 151.30190186307524
7.9575 42.02540520445181
7.9624999999999995 105.2477631099224
7.967499999999999 -173.6574893669418
7.972499999999999 -154.08598925846803
7.9775 -146.86558916933325
7.9825 11.536417933510933
7.9875 172.9322944686608
7.9925 -150.58580562078086
7.9975 35.28011743176049
8.0025 20.48043833257294
8.0075 -147.23964570275757
8.0125 109.79331643776095
8.0175 46.1534204812393
8.022499999999999 -244.72456145127893
8.0275 166.34613094281337
8.032499999999999 -30.1774956899395
8.0375 -0.547216979601079
8.0425 -57.35272922590457
8.0475 314.8715404999082
8.0525 -69.40217796328646
8.0575 14.696050132205794
8.0625 -49.72875017654302
8.067499999999999 257.57185850674904
8.0725 -237.65927196966013
8.077499999999999 -217.23533390990704
8.0825 344.6517402572299
8.0875 -33.76023701298635
8.0925 72.16671169027525
8.0975 -24.571782641545997
8.1025 -13.993861366721173
8.1075 -213.10247469568677
8.112499999999999 200.70283542939504
8.1175 -66.46107443609567
8.1225 -101.29522507090384
8.1275 241.67439938647175
8.1325 -103.75605101490422
8.1375 25.610542152160686
8.1425 28.37110676472198
8.147499999999999 109.44687369817362
8.1525 -50.44476347126722
8.157499999999999 139.3288658978098
8.1625 -37.973266969995215
8.1675 -82.19216471184255
8.1725 69.5654448351503
8.1775 -252.55799642185357
8.1825 220.22354389348163
8.1875 -235.13012262362815
8.192499999999999 -143.2134378195717
8.1975 218.33822848837258
8.202499999999999 -98.7423552527987
8.2075 231.13452550252626
8.2125 62.64309373819521
8.2175 -262.67238423929683
8.2225 102.89252835365109
8.2275 -61.116304212828936
8.2325 152.42685324161675
8.237499999999999 -144.07374245064187
8.2425 71.94579844472081
8.2475 -21.333198435569383
8.2525 -99.48867666528962
8.2575 -64.3781525558823
8.2625 49.418075258204254
8.2675 79.96863717672846
8.272499999999999 -87.01230627466623
8.2775 97.46203794349469
8.282499999999999 -54.231582594426506
8.2875 97.05084774185997
8.2925 -101.507944287363
8.2975 62.5636259197294
8.3025 -12.409946542227795
8.3075 -10.20641984894439
8.3125 -189.72828009191568
8.317499999999999 84.86051517997453
8.3225 191.77876485027937
8.327499999999999 75.06665621535657
8.3325 70.38996815756211
8.3375 19.96915015139066
8.3425 -142.96711506703716
8.3475 -18.299689966444966
8.3525 8.171827371325143
8.3575 -43.456234588904856
8.362499999999999 -20.48983478069879
8.3675 -197.44882399514265
8.3725 10.001775709205381
8.3775 -81.0665969093296
8.3825 -38.67812482808447
8.3875 288.05790586776556
8.3925 58.3124029078155
8.397499999999999 -46.41778397665706
8.4025 59.50515297880366
8.407499999999999 127.21154746170316
8.4125 -188.45987275758392
8.4175 294.27067380906055
8.4225 -368.607800930553
8.4275 159.2280821353039
8.4325 52.21323422157039
8.4375 -117.69430004091518
8.442499999999999 -0.6269633624231745
8.4475 -346.44997637219245
8.452499999999999 159.15990548287007
8.4575 -235.6074987689083
8.4625 379.40125101377623
8.4675 -228.35932001057594
8.4725 -43.48039218463969
8.4775 350.12955792253723
8.4825 -197.70075328299708
8.487499999999999 210.17000758463223
8.4925 -113.05938298467328
8.4975 -131.15527351798536
8.5025 351.9510039617682
8.5075 -228.0801892817667
8.5125 -38.91647930115708
8.5175 -25.220960228434286
8.522499999999999 28.432248811860426
8.5275 32.42308704845151
8.532499999999999 -187.59139172973957
8.5375 -29.790396765458787
8.5425 -60.47853184282563
8.5475 182.20970074196035
8.5525 226.82194135530517
8.5575 19.84465446731795
8.5625 -226.99930566263203
8.567499999999999 135.59444424320543
8.5725 138.8564418030656
8.577499999999999 -304.45971700557317
8.5825 216.54720705207427
8.5875 -155.23708126028848
8.5925 111.63360310551586
8.5975 -13.490675977241366
8.6025 13.818475563721762
8.6075 -79.77465295934728
8.612499999999999 -88.43919264776414
8.6175 63.1598444354777
8.6225 178.36776535160206
8.6275 -73.52457936891902
8.6325 -68.71594407986535
8.6375 159.57226714828514
8.6425 8.652094427756705
8.647499999999999 -48.60951596297773
8.6525 -142.32805608038043
8.657499999999999 28.439770970571562
8.6625 83.51868264993055
8.6675 78.94832344249214
8.6725 -48.960373362061254
8.6775 102.72307858997185
8.6825 -100.69495322665716
8.6875 3.685079577808102
8.692499999999999 154.365024555629
8.6975 -29.547993668033172
8.702499999999999 -132.59471087987774
8.7075 2.441829618133735
8.7125 -164.98530156056484
8.7175 25.266807947627584
8.7225 154.65017234690544
8.7275 -95.33658164143866
8.7325 125.5939017438003
8.737499999999999 -297.13122749855944
8.7425 8.374239575017233
8.747499999999999 44.00899601239658
8.7525 41.62534621145858
8.7575 40.90654806267844
8.7625 100.51060178313818
8.7675 -141.6117954068231
8.772499999999999 329.7330328586959
8.7775 -36.74269912305533
8.782499999999999 -77.42129495969978
8.7875 -69.01405741685856
8.7925 -4.116966440034047
8.7975 -232.75060773356972
8.8025 21.7970729599379
8.8075 -36.72475731525732
8.8125 166.52400974547936
8.817499999999999 -81.88139163147744
8.8225 24.91503393101648
8.827499999999999 -15.866522555006714
8.8325 125.7953099578663
8.8375 -76.96493969918372
8.8425 51.67907331781224
8.8475 179.83630268830544
8.8525 -31.63435674571731
8.8575 98.59796312273666
8.862499999999999 289.4611978267275
8.8675 -221.09234361895034
8.872499999999999 263.26528761551174
8.8775 -353.45786616813524
8.8825 -146.76263720453056
8.8875 204.0973659359565
8.8925 -198.78477048797103
8.897499999999999 69.04513583020474
8.9025 -8.168151427131843
8.907499999999999 -133.75398730512597
8.9125 -56.826017319883476
8.9175 164.38557737094777
8.9225 278.5582758003299
8.9275 -78.75853430299655
8.9325 84.86660280462226
8.9375 -95.58248843896577
8.942499999999999 -25.387609874257233
8.9475 -15.818463690115246
8.952499999999999 -207.924169373625
8.9575 246.94054814268486
8.9625 42.298511650095115
8.9675 30.992149715375984
8.9725 75.97955059281139
8.9775 -33.914325077463744
8.9825 110.05730228570467
8.987499999999999 -66.43340958747824
8.9925 70.12990727745091
8.997499999999999 -40.66743168253733
9.0025 -68.85764951789777
9.0075 182.7103394453034
9.0125 -97.91158949659172
9.0175 -298.47511537827046
9.022499999999999 388.3833556473736
9.0275 -187.22714560923322
9.032499999999999 -312.3023207831133
9.0375 575.6885340146713
9.0425 -110.45896498106576
9.0475 -207.74929622378198
9.0525 -102.7734528154742
9.0575 -36.0160961720887
9.0625 114.97681539947438
9.067499999999999 76.29869192013088
9.0725 -97.98959172705547
9.077499999999999 -138.79863279095065
9.0825 103.06859313259685
9.0875 -46.185629205317895
9.0925 -327.06989234669186
9.0975 145.93510579498277
9.1025 -237.86824918651416
9.1075 214.5843415407944
9.112499999999999 -329.07006942840684
9.1175 451.37903212042926
9.122499999999999 -19.81345368040003
9.1275 -67.4952190156269
9.1325 -133.23872430203912
9.1375 87.07732874828882
9.1425 -4.683389491172008
9.147499999999999 90.79370701187221
9.1525 -180.49573070663195
9.157499999999999 -236.9980736136626
9.1625 90.66210331480914
9.1675 154.1541619962634
9.1725 199.42728700502278
9.1775 0.06384295029250409
9.1825 64.06539202344474
9.1875 39.6202244479389
9.192499999999999 -82.86316295399915
9.1975 84.5946578058903
9.202499999999999 64.09962461560221
9.2075 -67.44538976372026
9.2125 100.47910728320007
9.2175 48.06425669735531
9.2225 33.41553434663828
9.2275 -51.994893979049884
9.2325 4.640651902883387
9.237499999999999 132.40342019691937
9.2425 -122.43478561945847
9.247499999999999 -13.06439303509361
9.2525 91.4047706261314
9.2575 -89.57212296411093
9.2625 21.082236030516114
9.2675 152.81646490343692
9.272499999999999 -89.51063458660605
9.2775 -1.133391651553752
9.282499999999999 -159.4352482232964
9.2875 83.79776097521834
9.2925 121.34174698214296
9.2975 -197.40956655333258
9.3025 58.89136846054859
9.3075 20.270420282436792
9.3125 -25.25346396492988
9.317499999999999 -200.2013735335093
9.3225 86.74101643508872
9.327499999999999 -220.21668781543724
9.3325 4.7577834118681395
9.3375 108.73009773977014
9.3425 86.3773987620862
9.3475 -219.78389775730125
9.3525 41.47759104511031
9.3575 -154.74427604454982
9.362499999999999 231.54040074361345
9.3675 -143.30616330131258
9.372499999999999 151.92134170159824
9.3775 -231.0046158241324
9.3825 -87.65564361573998
9.3875 184.9106870574116
9.3925 118.27241779480671
9.397499999999999 -16.285023327499534
9.4025 51.33926112046075
9.407499999999999 -79.1491453160897
9.4125 22.774061712741336
9.4175 27.217405310965052
9.4225 177.41331438951414
9.4275 -66.23390461141383
9.4325 -171.76187520599214
9.4375 136.13194818240802
9.442499999999999 -150.05580976074944
9.4475 -77.5025965395587
9.452499999999999 100.338791130616
9.4575 61.097792644207736
9.4625 194.31988045654725
9.4675 -81.00799092288071
9.4725 202.84080015266437
9.4775 132.75969361343547
9.4825 -148.60228068731925
9.487499999999999 -218.8014682491819
9.4925 -133.1504126902875
9.497499999999999 -130.9959320087075
9.5025 296.1146233941447
9.5075 -193.35514511422383
9.5125 58.00819549853477
9.5175 -12.153482326657263
9.522499999999999 -253.69238443113326
9.5275 40.54523074965541
9.532499999999999 173.89811617249848
9.5375 101.92698034554378
9.5425 20.177983233888643
9.5475 -51.07955887386542
9.5525 -214.5032826027272
9.5575 33.075984791920305
9.5625 95.69935059450825
9.567499999999999 153.074648138729
9.5725 12.30586163500299
9.577499999999999 -177.7185698692237
9.5825 -24.620500744710967
9.5875 151.45242828093325
9.5925 144.70423372471188
9.5975 -4.7124159760477555
9.6025 -114.47934577688562
9.6075 58.129937201561496
9.612499999999999 -116.54502614193404
9.6175 88.64152063738536
9.622499999999999 -12.54179867079993
9.6275 -62.34634809034666
9.6325 81.06297165805941
9.6375 -214.332553383469
9.6425 137.40322755168552
9.647499999999999 5.275711395544444
9.6525 -0.4953562935076493
9.657499999999999 -169.7848177651405
9.6625 120.80718491018393
9.6675 92.73518005202436
9.6725 -100.5117824825046
9.6775 -0.3548569259752827
9.6825 -6.080418752328006
9.6875 -10.992687597372376
9.692499999999999 -93.37695993445291
9.6975 -259.1052181441761
9.702499999999999 166.93174381480424
9.7075 25.048702583414094
9.7125 240.21387975565275
9.7175 258.2937124420412
9.7225 -51.14890652953387
9.7275 156.60993009580136
9.7325 -44.506084829483626
9.737499999999999 69.0477648882296
9.7425 -195.77753733529474
9.747499999999999 -38.4397897637235
9.7525 -165.80936335039294
9.7575 267.4488452794072
9.7625 -157.54247382002936
9.7675 197.68266015304047
9.772499999999999 -77.09958352420506
9.7775 79.5370658540993
9.782499999999999 -73.83069620067216
9.7875 44.88699704619886
9.7925 -63.94439443068482
9.7975 -358.5492440156507
9.8025 18.638837004221102
9.8075 -66.00598633417717
9.8125 92.69421174050682
9.817499999999999 -6.90320818597136
9.8225 1.5049867655880251
9.827499999999999 176.95626199439266
9.8325 -7.0196257175365515
9.8375 14.749616597331901
9.8425 26.658978385855818
9.8475 -181.8281802101676
9.8525 348.88746511683024
9.8575 -4.936504618411787
9.862499999999999 -2.2502610287415337
9.8675 -128.11549129795816
9.872499999999999 287.76992216765274
9.8775 -205.82533024451104
9.8825 -54.055183590887
9.8875 -16.40790902604518
9.8925 -52.72851380430246
9.897499999999999 143.83935890128345
9.9025 -69.4157456396099
9.907499999999999 53.30149028916762
9.9125 178.62637939450042
9.9175 -63.978789430993785
9.9225 -10.139664144475807
9.9275 -6.848713260713956
9.9325 -17.732912689871423
9.9375 -233.47766333516722
9.942499999999999 -105.70257031186
9.9475 -67.17461841636069
9.952499999999999 110.51905198379764
9.9575 65.2848620348583
9.9625 5.516629035710678
9.9675 3.527247145204828
9.9725 166.289717778923
9.9775 -73.51478698307562
9.9825 -128.39042997532493
9.987499999999999 40.737736089001515
9.9925 77.80139043151209
9.997499999999999 -33.50787415425148
10.0025 104.13382073093129
