0.0075 202.93712394375197
0.012499999999999999 -296.1072780849824
0.017499999999999998 199.08521050184092
0.0225 -129.17665885698543
0.0275 102.7652885244727
0.0325 112.10040985856436
0.0375 -96.08734534616778
0.042499999999999996 236.12393971631138
0.0475 12.441290493066186
0.0525 -50.909956735351706
0.057499999999999996 -129.29928428141832
0.0625 -33.65185350378178
0.06749999999999999 51.35889536791419
0.0725 -290.43050862478873
0.0775 206.04787119015393
0.08249999999999999 177.60606355491228
0.0875 -227.16748774137574
0.0925 -7.16658795577382
0.09749999999999999 -69.77916909391148
0.1025 243.5863732820514
0.1075 -459.06038332141304
0.11249999999999999 173.91016799554632
0.1175 -296.485683748829
0.1225 258.1997375656084
0.1275 78.50021931873813
0.1325 85.46134994265115
0.13749999999999998 130.23329912019673
0.1425 114.18668319562921
0.1475 107.50852369242978
0.1525 241.36905521881883
0.1575 -317.14782762408186
0.1625 -21.927063957543897
0.16749999999999998 -232.79016834603487
0.1725 139.08876447620855
0.1775 102.1076526868418
0.1825 141.82757475208237
0.1875 11.235162622167508
0.1925 -143.6906252726993
0.19749999999999998 -284.2911444309348
0.20249999999999999 171.5772724361054
0.2075 241.2462384705437
0.2125 -441.0133666215048
0.2175 256.3834553292469
0.2225 -83.14797125730244
0.22749999999999998 -211.0765083706139
0.23249999999999998 31.68822875001927
0.2375 -137.9655472002603
0.2425 377.93258735596663
0.2475 -107.24878407584049
0.2525 232.10338943967392
0.2575 -52.17236855417575
0.2625 87.63712599423242
0.2675 -67.75373963354039
0.27249999999999996 -82.82380077093843
0.27749999999999997 -135.87171591350415
0.2825 3.4568281286535734
0.2875 -75.27173415624891
0.2925 174.02992928627054
0.2975 28.072809998955663
0.3025 -129.3066924879648
0.3075 157.89665820125003
0.3125 7.1147549846626985
0.3175 -227.84244851873555
0.3225 -70.46523586503571
0.32749999999999996 368.0482126407727
0.33249999999999996 -336.3028728027508
0.33749999999999997 154.3717740502399
0.34249999999999997 97.10917361783486
0.3475 -204.7194892262411
0.3525 132.8619037049076
0.3575 146.60767515589896
0.3625 172.86306892339516
0.3675 -288.4739310097439
0.3725 283.0215088870133
0.3775 -225.79874592083138
0.3825 149.4493152861727
0.38749999999999996 -79.27792152572346
0.39249999999999996 96.69359796845978
0.39749999999999996 -24.8400218264064
0.40249999999999997 16.708526942139738
0.4075 49.516554929506015
0.4125 -88.88655989839808
0.4175 114.72372974715938
0.4225 -247.58447156105802
0.4275 49.554262832412164
0.4325 -60.75530770278213
0.4375 -19.18688072914601
0.4425 -47.213912485516836
0.44749999999999995 155.0933304730099
0.45249999999999996 -44.11169375597284
0.45749999999999996 -21.721777948683506
0.46249999999999997 89.3613993579623
0.46749999999999997 -92.61118087733647
0.4725 399.8753056566086
0.4775 -15.82961258042202
0.4825 -158.32183530737973
0.4875 -48.16266399718993
0.4925 48.48888772786924
0.4975 -169.38760816839348
0.5025 -13.35698535023464
0.5075 59.31810589551005
0.5125 -150.18390567859197
0.5175 288.57379152863894
0.5225 -54.88056227824825
0.5275 -98.59047780768154
0.5325 107.9587397471797
0.5375 81.48948671524
0.5425 -115.99303422451486
0.5475 -37.33621989367723
0.5525 -20.278263770462072
0.5575 76.5118108902577
0.5625 -261.13666170636344
0.5675 319.2165596965233
0.5725 -101.09682593085749
0.5775 7.776287828422917
0.5825 -79.99811052251775
0.5875 -184.60054005602956
0.5925 13.297687328079185
0.5974999999999999 182.13844879561444
0.6024999999999999 -25.841964655836776
0.6074999999999999 25.36396545801674
0.6124999999999999 -203.3372751281255
0.6174999999999999 229.84395032726056
0.6224999999999999 347.0009265681341
0.6275 -96.54953874714664
0.6325 -73.63564549103414
0.6375 -5.112889410826845
0.6425 -287.39508889100915
0.6475 337.0093759603535
0.6525 88.6809475682371
0.6575 -30.16695314916699
0.6625 -226.46976469016775
0.6675 -61.572158925961304
0.6725 -86.52023056331647
0.6775 240.93482720542278
0.6825 36.290854315541054
0.6875 -161.29640471682578
0.6925 163.76429411602
0.6975 92.33258230908363
0.7025 -217.1329051250196
0.7075 -85.40105082572828
0.7125 133.136172880411
0.7174999999999999 18.518429962633117
0.7224999999999999 36.470129755938586
0.7274999999999999 -58.84685106050601
0.7324999999999999 -19.051506083890935
0.7374999999999999 178.13732512611193
0.7424999999999999 -148.98052318640353
0.7474999999999999 -172.9366736003459
0.7525 14.423903940795151
0.7575 122.0780048131654
0.7625 -23.36626479632315
0.7675 130.3545926464651
0.7725 -180.85835096923265
0.7775 -342.3293496136227
0.7825 189.25649418192722
0.7875 -5.7929317178565025
0.7925 -62.01807032584513
0.7975 227.68981419965647
0.8025 75.84226507765457
0.8075 155.97410096548327
0.8125 -262.8777628836352
0.8175 -82.6326224611309
0.8225 -105.05239834101307
0.8275 120.57652451095308
0.8325 92.25250683346273
0.8374999999999999 -156.83218774004652
0.8424999999999999 454.3262557736357
0.8474999999999999 -140.6212337143168
0.8524999999999999 -115.62716790423573
0.8574999999999999 -43.49714104749008
0.8624999999999999 -262.30573199778064
0.8674999999999999 180.4685651882417
0.8724999999999999 221.68626828815124
0.8775 -98.22268884068919
0.8825 -59.97722738777706
0.8875 308.62613118474553
0.8925 -43.87263941791676
0.8975 52.422694879825
0.9025 -29.025816625991983
0.9075 92.50066238697785
0.9125 -91.05468257660684
0.9175 155.4010989038837
0.9225 -150.7232019136266
0.9275 0.05506580454873562
0.9325 -119.29790289802054
0.9375 66.8571304810005
0.9425 13.149060447409092
0.9475 190.36523019046768
0.9524999999999999 204.94633930062267
0.9574999999999999 -346.73769805469806
0.9624999999999999 -56.299325151535236
0.9674999999999999 95.10603351667024
0.9724999999999999 -61.66173216976207
0.9774999999999999 -51.380674179316024
0.9824999999999999 54.523424614829906
0.9874999999999999 -197.16872641642846
0.9924999999999999 112.66460965823144
0.9974999999999999 -77.04921956229259
1.0025 -83.10780088233037
1.0075 39.092506446939936
1.0125 171.28191263606058
1.0174999999999998 -233.22851153263755
1.0225 -73.89051134985652
1.0274999999999999 6.811587750741641
1.0325 166.47104909532555
1.0374999999999999 250.79343109908677
1.0425 70.62904328596693
1.0474999999999999 -93.83427051478343
1.0525 -109.42803632636573
1.0574999999999999 148.5079867185085
1.0625 1.3540201482810759
1.0675 -326.11746883836
1.0725 324.3644195266152
1.0775 -211.85743097630294
1.0825 89.28502614343186
1.0875 140.35783078564484
1.0925 -129.64761894274145
1.0975 199.93463599080002
1.1025 79.09072469928509
1.1075 -68.60877193743639
1.1125 94.52738047709076
1.1175 -148.42897391919436
1.1225 -224.31394474169198
1.1275 -16.002956718540872
1.1324999999999998 156.53231182886697
1.1375 -275.0443915530926
1.1424999999999998 496.2185215091473
1.1475 -457.71154233849023
1.1524999999999999 297.13735723024257
1.1575 67.53350983780483
1.1624999999999999 -111.42027491605674
1.1675 -3.531142045982382
1.1724999999999999 -78.37839182262671
1.1775 41.812318028426354
1.1824999999999999 -44.26869615364013
1.1875 5.243497802839876
1.1925 145.76514074645743
1.1975 14.796205400348812
1.2025 -219.1323579657252
1.2075 74.46178934217991
1.2125 16.937221304673226
1.2175 -128.76936276662136
1.2225 252.88869323554073
1.2275 -5.729507995735528
1.2325 -7.370741811719008
1.2375 -319.7225638888564
1.2425 209.65952162471527
1.2475 -68.86635620014944
1.2525 -18.364769021396402
1.2574999999999998 -59.52577674158978
1.2625 74.59992357726968
1.2674999999999998 4.549138314256079
1.2725 147.98295356735636
1.2774999999999999 -155.66728173574532
1.2825 24.851807059286156
1.2874999999999999 47.3423373645737
1.2925 -60.68294886774227
1.2974999999999999 -136.12699218433755
1.3025 25.554541374048608
1.3074999999999999 -282.1698543568659
1.3125 251.7909157145562
1.3175 365.76084057635234
1.3225 26.900837513017443
1.3275 51.149631033712296
1.3325 -199.25910018923756
1.3375 -83.58118778075666
1.3425 -222.59432486329987
1.3475 -42.29167609923051
1.3525 515.2334063148153
1.3575 -218.41328480536984
1.3625 147.40648496182445
1.3675 -20.33108267122864
1.3724999999999998 338.78683137335844
1.3775 -308.4528083879855
1.3824999999999998 -148.9823235088892
1.3875 7.003833375209036
1.3924999999999998 103.87537195814699
1.3975 -136.2153387646662
1.4024999999999999 -117.75292885727234
1.4075 144.881657442434
1.4124999999999999 32.99079660110644
1.4175 15.982151040203235
1.4224999999999999 -244.13434581976952
1.4275 6.237407531001033
1.4324999999999999 -75.8853474172958
1.4375 -146.11278879993404
1.4425 101.02257938478537
1.4475 251.03601815162344
1.4525 21.786829107723964
1.4575 138.7304862384679
1.4625 -118.01210289084585
1.4675 4.822900099982492
1.4725 55.34495524549055
1.4775 110.11908120175404
1.4825 103.8873025918835
1.4874999999999998 -189.6392121325401
1.4925 97.06295325137798
1.4974999999999998 -237.61718598774482
1.5025 52.6468972111847
1.5074999999999998 150.39011041033174
1.5125 33.49805676735579
1.5174999999999998 75.14443886420979
1.5225 -95.92900052357709
1.5274999999999999 -195.11636029598392
1.5325 -231.46063607054782
1.5374999999999999 147.47241971068655
1.5425 -8.60013803039797
1.5474999999999999 -111.15339578844083
1.5525 96.59580016796305
1.5574999999999999 -209.9528177852705
1.5625 252.2747591057254
1.5675 -1.2007773825400012
1.5725 -10.582732003623047
1.5775 45.922703928329135
1.5825 -155.92316882176146
1.5875 159.8668100718426
1.5925 -121.56334288800934
1.5975 229.59869901784916
1.6025 152.9186397302669
1.6075 53.81221599601759
1.6124999999999998 70.25990222259148
1.6175 -85.53234608875681
1.6224999999999998 57.404298238537315
1.6275 74.59803955060302
1.6324999999999998 10.878066539446648
1.6375 -71.9846824497604
1.6424999999999998 -125.16026059721064
1.6475 -104.58639767452415
1.6524999999999999 -25.08640729539646
1.6575 -156.86802204435648
1.6624999999999999 95.16326487289285
1.6675 -73.28735833171035
1.6724999999999999 236.7065108155379
1.6775 -185.31656045631598
1.6824999999999999 11.41076922393397
1.6875 151.9406525143858
1.6925 231.68702454655343
1.6975 -179.71875089847325
1.7025 -29.50073641582876
1.7075 141.6598555875594
1.7125 -45.394441957066164
1.7175 -61.36403253439199
1.7225 -132.88539285145495
1.7274999999999998 -90.93036671121492
1.7325 201.66197145709725
1.7374999999999998 -113.32096517881621
1.7425 177.16393165621204
1.7474999999999998 -52.47514077147064
1.7525 97.11392671262831
1.7574999999999998 -145.69026680555737
1.7625 -140.48973870603893
1.7674999999999998 -37.76503087808495
1.7725 4.57217116692706
1.7774999999999999 -164.19320190548908
1.7825 476.1666025286416
1.7874999999999999 -296.3519454882384
1.7925 268.7700354932526
1.7974999999999999 -130.94927833453914
1.8025 10.796279412835394
1.8074999999999999 -52.96124860005472
1.8125 -0.9746654971234134
1.8175 107.04099901442714
1.8225 -195.49200742267175
1.8275 25.766157386179437
1.8325 222.54811515518634
1.8375 0.7951918904903724
1.8425 150.17567191098203
1.8475 -12.161556350701543
1.8524999999999998 -176.3910034659534
1.8575 -113.6404015185527
1.8624999999999998 -51.050521072723896
1.8675 -7.636034556774984
1.8724999999999998 82.32988998235068
1.8775 80.69546066329319
1.8824999999999998 -93.78280466438748
1.8875 142.86207980731226
1.8924999999999998 27.84734261435017
1.8975 -118.45158645439408
1.9024999999999999 9.270522430928636
1.9075 -39.54367885773214
1.9124999999999999 186.2949184772779
1.9175 24.863001477824994
1.9224999999999999 -165.62504901369894
1.9275 280.45860443602646
1.9324999999999999 -10.474117168892562
1.9375 -147.22409767992391
1.9425 -239.52766060969404
1.9475 306.22795221964685
1.9525 -89.74986570841871
1.9575 -23.09608842466386
1.9625 330.02204475998025
1.9674999999999998 -159.74896958564872
1.9725 -135.9570297675019
1.9774999999999998 25.58833621751817
1.9825 226.40256001943388
1.9874999999999998 -209.57246111825398
1.9925 -143.51128982977627
1.9974999999999998 8.221105234892397
2.0025 -13.127843337280703
2.0075 63.67827086118595
2.0124999999999997 -22.71979241992482
2.0175 -284.56539278524934
2.0225 10.104617406209025
2.0275 82.13676284051726
2.0324999999999998 101.49371210938665
2.0375 -145.48901122949482
2.0425 -69.78703626714419
2.0475 254.01194130225866
2.0524999999999998 -17.213871369861373
2.0575 118.44281312460042
2.0625 -119.98222081264109
2.0675 -83.62656429590656
2.0725 -5.54244696448643
2.0775 70.72731768547095
2.0825 -51.705496798391316
2.0875 48.58923905689599
2.0925 20.168058079299136
2.0974999999999997 256.8685707476396
2.1025 111.67974978466073
2.1075 -298.77601646417827
2.1125 -125.45262948189489
2.1174999999999997 -88.23920159860947
2.1225 275.5038458914165
2.1275 -198.49085436711135
2.1325 163.75485049485602
2.1374999999999997 -5.023110368890406
2.1425 66.24094174971057
2.1475 47.406071889249965
2.1525 12.387119002474703
2.1574999999999998 -19.478324574895602
2.1625 49.36133523845135
2.1675 -49.03103528357315
2.1725 71.77593945329096
2.1774999999999998 -16.555947888544676
2.1825 -78.0570380337642
2.1875 186.42366336980405
2.1925 287.78675919210855
2.1975 -579.1569563155314
2.2024999999999997 150.0853957428585
2.2075 76.52296767563361
2.2125 -170.5327890003616
2.2175 172.34292492539467
2.2224999999999997 74.61177486556127
2.2275 77.48786355102966
2.2325 -109.88080564647674
2.2375 -256.9127605023127
2.2424999999999997 -120.79028166583566
2.2475 91.0907281976339
2.2525 -69.46265314025123
2.2575 -20.36466345963604
2.2624999999999997 19.267325694002835
2.2675 346.2830004955332
2.2725 0.08191265821063823
2.2775 8.506787259180925
2.2824999999999998 12.34948794490822
2.2875 -280.08358128297
2.2925 66.62461421418291
2.2975 -293.754711697601
2.3024999999999998 -74.56080403600065
2.3075 150.1245894977775
2.3125 339.3669951919868
2.3175 -69.48628887191568
2.3225 173.32676344018716
2.3274999999999997 35.629745436993844
2.3325 10.840178892132997
2.3375 -76.89235427565943
2.3425 -22.169528899677804
2.3474999999999997 8.443580125123459
2.3525 -40.05435245712577
2.3575 -122.34706508521676
2.3625 241.93320659539515
2.3674999999999997 -218.0714193637031
2.3725 0.588551877271838
2.3775 56.72059393526984
2.3825 -51.875864495443
2.3874999999999997 270.5925391756837
2.3925 -232.21807847743457
2.3975 149.89271315921013
2.4025 152.57442892672648
2.4074999999999998 11.881425086358975
2.4125 -188.61455189957124
2.4175 242.33857115709327
2.4225 -349.1210932396562
2.4274999999999998 241.83068833305742
2.4325 11.216896063858723
2.4375 -335.62926497707326
2.4425 169.8966756475543
2.4475 147.42447453479076
2.4524999999999997 -157.90895792946898
2.4575 64.40271885302981
2.4625 28.2443766938413
2.4675 -142.6574799457527
2.4724999999999997 -54.90668206183427
2.4775 197.68331570694838
2.4825 -13.90617609712164
2.4875 27.32526669293026
2.4924999999999997 -85.99314100982134
2.4975 41.789199423790826
2.5025 10.039288340734707
2.5075 -224.7241312168696
2.5124999999999997 41.20388952507836
2.5175 96.78852880618146
2.5225 62.19043179102456
2.5275 -377.141196151762
2.5324999999999998 453.3964680864613
2.5375 -131.7995932030373
2.5425 218.5438447742921
2.5475 -383.6755898670515
2.5524999999999998 153.4880708027486
2.5574999999999997 -133.1649913302148
2.5625 159.4639450890354
2.5675 80.15382260271801
2.5725 -270.80165508258574
2.5774999999999997 131.84090625768343
2.5825 3.051814502778919
2.5875 52.61913393737194
2.5925 204.55452254599064
2.5974999999999997 -52.97186983657372
2.6025 35.680648632128815
2.6075 -166.30488986488095
2.6125 76.48929524068791
2.6174999999999997 91.07877252789297
2.6225 58.332720210334365
2.6275 -30.395923304558536
2.6325 -134.75077899669355
2.6374999999999997 121.5898597935733
2.6425 26.072726868563482
2.6475 -51.480321662928624
2.6525 -77.13880491186605
2.6574999999999998 -46.218550985724654
2.6625 -205.3168238415974
2.6675 311.4171640533927
2.6725 -143.375335949615
2.6774999999999998 53.43832552221428
2.6824999999999997 40.37468462404108
2.6875 -109.81357610627504
2.6925 26.074482863525525
2.6975 -108.27345036169575
2.7024999999999997 123.12988316542271
2.7075 -134.76162458476074
2.7125 79.9840691420457
2.7175 46.267078159800825
2.7224999999999997 -10.143391669787515
2.7275 -178.28613507369778
2.7325 21.473885146513304
2.7375 121.81518243524451
2.7424999999999997 205.4622673317004
2.7475 19.721226640691103
2.7525 -244.33856704697138
2.7575 238.61057806253908
2.7624999999999997 -273.0595659069896
2.7675 -229.43811094294577
2.7725 -122.40604309390292
2.7775 508.0693729402474
2.7824999999999998 -284.6693732452326
2.7875 84.59238099953372
2.7925 -2.4822489509527976
2.7975 29.76913139672026
2.8024999999999998 -135.17887175185803
2.8074999999999997 186.59922102214185
2.8125 -259.676607884624
2.8175 215.29025046285955
2.8225 286.28546916106257
2.8274999999999997 -292.7154029533429
2.8325 -155.76570614156307
2.8375 272.406896331019
2.8425 -183.50346730155061
2.8474999999999997 75.32687391127862
2.8525 -37.92281984668779
2.8575 73.70287029419433
2.8625 -209.80545645128797
2.8674999999999997 296.06411942633946
2.8725 -112.07832708700047
2.8775 -39.783316312436725
2.8825 186.16626016734338
2.8874999999999997 -6.292105885873372
2.8925 -281.64334956482537
2.8975 237.62556265610624
2.9025 156.9831592259794
2.9074999999999998 -177.45860787485356
2.9125 59.15936631946217
2.9175 -47.82034379954046
2.9225 -47.3288044265545
2.9274999999999998 80.81417355462742
2.9324999999999997 -79.81759818795437
2.9375 78.08259437258232
2.9425 -0.9411059267143316
2.9475 -258.473811469735
2.9524999999999997 283.4549884478545
2.9575 83.39229364603688
2.9625 -377.1485885681702
2.9675 246.25607907038636
2.9724999999999997 -54.06487557776778
2.9775 72.21344418355058
2.9825 -75.44505381965342
2.9875 258.8607001879997
2.9924999999999997 -23.024051083418755
2.9975 -254.55235506788247
3.0025 -57.62772211607945
3.0075 200.07727383649834
3.0124999999999997 -174.31397262316608
3.0175 -265.59411774068155
3.0225 164.67559957791354
3.0275 -2.0963356026885007
3.0324999999999998 -7.5056495952187205
3.0374999999999996 -13.459684672824727
3.0425 57.77167028008664
3.0475 5.463162311624755
3.0524999999999998 44.90495530205757
3.0574999999999997 -72.42768635884758
3.0625 -147.47334053891768
3.0675 147.9401083429584
3.0725 137.9848174850262
3.0774999999999997 -89.04728403165971
3.0825 177.10854050902233
3.0875 140.22374830003963
3.0925 -349.93591819333955
3.0974999999999997 79.46165583800438
3.1025 -154.4551691392668
3.1075 32.158184582980205
3.1125 146.2834057180017
3.1174999999999997 140.27490466372515
3.1225 -95.78093376516661
3.1275 -14.969292422382551
3.1325 -108.84257694767747
3.1374999999999997 163.59695259897111
3.1425 -207.64482445816915
3.1475 89.8714287197138
3.1525 -162.7531760319843
3.1574999999999998 155.96975683527145
3.1624999999999996 -108.06227436808518
3.1675 -62.18905068026236
3.1725 76.71116243881175
3.1774999999999998 -0.24151121778135465
3.1824999999999997 -27.120975199612996
3.1875 119.71784257976091
3.1925 67.03779160472112
3.1975 56.1027100339464
3.2024999999999997 -347.31327464900113
3.2075 61.21343145878638
3.2125 166.96572860047894
3.2175 -152.98870899525508
3.2224999999999997 209.50069678192068
3.2275 -253.37805962232937
3.2325 153.67297042723513
3.2375 -130.772816038862
3.2424999999999997 -8.466886895573573
3.2475 -19.839205027426004
3.2525 155.90355931219133
3.2575 135.39116437141445
3.2624999999999997 111.30082067772992
3.2675 56.22467253574017
3.2725 -109.0902668465707
3.2775 0.186487450363794
3.2824999999999998 -8.224675578423888
3.2874999999999996 94.35721759129112
3.2925 41.17586229278723
3.2975 -326.21352827621575
3.3024999999999998 267.9599883722459
3.3074999999999997 -144.38724025095294
3.3125 259.892417231146
3.3175 -128.37702046355335
3.3225 -121.65133948650214
3.3274999999999997 -155.5004457662906
3.3325 -131.31336142186768
3.3375 172.043525218469
3.3425 95.53445523304903
3.3474999999999997 -112.56916564101543
3.3525 -285.4861136742748
3.3575 91.42919283826703
3.3625 124.80167063582329
3.3674999999999997 116.10498367328266
3.3725 -68.9714547026678
3.3775 280.47967940201414
3.3825 -6.5083918314026965
3.3874999999999997 76.31205511416348
3.3924999999999996 -34.99894651839618
3.3975 85.88866134913935
3.4025 -63.76302613904178
3.4074999999999998 -20.28856657252562
3.4124999999999996 78.54174580342011
3.4175 -135.89351709426856
3.4225 -119.37555027802242
3.4274999999999998 154.40355565107782
3.4324999999999997 -194.4253314739029
3.4375 178.95826967947312
3.4425 189.51046118712762
3.4475 -148.2750579672243
3.4524999999999997 168.24263445040594
3.4575 3.628835105228456
3.4625 -63.055952167940006
3.4675 60.49921008158883
3.4724999999999997 76.22193105770546
3.4775 -2.340108494610551
3.4825 -187.82256014377373
3.4875 -151.06144998264432
3.4924999999999997 421.56602808764643
3.4975 -65.12070512553301
3.5025 -139.21578298028197
3.5075 -37.115341123258055
3.5124999999999997 -82.45594581432648
3.5174999999999996 -65.31175290353069
3.5225 136.98816606252043
3.5275 -196.17443719861043
3.5324999999999998 41.72489540146033
3.5374999999999996 223.71004563951175
3.5425 -370.84810969830096
3.5475 -149.3101699558946
3.5524999999999998 442.67108113115677
3.5574999999999997 -198.22075122221835
3.5625 114.85254437946297
3.5675 1.8190573531654888
3.5725 297.12206527081815
3.5774999999999997 -378.84861880624953
3.5825 67.65889590474828
3.5875 -20.15176739362805
3.5925 -92.91851960262407
3.5974999999999997 -9.135791102224285
3.6025 -25.598870345107628
3.6075 16.08786292380183
3.6125 -28.935365777407647
3.6174999999999997 27.96484387573982
3.6225 -16.952015611572616
3.6275 42.95556877915777
3.6325 -36.894990532964584
3.6374999999999997 231.80119040439885
3.6424999999999996 -271.72876042001855
3.6475 197.82409900090482
3.6525 -22.206126492693382
3.6574999999999998 -284.99440350462635
3.6624999999999996 -79.53560763482847
3.6675 172.41820585710914
3.6725 68.99269025107226
3.6774999999999998 -44.15846169481901
3.6824999999999997 83.16860686269227
3.6875 69.10031104725336
3.6925 -88.32832403396213
3.6975 -67.18627338059957
3.7024999999999997 -13.095379602468766
3.7075 -29.70760380703863
3.7125 213.83118931448035
3.7175 177.01873988723025
3.7224999999999997 -220.91017621472554
3.7275 94.50659328637336
3.7325 -63.51276560563538
3.7375 -177.63760330346545
3.7424999999999997 153.3649145665003
3.7474999999999996 -59.38824147907905
3.7525 84.64078356310193
3.7575 -25.381338820836397
3.7624999999999997 81.3711875255289
3.7674999999999996 316.43088455338153
3.7725 -68.37593450578525
3.7775 33.40389912007225
3.7824999999999998 224.43557196621614
3.7874999999999996 -132.1595749335302
3.7925 -115.17146385533952
3.7975 -119.41352398158975
3.8024999999999998 162.2491266587712
3.8074999999999997 8.878310001748048
3.8125 66.94999422513975
3.8175 -424.0307373529896
3.8225 15.291593356373344
3.8274999999999997 150.63067869368834
3.8325 -59.5867429918553
3.8375 69.92775640054748
3.8425 384.19033363775765
3.8474999999999997 -448.78809227891315
3.8525 110.798263209416
3.8575 -193.17321561474915
3.8625 23.14727057890857
3.8674999999999997 108.79209350705199
3.8724999999999996 -314.56331857955234
3.8775 225.34557026782844
3.8825 -78.30323102754775
3.8874999999999997 -149.7700477330936
3.8924999999999996 -127.795581780411
3.8975 177.61063558945344
3.9025 -87.26758017697887
3.9074999999999998 1.3296254373029606
3.9124999999999996 -255.77697006558415
3.9175 189.998493044062
3.9225 272.40818612214815
3.9274999999999998 -176.27998010879617
3.9324999999999997 -174.4045190658233
3.9375 4.692236705654427
3.9425 292.6142647490915
3.9475 -16.650479235767673
3.9524999999999997 -128.3877969697655
3.9575 -104.00873059749622
3.9625 79.46314458487589
3.9675 242.36413973326856
3.9724999999999997 -77.5714431215055
3.9775 -45.824318997857105
3.9825 -149.79748467738176
3.9875 93.92191657220623
3.9924999999999997 -67.64559218690322
3.9974999999999996 -71.68064965309222
4.0024999999999995 148.63689714431771
4.007499999999999 25.147397132181048
4.0125 -240.51694382733697
4.0175 158.10935504834663
4.0225 -56.35095732472115
4.0275 -2.6724082705028516
4.0325 -215.54761840067806
4.0375 -168.66380072982616
4.0424999999999995 48.0049934135041
4.047499999999999 54.1169400059893
4.0525 -16.968525911750383
4.0575 -0.9739141497099055
4.0625 317.692550156587
4.0675 -120.51956790313665
4.0725 12.00281124810526
4.0775 239.83738548804587
4.0825 -81.66985950445627
4.0874999999999995 114.70540081780439
4.0925 153.34031293891837
4.0975 -61.59140717032586
4.1025 87.58769476894705
4.1075 -44.00117120936827
4.1125 25.38216392135416
4.1175 -208.56742552707104
4.1225 -111.74737585471017
4.1274999999999995 150.33761043746244
4.132499999999999 -17.544619501497966
4.1375 -94.34804556050568
4.1425 11.204431789240365
4.1475 136.24621075485044
4.1525 2.5624934468456178
4.1575 -8.235949609688607
4.1625 142.50010740092702
4.1674999999999995 -125.69522962708787
4.172499999999999 -100.27389313591694
4.1775 47.534423344163784
4.1825 -147.15511885556896
4.1875 174.785823404306
4.1925 -128.17768115235646
4.1975 -78.04496265709341
4.2025 50.62469282076657
4.2075 210.232762660189
4.2124999999999995 11.887050323123853
4.2175 8.82448971014897
4.2225 46.349505839688604
4.2275 -76.15298881383755
4.2325 -152.63381968304824
4.2375 56.96196228519581
4.2425 81.55346375012346
4.2475 0.5932810894811511
4.2524999999999995 181.88248223256895
4.257499999999999 87.27168771828538
4.2625 43.267288511209344
4.2675 -2.8829444016554326
4.2725 -173.48662714249662
4.2775 314.3650053970713
4.2825 -13.923272770663937
4.2875 -227.32530339695708
4.2924999999999995 119.19494616328025
4.297499999999999 -367.7612433254604
4.3025 159.01713930940207
4.3075 -208.9395117801983
4.3125 16.764959119988276
4.3175 -38.740779405990246
4.3225 19.90908638976857
4.3275 -10.758151821212017
4.3325 -94.45571930299424
4.3374999999999995 359.47295552602765
4.342499999999999 -382.73022765921763
4.3475 22.761148915955307
4.3525 -88.60725353719653
4.3575 165.6219111513639
4.3625 133.39356269415026
4.3675 -265.211185866591
4.3725 146.9959897894433
4.3774999999999995 -154.50628865929627
4.382499999999999 247.8437602376147
4.3875 246.04240770858843
4.3925 -37.236519907854834
4.3975 36.659489831322325
4.4025 -16.76359689159977
4.4075 115.88794269597423
4.4125 -133.34861919064676
4.4174999999999995 -90.11124302396723
4.422499999999999 -156.3652581857767
4.4275 142.69976754799623
4.4325 -142.03293109285036
4.4375 -68.75021946987678
4.4425 226.60883080658544
4.4475 -149.62551901833538
4.4525 154.99551872455768
4.4575 82.49143546597223
4.4624999999999995 -95.70575007438715
4.467499999999999 220.79972840810885
4.4725 -98.96367825244168
4.4775 135.01015649277812
4.4825 -138.35401631399088
4.4875 4.221836972430892
4.4925 51.27843625772515
4.4975 -57.11524317754163
4.5024999999999995 -143.00341950626657
4.507499999999999 50.72102615172938
4.5125 -45.592026852314845
4.5175 220.94659958988197
4.5225 -256.8969527317043
4.5275 9.475644617104297
4.5325 -59.76711268883615
4.5375 145.2234089977284
4.5424999999999995 98.39144758844161
4.547499999999999 -286.2560052893562
4.5525 -46.009892861248495
4.5575 81.49756600266372
4.5625 158.62954378507226
4.5675 -181.8218899454118
4.5725 58.45332449706645
4.5775 234.3875174201832
4.5825 18.227274023738303
4.5874999999999995 -140.97834295548623
4.592499999999999 30.106770871043413
4.5975 67.51990847585304
4.6025 31.50852079141715
4.6075 15.22202455652856
4.6125 -151.58842211343398
4.6175 13.288139130145172
4.6225 -21.08489087910017
4.6274999999999995 -42.2582313856294
4.632499999999999 350.15202289768786
4.6375 -293.8141352184598
4.6425 -39.36000994294063
4.6475 -66.42533635294087
4.6525 -76.58185923331266
4.6575 414.1230192827466
4.6625 -250.39983186400298
4.6674999999999995 11.945020295960973
4.672499999999999 -211.20760800040827
4.6775 152.01796154133066
4.6825 -32.70391105576726
4.6875 81.37043598073866
4.6925 -144.20475993882104
4.6975 161.6079103280229
4.7025 49.127762315317256
4.7075 -153.54287528050867
4.7124999999999995 66.32125684067998
4.717499999999999 -60.06322465869755
4.7225 -142.68911584966878
4.7275 130.34909476703433
4.7325 6.847877057755214
4.7375 368.03256632432823
4.7425 -338.980742816295
4.7475 236.0781976594601
4.7524999999999995 -93.98289663884273
4.757499999999999 56.48455094106577
4.7625 121.08913687615942
4.7675 -138.47122555651057
4.7725 69.13174813112354
4.7775 -32.944256949006956
4.7825 60.98903842861074
4.7875 108.66747705720549
4.7924999999999995 -464.7827048099005
4.797499999999999 281.50118766021194
4.8025 -36.34516028547694
4.8075 -244.7171861408538
4.8125 -55.99418809786284
4.8175 183.86174251284808
4.8225 30.59296857183123
4.8275 11.872479709850202
4.8325 23.797342282377382
4.8374999999999995 -106.99035418542992
4.842499999999999 129.0658699175895
4.8475 188.92994662182858
4.8525 -207.974383395016
4.8575 -132.00826567022239
4.8625 -53.66040092194666
4.8675 -66.55303705678052
4.8725 -94.10830810159193
4.8774999999999995 -78.0078887282395
4.882499999999999 335.59066427343146
4.8875 -178.5091589344033
4.8925 83.00855315238543
4.8975 93.64312391683696
4.9025 115.11299981565462
4.9075 104.30045261284866
4.9125 96.27928381954936
4.9174999999999995 -49.51417443457471
4.922499999999999 19.968449151491004
4.9275 -72.33529207525729
4.9325 -62.33119284720291
4.9375 -129.224297309445
4.9425 -49.119879680907474
4.9475 82.56932927081975
4.9525 237.70098642277995
4.9575 -102.40555154112327
4.9624999999999995 11.33777317457391
4.967499999999999 -312.9415747779779
4.9725 49.329335338951616
4.9775 157.66199893304983
4.9825 -72.7763420369717
4.9875 135.5705265259881
4.9925 -47.16087130565776
4.9975 121.77602868200917
5.0024999999999995 -94.28115156074259
5.007499999999999 172.16163571602755
5.0125 -26.48894586738541
5.0175 49.86745644228837
5.0225 -134.33643563602732
5.0275 -41.97628808778193
5.0325 -63.591501222230356
5.0375 -41.21619024018096
5.0424999999999995 11.97848443472178
5.047499999999999 478.5908210930303
5.0525 -175.56181289117703
5.0575 -236.58408345865217
5.0625 195.26521741660795
5.0675 -72.1630435095666
5.0725 78.16385272693768
5.0775 -63.379961858062465
5.0825 -181.4660831932744
5.0874999999999995 -50.302188358472485
5.092499999999999 -46.39084892849359
5.0975 50.278300017491574
5.1025 -59.34418778276417
5.1075 115.41352667528504
5.1125 125.38827275997785
5.1175 -171.63692751276292
5.1225 32.055006950784495
5.1274999999999995 128.65983026168738
5.132499999999999 29.477028575866147
5.1375 128.1077433402695
5.1425 -75.8993856397402
5.1475 60.41023923156374
5.1525 77.6678895493338
5.1575 -302.09509616345423
5.1625 120.06250044159161
5.1674999999999995 -39.765551419979786
5.172499999999999 -134.3551639242965
5.177499999999999 -11.587352819946886
5.1825 -2.736608920883762
5.1875 59.4799554626541
5.1925 171.22942316527806
5.1975 31.900953427234608
5.2025 -67.84802044390256
5.2075 -5.328186630530407
5.2124999999999995 5.7938339926751405
5.217499999999999 3.2163435330298706
5.2225 -53.695875309792065
5.2275 383.5916467286416
5.2325 -183.39015582177103
5.2375 -134.34062515446843
5.2425 14.324726871719037
5.2475 -5.134822965583901
5.2524999999999995 90.02593035422987
5.257499999999999 -79.76025932720694
5.2625 2.417511884079771
5.2675 26.0100417301609
5.2725 -43.96593801588521
5.2775 134.71789063874618
5.2825 83.43933602077612
5.2875 -13.569480346730133
5.2924999999999995 191.00120208995278
5.297499999999999 -176.7561464663145
5.302499999999999 -67.74329393072534
5.3075 -62.452146688121346
5.3125 -242.83395720514272
5.3175 86.56189955399648
5.3225 -35.16616960940793
5.3275 308.4078734456976
5.3325 -197.34725103575042
5.3374999999999995 -174.43548036897718
5.342499999999999 196.58865542243078
5.3475 22.944370723112375
5.3525 52.58565752835785
5.3575 56.482103370942866
5.3625 -34.804550178405684
5.3675 -127.3425708711842
5.3725 -97.18886934062995
5.3774999999999995 -17.649739189118538
5.382499999999999 89.5655874258738
5.3875 156.3002112703359
5.3925 140.78715122406115
5.3975 -145.4441356564821
5.4025 -146.77317212162694
5.4075 54.76131278538122
5.4125 301.79367005544833
5.4174999999999995 -168.55664450911996
5.422499999999999 61.362275355169565
5.427499999999999 -214.03445760683655
5.4325 -34.89236492713917
5.4375 330.88520426450077
5.4425 -21.99712159375316
5.4475 -5.10922512008456
5.4525 170.63504897057786
5.4575 -3.99908917597643
5.4624999999999995 -28.51070747806507
5.467499999999999 -29.48007195848442
5.4725 -65.83306618594342
5.4775 -107.33821010538581
5.4825 -98.71489829533266
5.4875 -131.38904329356612
5.4925 74.68871538398585
5.4975 148.11509728714884
5.5024999999999995 -102.58995627635898
5.507499999999999 -151.9774809065893
5.5125 274.3801501742782
5.5175 -107.3465939821099
5.5225 196.5154631312583
5.5275 55.211027371656044
5.5325 -166.87733106405818
5.5375 -147.57624829133317
5.5424999999999995 14.487479511412657
5.547499999999999 11.926403558439546
5.552499999999999 135.89818913301883
5.5575 -206.553184300768
5.5625 62.411527412676215
5.5675 84.66390216773745
5.5725 -397.63810623025836
5.5775 368.6992550429928
5.5825 74.13563140374346
5.5874999999999995 27.298862950024045
5.592499999999999 88.55881820909141
5.5975 14.409498334466603
5.6025 -57.32474331114195
5.6075 243.4301838133369
5.6125 -199.4759403686208
5.6175 4.93225128149511
5.6225 -45.53797339300705
5.6274999999999995 148.64590133909158
5.632499999999999 71.00310521435514
5.6375 -74.93768989903707
5.6425 81.5096414615748
5.6475 -158.2950993465432
5.6525 -229.58973803213073
5.6575 -137.19034325632097
5.6625 -22.075343257794945
5.6674999999999995 110.18458756087483
5.672499999999999 -87.57977576787502
5.677499999999999 70.46155629404501
5.6825 150.15952031833638
5.6875 232.52469635001324
5.6925 47.73408879573257
5.6975 -89.43639748994484
5.7025 131.68185015515513
5.7075 -80.94317372105587
5.7124999999999995 -116.24562156638237
5.717499999999999 -80.42078173370123
5.7225 350.1292814964288
5.7275 -136.61419929438748
5.7325 -158.9186911608087
5.7375 -75.77335566411584
5.7425 158.17335991334883
5.7475 251.51367707196337
5.7524999999999995 -292.3946831385326
5.757499999999999 20.752470917228216
5.7625 224.44521390164817
5.7675 -228.99602977006475
5.7725 265.70432458320875
5.7775 41.38176049846748
5.7825 25.307897078375117
5.7875 -157.13344150527223
5.7924999999999995 -200.79901072739045
5.797499999999999 -246.68769052628366
5.802499999999999 168.34027763913193
5.8075 253.161617091262
5.8125 -66.97736879838166
5.8175 65.81878634971113
5.8225 -326.8819648316042
5.8275 155.8638818198067
5.8325 -54.85784405230669
5.8374999999999995 -141.2418129922459
5.842499999999999 271.22362876441036
5.8475 -66.58890429010806
5.8525 -112.88176037700097
5.8575 93.93624559636409
5.8625 67.13055893032845
5.8675 -41.624024313714955
5.8725 140.9431030511944
5.8774999999999995 314.4577821638655
5.882499999999999 -240.6382135368134
5.8875 -10.891540461823997
5.8925 -219.35948180162924
5.8975 -98.45304702325245
5.9025 -107.81922203280698
5.9075 62.1830112155364
5.9125 315.3871853611726
5.9174999999999995 -178.91512944265818
5.922499999999999 -71.37202455787214
5.927499999999999 -26.01581815749988
5.9325 30.32714264643908
5.9375 -69.23831777697646
5.9425 -61.72775573815205
5.9475 -121.35867361563358
5.9525 73.34742789949786
5.9575 99.18260529597632
5.9624999999999995 187.9575958273936
5.967499999999999 -119.98334493890266
5.9725 -162.3225067210048
5.9775 212.46989438632133
5.9825 -38.3728701049857
5.9875 -150.88287378220394
5.9925 10.259574980968111
5.9975 52.044557911498266
6.0024999999999995 311.1236538048792
6.007499999999999 -147.0889601499121
6.012499999999999 20.07000816292777
6.0175 -119.16866551766043
6.0225 -56.47999433480562
6.0275 223.30656418338893
6.0325 -59.14883456039345
6.0375 -172.47781481340434
6.0424999999999995 -5.085969067229662
6.047499999999999 -180.1351355292666
6.052499999999999 144.34521124511997
6.0575 -71.57599024800274
6.0625 -82.12783226726313
6.0675 -62.61067026823591
6.0725 341.4886594923331
6.0775 -69.30698737778997
6.0825 -96.61298247010943
6.0874999999999995 -110.00002540124999
6.092499999999999 53.61359342551447
6.0975 15.399409473275453
6.1025 180.38634978702555
6.1075 186.38596257246013
6.1125 -310.18528483546805
6.1175 75.29208060473135
6.1225 226.51185909349013
6.1274999999999995 -288.05118584807946
6.132499999999999 336.579836302184
6.137499999999999 -2.1201081822180936
6.1425 -303.7859873326618
6.1475 120.17747008326806
6.1525 137.59793080632096
6.1575 -37.444116145531154
6.1625 155.03386257528337
6.1674999999999995 -123.84410743747894
6.172499999999999 102.03172843857665
6.177499999999999 -213.8584612518234
6.1825 105.40025706125131
6.1875 -193.89424648908312
6.1925 271.5714340613474
6.1975 162.05587510380653
6.2025 7.792865894610837
6.2075 -206.31384949038056
6.2124999999999995 85.88499487902902
6.217499999999999 -83.80128822894277
6.2225 -15.622945987137372
6.2275 112.50496897517723
6.2325 89.57049659631541
6.2375 76.76446152426286
6.2425 30.09286318040886
6.2475 -274.7375283741364
6.2524999999999995 -221.55592523625367
6.257499999999999 343.9393673788879
6.262499999999999 -306.48375956546465
6.2675 -60.001281229144894
6.2725 -9.845963361627005
6.2775 141.2566783547676
6.2825 -68.5889371552267
6.2875 165.99531538759632
6.2924999999999995 -167.23399541808132
6.297499999999999 -211.3363753609854
6.302499999999999 68.59760909917412
6.3075 68.55164690147825
6.3125 46.142578445953234
6.3175 -174.86830687601574
6.3225 72.34118048099361
6.3275 103.53915451736111
6.3325 117.45360122574871
6.3374999999999995 -172.84893043357263
6.342499999999999 216.0239752925317
6.3475 -138.84145090894455
6.3525 -141.84793060885553
6.3575 310.7806817376875
6.3625 197.0277091652564
6.3675 -280.374551424571
6.3725 114.66982379406011
6.3774999999999995 219.91293529372368
6.382499999999999 10.797834215118758
6.387499999999999 -107.6125225434009
6.3925 -344.4477624613267
6.3975 108.08604349352203
6.4025 -43.55429819006274
6.4075 9.86760647652794
6.4125 -33.96500198017938
6.4174999999999995 -41.900660200674764
6.422499999999999 96.04858897807935
6.427499999999999 54.26758818884078
6.4325 -8.7997022852732
6.4375 226.23614215968254
6.4425 20.202297908603313
6.4475 29.9856799848831
6.4525 -130.98717187025852
6.4575 7.004971763995259
6.4624999999999995 108.04279083215607
6.467499999999999 -268.26127159080835
6.4725 129.18379653713734
6.4775 3.351509353706096
6.4825 -174.8386522068051
6.4875 -7.972470427807178
6.4925 80.52234166622941
6.4975 239.87201234021867
6.5024999999999995 -101.71262658660291
6.507499999999999 -50.55018751380328
6.512499999999999 -76.46364096806028
6.5175 193.63237520382506
6.5225 274.82460414439805
6.5275 -447.4978113923499
6.5325 243.59205746866584
6.5375 97.82181282317602
6.5424999999999995 263.98636954462614
6.547499999999999 -246.33993496828222
6.552499999999999 -79.10655773411482
6.5575 -190.5678459553592
6.5625 7.305797762449929
6.5675 -5.457474703813641
6.5725 -21.4960700276381
6.5775 87.0290546111787
6.5825 -134.64314538747314
6.5874999999999995 -48.8066878145257
6.592499999999999 57.78438871013917
6.5975 -144.41081163780387
6.6025 3.77043728233571
6.6075 108.41766178513872
6.6125 -116.89121320464157
6.6175 232.1709250453894
6.6225 -52.71172822938054
6.6274999999999995 -268.52922469968877
6.632499999999999 134.04137065102273
6.637499999999999 456.9367817684756
6.6425 66.66172774996703
6.6475 -132.0579196680421
6.6525 -144.47719114222775
6.6575 115.32975357692683
6.6625 48.07614121072955
6.6674999999999995 -415.80871158593123
6.672499999999999 243.6994363303219
6.677499999999999 -76.79285666677609
6.6825 -97.92665369560736
6.6875 149.37735476970718
6.6925 -9.54877560635447
6.6975 397.7299495531589
6.7025 -198.95641662698992
6.7075 -59.03710077859777
6.7124999999999995 -308.9002945663224
6.717499999999999 202.74423121967985
6.722499999999999 -52.98339808495285
6.7275 268.49777416541696
6.7325 -95.71401634336507
6.7375 55.61477726012976
6.7425 -202.8068347757013
6.7475 58.2493174236151
6.7524999999999995 -19.646594519179686
6.757499999999999 157.7474045014341
6.762499999999999 -30.787735897831176
6.7675 95.2277309415175
6.7725 -349.7107869413029
6.7775 305.5607279521255
6.7825 69.7788028942877
6.7875 -200.55738430739186
6.7924999999999995 62.54086627757095
6.797499999999999 -118.60342830590785
6.802499999999999 106.275566797567
6.8075 99.93132529626533
6.8125 -184.265310946316
6.8175 13.05283169321632
6.8225 88.05220951763087
6.8275 -93.65650507215189
6.8325 243.52232690214396
6.8374999999999995 -68.87834683641142
6.842499999999999 -16.375038563587854
6.847499999999999 -65.23338664458716
6.8525 127.12072242179356
6.8575 -182.65374920159138
6.8625 -75.55916197770183
6.8675 -127.34736265181648
6.8725 58.41988318821392
6.8774999999999995 38.10844848212137
6.882499999999999 96.07851712919549
6.887499999999999 -248.07058614979502
6.8925 126.8064796230204
6.8975 61.53807907049565
6.9025 -87.46043645214841
6.9075 -65.88213612135112
6.9125 -22.223073784948255
6.9174999999999995 298.3496608873944
6.922499999999999 -33.9187731594193
6.927499999999999 236.613859810616
6.9325 14.495728279653985
6.9375 -98.34151601314929
6.9425 -189.45995932467414
6.9475 86.75123600996506
6.9525 -165.10125927014465
6.9575 95.85327157958487
6.9624999999999995 -376.948169902333
6.967499999999999 275.3581723916325
6.972499999999999 -82.43524678521455
6.9775 92.34038553225629
6.9825 106.22769478264526
6.9875 75.72700391054997
6.9925 -67.90456071840613
6.9975 67.37466025712688
7.0024999999999995 98.8075837877259
7.007499999999999 93.58813199697697
7.012499999999999 -154.2764445115265
7.0175 -147.50804042048009
7.0225 15.16751023900757
7.0275 -13.467652376604539
7.0325 70.77760717056448
7.0375 -213.99236820372468
7.0424999999999995 122.03775601383985
7.047499999999999 171.53871739228018
7.052499999999999 87.39012691388929
7.0575 -68.98127998463264
7.0625 75.54626261898143
7.0675 -71.12182007945665
7.0725 75.61065085538277
7.0775 -81.68169848959845
7.0825 67.895387963906
7.0874999999999995 -117.2319916350958
7.092499999999999 -71.86208465806952
7.097499999999999 229.3454636223894
7.1025 -33.690096166037925
7.1075 179.36955935897907
7.1125 -170.30204402520252
7.1175 15.675648468530186
7.1225 -235.09383478049205
7.1274999999999995 156.1501044260587
7.132499999999999 -139.19432391918045
7.137499999999999 66.75355878616615
7.1425 129.71855975757086
7.1475 39.46268781725954
7.1525 -96.36982973586862
7.1575 147.71830321775968
7.1625 -65.1591954297913
7.1674999999999995 69.82751402347492
7.172499999999999 65.33145399590288
7.177499999999999 -221.1707916576518
7.1825 19.059045085416244
7.1875 -123.32130556445127
7.1925 233.13827299767698
7.1975 7.3417134846604615
7.2025 -157.6675661904007
7.2075 -87.04212884568066
7.2124999999999995 -203.78217109053298
7.217499999999999 177.97085154033087
7.222499999999999 31.367984086786958
7.2275 34.05565194693074
7.2325 -42.31813507472461
7.2375 19.536343562953657
7.2425 -126.24933880467468
7.2475 236.18787267039212
7.2524999999999995 -135.5186184201356
7.257499999999999 -37.97984987864722
7.262499999999999 137.92780113785327
7.2675 -100.63833110660347
7.2725 -106.0355245889843
7.2775 124.10153866743511
7.2825 74.89118925762558
7.2875 -0.36631068108742987
7.2924999999999995 192.6518757769424
7.297499999999999 46.07377528688672
7.302499999999999 -124.47092921499546
7.3075 22.610795104046456
7.3125 -196.07438759280947
7.3175 71.12436531816411
7.3225 -101.85102346432618
7.3275 -120.57295515019321
7.3325 7.25794995907357
7.3374999999999995 326.36513136768025
7.342499999999999 -44.11031975077287
7.347499999999999 153.75997461553655
7.3525 -192.07303193985862
7.3575 -153.96515456730143
7.3625 264.78445445161975
7.3675 -95.61804427760782
7.3725 8.345140455505364
7.3774999999999995 16.506568310169957
7.382499999999999 246.8268616800171
7.387499999999999 -7.4888206467607
7.3925 -216.96914163685855
7.3975 -246.4216954572591
7.4025 221.7684235963776
7.4075 147.62341448707343
7.4125 -124.92055866610804
7.4174999999999995 -63.17348750971146
7.422499999999999 13.798390507820217
7.427499999999999 214.27439875853423
7.4325 -85.3242131179632
7.4375 -255.2779580096537
7.4425 91.3078062817673
7.4475 243.88797623960608
7.4525 -89.92876034331454
7.4575 -73.79272776048427
7.4624999999999995 2.7701234359425273
7.467499999999999 74.87425538698827
7.472499999999999 -79.29153706590358
7.4775 102.81435792531845
7.4825 -142.19302427850295
7.4875 80.29441055950538
7.4925 175.33221350699876
7.4975 82.99124058159816
7.5024999999999995 67.72836988152302
7.507499999999999 73.77316798984974
7.512499999999999 -54.134605617951756
7.5175 -85.02480367378557
7.5225 5.526937890660567
7.5275 -104.60062577338145
7.5325 -1.7568571035928149
7.5375 7.334250538967901
7.5424999999999995 10.457488311093153
7.547499999999999 210.90950134132774
7.552499999999999 89.07082265397366
7.557499999999999 -178.2311069681042
7.5625 -10.97315133101662
7.5675 -86.62679083788679
7.5725 -222.93330663096194
7.5775 249.92941210115347
7.5825 47.66858004341896
7.5874999999999995 -231.1385543563103
7.592499999999999 -26.484596572482513
7.597499999999999 174.76147909018593
7.6025 -197.9303847902379
7.6075 297.30391239840475
7.6125 -63.52203178512036
7.6175 -4.506936274824372
7.6225 3.4533242969676046
7.6274999999999995 -130.57737676023763
7.632499999999999 -24.475735704216387
7.637499999999999 -150.36173184746372
7.6425 222.2810123339447
7.6475 72.80229659978782
7.6525 -35.005164280100296
7.6575 -121.21222021460262
7.6625 -72.87176912913323
7.6674999999999995 -118.64802044593833
7.672499999999999 14.318401342321112
7.677499999999999 171.45406593458358
7.682499999999999 74.61556449875025
7.6875 -141.21368101870414
7.6925 -59.66541182932377
7.6975 85.2098340932509
7.7025 -231.22496141421544
7.7075 80.8170115688156
7.7124999999999995 15.431084227510967
7.717499999999999 7.9277563089584335
7.722499999999999 214.43864146094424
7.7275 -275.9963845169871
7.7325 167.46925137258017
7.7375 87.02167377420523
7.7425 102.24238441029962
7.7475 -84.20650317908058
7.7524999999999995 -74.78563218317446
7.757499999999999 7.040867137898678
7.762499999999999 49.853782227763666
7.7675 32.51712579681614
7.7725 107.11767434693682
7.7775 -254.40236431401783
7.7825 168.4206003620015
7.7875 -122.02582761703964
7.7924999999999995 51.90941959197955
7.797499999999999 293.8875943958654
7.802499999999999 35.07295831774576
7.807499999999999 167.1912607246514
7.8125 -225.96533819581856
7.8175 81.06941219229788
7.8225 -89.28937343167135
7.8275 -129.68264304847668
7.8325 93.84357511693824
7.8374999999999995 -148.23638002348937
7.842499999999999 119.77755825107407
7.847499999999999 195.0662471341013
7.8525 -76.34560178929297
7.8575 80.38261953535812
7.8625 71.38882717298495
7.8675 38.314869176898306
7.8725 -65.30170241471853
7.8774999999999995 -162.96525180030827
7.882499999999999 2.594681841121169
7.887499999999999 -177.0088228908788
7.8925 160.53671616276765
7.8975 210.23579614313076
7.9025 -62.85285388273933
7.9075 -168.22479106780327
7.9125 -141.30611464605565
7.9174999999999995 124.2842837275523
7.922499999999999 13.152053829978797
7.927499999999999 301.50449262088097
7.932499999999999 -280.2098987049035
7.9375 23.579676278761745
7.9425 12.717710877534493
7.9475 -428.87735447095264
7.9525 -162.59278495550413
7.9575 464.9279050619696
7.9624999999999995 46.06391448533477
7.967499999999999 8.425750164138321
7.972499999999999 16.623228088773374
7.9775 -69.00433977100305
7.9825 18.381796777564297
7.9875 162.37815866864523
7.9925 -63.89801188634928
7.9975 -208.27287503740564
8.0025 75.11884186578557
8.0075 63.59822992649254
8.0125 113.31422025676615
8.0175 -118.8615564895407
8.022499999999999 221.12270555065973
8.0275 54.40574984284777
8.032499999999999 -2.813470642817482
8.0375 -226.79418730063048
8.0425 31.786953258928822
8.0475 26.931337756469386
8.0525 -26.141396243216146
8.0575 -125.30561487303231
8.0625 78.3944814472036
8.067499999999999 -45.47103741779302
8.0725 -105.13723493808106
8.077499999999999 88.70714853122678
8.0825 114.89335872890821
8.0875 -45.06328959788942
8.0925 76.57121102197408
8.0975 -423.3648355095497
8.1025 153.2476673947526
8.1075 130.7360497545357
8.112499999999999 217.9063992601514
8.1175 -79.50564584742816
8.1225 85.56211931558906
8.1275 -67.35274038715633
8.1325 74.89645750568069
8.1375 88.78705075942415
8.1425 -133.33672676575532
8.147499999999999 -388.9955415457116
8.1525 374.02531007064664
8.157499999999999 109.89027124224984
8.1625 -89.24891232077808
8.1675 -220.81700775381347
8.1725 496.1010800200103
8.1775 -141.01646895987176
8.1825 -507.9683064906608
8.1875 168.42480231517652
8.192499999999999 158.5051616584107
8.1975 30.43865386952523
8.202499999999999 -181.5822527209801
8.2075 182.1487545583289
8.2125 -129.44113143594188
8.2175 -172.40857091210287
8.2225 201.20538664744586
8.2275 42.276047711172204
8.2325 -135.5637454839967
8.237499999999999 19.666891722168344
8.2425 -115.01262157760054
8.2475 -38.99896014117709
8.2525 165.6973956771739
8.2575 -145.21856089893626
8.2625 27.511953761070913
8.2675 80.08784232562381
8.272499999999999 105.41025024501995
8.2775 44.03782485737476
8.282499999999999 42.301832974099376
8.2875 28.41727976076399
8.2925 -252.80759074300872
8.2975 330.11387566459484
8.3025 -123.47091047970765
8.3075 78.99816869836184
8.3125 -95.06164164822704
8.317499999999999 159.88351347225318
8.3225 -359.29637697545735
8.327499999999999 156.57191270618478
8.3325 1.2924872952200155
8.3375 -142.63582008672594
8.3425 -62.94431628500168
8.3475 -116.6039433585878
8.3525 74.66896950971235
8.3575 236.94170939920093
8.362499999999999 -74.60901817058526
8.3675 17.72763062544532
8.3725 150.9718652909933
8.3775 -52.91704055513808
8.3825 387.56516515729874
8.3875 -236.3198671733778
8.3925 -140.0356289018757
8.397499999999999 314.0068420983789
8.4025 -87.10592442555829
8.407499999999999 -188.39088959094093
8.4125 8.329160309220594
8.4175 -141.88391541292106
8.4225 203.6629097221661
8.4275 123.5505316927877
8.4325 -34.04250547254612
8.4375 18.51952185069569
8.442499999999999 -282.2823775139915
8.4475 99.67865176655965
8.452499999999999 235.30165615922343
8.4575 -211.9173034963231
8.4625 318.7585617352874
8.4675 39.92516254586888
8.4725 -192.57309904019561
8.4775 -48.33009946556163
8.4825 -82.06900821242529
8.487499999999999 64.36264979811175
8.4925 5.796387915958639
8.4975 -141.50570936273934
8.5025 -97.25035140207952
8.5075 260.6277213378159
8.5125 -62.56743608009815
8.5175 -177.37354561039254
8.522499999999999 -26.289310984537465
8.5275 129.03105509697883
8.532499999999999 137.77441152382613
8.5375 66.69574036576049
8.5425 28.341295246804375
8.5475 3.416845656327129
8.5525 -67.27965336357245
8.5575 -70.4825802792685
8.5625 -30.649148436428383
8.567499999999999 228.3630820110229
8.5725 -200.09854762664395
8.577499999999999 123.15001467064772
8.5825 58.3476763661512
8.5875 8.438125685021056
8.5925 102.87025452141393
8.5975 -180.8291702673396
8.6025 138.9152361198097
8.6075 -1.6961524432849275
8.612499999999999 -133.34889314954606
8.6175 -64.27364105175477
8.6225 154.66819915828123
8.6275 121.92864089489463
8.6325 -127.77633202282485
8.6375 7.174695139108505
8.6425 -56.89001764522091
8.647499999999999 92.29771584156231
8.6525 98.40197908434138
8.657499999999999 59.54029801068128
8.6625 -58.72062048433315
8.6675 89.29782128723957
8.6725 -149.32926470695654
8.6775 51.92455496586596
8.6825 95.71361040522659
8.6875 -71.69925912057082
8.692499999999999 149.49714808891767
8.6975 -53.17467442520224
8.702499999999999 -68.60311775208466
8.7075 -16.64960209358581
8.7125 -1.065230887946564
8.7175 90.9577960236029
8.7225 -236.6603757158278
8.7275 -52.28769367134043
8.7325 85.72278094621997
8.737499999999999 100.31680862643026
8.7425 -459.9620365349405
8.747499999999999 116.46581807124305
8.7525 188.70576100169853
8.7575 -236.64500322669812
8.7625 -38.070380531166144
8.7675 26.612559326825497
8.772499999999999 94.7361742651717
8.7775 4.745015374464479
8.782499999999999 185.2223893874149
8.7875 -81.64711374446105
8.7925 75.78463186241255
8.7975 -284.0875027018081
8.8025 37.97825744320094
8.8075 182.10991285770146
8.8125 -103.5800943984057
8.817499999999999 -94.3010746361422
8.8225 28.314410694187313
8.827499999999999 71.38787706720574
8.8325 -34.576831383249385
8.8375 300.06251140191824
8.8425 -70.84471367927202
8.8475 -93.69072105176802
8.8525 -25.769637269489003
8.8575 168.50035950851873
8.862499999999999 -55.41739197854596
8.8675 51.76478324111203
8.872499999999999 -21.76325785245753
8.8775 -187.12483814524165
8.8825 -46.86641338567809
8.8875 245.89712817275466
8.8925 -343.0842040168441
8.897499999999999 -19.268891549383003
8.9025 100.6514627119412
8.907499999999999 87.14277071325189
8.9125 -337.4648967120611
8.9175 331.2502119795625
8.9225 -335.05055351398215
8.9275 9.454433198004917
8.9325 -43.51682450754119
8.9375 29.072357069654384
8.942499999999999 53.62778428596232
8.9475 205.67792904042938
8.952499999999999 -91.92179686132701
8.9575 122.1274454467415
8.9625 -151.29190481401236
8.9675 88.8451554583266
8.9725 -154.8847069552535
8.9775 17.52185087869836
8.9825 228.17126423351084
8.987499999999999 -189.13676999802794
8.9925 -91.12999077123892
8.997499999999999 114.92016314657344
9.0025 2.352420197017707
9.0075 -137.05718067785548
9.0125 306.7019178266414
9.0175 56.918759776022995
9.022499999999999 149.30538225438136
9.0275 -384.5477155219815
9.032499999999999 228.70746782192933
9.0375 -67.74570021621585
9.0425 143.9221480437535
9.0475 -153.14986893633343
9.0525 -53.21460400056543
9.0575 73.7845909706403
9.0625 248.18765234353071
9.067499999999999 -52.30581680255976
9.0725 -242.11446106645803
9.077499999999999 -115.70462498017513
9.0825 249.70071523851473
9.0875 -185.27435881163774
9.0925 8.78571403203726
9.0975 90.42664567418983
9.1025 -64.49299785021977
9.1075 -187.07984658050475
9.112499999999999 95.13545837357654
9.1175 55.48540398589202
9.122499999999999 235.35283403697233
9.1275 -61.876967018419386
9.1325 -99.73754996925523
9.1375 -61.205967131456724
9.1425 5.986124717725018
9.147499999999999 60.97162154422244
9.1525 128.50591023059826
9.157499999999999 -94.27776076012987
9.1625 156.220329487078
9.1675 15.509011323233384
9.1725 -289.30651578988164
9.1775 48.05229908879925
9.1825 247.92878605317318
9.1875 97.7560697929096
9.192499999999999 -401.5533628645852
9.1975 274.5649803221562
9.202499999999999 70.70456356986088
9.2075 -194.50168889829507
9.2125 162.55945524674354
9.2175 -137.9828574025268
9.2225 -160.8874156604683
9.2275 190.22667738512882
9.2325 74.77778251067835
9.237499999999999 -228.35023081222425
9.2425 344.3478287814576
9.247499999999999 -136.00739951913172
9.2525 -64.82921706739621
9.2575 141.82965168160507
9.2625 146.68557159243622
9.2675 -247.68620821155054
9.272499999999999 42.37263634893344
9.2775 94.9950156860614
9.282499999999999 -91.66768432368542
9.2875 -206.997688141408
9.2925 296.60038844514344
9.2975 -156.0836685705788
9.3025 -62.25541126941642
9.3075 -60.73657849342153
9.3125 53.28183446185852
9.317499999999999 156.21175517881898
9.3225 -192.44688504366798
9.327499999999999 90.28735227846916
9.3325 -145.16851892426038
9.3375 -67.23266559639481
9.3425 -137.49022073854732
9.3475 160.31845499455605
9.3525 167.4802758826518
9.3575 307.8173220681488
9.362499999999999 37.01156485566855
9.3675 -68.54395443954645
9.372499999999999 -8.2816820608724
9.3775 -14.314998616864365
9.3825 -339.48592431775126
9.3875 106.5223652691376
9.3925 -2.4665640473578794
9.397499999999999 -102.14047331167515
9.4025 -5.649365346234662
9.407499999999999 -13.024098444367018
9.4125 236.39586642479983
9.4175 16.73582888896956
9.4225 11.20295435041058
9.4275 25.076131122743217
9.4325 -82.66575561556591
9.4375 68.01944476437464
9.442499999999999 105.15141037024794
9.4475 -69.48743201213544
9.452499999999999 27.384700148417647
9.4575 -78.59647422534745
9.4625 -38.638887091051124
9.4675 141.3392761733954
9.4725 20.327972178466634
9.4775 -64.61630942195347
9.4825 -129.81314183061312
9.487499999999999 -6.377209336278432
9.4925 -140.3687269679468
9.497499999999999 -106.753024459436
9.5025 242.26992142553712
9.5075 75.67092891878794
9.5125 -150.75173484154442
9.5175 5.6338796286550155
9.522499999999999 11.85274045797715
9.5275 40.780748096735124
9.532499999999999 -19.753673203727658
9.5375 13.927997278727883
9.5425 -41.33689696543519
9.5475 252.64262551018757
9.5525 -23.75774956329767
9.5575 -56.4198890089341
9.5625 58.23388091863312
9.567499999999999 112.61495135101983
9.5725 -318.51098592014336
9.577499999999999 220.97926964916752
9.5825 -26.80212138439483
9.5875 -66.69176572478456
9.5925 -18.925547098096622
9.5975 100.84355540234007
9.6025 49.4420585044955
9.6075 -26.147747262996166
9.612499999999999 85.10605209351226
9.6175 -344.33391569585916
9.622499999999999 25.0351050374124
9.6275 -78.60592751797112
9.6325 260.93955992355416
9.6375 10.560860425158769
9.6425 198.4539370895877
9.647499999999999 -137.8904153537682
9.6525 -163.65403000134543
9.657499999999999 -64.81783158818409
9.6625 3.6289111610612066
9.6675 103.11159573203975
9.6725 63.585264709737025
9.6775 -46.10238228042197
9.6825 -12.903955492841892
9.6875 -231.03751405091626
9.692499999999999 141.2427922439887
9.6975 127.34754765960342
9.702499999999999 -186.8269200796253
9.7075 10.009364712835266
9.7125 9.86866800147043
9.7175 -88.15221504262914
9.7225 180.62439664846664
9.7275 -47.529986578474
9.7325 258.04039296409513
9.737499999999999 -296.71450759049645
9.7425 7.8357561866951455
9.747499999999999 132.12635557480897
9.7525 201.17011746560598
9.7575 -35.19962864926991
9.7625 -13.772256513109744
9.7675 -45.268853776352636
9.772499999999999 -46.674391882486006
9.7775 -16.473999965691863
9.782499999999999 -30.19471878327646
9.7875 176.92797106679214
9.7925 -26.876287006008223
9.7975 181.11073790792838
9.8025 -178.17714259149326
9.8075 127.85861074907477
9.8125 -107.3163221816612
9.817499999999999 -64.04134324807961
9.8225 -52.59946718855052
9.827499999999999 228.82547542042005
9.8325 -142.9646489270537
9.8375 20.08181918636673
9.8425 -112.53980190510278
9.8475 -59.802246272863506
9.8525 -121.49868977203823
9.8575 157.7926059269777
9.862499999999999 113.72147203605468
9.8675 -338.7189368627341
9.872499999999999 177.53426369076777
9.8775 0.30157190361608843
9.8825 11.405184252021723
9.8875 -42.289468374728955
9.8925 131.9208214634007
9.897499999999999 -83.80210615810604
9.9025 206.98132232099556
9.907499999999999 78.0751061626685
9.9125 -79.94484722804677
9.9175 97.4654501923786
9.9225 211.8631538487562
9.9275 -96.6521167488409
9.9325 -77.55883522242097
9.9375 66.50577815977005
9.942499999999999 85.11978003973928
9.9475 -223.03000649050975
9.952499999999999 48.41396694289225
9.9575 -136.8762813533196
9.9625 -41.23046985436442
9.9675 82.03910695388842
9.9725 160.37681074817624
9.9775 -292.62036869021546
9.9825 107.65544698165925
9.987499999999999 261.0245322500192
9.9925 -49.971042216662696
9.997499999999999 -138.98938634603823
10.0025 88.90052548620635
