0.0075 180.94469328757083
0.012499999999999999 -30.26817819095495
0.017499999999999998 -51.36083334421999
0.0225 -183.4388269492746
0.0275 -49.23904403861224
0.0325 -189.0142608284882
0.0375 148.42278286914083
0.042499999999999996 202.84034592301964
0.0475 -15.13165794051916
0.0525 -68.30115793740464
0.057499999999999996 161.9622399785158
0.0625 -82.94539391508077
0.06749999999999999 163.80176990389336
0.0725 5.453881657846347
0.0775 94.71961909468429
0.08249999999999999 -258.0371283530042
0.0875 -62.182115914695515
0.0925 72.31591112793886
0.09749999999999999 102.99866203131869
0.1025 -11.468691398706648
0.1075 -238.99951890665105
0.11249999999999999 260.4937801739483
0.1175 -34.214249543318516
0.1225 48.602139336707815
0.1275 -53.11628959937774
0.1325 -143.83886835432065
0.13749999999999998 126.81579580460996
0.1425 -111.86164191414144
0.1475 245.3504170039167
0.1525 -285.0708069835885
0.1575 25.597111850040353
0.1625 28.730094242840693
0.16749999999999998 -49.59422076423203
0.1725 64.35962460499262
0.1775 -237.74213572053355
0.1825 11.465228884549198
0.1875 199.62436227355823
0.1925 -127.05968429350271
0.19749999999999998 17.825458229828055
0.20249999999999999 15.323673522409383
0.2075 -61.98114640330495
0.2125 -103.36442558411447
0.2175 372.20814246807294
0.2225 -146.16983935907325
0.22749999999999998 299.0291186961384
0.23249999999999998 -326.0224943145891
0.2375 89.0799461958761
0.2425 -88.9542453788428
0.2475 62.61116976294373
0.2525 -95.38182723002527
0.2575 379.0416777215271
0.2625 31.105543961797085
0.2675 -77.89388748258574
0.27249999999999996 -204.78172289827316
0.27749999999999997 -296.732638090447
0.2825 86.17572264200727
0.2875 101.4353943916499
0.2925 115.19325319350024
0.2975 -42.45409688285112
0.3025 164.87652961395838
0.3075 -233.76050339773303
0.3125 -59.448061102135924
0.3175 146.47021621238997
0.3225 112.27365399247404
0.32749999999999996 -307.17027240799547
0.33249999999999996 131.95122984854558
0.33749999999999997 215.80186068062255
0.34249999999999997 87.12510549604289
0.3475 54.66176938509684
0.3525 -71.8433704493403
0.3575 65.89945263967296
0.3625 53.71155695667096
0.3675 55.16573539953823
0.3725 -188.24846070140597
0.3775 -194.32745314370092
0.3825 88.10423091772557
0.38749999999999996 185.5573961193476
0.39249999999999996 207.39811723221538
0.39749999999999996 -126.31262409991666
0.40249999999999997 -375.7639731847746
0.4075 -202.01714831430155
0.4125 417.9074082419433
0.4175 -12.574113188805052
0.4225 38.66297178898086
0.4275 -289.2631965981661
0.4325 -109.91195958931773
0.4375 416.39267271076886
0.4425 7.567985639980665
0.44749999999999995 48.32647852368337
0.45249999999999996 8.72051928142675
0.45749999999999996 -141.24668490783
0.46249999999999997 88.5413548424835
0.46749999999999997 -58.8892955772488
0.4725 268.79062053730377
0.4775 -53.86286654893996
0.4825 89.70175684142268
0.4875 -86.67093348531401
0.4925 -65.48942380270925
0.4975 -127.28649482674626
0.5025 -36.699629415524726
0.5075 -170.31237906546505
0.5125 -34.78574767648652
0.5175 228.89466701688843
0.5225 53.72287091971508
0.5275 47.92439370529206
0.5325 -42.23061379229041
0.5375 -69.67523603518319
0.5425 178.88565504419302
0.5475 -71.49598266997647
0.5525 -49.476520612892195
0.5575 144.31110244106745
0.5625 -103.63232343881887
0.5675 -225.17799466197945
0.5725 157.04358374291718
0.5775 71.63902369053903
0.5825 -172.16857021842543
0.5875 -175.30211131895217
0.5925 380.57558386221956
0.5974999999999999 106.78346475381866
0.6024999999999999 -235.7370823809465
0.6074999999999999 324.78038940310955
0.6124999999999999 -45.98014397754611
0.6174999999999999 -156.36107929278285
0.6224999999999999 233.20739084104113
0.6275 -50.493035239856596
0.6325 191.34382466875044
0.6375 -50.590119326102716
0.6425 -56.11381760672466
0.6475 -176.2523884211528
0.6525 149.42058644540367
0.6575 -101.39620616327929
0.6625 -21.734057149722684
0.6675 -102.1420630825356
0.6725 3.7996238726344664
0.6775 -57.450758351927185
0.6825 37.57078450328803
0.6875 191.57799005103158
0.6925 -156.0824289460349
0.6975 -6.339856843068236
0.7025 41.151415474352774
0.7075 114.6304502947336
0.7125 57.28425081734883
0.7174999999999999 -230.95601430482182
0.7224999999999999 125.49354462505616
0.7274999999999999 161.16467496182537
0.7324999999999999 -352.2593525650877
0.7374999999999999 456.6054686788496
0.7424999999999999 -302.4812972705408
0.7474999999999999 -61.29232334840622
0.7525 297.496807885751
0.7575 -118.84994999773677
0.7625 98.04801287019804
0.7675 -144.41647661308343
0.7725 -149.2668383952374
0.7775 177.10609277441884
0.7825 -462.47419621851316
0.7875 246.3352705614321
0.7925 -98.7116455391815
0.7975 92.19098187547083
0.8025 73.75913687296759
0.8075 9.443016928023143
0.8125 -6.7633838797469
0.8175 337.62756882204945
0.8225 206.47100978943075
0.8275 -83.67136868171251
0.8325 -303.5743103969141
0.8374999999999999 459.2198776660711
0.8424999999999999 -381.3973642402341
0.8474999999999999 -11.348359228691043
0.8524999999999999 4.061278043491089
0.8574999999999999 -192.96343213040686
0.8624999999999999 67.01966158176432
0.8674999999999999 172.3250603576898
0.8724999999999999 -187.59740803559606
0.8775 132.01818214023584
0.8825 141.33111517200606
0.8875 -125.74199613495276
0.8925 119.61917053194102
0.8975 -14.42007062155692
0.9025 -127.79706131636851
0.9075 -75.20848129658265
0.9125 192.11042456633695
0.9175 3.630622548882587
0.9225 -224.82877009477932
0.9275 -77.27783471096568
0.9325 187.40271484100575
0.9375 90.51118406791707
0.9425 -100.90832483899658
0.9475 -18.950002864276115
0.9524999999999999 221.40979013809368
0.9574999999999999 -203.9324613635833
0.9624999999999999 24.12438091577682
0.9674999999999999 177.33113593064235
0.9724999999999999 -227.2256016347441
0.9774999999999999 220.99063762764305
0.9824999999999999 -180.63344270355506
0.9874999999999999 -84.26194404875783
0.9924999999999999 2.516825143098616
0.9974999999999999 226.1086523857735
1.0025 150.36793079258638
1.0075 -340.2723993528644
1.0125 -39.90420613750284
1.0174999999999998 20.10989773660729
1.0225 175.49298356324593
1.0274999999999999 -68.80419779444323
1.0325 -14.550103726198346
1.0374999999999999 77.8170052992645
1.0425 -29.313716965277152
1.0474999999999999 -106.73055305309354
1.0525 -60.43211962618856
1.0574999999999999 -101.93344640717245
1.0625 279.1193356981025
1.0675 -40.30195103638587
1.0725 -111.38498211480164
1.0775 177.7391236290634
1.0825 -11.257249078096978
1.0875 -78.82894315464628
1.0925 29.285274452349068
1.0975 -121.90774317320923
1.1025 -140.03413242441565
1.1075 254.35271985607335
1.1125 -94.95366012962637
1.1175 -188.4278507518906
1.1225 -78.92638857189021
1.1275 320.46479381334814
1.1324999999999998 152.539646936445
1.1375 223.72179534458033
1.1424999999999998 -81.24885658717507
1.1475 -142.17942982473667
1.1524999999999999 15.06318953238434
1.1575 33.57968362406343
1.1624999999999999 -142.38155254256014
1.1675 147.63713664358312
1.1724999999999999 -31.03681949025304
1.1775 -281.8718326026748
1.1824999999999999 66.88464779051331
1.1875 121.94050639431067
1.1925 -89.6549711880151
1.1975 151.95248748620114
1.2025 -77.21767533676665
1.2075 -65.55660741992543
1.2125 31.289463545033904
1.2175 -263.28400629811347
1.2225 227.42425275908062
1.2275 95.9269683327795
1.2325 149.20805460525216
1.2375 -131.29507223102735
1.2425 -32.12117513052431
1.2475 135.09305708730759
1.2525 -193.1993067129173
1.2574999999999998 -69.95181636059391
1.2625 226.3529281936
1.2674999999999998 161.43512687139776
1.2725 -227.67066181458975
1.2774999999999999 -16.13012128139343
1.2825 17.011368636043102
1.2874999999999999 -104.81283154717731
1.2925 108.00520670296282
1.2974999999999999 6.06136170022121
1.3025 87.4681841466681
1.3074999999999999 -227.39281748860915
1.3125 -47.35089667220135
1.3175 -212.92457760277722
1.3225 -7.180150237133337
1.3275 422.8395127409445
1.3325 -149.1057642472437
1.3375 87.17948910082538
1.3425 -89.19201775504669
1.3475 95.91636104421599
1.3525 6.48189545301853
1.3575 -143.07107051157607
1.3625 163.79225476656137
1.3675 37.04994942356853
1.3724999999999998 -178.3631035764417
1.3775 113.3797473897876
1.3824999999999998 -150.954557852001
1.3875 -259.1919635386902
1.3924999999999998 3.865878503381396
1.3975 395.3092768945955
1.4024999999999999 166.17188860899495
1.4075 -342.14772170578937
1.4124999999999999 303.03901641914933
1.4175 40.48213177804522
1.4224999999999999 -225.16163173642565
1.4275 -69.14561848054826
1.4324999999999999 -10.525722498843377
1.4375 125.09166192043494
1.4425 -191.49927568533104
1.4475 321.6730962494579
1.4525 -76.70216100731206
1.4575 -63.478160201733736
1.4625 16.810600185746733
1.4675 269.3851565151292
1.4725 -126.64057685073844
1.4775 16.5439544890085
1.4825 -62.67562037039132
1.4874999999999998 132.60679138834345
1.4925 -218.98688394802147
1.4974999999999998 114.04379928694262
1.5025 114.72803992857392
1.5074999999999998 -153.00416754063843
1.5125 -133.509227266392
1.5174999999999998 -75.54047658597499
1.5225 2.7943636667343985
1.5274999999999999 -10.34124368154221
1.5325 -89.24563369593942
1.5374999999999999 40.962048819744744
1.5425 44.42223366862925
1.5474999999999999 -74.08673329300203
1.5525 1.626259501507614
1.5574999999999999 240.85351904633956
1.5625 -103.59433762947889
1.5675 -193.22119842380786
1.5725 -11.378974069894015
1.5775 155.7873202091888
1.5825 6.921013540657666
1.5875 270.43182037159374
1.5925 -79.81926338962126
1.5975 -78.94634705688053
1.6025 -50.99652286553607
1.6075 -109.58749152463925
1.6124999999999998 104.48715119463182
1.6175 -89.10233286180977
1.6224999999999998 134.33095580011917
1.6275 135.250127514154
1.6324999999999998 198.7744943975581
1.6375 -336.59795936761105
1.6424999999999998 93.05891913042788
1.6475 216.1621497924741
1.6524999999999999 -29.656508103801045
1.6575 -378.6447162108799
1.6624999999999999 60.932084748549144
1.6675 -174.87925149785647
1.6724999999999999 357.03847989340835
1.6775 74.08873649409259
1.6824999999999999 -18.618060011301353
1.6875 145.70311275742463
1.6925 -48.820232348427695
1.6975 -136.89001522084848
1.7025 -203.1457169996999
1.7075 269.1999366797966
1.7125 -66.6221784537676
1.7175 155.047119317467
1.7225 -112.84309138101108
1.7274999999999998 132.12584811923975
1.7325 -122.57795546123256
1.7374999999999998 -7.969416746646885
1.7425 105.70730051095295
1.7474999999999998 -373.08762247037464
1.7525 242.8033151506233
1.7574999999999998 -35.22759140516303
1.7625 141.09611107021294
1.7674999999999998 -284.2939253374562
1.7725 375.74094195223756
1.7774999999999999 -50.01941951600961
1.7825 -107.36862069868283
1.7874999999999999 153.6182252282859
1.7925 18.03881582841974
1.7974999999999999 -28.995969117661524
1.8025 -109.45141020490358
1.8074999999999999 -158.93489426878048
1.8125 84.9930399684377
1.8175 165.79862026664014
1.8225 -175.19875644245423
1.8275 -69.3596203825743
1.8325 -58.1664505805062
1.8375 239.73593858659092
1.8425 -176.8537608380381
1.8475 61.05845414635445
1.8524999999999998 -120.82748059995102
1.8575 200.25962072196174
1.8624999999999998 44.78936425264725
1.8675 -85.21926192427661
1.8724999999999998 -294.856698343115
1.8775 239.94281459658458
1.8824999999999998 -12.593819544556672
1.8875 -15.804084400683843
1.8924999999999998 57.036420912562804
1.8975 -155.4549862213302
1.9024999999999999 105.23034254116848
1.9075 123.51550643568822
1.9124999999999999 -390.7960388413729
1.9175 -67.2522329989295
1.9224999999999999 19.186768092826227
1.9275 178.23110170472478
1.9324999999999999 14.937130542380876
1.9375 226.53627222629623
1.9425 -239.19125302932628
1.9475 485.55397816736763
1.9525 -255.5527019419816
1.9575 180.98427732207446
1.9625 -247.22573698832088
1.9674999999999998 97.09453431745965
1.9725 55.605231463612625
1.9774999999999998 -15.852474595310376
1.9825 -64.28069187483803
1.9874999999999998 205.90272244929898
1.9925 -63.442926613497214
1.9974999999999998 -172.23274765648068
2.0025 240.16290524172652
2.0075 -372.4392914076032
2.0124999999999997 217.76662548236945
2.0175 -132.0781486115788
2.0225 21.475921548014437
2.0275 -182.30709115688927
2.0324999999999998 144.48400550799016
2.0375 18.413622656581666
2.0425 -59.39881692419702
2.0475 142.19177587069458
2.0524999999999998 163.82119335300064
2.0575 -214.76868456290632
2.0625 208.39989966015764
2.0675 75.37028336995138
2.0725 -94.77714151578931
2.0775 19.684503910829605
2.0825 -61.076855841930076
2.0875 20.49303623123655
2.0925 18.92745296778791
2.0974999999999997 54.22183507889274
2.1025 61.797228135912974
2.1075 93.58046114779697
2.1125 -477.80954115322214
2.1174999999999997 241.01184860512996
2.1225 -252.92628744945117
2.1275 88.23256210862857
2.1325 187.32643057758764
2.1374999999999997 94.28127788184891
2.1425 22.7495481809726
2.1475 -55.33856708187742
2.1525 -181.03027544233498
2.1574999999999998 338.8796127044895
2.1625 -188.24649167116155
2.1675 -234.42455608439494
2.1725 23.959984259518507
2.1774999999999998 153.29123172836503
2.1825 -98.44273369443005
2.1875 15.43403566752585
2.1925 68.19494609855252
2.1975 -156.62135741887994
2.2024999999999997 132.51132158056825
2.2075 -256.6747754855799
2.2125 223.1313608880712
2.2175 -174.37303484592314
2.2224999999999997 -57.1227115181981
2.2275 466.4898820798822
2.2325 -40.28626406033531
2.2375 12.608799385580937
2.2424999999999997 -270.80420097921564
2.2475 6.8789113738506265
2.2525 -131.54536881858283
2.2575 156.18097664651577
2.2624999999999997 -41.72954770253774
2.2675 7.102614407879231
2.2725 31.780642129808047
2.2775 62.1030140820287
2.2824999999999998 -231.26465466384226
2.2875 102.34821527916942
2.2925 142.37798485950248
2.2975 -25.007567759953886
2.3024999999999998 -142.48228717719383
2.3075 76.50802020439284
2.3125 74.73569777881566
2.3175 -216.30968968660372
2.3225 184.50317516849088
2.3274999999999997 -208.51517786745316
2.3325 258.0004483881006
2.3375 -28.927670716682268
2.3425 -229.79058262050017
2.3474999999999997 180.46213534524273
2.3525 -237.10344778567858
2.3575 -7.862718571535518
2.3625 97.55206594327814
2.3674999999999997 -213.04254993662576
2.3725 -34.10645803271524
2.3775 55.72433779255918
2.3825 276.8844505796872
2.3874999999999997 -116.34908710543287
2.3925 -1.4152085131585004
2.3975 -196.28600399969378
2.4025 -31.61805816497708
2.4074999999999998 18.430455207164982
2.4125 72.21146120535066
2.4175 -19.034718272032762
2.4225 149.7644743406161
2.4274999999999998 -60.75032696682835
2.4325 134.35974332756882
2.4375 -113.69011782162637
2.4425 374.96383582297256
2.4475 -133.92367471038642
2.4524999999999997 3.6474066763751574
2.4575 120.43824869095667
2.4625 -167.7384721777041
2.4675 -38.084872720086295
2.4724999999999997 7.359159218947271
2.4775 270.9725199058245
2.4825 -81.90175143578519
2.4875 79.97981501562211
2.4924999999999997 -135.25812482444312
2.4975 108.99437833696187
2.5025 -50.63841188504083
2.5075 5.985868522731306
2.5124999999999997 -34.06461377150023
2.5175 9.780365600632832
2.5225 -213.79481594142845
2.5275 99.62563453507698
2.5324999999999998 4.381812587345463
2.5375 79.85117907505015
2.5425 -53.38063993634694
2.5475 63.37303314538196
2.5524999999999998 78.13568292285626
2.5574999999999997 -71.09696061207497
2.5625 126.46378940979706
2.5675 88.98877130571509
2.5725 -139.12372463188373
2.5774999999999997 7.849027205795503
2.5825 -42.145462839886
2.5875 -36.657743968365686
2.5925 10.633911263009074
2.5974999999999997 200.76030232184706
2.6025 -227.1891747068065
2.6075 -12.688327732910183
2.6125 9.594107497915646
2.6174999999999997 -54.374853887839095
2.6225 157.3587308231724
2.6275 88.25754737077865
2.6325 -268.54968477137464
2.6374999999999997 90.09867775825607
2.6425 45.4791805236923
2.6475 387.12072066126177
2.6525 36.645515558937994
2.6574999999999998 -199.6789191751084
2.6625 64.63844377463575
2.6675 -182.73443045928843
2.6725 -47.913488246283876
2.6774999999999998 231.45282732082677
2.6824999999999997 53.776390540764275
2.6875 -382.5712168053043
2.6925 102.55255062301654
2.6975 -105.96602982186081
2.7024999999999997 363.35922054536735
2.7075 -216.19486274830203
2.7125 240.014276617562
2.7175 -287.1282791084172
2.7224999999999997 245.1446556132055
2.7275 106.19685963611705
2.7325 -359.5911049068018
2.7375 30.59539650296964
2.7424999999999997 -385.28166397948723
2.7475 149.1113175072949
2.7525 38.27567311925082
2.7575 278.63824972562395
2.7624999999999997 -93.22404647533546
2.7675 -3.8655186228969414
2.7725 -15.002897563171853
2.7775 54.80450445117002
2.7824999999999998 78.15905640766864
2.7875 -130.94428020270513
2.7925 75.9218074767677
2.7975 131.85898965038805
2.8024999999999998 -196.36927380384213
2.8074999999999997 6.816997698839807
2.8125 -201.25137720159842
2.8175 6.758226820582241
2.8225 190.43927685970598
2.8274999999999997 -207.72185191076267
2.8325 -46.63553577335739
2.8375 78.78556290772936
2.8425 190.04729430862196
2.8474999999999997 2.8084500491005695
2.8525 55.047408511292886
2.8575 -101.96765337325132
2.8625 152.67456024649312
2.8674999999999997 33.303032769368365
2.8725 33.13561177529008
2.8775 -50.05292776846927
2.8825 54.543874422925896
2.8874999999999997 -105.5246830877869
2.8925 -49.55940383826957
2.8975 -38.870151824928826
2.9025 -143.12605519428934
2.9074999999999998 156.61177412078436
2.9125 -108.2067762396083
2.9175 152.3914770157977
2.9225 -71.93695623044886
2.9274999999999998 125.96413416890037
2.9324999999999997 75.90640067184334
2.9375 -76.97221395272373
2.9425 -21.962092800320622
2.9475 161.6022060089821
2.9524999999999997 -153.85587444141112
2.9575 -211.32993430040895
2.9625 77.08015954875981
2.9675 149.95112745995945
2.9724999999999997 -25.260931121325985
2.9775 185.7073832217428
2.9825 -202.7723893785343
2.9875 107.85694362049965
2.9924999999999997 -124.87169884645195
2.9975 127.83095024274537
3.0025 -101.47534554686872
3.0075 -50.05552462119123
3.0124999999999997 -4.185747065257379
3.0175 217.26085748418822
3.0225 108.01019651824612
3.0275 -297.0981790022929
3.0324999999999998 32.92140012759378
3.0374999999999996 -0.32788551114957765
3.0425 138.77010645870516
3.0475 -68.28676101565215
3.0524999999999998 35.66679883866798
3.0574999999999997 9.792772175454196
3.0625 -158.63740326061253
3.0675 -4.416743202303588
3.0725 21.131424942971016
3.0774999999999997 -16.437493955478356
3.0825 -10.50425725327103
3.0875 -2.00329984473029
3.0925 -149.8828177427144
3.0974999999999997 234.90853040212738
3.1025 -151.14592024850404
3.1075 163.56673632717542
3.1125 243.84659620845673
3.1174999999999997 -312.9162039897327
3.1225 -85.9434785248023
3.1275 -56.88975263406665
3.1325 69.57017621850363
3.1374999999999997 -64.1177723860165
3.1425 1.7091140414670944
3.1475 21.99238354893524
3.1525 234.3184492499624
3.1574999999999998 61.911820459076644
3.1624999999999996 -158.4862728864131
3.1675 -3.7656838914771447
3.1725 142.54367581365852
3.1774999999999998 -135.936744966351
3.1824999999999997 -269.9773388083622
3.1875 274.60635022130015
3.1925 -174.48908367775928
3.1975 230.96747373451495
3.2024999999999997 7.928876882438894
3.2075 -224.73173495796192
3.2125 199.18048424873237
3.2175 41.03461555827205
3.2224999999999997 -265.7162273539304
3.2275 77.30944840999982
3.2325 308.6788490615231
3.2375 11.634888130729717
3.2424999999999997 64.44183918380575
3.2475 90.98237942673356
3.2525 -75.32591018650515
3.2575 -60.789132547514434
3.2624999999999997 -4.475763120648455
3.2675 -53.12236511825279
3.2725 -145.4016901857518
3.2775 -49.94970079209141
3.2824999999999998 160.93543320783124
3.2874999999999996 -160.32004625370894
3.2925 76.86791456278719
3.2975 -57.69664449069003
3.3024999999999998 159.81927096566977
3.3074999999999997 -99.97853175685826
3.3125 -148.27667000875894
3.3175 -149.8831644678343
3.3225 422.3202619384332
3.3274999999999997 -47.565296485712246
3.3325 -161.94934114613335
3.3375 -139.55290499861496
3.3425 -88.18137844116228
3.3474999999999997 81.20851699455437
3.3525 71.0298654196332
3.3575 -36.986824135061184
3.3625 145.39658339186067
3.3674999999999997 153.33743235714905
3.3725 -351.41097633081773
3.3775 393.3544867232048
3.3825 -243.88018959607865
3.3874999999999997 79.84474433052905
3.3924999999999996 -79.26152530929481
3.3975 25.572278699555792
3.4025 118.39979368234334
3.4074999999999998 -224.25247689136688
3.4124999999999996 7.747033176048919
3.4175 98.83505915468389
3.4225 -122.45130078826219
3.4274999999999998 101.05310435378459
3.4324999999999997 239.51784203853796
3.4375 -70.62395649291764
3.4425 -57.49901117235063
3.4475 -300.25604112648574
3.4524999999999997 200.84783995365362
3.4575 225.18247340312016
3.4625 -205.48198395104188
3.4675 -97.02331026702473
3.4724999999999997 19.927512691643027
3.4775 -65.88021946173201
3.4825 281.09032365651734
3.4875 -34.04226519927518
3.4924999999999997 152.82669559720227
3.4975 -217.1021451461289
3.5025 93.01500024241864
3.5075 -222.06083411932755
3.5124999999999997 117.58907363827669
3.5174999999999996 -199.83789553743836
3.5225 115.9045410919652
3.5275 -101.97810881331833
3.5324999999999998 74.57826792894647
3.5374999999999996 -122.17873273699031
3.5425 -71.89786379558387
3.5475 408.3031209076659
3.5524999999999998 -408.80378145403364
3.5574999999999997 233.19063914912428
3.5625 428.89136825157874
3.5675 -57.55875895027829
3.5725 -160.48956391498285
3.5774999999999997 87.78776759785963
3.5825 -51.69876335708763
3.5875 -70.97194745556406
3.5925 60.99412275445091
3.5974999999999997 -103.64134987137085
3.6025 -72.35179474353488
3.6075 118.41527907096177
3.6125 -232.7770393723869
3.6174999999999997 -282.70964470809247
3.6225 11.971200443929813
3.6275 -11.885075503162046
3.6325 89.9158779589928
3.6374999999999997 177.60680305972207
3.6424999999999996 63.47553798610214
3.6475 -308.0348834045301
3.6525 -46.29984922662724
3.6574999999999998 174.56966636222853
3.6624999999999996 89.6371741231514
3.6675 119.29083223857606
3.6725 171.47804615443167
3.6774999999999998 29.682470380757636
3.6824999999999997 -88.63739520058883
3.6875 29.175860373452274
3.6925 -47.0423892135115
3.6975 10.111521644175182
3.7024999999999997 25.390508943646797
3.7075 -243.3382859980113
3.7125 89.8282945357852
3.7175 -67.11078151895452
3.7224999999999997 101.58779791154099
3.7275 -80.97308892754823
3.7325 -27.739228063834425
3.7375 -15.14960764338631
3.7424999999999997 -35.64950653189153
3.7474999999999996 142.73459713896543
3.7525 -150.51805711136745
3.7575 -57.8103369075558
3.7624999999999997 280.3635214866393
3.7674999999999996 -40.14354121105923
3.7725 43.36694188322767
3.7775 -79.62475165003679
3.7824999999999998 -39.960564562247136
3.7874999999999996 -207.92793637428247
3.7925 302.19098072552845
3.7975 -102.4307944456964
3.8024999999999998 -57.10642912234962
3.8074999999999997 -147.94738654403298
3.8125 316.4569390710626
3.8175 64.52445266098738
3.8225 54.28584093077857
3.8274999999999997 -8.770815740498024
3.8325 -14.537260817222306
3.8375 -55.829046147077364
3.8425 237.95380594547254
3.8474999999999997 -230.49556229292708
3.8525 132.88337355593697
3.8575 -176.58882995031786
3.8625 93.7456465214627
3.8674999999999997 -81.00667244633371
3.8724999999999996 -130.3769396396763
3.8775 88.01161780913553
3.8825 138.2508255233466
3.8874999999999997 -230.86852483293706
3.8924999999999996 162.55147438451513
3.8975 -191.43232997286503
3.9025 284.2196806335669
3.9074999999999998 -218.80072407312286
3.9124999999999996 154.28720233274166
3.9175 112.3682396182974
3.9225 -175.9548745830766
3.9274999999999998 89.13162100243541
3.9324999999999997 -106.65298084072913
3.9375 -175.24610659330554
3.9425 24.512067759739757
3.9475 -0.9576937301541951
3.9524999999999997 242.16091960083406
3.9575 16.99451371609721
3.9625 -158.46522344781565
3.9675 83.55647608275244
3.9724999999999997 -56.10624097203643
3.9775 -225.72155609298247
3.9825 52.17519709428096
3.9875 79.26744029509727
3.9924999999999997 66.83994011930436
3.9974999999999996 -40.722799802442026
4.0024999999999995 68.31937238825708
4.007499999999999 -54.75879346881747
4.0125 237.92898226907096
4.0175 -140.13804285061235
4.0225 -239.60026892891887
4.0275 151.26253134084774
4.0325 161.26845643522606
4.0375 -74.67182291928536
4.0424999999999995 -206.0882597322033
4.047499999999999 150.12409605595604
4.0525 30.021245692361592
4.0575 137.52813484230964
4.0625 -104.07562130764717
4.0675 -229.16039372757834
4.0725 32.025082401793654
4.0775 -53.219592105250406
4.0825 289.9212313999577
4.0874999999999995 -94.36510627858723
4.0925 12.33360359212906
4.0975 265.72313238140345
4.1025 -76.09566995393193
4.1075 8.756579351818123
4.1125 -263.3582267904574
4.1175 71.93789179614238
4.1225 11.336626629605577
4.1274999999999995 70.94176010562713
4.132499999999999 -123.66471689972055
4.1375 67.869971170435
4.1425 -196.86547286308476
4.1475 76.52097969722324
4.1525 52.50482728412681
4.1575 -2.4375999664244894
4.1625 142.96066718051557
4.1674999999999995 102.78431800962973
4.172499999999999 155.13550145850294
4.1775 -134.38627602327105
4.1825 -57.67208029889429
4.1875 -301.88672634058634
4.1925 149.28856904671747
4.1975 -286.76422641710485
4.2025 420.1665876065817
4.2075 221.41717808062938
4.2124999999999995 -20.759924306597497
4.2175 72.28358345148517
4.2225 37.38866025877448
4.2275 -7.229963517973018
4.2325 191.24501208869984
4.2375 -216.30638165263255
4.2425 -177.36634820219214
4.2475 -234.76887952425508
4.2524999999999995 224.00808581553088
4.257499999999999 -118.29761648699264
4.2625 -192.71887859707516
4.2675 -36.632201314334075
4.2725 142.52663338582047
4.2775 265.57026226292595
4.2825 -176.9728447976221
4.2875 55.94832985191069
4.2924999999999995 10.548645042595167
4.297499999999999 -159.0659489953691
4.3025 81.18564603192098
4.3075 179.91495915683223
4.3125 -307.54008928928965
4.3175 14.303437817773077
4.3225 152.0199329565439
4.3275 -263.28188252451383
4.3325 -36.99378811238387
4.3374999999999995 67.0584874758054
4.342499999999999 -91.92736288507332
4.3475 -10.718399819112324
4.3525 231.52556538235447
4.3575 -235.2100728308187
4.3625 -27.65187149228024
4.3675 58.24040185099235
4.3725 241.6401058378013
4.3774999999999995 8.94682338299288
4.382499999999999 -148.14929698729688
4.3875 165.62091712926258
4.3925 399.864164661371
4.3975 -228.9330770546104
4.4025 -6.680493811976273
4.4075 -47.287397683754534
4.4125 -4.6269658005228
4.4174999999999995 -230.89678839096456
4.422499999999999 6.894159384056806
4.4275 259.36790989159874
4.4325 -122.7731377553563
4.4375 20.877614786477626
4.4425 -76.00213206957618
4.4475 128.95641537646335
4.4525 -135.51861210408032
4.4575 7.332111764736876
4.4624999999999995 59.01465049156525
4.467499999999999 -58.275547277623424
4.4725 -78.46003104827601
4.4775 134.44830468667433
4.4825 34.90862745373031
4.4875 -72.24086033748999
4.4925 -11.031801431164347
4.4975 117.91371006530467
4.5024999999999995 29.482385117111168
4.507499999999999 60.16102755809309
4.5125 61.492284906188054
4.5175 -37.357528158958104
4.5225 -85.61788284687336
4.5275 -74.7715042201108
4.5325 -234.04334293396084
4.5375 141.49710847441418
4.5424999999999995 77.13492277478362
4.547499999999999 -92.29468939839056
4.5525 66.58064328450956
4.5575 -283.4080143654633
4.5625 -82.01346587466149
4.5675 113.35069827238031
4.5725 205.3348817069118
4.5775 98.82421527721503
4.5825 51.45599011250365
4.5874999999999995 -157.04586502314623
4.592499999999999 222.2256693466768
4.5975 -105.86601850714517
4.6025 187.6852175209501
4.6075 -112.1105438377327
4.6125 -200.38550167815598
4.6175 6.256422015526695
4.6225 132.67584745279152
4.6274999999999995 158.27202873734882
4.632499999999999 -115.35309965824204
4.6375 -234.1019951394603
4.6425 75.75273275662887
4.6475 -49.457675477599665
4.6525 273.6643471515622
4.6575 -109.71355202786428
4.6625 -64.78202916021577
4.6674999999999995 -74.96358243621624
4.672499999999999 80.0664274769095
4.6775 311.9818063716853
4.6825 -179.51568626600482
4.6875 -254.6963554380344
4.6925 380.4293910313664
4.6975 31.347045310742008
4.7025 37.066111156443604
4.7075 -149.85933859658797
4.7124999999999995 154.55081395440797
4.717499999999999 42.883295210864674
4.7225 203.92080403082363
4.7275 -435.7651212504199
4.7325 -109.47285926558416
4.7375 285.8635369283509
4.7425 103.61691410603319
4.7475 -370.5719901817593
4.7524999999999995 151.12202147945263
4.757499999999999 -165.25228227140374
4.7625 -2.2083674233443724
4.7675 46.13932883549369
4.7725 208.17781583901817
4.7775 -158.84614369118452
4.7825 220.4290151732979
4.7875 -43.569300663618556
4.7924999999999995 4.411863325858117
4.797499999999999 -41.83759093426222
4.8025 38.682312076693194
4.8075 -113.67370318336977
4.8125 2.44545003367406
4.8175 -281.86093293338394
4.8225 12.26939852133183
4.8275 164.9361500181039
4.8325 140.77961564373248
4.8374999999999995 -79.24052968875205
4.842499999999999 -2.2726553923676094
4.8475 -2.730137016081511
4.8525 -49.1246608031964
4.8575 -157.3395921228922
4.8625 -45.62269301146724
4.8675 183.92069344802633
4.8725 -149.6144617437268
4.8774999999999995 171.54302323140666
4.882499999999999 -32.87541575791206
4.8875 26.219569628087708
4.8925 98.00526245242204
4.8975 -211.9542918952613
4.9025 -126.37989245754166
4.9075 138.9611656845531
4.9125 294.53101831953074
4.9174999999999995 -110.42213632569324
4.922499999999999 -25.421857368357703
4.9275 -56.90716599856997
4.9325 91.34230589174241
4.9375 -105.22083371989181
4.9425 -89.33045989783307
4.9475 -133.5695940835328
4.9525 219.77301210175816
4.9575 -19.612836552262245
4.9624999999999995 24.49983040256704
4.967499999999999 -94.14885954523466
4.9725 166.02249916333392
4.9775 108.47812923973899
4.9825 -95.84229924276183
4.9875 16.1525064341055
4.9925 -74.11449840899758
4.9975 115.37466714495982
5.0024999999999995 72.76967871375085
5.007499999999999 -193.81126332528888
5.0125 16.611789975766968
5.0175 175.1932741064408
5.0225 2.816070106669087
5.0275 -2.928549840914378
5.0325 -87.82900354399712
5.0375 94.97818392498498
5.0424999999999995 -281.6599863176939
5.047499999999999 61.542748214387224
5.0525 -99.80083033007898
5.0575 -56.13717306343449
5.0625 70.26417766570175
5.0675 150.84722333431662
5.0725 66.69347605993006
5.0775 -100.33811083882479
5.0825 28.947901568194006
5.0874999999999995 193.2197320462989
5.092499999999999 1.7933854831688956
5.0975 -37.724250962654835
5.1025 -89.95595990919044
5.1075 206.39686377390572
5.1125 -6.936451558861237
5.1175 -43.384814609170675
5.1225 -211.52515330660424
5.1274999999999995 108.5586128904346
5.132499999999999 -80.03361754331563
5.1375 -50.37616716301226
5.1425 111.52146470142657
5.1475 52.78550488725413
5.1525 14.657236393281586
5.1575 -79.49594280745058
5.1625 235.71085075054762
5.1674999999999995 -93.01613660603739
5.172499999999999 -0.9822205519559815
5.177499999999999 154.0769547992624
5.1825 -392.1007100046721
5.1875 72.32127793277378
5.1925 -101.84050644271986
5.1975 454.4568321906187
5.2025 -55.00940796449047
5.2075 -313.3460178699705
5.2124999999999995 4.329266954659635
5.217499999999999 -278.9399876230688
5.2225 56.19188510309335
5.2275 1.231674735633831
5.2325 460.89523633941434
5.2375 -367.6429776897931
5.2425 207.96769752150388
5.2475 -250.32085857704269
5.2524999999999995 -71.72999304573337
5.257499999999999 310.0991723952264
5.2625 -41.106147878260934
5.2675 143.88054797044788
5.2725 29.157684476854158
5.2775 78.29809342643894
5.2825 -267.98007683289603
5.2875 108.63754239676932
5.2924999999999995 -55.563719453224074
5.297499999999999 -123.29423574087829
5.302499999999999 122.14247226342717
5.3075 -270.7875215929737
5.3125 312.07097341417864
5.3175 201.21621756384286
5.3225 -146.2854431721787
5.3275 -85.56978240128441
5.3325 160.7395415417449
5.3374999999999995 129.67544827196602
5.342499999999999 -147.58058742133454
5.3475 61.54879846904101
5.3525 -69.50955932504772
5.3575 6.095969735812575
5.3625 -29.026426978573024
5.3675 156.3372815148242
5.3725 -140.00047969219065
5.3774999999999995 257.4528154699401
5.382499999999999 -289.5881777765467
5.3875 389.8595443587531
5.3925 -182.50388944008222
5.3975 -23.65992505115035
5.4025 -93.75161756225609
5.4075 1.9261618611687836
5.4125 -46.8475365385245
5.4174999999999995 100.33585929668949
5.422499999999999 -245.19337170970704
5.427499999999999 35.27371847821953
5.4325 -26.90512769359012
5.4375 -42.7787165986494
5.4425 200.72314654744306
5.4475 -161.45981764746878
5.4525 -131.7813314146661
5.4575 239.12916597530747
5.4624999999999995 -69.70185123435797
5.467499999999999 108.95182312477048
5.4725 -60.201005293378046
5.4775 30.439580931571367
5.4825 -94.6214873327628
5.4875 -206.84977757378206
5.4925 293.7361011774465
5.4975 -293.54748823877276
5.5024999999999995 139.37573510736584
5.507499999999999 -113.76565665893285
5.5125 283.0546164647139
5.5175 41.20572341805596
5.5225 8.362732774909276
5.5275 -73.46734117030316
5.5325 108.81687112888355
5.5375 10.484727878652711
5.5424999999999995 -49.95899381481148
5.547499999999999 -141.8794140392488
5.552499999999999 17.049197070338177
5.5575 -72.91537004323273
5.5625 -41.550697806367054
5.5675 203.9014950602189
5.5725 -76.69518281886492
5.5775 -90.28785361535978
5.5825 -1.7072713323289572
5.5874999999999995 146.22692491968567
5.592499999999999 -52.97107848747654
5.5975 25.122022379953226
5.6025 -2.969138128213115
5.6075 76.51628765763114
5.6125 -50.173519949428666
5.6175 92.56586160143785
5.6225 -155.45158660455695
5.6274999999999995 27.514872304964367
5.632499999999999 32.55384123607473
5.6375 3.7753202181204752
5.6425 10.798154557549264
5.6475 -176.4309270542225
5.6525 86.43271451136556
5.6575 286.8050923476685
5.6625 68.12438365491182
5.6674999999999995 -179.64674444668617
5.672499999999999 11.650663268385726
5.677499999999999 -207.293567305418
5.6825 171.43966822332416
5.6875 94.40659513010631
5.6925 -238.89810121695194
5.6975 165.84010859182126
5.7025 -174.01834991731874
5.7075 41.96685426966213
5.7124999999999995 33.29267917569334
5.717499999999999 237.94727514427686
5.7225 -45.192633199825636
5.7275 164.10222965543605
5.7325 -383.56507574185406
5.7375 81.33219798973175
5.7425 1.3078179404832324
5.7475 52.76534535453366
5.7524999999999995 -20.727936381285954
5.757499999999999 205.65346906354634
5.7625 -280.66983937948663
5.7675 160.78944416845042
5.7725 -455.48158742758636
5.7775 76.60304025639583
5.7825 515.951037835545
5.7875 -55.39597397180398
5.7924999999999995 -94.94219346278656
5.797499999999999 70.69426260998014
5.802499999999999 -134.94618853722417
5.8075 310.3971848069191
5.8125 -368.5746384821219
5.8175 39.84736216600622
5.8225 260.1051509218986
5.8275 -190.88746888189644
5.8325 -25.600355670782527
5.8374999999999995 166.14860262889357
5.842499999999999 -61.858936785846964
5.8475 3.4787066810955958
5.8525 126.08525031928194
5.8575 -69.39538215093654
5.8625 44.10618589256922
5.8675 -235.09011225539078
5.8725 -20.879785667323166
5.8774999999999995 -33.824634197132745
5.882499999999999 11.78888382289813
5.8875 -128.03238595796887
5.8925 -71.76231256394895
5.8975 9.969651067613164
5.9025 0.8791297655208529
5.9075 336.8651708118457
5.9125 -79.96734541183207
5.9174999999999995 -48.31219081705403
5.922499999999999 46.9898562129363
5.927499999999999 -245.6377869939882
5.9325 31.76225291831051
5.9375 -85.22950702654316
5.9425 5.746131853324482
5.9475 251.67062565157602
5.9525 -39.288986558846425
5.9575 87.79140485621413
5.9624999999999995 -144.5022889091131
5.967499999999999 206.20958668093107
5.9725 220.81778758926808
5.9775 -89.92822374178174
5.9825 -172.86016090626052
5.9875 137.350667635915
5.9925 62.77609328348289
5.9975 -195.67140497347205
6.0024999999999995 52.87335674281259
6.007499999999999 164.3875121892259
6.012499999999999 -165.69920345063105
6.0175 127.06767614303565
6.0225 -200.8011301587021
6.0275 -56.71048647037536
6.0325 -84.11655386681961
6.0375 -140.8765188013107
6.0424999999999995 141.04512208199327
6.047499999999999 104.16744675150566
6.052499999999999 68.44939233444991
6.0575 247.96126242009578
6.0625 -221.80195532844388
6.0675 65.6404680548628
6.0725 -156.0791593347335
6.0775 161.28258018758618
6.0825 -167.50785905019973
6.0874999999999995 21.695861068374487
6.092499999999999 20.282703431010543
6.0975 -230.01957936418185
6.1025 139.04812908166394
6.1075 -47.861097356953266
6.1125 243.1913061274529
6.1175 15.354451791543628
6.1225 -82.58528967943167
6.1274999999999995 -138.75831109382
6.132499999999999 309.2743030714094
6.137499999999999 -196.40927734613436
6.1425 165.49590436750512
6.1475 -310.83902735133523
6.1525 123.95889766370914
6.1575 -258.43998978303034
6.1625 78.59952297208952
6.1674999999999995 -60.35895759944782
6.172499999999999 187.15957592313595
6.177499999999999 -110.51640581978965
6.1825 145.15038171350105
6.1875 23.405290386269385
6.1925 -30.413480622489246
6.1975 76.30521245773666
6.2025 -20.730738078156076
6.2075 -211.14371962057209
6.2124999999999995 256.3954966255359
6.217499999999999 -133.98155319910987
6.2225 107.08919604302864
6.2275 -131.32993159298647
6.2325 16.604296239304745
6.2375 -1.3804015218247152
6.2425 84.76772995887714
6.2475 220.35168665540107
6.2524999999999995 -238.89080512038728
6.257499999999999 220.61995926272087
6.262499999999999 -83.28971932870824
6.2675 -90.42104237913793
6.2725 231.18238646435117
6.2775 48.150664807936366
6.2825 18.303623816230296
6.2875 -37.73082518673079
6.2924999999999995 -234.02106462785116
6.297499999999999 182.15821278537078
6.302499999999999 -390.91878578407835
6.3075 -145.53770012090396
6.3125 -1.76423451936965
6.3175 214.6353202654242
6.3225 217.6867318565078
6.3275 -104.51907628835141
6.3325 53.88472062666763
6.3374999999999995 -145.27427508603841
6.342499999999999 232.06785583880992
6.3475 172.13289095353576
6.3525 -193.25996735821468
6.3575 45.447162070780074
6.3625 -23.692530666934026
6.3675 -167.6395245919711
6.3725 179.371817300952
6.3774999999999995 -29.47749594905339
6.382499999999999 4.514348955243381
6.387499999999999 162.6839214723395
6.3925 -61.0844384637124
6.3975 -11.518821206026749
6.4025 -129.21810250923366
6.4075 3.8167785420388474
6.4125 -48.605363025023664
6.4174999999999995 228.30358963858203
6.422499999999999 -56.618756343028736
6.427499999999999 -16.107335569058733
6.4325 180.34898485908147
6.4375 -288.7225910481543
6.4425 12.47290577111415
6.4475 -100.78776075132488
6.4525 115.3552156025648
6.4575 21.41552775605408
6.4624999999999995 7.31774477845489
6.467499999999999 79.31615300329833
6.4725 66.21584319331829
6.4775 -5.470609598763511
6.4825 8.146628152801286
6.4875 78.78616530150504
6.4925 203.5431347137592
6.4975 -171.16806758119137
6.5024999999999995 -139.10020179970806
6.507499999999999 -86.89400182157573
6.512499999999999 238.4408973680874
6.5175 -282.3526556035585
6.5225 240.90743105232522
6.5275 -258.211524114333
6.5325 55.056370467446854
6.5375 -67.28924508307512
6.5424999999999995 49.99061251405607
6.547499999999999 95.79419669182111
6.552499999999999 -75.03456055524734
6.5575 -2.5199109308734267
6.5625 -56.00610452047487
6.5675 147.15327496217043
6.5725 -108.52827727151038
6.5775 -122.56500939001971
6.5825 84.84011932151769
6.5874999999999995 57.14331386560917
6.592499999999999 128.7354947292816
6.5975 7.40149659302255
6.6025 236.50866303504685
6.6075 -52.11823106583778
6.6125 -359.2728898047334
6.6175 167.48468718879963
6.6225 7.6895677968184435
6.6274999999999995 -217.15597754350065
6.632499999999999 392.27735288823385
6.637499999999999 22.518540254264874
6.6425 135.01953997160808
6.6475 -270.42741426508917
6.6525 177.05601796941374
6.6575 -106.33557590228331
6.6625 48.14466815751247
6.6674999999999995 -100.14602990878936
6.672499999999999 -92.4653414495159
6.677499999999999 -128.00697455946178
6.6825 -66.62951323617106
6.6875 98.0662255446599
6.6925 -36.05049965959701
6.6975 -44.856135163347965
6.7025 -59.35865414000498
6.7075 -55.00885244768784
6.7124999999999995 80.61845622153663
6.717499999999999 81.25845713928635
6.722499999999999 183.69263506620848
6.7275 -217.1501592722952
6.7325 -81.79551551697217
6.7375 28.846002476653872
6.7425 242.8234254131779
6.7475 -60.267207849564755
6.7524999999999995 -17.83306785932608
6.757499999999999 203.37284892804985
6.762499999999999 -62.98871864730762
6.7675 -139.53904729363694
6.7725 59.14828633008173
6.7775 -290.1472771641702
6.7825 386.000312516707
6.7875 -115.3405385867864
6.7924999999999995 -244.93858662731083
6.797499999999999 142.43416460896321
6.802499999999999 42.624765990615415
6.8075 -46.95102385480737
6.8125 150.3706756243986
6.8175 -259.8027973036369
6.8225 99.7843202683981
6.8275 -98.04728342337737
6.8325 73.3305787034771
6.8374999999999995 54.64480472368985
6.842499999999999 7.672398028094326
6.847499999999999 14.62367369774097
6.8525 121.61478847439452
6.8575 46.63458316747296
6.8625 -129.82768329792316
6.8675 -143.1700904687762
6.8725 4.33915605510005
6.8774999999999995 202.14542391075938
6.882499999999999 8.881475990266908
6.887499999999999 -98.93990948886217
6.8925 56.73449711913576
6.8975 -216.91441319848315
6.9025 75.53002226437611
6.9075 316.5126511199169
6.9125 -334.09959286327427
6.9174999999999995 79.97571541872894
6.922499999999999 -5.836271486095998
6.927499999999999 14.72146225442756
6.9325 188.5872314075529
6.9375 -155.7496891793784
6.9425 10.76287658730492
6.9475 -197.58735344423533
6.9525 124.19179743351036
6.9575 -135.43911298495493
6.9624999999999995 -99.85570492592191
6.967499999999999 -22.20757803405157
6.972499999999999 103.362530504351
6.9775 221.0852718081416
6.9825 10.604641009649484
6.9875 91.42979070060197
6.9925 -110.48207088779841
6.9975 -158.38438274261802
7.0024999999999995 -157.36584809642093
7.007499999999999 243.46664455848733
7.012499999999999 -4.767398388928661
7.0175 -204.82619473718756
7.0225 13.545440058564328
7.0275 331.5442238281355
7.0325 270.3814176580503
7.0375 -434.66248905141896
7.0424999999999995 -58.09872957225032
7.047499999999999 0.15962803449551954
7.052499999999999 17.381729487601245
7.0575 311.79802087303943
7.0625 -195.13007561010036
7.0675 144.6152389263104
7.0725 76.11162167796778
7.0775 21.506297563375806
7.0825 -58.51923963984021
7.0874999999999995 -158.97989958409616
7.092499999999999 -3.4811223090845926
7.097499999999999 141.54707505117977
7.1025 -83.60280645383936
7.1075 -49.287881094152304
7.1125 93.51164667246466
7.1175 133.52618929610927
7.1225 6.253531630713191
7.1274999999999995 13.881810597899356
7.132499999999999 137.05921300023755
7.137499999999999 -95.48640400005772
7.1425 -375.60251375740665
7.1475 -83.83720921453272
7.1525 -8.008325752738758
7.1575 209.5862280134888
7.1625 62.045653065743466
7.1674999999999995 58.508106802840686
7.172499999999999 185.86707546946735
7.177499999999999 -155.7063246948437
7.1825 213.7822319907203
7.1875 -78.13914412116885
7.1925 -43.40997474710226
7.1975 -203.79445081791008
7.2025 91.77455724299382
7.2075 63.94722349712796
7.2124999999999995 104.44645652127635
7.217499999999999 -164.55683036841944
7.222499999999999 235.69855233817347
7.2275 4.087067813186894
7.2325 -238.18902242462562
7.2375 -155.45241769216878
7.2425 233.647578381588
7.2475 -133.1309773985765
7.2524999999999995 118.32797302785013
7.257499999999999 61.58732338001904
7.262499999999999 147.65748815806828
7.2675 -226.88110568762312
7.2725 68.73065654121461
7.2775 -144.15053726186457
7.2825 228.6397262864937
7.2875 -23.48545376032675
7.2924999999999995 -98.99755441512342
7.297499999999999 -42.714658639307224
7.302499999999999 158.6362011705432
7.3075 -43.72788154877665
7.3125 -94.72912344208845
7.3175 250.8800386917482
7.3225 -287.8182142002529
7.3275 287.7443176689128
7.3325 31.293042643045712
7.3374999999999995 -161.40578221523555
7.342499999999999 134.97813698718997
7.347499999999999 -50.85722372635819
7.3525 -86.22931463452362
7.3575 28.63512892998376
7.3625 -31.854933398157254
7.3675 65.98265982605419
7.3725 -46.55654297488506
7.3774999999999995 -77.98737957554046
7.382499999999999 -76.29257982076881
7.387499999999999 150.8587522406182
7.3925 -63.62857969074903
7.3975 1.2013876713848084
7.4025 21.69796089359773
7.4075 50.174788423871085
7.4125 -105.75007362705273
7.4174999999999995 -194.646257088399
7.422499999999999 -323.4334666588196
7.427499999999999 324.9357704167437
7.4325 167.44354818547595
7.4375 103.71376318238781
7.4425 -74.03812493129814
7.4475 -37.61808833640038
7.4525 3.8511670947080168
7.4575 188.2257298762499
7.4624999999999995 -164.03388191027463
7.467499999999999 84.75409504288152
7.472499999999999 -52.14009495894569
7.4775 35.71355685933354
7.4825 26.238200675421965
7.4875 -5.301898945140606
7.4925 13.535180482004346
7.4975 -74.70103322768769
7.5024999999999995 133.68344104637703
7.507499999999999 13.884004769198873
7.512499999999999 39.67605377146607
7.5175 -248.89782578719377
7.5225 170.04059328396082
7.5275 -237.3772519416094
7.5325 65.29782705423712
7.5375 -0.9470006485059816
7.5424999999999995 272.7530056355195
7.547499999999999 69.44171725906497
7.552499999999999 -141.51770670981008
7.557499999999999 40.142230366412406
7.5625 -84.23307824498721
7.5675 234.17549849635708
7.5725 -166.5036962589106
7.5775 114.33362332767288
7.5825 -158.68605011077847
7.5874999999999995 -82.53978250088744
7.592499999999999 39.82634575511469
7.597499999999999 91.14804666278603
7.6025 263.0906192111285
7.6075 -141.19450284307823
7.6125 27.17725677901762
7.6175 127.72291240598481
7.6225 -93.12746444969461
7.6274999999999995 -0.6089619468531333
7.632499999999999 58.90324843425808
7.637499999999999 -172.7317923453636
7.6425 -27.558033332128062
7.6475 115.65343743096649
7.6525 -146.58584737862037
7.6575 317.6362035579984
7.6625 -13.083276198302515
7.6674999999999995 -93.86366806790895
7.672499999999999 -112.43730667005005
7.677499999999999 69.54282151451906
7.682499999999999 -1.5944002658231111
7.6875 -270.0584622228275
7.6925 -33.972817013059625
7.6975 92.61630661939351
7.7025 -99.5500921449894
7.7075 -57.85649069226289
7.7124999999999995 -23.093272516669277
7.717499999999999 26.411911934255997
7.722499999999999 -94.19646786484701
7.7275 98.04043676184774
7.7325 62.77523719481874
7.7375 -245.71359571107482
7.7425 202.64317078185954
7.7475 -83.89029815956012
7.7524999999999995 -10.275141294045268
7.757499999999999 4.977191330905849
7.762499999999999 135.28315561482523
7.7675 -81.85759826159911
7.7725 -15.274626852783552
7.7775 -8.523807712409864
7.7825 64.5898951522884
7.7875 -9.637588801717605
7.7924999999999995 -16.196098203083228
7.797499999999999 -64.87887896028505
7.802499999999999 51.220785344369794
7.807499999999999 134.25322384418908
7.8125 -41.2209541906945
7.8175 -181.55420946827786
7.8225 189.93522696015495
7.8275 5.9591529245939165
7.8325 -127.71571210292578
7.8374999999999995 -133.4222349206943
7.842499999999999 84.44171255267145
7.847499999999999 9.276634135537254
7.8525 11.370648851066482
7.8575 6.550408599878497
7.8625 264.05903155032115
7.8675 124.2569828416224
7.8725 -194.57759419839425
7.8774999999999995 104.62179271692467
7.882499999999999 204.67205565082585
7.887499999999999 -326.90264162293806
7.8925 75.41168853373752
7.8975 142.86861699035546
7.9025 -212.55852232717658
7.9075 57.41240200067537
7.9125 -122.71394105325487
7.9174999999999995 281.5224686875043
7.922499999999999 -140.3717126857202
7.927499999999999 -61.8089307337357
7.932499999999999 112.40588113683049
7.9375 75.59264404484883
7.9425 28.93960411369296
7.9475 -160.41066033079184
7.9525 106.88244049863162
7.9575 40.24397149077742
7.9624999999999995 -38.41002219502413
7.967499999999999 -383.10715673130954
7.972499999999999 3.609208226506214
7.9775 148.5333654182709
7.9825 -62.25750987748317
7.9875 -56.82090999965442
7.9925 -1.6649434981288933
7.9975 -146.8233544969491
8.0025 121.89254490193865
8.0075 99.79229470765878
8.0125 -9.591848718633637
8.0175 22.34044109333143
8.022499999999999 -92.57851450241651
8.0275 -119.80960696841802
8.032499999999999 -126.49824638639882
8.0375 114.31525176494448
8.0425 -97.75827278036965
8.0475 254.37363942078335
8.0525 -144.52091995644736
8.0575 79.78193247626672
8.0625 182.36145186597122
8.067499999999999 -26.718319304553617
8.0725 -15.952611967963335
8.077499999999999 -56.00134787290028
8.0825 273.2646532232765
8.0875 -239.21988449757583
8.0925 -19.999326766911974
8.0975 101.08944377803917
8.1025 -78.80122067202412
8.1075 -329.0343423983489
8.112499999999999 67.73789659828974
8.1175 161.23782330377958
8.1225 92.41436785668107
8.1275 255.84752329831085
8.1325 -59.823501378012146
8.1375 -7.030888033670024
8.1425 -67.20896275664265
8.147499999999999 -86.98932109669926
8.1525 58.53020799623256
8.157499999999999 -261.70979582944256
8.1625 61.961407940938805
8.1675 151.88564125160636
8.1725 -83.82930730299577
8.1775 74.6531431856914
8.1825 153.8433602304804
8.1875 -142.23465846508648
8.192499999999999 94.91243589450812
8.1975 -50.309824370659896
8.202499999999999 144.19473649062067
8.2075 -287.6575853341589
8.2125 291.59809592615557
8.2175 272.64034720954265
8.2225 -334.9770083132189
8.2275 118.63716551537267
8.2325 -45.25129330039427
8.237499999999999 -105.05634811252118
8.2425 -37.011110157254095
8.2475 153.06381689337078
8.2525 -77.31138428095385
8.2575 -366.65991789198716
8.2625 391.51175547887397
8.2675 7.019019113057343
8.272499999999999 -55.999663854651935
8.2775 -185.0939524025854
8.282499999999999 106.60556700298672
8.2875 148.31054103964576
8.2925 -7.398451135892615
8.2975 44.522141821108065
8.3025 -83.39963948153716
8.3075 -144.00103386403893
8.3125 53.06356053791882
8.317499999999999 -55.32684527271977
8.3225 -55.919250272694946
8.327499999999999 50.864836357627304
8.3325 115.6435635861024
8.3375 157.14372361567538
8.3425 41.03706697724117
8.3475 -440.7901593320262
8.3525 178.24195663529042
8.3575 -95.51581813282843
8.362499999999999 186.50455019536398
8.3675 -106.53097044218255
8.3725 12.935466819146129
8.3775 85.83196685761851
8.3825 136.98698680235933
8.3875 -156.02646106404424
8.3925 -34.64011009926708
8.397499999999999 30.747815747206786
8.4025 139.22976698991823
8.407499999999999 -63.46785792600813
8.4125 -200.92476240182754
8.4175 -73.94424334826567
8.4225 235.80875987151921
8.4275 139.01998184432182
8.4325 -169.68141237664807
8.4375 -13.675814032816033
8.442499999999999 31.81725839137254
8.4475 133.0961614594977
8.452499999999999 -42.27768235234228
8.4575 -122.82787611191233
8.4625 -87.67085241376941
8.4675 15.813386371148939
8.4725 119.1798004600117
8.4775 44.497353146179684
8.4825 69.38721391240048
8.487499999999999 1.4977335655657171
8.4925 4.7161024469999155
8.4975 -96.0650673032271
8.5025 28.67294394266129
8.5075 5.940654514421281
8.5125 -110.61063873339903
8.5175 120.85408803564113
8.522499999999999 21.373588819801583
8.5275 -65.72645193706185
8.532499999999999 69.88822868420371
8.5375 126.33963655265386
8.5425 -33.02905439557844
8.5475 -178.40743728454217
8.5525 -20.789048953499595
8.5575 137.2458355919802
8.5625 -205.2081279508237
8.567499999999999 135.09143754545724
8.5725 -464.0441091378802
8.577499999999999 310.2359953909159
8.5825 261.7309580359443
8.5875 -81.11607599847164
8.5925 25.09052894913905
8.5975 -11.02031647408102
8.6025 -195.34669604339243
8.6075 322.27093509656345
8.612499999999999 -73.52359880133137
8.6175 -4.106226251139943
8.6225 82.93491781624951
8.6275 142.4552381439696
8.6325 -4.162764749252948
8.6375 -93.61647154504496
8.6425 -194.6039572816944
8.647499999999999 48.91541910152605
8.6525 2.781765504901812
8.657499999999999 -102.2029235388746
8.6625 158.89960541505997
8.6675 -40.21249885031198
8.6725 148.97811019010425
8.6775 -39.39188931105144
8.6825 -294.8214487015712
8.6875 96.93666477803141
8.692499999999999 -111.63787696961232
8.6975 77.0861837496854
8.702499999999999 71.27231220310807
8.7075 67.0397464238411
8.7125 -328.6550211696506
8.7175 238.04718671795231
8.7225 170.65957723158493
8.7275 -383.34898927840504
8.7325 539.0083417330403
8.737499999999999 43.13269860293102
8.7425 -19.370220551138715
8.747499999999999 83.49014697518659
8.7525 -124.06407156413783
8.7575 -393.9497641467111
8.7625 210.42270216785565
8.7675 187.75611366284664
8.772499999999999 -292.4472837735335
8.7775 -70.76712041338988
8.782499999999999 199.6739326494373
8.7875 22.790894263324653
8.7925 -23.08049513676713
8.7975 0.47192117883976714
8.8025 -152.39923602658314
8.8075 -85.8829832154112
8.8125 82.62175358260974
8.817499999999999 241.58978556193804
8.8225 -22.331135175331763
8.827499999999999 -63.99453798858367
8.8325 -16.34893338587976
8.8375 -79.61759792788568
8.8425 12.186107384048704
8.8475 100.29040501510853
8.8525 77.95643050974373
8.8575 -312.5794253411152
8.862499999999999 145.97287159506266
8.8675 112.2506682881691
8.872499999999999 42.974122981152355
8.8775 -99.82318995540084
8.8825 51.874361800615986
8.8875 -32.16992376128996
8.8925 169.98379484069625
8.897499999999999 -165.51735132283397
8.9025 -160.96210985696086
8.907499999999999 101.39775307049351
8.9125 83.5028977750226
8.9175 72.5026547774084
8.9225 -321.24349606242487
8.9275 219.20453047713323
8.9325 -124.79483626921905
8.9375 229.898442818205
8.942499999999999 -132.99577900251603
8.9475 56.29329594217515
8.952499999999999 -232.45486186464373
8.9575 43.918135049922356
8.9625 19.83491349811234
8.9675 95.32541327662801
8.9725 -2.6000737128006093
8.9775 34.00093036739666
8.9825 -131.5369057650065
8.987499999999999 -128.58324289340644
8.9925 31.912414370149293
8.997499999999999 149.14913436215522
9.0025 71.51989986085587
9.0075 70.304255980878
9.0125 -30.38724466625039
9.0175 37.946008750334805
9.022499999999999 42.99142732790926
9.0275 -20.951875148920738
9.032499999999999 67.1489281245361
9.0375 71.90315730786023
9.0425 -226.02388366985204
9.0475 -65.0635154322482
9.0525 115.46500897374172
9.0575 -121.77740791769244
9.0625 20.48179141583968
9.067499999999999 22.805203122160066
9.0725 129.13678941573224
9.077499999999999 -244.06554121327363
9.0825 156.8825702224753
9.0875 0.8656988383742149
9.0925 121.99339000174808
9.0975 -13.638163566537903
9.1025 -236.19439090526942
9.1075 215.24012493203523
9.112499999999999 -69.2381357956327
9.1175 -127.18068859707142
9.122499999999999 -176.81056612524605
9.1275 231.3796806894709
9.1325 -144.34934089262006
9.1375 157.71410137273963
9.1425 -3.738734007162917
9.147499999999999 54.87709406483777
9.1525 -71.35246935157447
9.157499999999999 -14.97925922346179
9.1625 -37.82687630186783
9.1675 -92.17532803403857
9.1725 154.5542822007146
9.1775 -138.07786100646908
9.1825 -1.106162836913887
9.1875 174.0084960774085
9.192499999999999 -122.07464378354257
9.1975 54.68502260066126
9.202499999999999 -147.0174874705914
9.2075 225.8725313714784
9.2125 10.428516399597859
9.2175 -23.571775411676654
9.2225 -12.440173423022658
9.2275 -55.41150205958804
9.2325 173.8102765542972
9.237499999999999 -156.92944354404648
9.2425 58.74263285819716
9.247499999999999 8.742808245879758
9.2525 -83.47640712056358
9.2575 -23.827192420341547
9.2625 106.29732521337355
9.2675 231.23031129399587
9.272499999999999 -383.8117725068412
9.2775 406.13296769143267
9.282499999999999 -273.30018177458584
9.2875 68.44142897295814
9.2925 -77.69074195855468
9.2975 21.065855850946672
9.3025 88.25308838375884
9.3075 -14.737110544639325
9.3125 -55.11431876173996
9.317499999999999 128.94801534363165
9.3225 87.03243094572203
9.327499999999999 -179.02928908313663
9.3325 221.98163956894248
9.3375 -119.00963606099047
9.3425 -64.70112404441235
9.3475 -36.016152753417565
9.3525 -1.4456640055492547
9.3575 38.314250795607634
9.362499999999999 -111.02951083731055
9.3675 8.457853620628336
9.372499999999999 254.24241889774274
9.3775 -230.82561381629625
9.3825 72.7624503174041
9.3875 -236.99719148771834
9.3925 78.58128235237248
9.397499999999999 288.27234041958076
9.4025 -192.38414450819693
9.407499999999999 195.17250581703036
9.4125 -260.8782774099772
9.4175 398.03247019736517
9.4225 -528.0299378125226
9.4275 228.8794837462492
9.4325 146.7218386452236
9.4375 112.46860167145975
9.442499999999999 -515.5059069948305
9.4475 225.50267714357744
9.452499999999999 -116.04063464905805
9.4575 -218.19623724883715
9.4625 -0.29671590975477635
9.4675 -79.78953990172461
9.4725 98.31620757950225
9.4775 -5.3632588961874195
9.4825 -153.6055228515406
9.487499999999999 29.041376818334548
9.4925 168.0613655297217
9.497499999999999 -242.70094995393862
9.5025 289.960334756335
9.5075 -146.98171172137756
9.5125 -218.60536499524258
9.5175 195.13991207674647
9.522499999999999 120.91762005179388
9.5275 -58.14161453516296
9.532499999999999 -138.64254569496606
9.5375 139.1363517423032
9.5425 330.1885043978058
9.5475 -57.766987977746474
9.5525 8.348495596722461
9.5575 -202.19901156098769
9.5625 181.1388546176698
9.567499999999999 -10.055176641048442
9.5725 -137.1962024503015
9.577499999999999 83.42956416211248
9.5825 253.12089037708427
9.5875 -66.70135007555604
9.5925 116.47237812017468
9.5975 -135.30782747871044
9.6025 -1.9486635977352136
9.6075 127.66231748713803
9.612499999999999 -76.1707402188847
9.6175 204.41273447290115
9.622499999999999 -32.09911999170244
9.6275 -160.2928140548806
9.6325 -135.81988162654818
9.6375 -51.86316843475302
9.6425 -105.88599066355798
9.647499999999999 200.79881367962307
9.6525 6.803638863543288
9.657499999999999 108.98959491194445
9.6625 22.277029411190902
9.6675 -118.00584262735282
9.6725 -189.89053165788766
9.6775 241.63168443071464
9.6825 -10.372565263018025
9.6875 15.048891035827177
9.692499999999999 -29.52217758144022
9.6975 -79.66836664367624
9.702499999999999 -21.983036313407055
9.7075 74.95790364456566
9.7125 -72.23953265002898
9.7175 74.52880742611303
9.7225 -138.7749881115412
9.7275 239.16092017367623
9.7325 -84.9319213433377
9.737499999999999 -189.93260921839587
9.7425 8.384238153749774
9.747499999999999 55.58910762706943
9.7525 112.7036570912023
9.7575 -36.340812997237464
9.7625 92.47190133088293
9.7675 -11.591256031107116
9.772499999999999 82.92749645125446
9.7775 124.717620387642
9.782499999999999 -268.673872629991
9.7875 34.41943291628004
9.7925 63.85795197655298
9.7975 90.20044493634926
9.8025 -72.24658373628122
9.8075 12.175635101167543
9.8125 -152.65516390378986
9.817499999999999 175.1573028555773
9.8225 218.62040668097512
9.827499999999999 -158.1948531206244
9.8325 -18.95604653970561
9.8375 -47.4419110292898
9.8425 -206.66758043146345
9.8475 199.66639575326374
9.8525 82.5819740135603
9.8575 19.655964420135536
9.862499999999999 -10.095109637608253
9.8675 91.05795944998403
9.872499999999999 -164.3155860039751
9.8775 164.2624787687042
9.8825 27.17887263650236
9.8875 -145.55312313847617
9.8925 94.43807382345808
9.897499999999999 36.39018928600004
9.9025 -4.999846758151609
9.907499999999999 205.77022384614844
9.9125 -269.04211194488573
9.9175 120.84629639190324
9.9225 -63.8043963013547
9.9275 -43.06871775209748
9.9325 -0.08038706768310591
9.9375 -28.059593653209127
9.942499999999999 173.96303601022217
9.9475 -89.50782367882194
9.952499999999999 -82.73428937184595
9.9575 -19.6319036705822
9.9625 -216.30450657371094
9.9675 73.84201746665524
9.9725 -77.02613938032691
9.9775 -79.66041104566911
9.9825 -12.070641997822241
9.987499999999999 -85.05387121302086
9.9925 199.9588172717423
9.997499999999999 -5.06957653516662
10.0025 40.71309570978855
