0.0075 -92.62479697675063
0.012499999999999999 30.73526969283055
0.017499999999999998 -269.975487677817
0.0225 -24.730116937377836
0.0275 316.954882134631
0.0325 -217.91448723215112
0.0375 -166.9632066522255
0.042499999999999996 284.318682432108
0.0475 88.61716066471148
0.0525 -218.13185374947727
0.057499999999999996 208.8006067889834
0.0625 -64.62050275634465
0.06749999999999999 109.8902378855827
0.0725 -135.24448530299048
0.0775 77.36248498440189
0.08249999999999999 -198.31479175930957
0.0875 66.13117015576606
0.0925 -50.60201357672891
0.09749999999999999 62.121183613227316
0.1025 -184.13222698958072
0.1075 -117.6180201197851
0.11249999999999999 293.95702738407283
0.1175 -359.76399711800434
0.1225 -67.05252248789839
0.1275 -77.45476347364473
0.1325 93.52451635888356
0.13749999999999998 -163.40951125566215
0.1425 392.18305350338517
0.1475 -71.90462967246329
0.1525 88.99000319967047
0.1575 106.38816758953917
0.1625 -12.559473625260877
0.16749999999999998 123.99659135549082
0.1725 -137.28818079533238
0.1775 -411.7969858583485
0.1825 374.0069610746575
0.1875 476.4647366559836
0.1925 -77.17276765713939
0.19749999999999998 -197.4351589462998
0.20249999999999999 238.01819997159126
0.2075 -350.8285412899494
0.2125 -251.94447954644247
0.2175 390.51141626957116
0.2225 -394.2301683172771
0.22749999999999998 377.49542474536986
0.23249999999999998 -318.56549887247525
0.2375 28.325621429202382
0.2425 -135.0006766200883
0.2475 151.7791957187076
0.2525 81.48018895547845
0.2575 -302.24849051452287
0.2625 326.9396189687795
0.2675 34.603729883821934
0.27249999999999996 138.62196140752567
0.27749999999999997 121.55682919279685
0.2825 -225.48344212345364
0.2875 0.7825024090246914
0.2925 70.23208552547753
0.2975 15.320684843985038
0.3025 90.04295251805712
0.3075 -210.47174896906597
0.3125 175.31857359079265
0.3175 92.66997466774261
0.3225 -317.68278198228893
0.32749999999999996 169.51076966802123
0.33249999999999996 -47.61751710471832
0.33749999999999997 82.60702559429117
0.34249999999999997 146.10387184567418
0.3475 -74.96093061407535
0.3525 198.97713516350188
0.3575 -90.91005138246335
0.3625 -275.34032137712967
0.3675 -36.36534192439102
0.3725 62.68100954458881
0.3775 162.69728499533332
0.3825 -117.35788930251977
0.38749999999999996 -13.382504319058816
0.39249999999999996 133.58302537253672
0.39749999999999996 -83.44700963323032
0.40249999999999997 196.6073556832045
0.4075 90.31295414551934
0.4125 -46.49268844515781
0.4175 -157.24151062624426
0.4225 -198.92106569828826
0.4275 -185.44500349403185
0.4325 251.32052881082004
0.4375 58.95855944649596
0.4425 -22.016035333906935
0.44749999999999995 -210.2981974537976
0.45249999999999996 -55.188244175874644
0.45749999999999996 306.53589360187914
0.46249999999999997 79.83582790260716
0.46749999999999997 96.644629065265
0.4725 -224.51096829752453
0.4775 -254.43883874395473
0.4825 148.80739721536202
0.4875 270.77361627085986
0.4925 -96.8376240304825
0.4975 -85.71882446390309
0.5025 5.721112050246915
0.5075 -120.29893772870713
0.5125 110.94194075348021
0.5175 243.13231053578986
0.5225 -470.5795581607452
0.5275 103.28835159270454
0.5325 38.59615950318342
0.5375 367.1584451906722
0.5425 -183.2815653301704
0.5475 242.26443422089773
0.5525 -409.50190662742995
0.5575 -37.85287216576441
0.5625 135.5968527656322
0.5675 97.01687473299673
0.5725 -15.966357546511471
0.5775 -295.39149190508056
0.5825 311.25750680714134
0.5875 193.2682164554172
0.5925 -67.86342767133647
0.5974999999999999 78.07646543040607
0.6024999999999999 -152.55667186354646
0.6074999999999999 151.23885376531686
0.6124999999999999 -322.5744628719754
0.6174999999999999 143.15291395634722
0.6224999999999999 -76.78292230127258
0.6275 -96.31378487695385
0.6325 184.94755360911597
0.6375 -397.811314573188
0.6425 102.53842660748747
0.6475 17.75264352033739
0.6525 66.16438326422421
0.6575 -12.486719510425893
0.6625 423.9210514205453
0.6675 -233.74992505775634
0.6725 -173.69406863681772
0.6775 68.73542858417403
0.6825 -40.7544121856313
0.6875 -7.989609438657757
0.6925 175.6275771229937
0.6975 62.59868713228961
0.7025 -247.34399828170012
0.7075 84.19540560672326
0.7125 -459.39902994338996
0.7174999999999999 221.8465898386788
0.7224999999999999 -188.62247302244305
0.7274999999999999 96.00921679459772
0.7324999999999999 225.24631635341265
0.7374999999999999 -162.55804387154961
0.7424999999999999 271.8506808147769
0.7474999999999999 -260.22868717414167
0.7525 321.92795802916123
0.7575 -296.8559322272363
0.7625 300.73219853625903
0.7675 66.27391050577874
0.7725 -286.1117347433591
0.7775 -175.75836815427292
0.7825 239.01700911649402
0.7875 28.49711154191732
0.7925 -84.06511854402436
0.7975 -183.3885832555821
0.8025 -0.1438123688179088
0.8075 220.25583709480009
0.8125 151.20556446944144
0.8175 21.177072653746006
0.8225 -360.84773378485477
0.8275 -73.4663071794143
0.8325 50.1349427994098
0.8374999999999999 78.92326080866447
0.8424999999999999 264.0806469337917
0.8474999999999999 -84.1994581457147
0.8524999999999999 17.88610519033895
0.8574999999999999 -8.476594146254714
0.8624999999999999 114.34166998214414
0.8674999999999999 49.077537767167435
0.8724999999999999 101.42971836327352
0.8775 -316.7573325040246
0.8825 161.8247637974392
0.8875 -392.5649382281384
0.8925 195.4321480611002
0.8975 122.7001894218204
0.9025 206.136750194208
0.9075 -238.88016019866083
0.9125 1.8012439718255528
0.9175 2.0832068922094593
0.9225 140.81019074642074
0.9275 -22.153185514420187
0.9325 204.36446077988867
0.9375 -497.90365320896655
0.9425 97.87742029526024
0.9475 -282.0367974407424
0.9524999999999999 8.367071641741676
0.9574999999999999 318.31802871967324
0.9624999999999999 -135.5449321592536
0.9674999999999999 44.53710192445947
0.9724999999999999 191.41655299302624
0.9774999999999999 189.6623246842893
0.9824999999999999 -224.96255388360194
0.9874999999999999 94.08987074662068
0.9924999999999999 -149.40373415714748
0.9974999999999999 -20.852901114706103
1.0025 17.807384245414134
1.0075 129.84853634667567
1.0125 56.64611211613725
1.0174999999999998 -66.65356359055004
1.0225 -155.39265807163738
1.0274999999999999 115.53853219989578
1.0325 78.57056570065326
1.0374999999999999 -32.75141955209911
1.0425 80.83985989891744
1.0474999999999999 55.02070054505566
1.0525 32.78114685594584
1.0574999999999999 -76.20564195104821
1.0625 156.68465613573946
1.0675 -207.1513444771877
1.0725 -71.42266339977527
1.0775 -179.45091146728052
1.0825 149.4360818015469
1.0875 -124.00856143167691
1.0925 166.75928326650705
1.0975 19.21990823768705
1.1025 110.40492831522796
1.1075 -176.6353220551858
1.1125 276.7889340923157
1.1175 -76.21936927224895
1.1225 -144.3785763994514
1.1275 -67.3783603470733
1.1324999999999998 65.82906313916665
1.1375 -141.47352255570163
1.1424999999999998 -198.08866385348188
1.1475 231.1692432795787
1.1524999999999999 -2.779786013690761
1.1575 -163.36837278073247
1.1624999999999999 321.6663062268253
1.1675 -73.18726513854847
1.1724999999999999 397.93879385323424
1.1775 -367.8749818955845
1.1824999999999999 -44.24375539994237
1.1875 -298.9464024843696
1.1925 -96.02921523501153
1.1975 45.099844952285075
1.2025 18.970394380444926
1.2075 314.86728104431296
1.2125 -83.04117452541126
1.2175 -26.207183128124452
1.2225 79.79428708344025
1.2275 154.92091788725773
1.2325 -87.0243743812942
1.2375 83.87665063612596
1.2425 -66.9527510434762
1.2475 -111.71417356907597
1.2525 0.3225241341747051
1.2574999999999998 27.487036659684456
1.2625 -230.15155126753214
1.2674999999999998 223.71486403310624
1.2725 -203.38533382853635
1.2774999999999999 -72.4065475414882
1.2825 166.5767409122901
1.2874999999999999 29.31446489149403
1.2925 178.47656466778153
1.2974999999999999 -69.69108591282709
1.3025 -2.9450489564108606
1.3074999999999999 -2.9570968319241304
1.3125 -249.07485981746143
1.3175 149.33809349961095
1.3225 -245.82482591904366
1.3275 65.64936316609801
1.3325 166.96198844305658
1.3375 -263.8328107129504
1.3425 241.67496730511215
1.3475 -178.7120503687924
1.3525 214.82278473470652
1.3575 -52.06963817764703
1.3625 86.60227822720947
1.3675 142.12873716477884
1.3724999999999998 58.6682872290073
1.3775 69.24430000245113
1.3824999999999998 -64.55529185373852
1.3875 -82.88667841744362
1.3924999999999998 27.854696871257516
1.3975 -64.45036691115683
1.4024999999999999 -26.184406305966576
1.4075 9.010874791894885
1.4124999999999999 -77.52654938983373
1.4175 131.65674297997904
1.4224999999999999 -134.10907067155313
1.4275 -282.5730242209265
1.4324999999999999 397.10576566627583
1.4375 -130.73832485029396
1.4425 103.70454858402123
1.4475 -193.5989728110842
1.4525 -315.48449307525226
1.4575 154.21182179157157
1.4625 -19.71133385588509
1.4675 163.6177158413121
1.4725 -239.0117575796686
1.4775 162.3552098079963
1.4825 -133.4904585816857
1.4874999999999998 70.99660770403437
1.4925 311.0792366722148
1.4974999999999998 4.372458509424019
1.5025 -270.4917625655991
1.5074999999999998 172.39985863751056
1.5125 38.95613649663481
1.5174999999999998 -175.0310064871616
1.5225 363.14234220648336
1.5274999999999999 70.40234690226474
1.5325 -144.55312947003287
1.5374999999999999 71.5734864584083
1.5425 87.86370276763708
1.5474999999999999 104.64268826746603
1.5525 -305.2435447993304
1.5574999999999999 161.40599090822988
1.5625 -116.73426358057709
1.5675 184.47319338024877
1.5725 292.17111714974595
1.5775 -371.70792562459116
1.5825 158.82602521282357
1.5875 17.690475640548204
1.5925 -148.22097437506926
1.5975 39.61849463828952
1.6025 -69.81586590162928
1.6075 -278.08438766370136
1.6124999999999998 134.72045693097132
1.6175 -44.85747725108611
1.6224999999999998 1.5502573552269134
1.6275 98.69755336709797
1.6324999999999998 -23.14949461988635
1.6375 -20.85598545505157
1.6424999999999998 201.66950216879997
1.6475 198.5985868620728
1.6524999999999999 -43.45341999675513
1.6575 -116.96878660949038
1.6624999999999999 7.954917978502441
1.6675 -56.216010855382635
1.6724999999999999 232.9478020860647
1.6775 -250.42730305726556
1.6824999999999999 -15.057666405180386
1.6875 -56.25019861012658
1.6925 6.94810507567078
1.6975 226.84168271253
1.7025 -27.018463516499562
1.7075 -94.03629270205982
1.7125 -301.5556926706157
1.7175 192.10682862551099
1.7225 68.70841271024021
1.7274999999999998 3.8825284146985237
1.7325 198.53889092843247
1.7374999999999998 -70.39812961949714
1.7425 -304.995669826858
1.7474999999999998 319.2288915313568
1.7525 -322.2115562815338
1.7574999999999998 167.0631416479394
1.7625 -260.8800432737757
1.7674999999999998 403.5668484011867
1.7725 -383.46165507311315
1.7774999999999999 175.18044619809615
1.7825 -9.400240653895716
1.7874999999999999 30.733209079784046
1.7925 177.05309764912974
1.7974999999999999 -47.96173238213126
1.8025 -187.139171906441
1.8074999999999999 137.86809678280588
1.8125 -14.293917417061673
1.8175 19.131517346282802
1.8225 -129.5814437890239
1.8275 30.654411552688536
1.8325 70.66329130640534
1.8375 4.923759081955184
1.8425 178.38930204755016
1.8475 -231.55451081118704
1.8524999999999998 28.621451775368204
1.8575 -106.91549136341888
1.8624999999999998 -158.3240385580088
1.8675 -57.43907154424276
1.8724999999999998 219.81191735769218
1.8775 43.54404617961069
1.8824999999999998 -191.75699574323335
1.8875 -18.994518422135894
1.8924999999999998 144.00224444130765
1.8975 63.25095484924074
1.9024999999999999 103.08390167166647
1.9075 -371.75342280271445
1.9124999999999999 -18.62252171225118
1.9175 142.58362736363085
1.9224999999999999 -19.106414447602496
1.9275 201.29851181706215
1.9324999999999999 -263.20989844208935
1.9375 10.178016811362024
1.9425 140.8378832277802
1.9475 -98.32342748864967
1.9525 -37.1249146841017
1.9575 58.0562096247011
1.9625 8.840995010116284
1.9674999999999998 -32.40877539344578
1.9725 162.6592394466368
1.9774999999999998 36.43038650420719
1.9825 244.90337134576592
1.9874999999999998 -75.32437906942923
1.9925 -34.266783596569596
1.9974999999999998 27.182555686257892
2.0025 71.09214935693879
2.0075 24.98293415734193
2.0124999999999997 -71.34734799292559
2.0175 70.95452540648468
2.0225 -90.29783666712301
2.0275 -93.05706096011268
2.0324999999999998 31.086594216838403
2.0375 107.69835247175168
2.0425 -216.53035397431117
2.0475 238.57314885557375
2.0524999999999998 0.2342701235317339
2.0575 23.351439698654104
2.0625 -202.32973179981357
2.0675 194.74462359704305
2.0725 -141.3038534982529
2.0775 -107.32870770296486
2.0825 -148.6762245890742
2.0875 61.14268663904847
2.0925 114.2011309089932
2.0974999999999997 -52.80528729883849
2.1025 298.30209256946574
2.1075 -526.7048767778605
2.1125 383.1872264172131
2.1174999999999997 3.6633241884447214
2.1225 -221.40638841596865
2.1275 221.67203564962915
2.1325 -5.533297368855808
2.1374999999999997 186.22299913442038
2.1425 -1.8600501311733546
2.1475 -90.30629360202077
2.1525 8.743448799156281
2.1574999999999998 187.83086417749908
2.1625 -131.4868681984109
2.1675 -8.821161280582478
2.1725 -31.282605098468785
2.1774999999999998 160.90327895972973
2.1825 -88.12284906978023
2.1875 -85.85531757728687
2.1925 12.255282664040855
2.1975 -153.83310374615584
2.2024999999999997 -34.942323082497644
2.2075 -139.56467687566945
2.2125 185.8661806949644
2.2175 81.51988404728807
2.2224999999999997 -70.22994938293621
2.2275 7.428259758951531
2.2325 -276.38669357658165
2.2375 99.16823344106834
2.2424999999999997 -3.2493799235236964
2.2475 53.77494074290051
2.2525 86.38501487212014
2.2575 -53.8684507313453
2.2624999999999997 15.155289198311081
2.2675 -178.95843994979762
2.2725 113.45204859082273
2.2775 -139.8859490821508
2.2824999999999998 -1.4055317900780513
2.2875 29.691599186039518
2.2925 78.58406074234057
2.2975 11.171814955879283
2.3024999999999998 -151.5869823653353
2.3075 14.40222381775761
2.3125 174.13010488421665
2.3175 28.421582047109354
2.3225 143.63414736924196
2.3274999999999997 -171.55636918787164
2.3325 73.8320078348259
2.3375 -55.18953607235552
2.3425 12.018665862790648
2.3474999999999997 -86.7417551503916
2.3525 -62.659169941154566
2.3575 94.96883287350671
2.3625 -117.45655292893255
2.3674999999999997 56.8702807618686
2.3725 167.30557672039504
2.3775 -210.88263626321455
2.3825 64.5819992936378
2.3874999999999997 -140.77722185876812
2.3925 -155.76036420619596
2.3975 190.62271615956988
2.4025 86.05681691360921
2.4074999999999998 17.734209652355002
2.4125 94.08519265498407
2.4175 197.54472276834136
2.4225 -310.66948495217804
2.4274999999999998 -66.38374460235397
2.4325 -171.1257626426918
2.4375 284.6820948333128
2.4425 -50.66017095876982
2.4475 247.0296432084645
2.4524999999999997 -139.9546582898945
2.4575 -16.065608829237537
2.4625 -60.39911771083
2.4675 263.5815230310484
2.4724999999999997 -214.2157828703528
2.4775 66.02943311052009
2.4825 216.84405586215962
2.4875 -443.877130314533
2.4924999999999997 -217.67617983342828
2.4975 259.73529191712095
2.5025 305.72752985764646
2.5075 93.33210201020933
2.5124999999999997 64.53073845187062
2.5175 89.25510462088418
2.5225 -38.088887362745865
2.5275 -257.80252584706153
2.5324999999999998 174.16748014154285
2.5375 -13.449014223708057
2.5425 -2.5328692394434507
2.5475 -316.0707575536164
2.5524999999999998 9.595812832850685
2.5574999999999997 -113.45948311426636
2.5625 10.37343714182046
2.5675 281.6324814758111
2.5725 -65.54723307799318
2.5774999999999997 3.6182043946264772
2.5825 80.60355205803972
2.5875 -157.25610097719075
2.5925 206.67623369041388
2.5974999999999997 -289.06181391149033
2.6025 327.70930294354247
2.6075 -232.41898035439948
2.6125 65.1363476260274
2.6174999999999997 -185.54425688210972
2.6225 -356.1520950939063
2.6275 515.4370169900034
2.6325 7.871498151592273
2.6374999999999997 -175.93859629924327
2.6425 204.98890434875435
2.6475 -80.76178325742698
2.6525 18.252695687891286
2.6574999999999998 170.81446965763155
2.6625 -39.072682376529784
2.6675 -115.49348846191027
2.6725 -53.81878285136234
2.6774999999999998 -100.65078663085355
2.6824999999999997 196.55969183493917
2.6875 -156.70122446467548
2.6925 96.32080780412612
2.6975 144.89381591470755
2.7024999999999997 -147.20827332967025
2.7075 -65.636999487819
2.7125 -66.7620457881189
2.7175 -63.09886765845333
2.7224999999999997 107.33616828013668
2.7275 -55.07938354132483
2.7325 108.13003537802474
2.7375 -7.240725549891754
2.7424999999999997 5.011164866107031
2.7475 -19.54076272921847
2.7525 176.17160133663305
2.7575 41.86016951616831
2.7624999999999997 -56.30017466097511
2.7675 -19.769548411385056
2.7725 11.340250992680474
2.7775 -106.83925183872593
2.7824999999999998 96.81557968158847
2.7875 -94.17208499647262
2.7925 87.49864358659342
2.7975 -8.856080381898103
2.8024999999999998 191.97054052075597
2.8074999999999997 -290.3800859761957
2.8125 145.11535576558302
2.8175 316.5944877551909
2.8225 -533.4994897351897
2.8274999999999997 98.37702879076839
2.8325 44.87719377173926
2.8375 -66.48859717346852
2.8425 523.084681246796
2.8474999999999997 -227.27046628624453
2.8525 26.451641764369842
2.8575 122.55300270045046
2.8625 -32.601689302620066
2.8674999999999997 -321.7536751673212
2.8725 170.53165711061533
2.8775 -81.74653648177203
2.8825 123.37489045140538
2.8874999999999997 7.751428361041209
2.8925 -11.03977650367536
2.8975 252.24442927651847
2.9025 -37.47000447200677
2.9074999999999998 -148.79413034117297
2.9125 51.313167653771885
2.9175 -141.3094224168579
2.9225 20.269773939442896
2.9274999999999998 394.08828155582336
2.9324999999999997 -267.4670168337173
2.9375 166.79449955138367
2.9425 -223.49708641295058
2.9475 0.6270687615962428
2.9524999999999997 5.495848950555515
2.9575 11.02728466210724
2.9625 -50.41971478539503
2.9675 15.367221802714573
2.9724999999999997 256.7459963779872
2.9775 -87.57365542803453
2.9825 143.49271931130545
2.9875 -173.2791338038882
2.9924999999999997 -175.45708205215985
2.9975 87.64129748559897
3.0025 -183.96535700553642
3.0075 41.47428011628042
3.0124999999999997 -202.80580736403672
3.0175 95.63270436833177
3.0225 60.292441905081205
3.0275 -57.6423000980843
3.0324999999999998 150.75029899163619
3.0374999999999996 121.60440987966717
3.0425 -40.59296986424656
3.0475 -4.918551231179037
3.0524999999999998 -146.739518863064
3.0574999999999997 -89.32177690078882
3.0625 -67.6372270979765
3.0675 227.98069170577946
3.0725 54.68163285272442
3.0774999999999997 1.8025735014693502
3.0825 -138.2291238204534
3.0875 138.27188483078046
3.0925 201.23945433134662
3.0974999999999997 7.522077918261881
3.1025 -163.0521172985617
3.1075 -156.6985309302526
3.1125 -94.4097797378299
3.1174999999999997 32.47857517340719
3.1225 109.57683022064434
3.1275 -236.80073346555739
3.1325 191.18167415966357
3.1374999999999997 111.00869917187882
3.1425 -59.58262202893126
3.1475 -44.85708881368424
3.1525 392.6667948836818
3.1574999999999998 -279.78941048033823
3.1624999999999996 16.788576100863494
3.1675 5.514403152550101
3.1725 -7.185105314112402
3.1774999999999998 14.029499182497846
3.1824999999999997 74.28738121190946
3.1875 79.46004261220936
3.1925 90.09385966072665
3.1975 -117.83350484738082
3.2024999999999997 -47.42313918655583
3.2075 -64.02111226498339
3.2125 -121.66073014491062
3.2175 -62.62801178761002
3.2224999999999997 -55.185063186724406
3.2275 102.37670289268
3.2325 -170.3652408956701
3.2375 48.66308795465224
3.2424999999999997 137.85491570170151
3.2475 -150.45117034875108
3.2525 234.12271574842794
3.2575 184.15049163991446
3.2624999999999997 -42.94888191876204
3.2675 -122.88555959242788
3.2725 148.221354917402
3.2775 54.009078229270635
3.2824999999999998 249.60665430582827
3.2874999999999996 -322.2098967379998
3.2925 -134.06141971856744
3.2975 180.32829181706362
3.3024999999999998 221.9239830961426
3.3074999999999997 -139.12254820078908
3.3125 8.423040510615966
3.3175 -158.558396053639
3.3225 13.466021518488423
3.3274999999999997 -81.86844108639207
3.3325 -173.33559512770032
3.3375 21.06485793065497
3.3425 103.44588743387699
3.3474999999999997 24.664378117814962
3.3525 -172.13068230794283
3.3575 79.59183681071165
3.3625 83.21173897416523
3.3674999999999997 -133.16765710031117
3.3725 -3.389127384408491
3.3775 -19.668824435094724
3.3825 74.96737246415866
3.3874999999999997 60.18836147172891
3.3924999999999996 -45.27945527519878
3.3975 207.56969892773236
3.4025 -119.98244213774608
3.4074999999999998 3.8710079298040516
3.4124999999999996 135.0049075876424
3.4175 70.03812341428993
3.4225 -147.267918734868
3.4274999999999998 122.85744393536235
3.4324999999999997 -54.81406421620274
3.4375 -177.1395999742026
3.4425 -83.27615559991938
3.4475 207.02693555663527
3.4524999999999997 6.222554537421009
3.4575 92.93747013708968
3.4625 -92.85435742836918
3.4675 -40.09255906523283
3.4724999999999997 -41.00285053707934
3.4775 -76.92500591311699
3.4825 -256.95245322560163
3.4875 -74.21711930723417
3.4924999999999997 72.83921920648315
3.4975 292.96297653155074
3.5025 9.709860001489968
3.5075 -31.790687009831508
3.5124999999999997 -131.89346583832474
3.5174999999999996 -42.516654779056005
3.5225 229.9579451910668
3.5275 -13.577970704087255
3.5324999999999998 -97.27862969756941
3.5374999999999996 -72.63128177023533
3.5425 -113.34098812684049
3.5475 33.241754400702696
3.5524999999999998 81.23390622107561
3.5574999999999997 64.99093992690452
3.5625 -110.1953778341138
3.5675 10.030890092517595
3.5725 237.7058820893637
3.5774999999999997 -77.11368174917494
3.5825 -81.97352656204636
3.5875 -169.50147111875273
3.5925 183.1396619890714
3.5974999999999997 -50.46247711156697
3.6025 7.686668003714209
3.6075 180.53902989750563
3.6125 -63.76524544297806
3.6174999999999997 46.540347424797154
3.6225 -15.47216056166727
3.6275 -177.3574425641981
3.6325 85.18351298540173
3.6374999999999997 -92.57946796360008
3.6424999999999996 144.24125081681868
3.6475 -74.94063528616562
3.6525 51.623329918954255
3.6574999999999998 -27.733585721086403
3.6624999999999996 114.15912256192448
3.6675 -81.40961203754432
3.6725 3.92878351945963
3.6774999999999998 31.451877223092293
3.6824999999999997 140.44926779210147
3.6875 89.20436616952536
3.6925 -135.92096377580867
3.6975 -215.999018847384
3.7024999999999997 79.53441718998609
3.7075 63.635316290080354
3.7125 76.58861122802882
3.7175 -0.5585935110681645
3.7224999999999997 123.53167678734711
3.7275 93.16878487307194
3.7325 -72.07002367333118
3.7375 -76.77274582031534
3.7424999999999997 -13.04548171280476
3.7474999999999996 179.447402898553
3.7525 25.491307659925024
3.7575 -342.4021037284577
3.7624999999999997 122.926301044068
3.7674999999999996 136.5068544226489
3.7725 -111.08949415146769
3.7775 -186.92596681426826
3.7824999999999998 -2.7974585338387246
3.7874999999999996 -72.70352349508289
3.7925 -70.40196162289051
3.7975 83.38652287683078
3.8024999999999998 139.08371847434987
3.8074999999999997 -108.71727391054452
3.8125 98.90519671202016
3.8175 224.9053688451183
3.8225 126.58082223041751
3.8274999999999997 -68.77989203457747
3.8325 -136.5618091698917
3.8375 52.892155955119584
3.8425 122.97535074013702
3.8474999999999997 -30.88535048337958
3.8525 -166.82878888935062
3.8575 228.31410416008308
3.8625 -99.78734397296775
3.8674999999999997 90.79404913153512
3.8724999999999996 -158.57150344743138
3.8775 194.909069729068
3.8825 -132.64126073388687
3.8874999999999997 -217.07735699753846
3.8924999999999996 135.5418433450356
3.8975 50.19531744582748
3.9025 -105.5406253377398
3.9074999999999998 224.23932396934248
3.9124999999999996 -149.3972333572146
3.9175 26.243846965704556
3.9225 114.57548456018628
3.9274999999999998 66.0595506939515
3.9324999999999997 17.504392018859093
3.9375 204.72602608032312
3.9425 -160.68088644138675
3.9475 -237.3526540641853
3.9524999999999997 145.06198430866476
3.9575 16.062804895431157
3.9625 45.92320802849396
3.9675 47.34941318870925
3.9724999999999997 100.18942905452803
3.9775 -77.1486234830221
3.9825 -34.433424557816494
3.9875 68.06071650149225
3.9924999999999997 208.66595033185143
3.9974999999999996 -302.983764883099
4.0024999999999995 -0.9941010520034059
4.007499999999999 -147.5539091931911
4.0125 243.0118866020435
4.0175 78.13580674385733
4.0225 -67.10190377687142
4.0275 36.568007033464674
4.0325 19.051536085153682
4.0375 65.89940869045473
4.0424999999999995 -207.72883246773054
4.047499999999999 -235.8745226394585
4.0525 310.75659046053346
4.0575 -68.21726045881127
4.0625 -229.0466047277001
4.0675 75.48659221273135
4.0725 15.217668139615375
4.0775 8.193970408583478
4.0825 80.14619122888371
4.0874999999999995 59.68762223783879
4.0925 -157.64660241330344
4.0975 -206.22520260135937
4.1025 427.287514166794
4.1075 -129.15531216903472
4.1125 -245.4852300465867
4.1175 83.92229516420117
4.1225 398.3593292179416
4.1274999999999995 -138.65511332919797
4.132499999999999 54.616371421675765
4.1375 -110.18049457610206
4.1425 -250.59085230943577
4.1475 62.77667620275467
4.1525 65.33636499207924
4.1575 -297.82303924833053
4.1625 298.3658097249899
4.1674999999999995 64.86231635527422
4.172499999999999 87.05564178285802
4.1775 -91.77665338385147
4.1825 105.23063702724755
4.1875 -99.6080751117945
4.1925 -208.213341544813
4.1975 -13.547659954630806
4.2025 152.009356985088
4.2075 -80.10335311004799
4.2124999999999995 103.67750902488
4.2175 71.16372921182314
4.2225 29.340282030762868
4.2275 -152.76061492114547
4.2325 -50.69994000106041
4.2375 32.03473649234256
4.2425 297.95930208886426
4.2475 -151.7885179531835
4.2524999999999995 60.23301545646768
4.257499999999999 17.631691587394005
4.2625 40.76030111770558
4.2675 -56.499200669511474
4.2725 -186.19274812432045
4.2775 349.93291556695976
4.2825 -136.2374880192915
4.2875 -138.78094625705498
4.2924999999999995 -7.054251780202459
4.297499999999999 -0.7542818791240297
4.3025 3.97982803633227
4.3075 -119.3777651080862
4.3125 -25.40920999392745
4.3175 -137.91875654664227
4.3225 200.21438059413128
4.3275 36.331516224359554
4.3325 98.66173935969489
4.3374999999999995 -236.31858554048682
4.342499999999999 341.0256763212709
4.3475 -39.436076960372795
4.3525 20.406361530487413
4.3575 76.39135033490417
4.3625 -211.2546859111827
4.3675 32.90032634586647
4.3725 124.73675645623247
4.3774999999999995 -103.71057515346757
4.382499999999999 22.576496818334498
4.3875 -60.444504357985295
4.3925 118.6396074602588
4.3975 -58.782813891512575
4.4025 74.09311408788395
4.4075 -91.62172291549645
4.4125 -14.926083761635024
4.4174999999999995 267.01191820503993
4.422499999999999 -32.15727428150794
4.4275 -86.65940010513995
4.4325 290.1717224693831
4.4375 -345.8658021462801
4.4425 209.635515614308
4.4475 -369.3736397434741
4.4525 300.38011529610645
4.4575 21.922317178805734
4.4624999999999995 315.89130605317695
4.467499999999999 -58.10400505745213
4.4725 -137.64541925246684
4.4775 -238.3196139738245
4.4825 -115.61823634409797
4.4875 161.98311651509903
4.4925 -73.7709602653482
4.4975 -17.959769606646205
4.5024999999999995 97.2177979266483
4.507499999999999 76.48468395901793
4.5125 -31.161138670186205
4.5175 9.388693062597184
4.5225 113.8039481390332
4.5275 -44.608129650841704
4.5325 -185.45632897071852
4.5375 -82.31883951723923
4.5424999999999995 226.21128460027586
4.547499999999999 6.678787950703295
4.5525 -52.506902634635715
4.5575 94.47252501034245
4.5625 -7.08674933222723
4.5675 -152.14286681501133
4.5725 -41.844312796131156
4.5775 16.375330023223743
4.5825 71.27977962267316
4.5874999999999995 172.54202909511557
4.592499999999999 -116.11437026902013
4.5975 23.92479766339146
4.6025 -122.51942523455132
4.6075 157.78066121370125
4.6125 -35.32804273839895
4.6175 -225.35437537527545
4.6225 114.94425929235345
4.6274999999999995 42.86219116470564
4.632499999999999 -88.93615224888622
4.6375 -117.74096358391996
4.6425 -20.90684549047522
4.6475 33.70248063466569
4.6525 -150.62196332686062
4.6575 226.01029719339525
4.6625 128.1482518873699
4.6674999999999995 45.57184547656974
4.672499999999999 -215.17591354518268
4.6775 159.9879193798309
4.6825 -271.9761571486776
4.6875 15.63114606911898
4.6925 21.35705022895938
4.6975 367.95555147094933
4.7025 -129.19014873398166
4.7075 159.73666669940212
4.7124999999999995 -133.4526617276672
4.717499999999999 -58.29366396120296
4.7225 -216.08391005201358
4.7275 102.74230124115392
4.7325 -41.87471749691042
4.7375 254.7207324508992
4.7425 96.52445821782891
4.7475 -224.83731492811356
4.7524999999999995 -36.37224695186409
4.757499999999999 6.573247192728392
4.7625 143.1442420123998
4.7675 9.011608243818332
4.7725 122.15122605292471
4.7775 7.825333576957346
4.7825 -226.5935630587064
4.7875 -50.96596672437778
4.7924999999999995 132.4334417236762
4.797499999999999 -9.604754261824883
4.8025 33.91352188576286
4.8075 -188.22670925957715
4.8125 178.84954694546434
4.8175 -64.26097670292586
4.8225 15.011634994045018
4.8275 -56.88609380099651
4.8325 -221.83294399603082
4.8374999999999995 192.44205339293654
4.842499999999999 146.79181879461885
4.8475 -204.56172821111747
4.8525 93.78369083655471
4.8575 62.49076869200178
4.8625 95.55351322269526
4.8675 190.03079379504035
4.8725 -209.47996656728557
4.8774999999999995 -255.07874594065453
4.882499999999999 257.94966203998894
4.8875 51.894256322182194
4.8925 -260.71113748036043
4.8975 295.8979140097403
4.9025 -184.41773446704892
4.9075 156.41291061908788
4.9125 -118.46164891739446
4.9174999999999995 -101.7542800009694
4.922499999999999 -46.38819962290601
4.9275 -81.45531067151529
4.9325 17.393027726299323
4.9375 261.16037296752273
4.9425 -10.21020737678159
4.9475 -97.3828464524489
4.9525 83.51801025320849
4.9575 -20.82230482691562
4.9624999999999995 -147.35527793811193
4.967499999999999 -48.822510191012086
4.9725 57.73369999771594
4.9775 -119.01766231986645
4.9825 -3.794150747535089
4.9875 244.5045587703657
4.9925 41.78601613191209
4.9975 1.6924414976184217
5.0024999999999995 -247.17849105238224
5.007499999999999 95.34678443929306
5.0125 223.4204442397313
5.0175 137.48577700684683
5.0225 -155.23174471988528
5.0275 -34.57069954621445
5.0325 134.69503401882173
5.0375 -333.1826106821858
5.0424999999999995 193.9121085566828
5.047499999999999 203.86001541961386
5.0525 -425.44447975180816
5.0575 -27.270031473356145
5.0625 279.5650644587201
5.0675 233.23713505349428
5.0725 -121.96201098364426
5.0775 239.5175414995726
5.0825 135.83835503566854
5.0874999999999995 -400.54127526605856
5.092499999999999 -84.7365920693434
5.0975 -40.424496457451426
5.1025 255.34097487254482
5.1075 -234.3818295492031
5.1125 213.35206520089181
5.1175 180.0893057055634
5.1225 -306.7380947440561
5.1274999999999995 100.57761644587468
5.132499999999999 195.02310479193457
5.1375 197.45980129928006
5.1425 -367.7124021908012
5.1475 339.7791428023397
5.1525 -195.56374202091132
5.1575 -154.11813705892973
5.1625 251.51301980745717
5.1674999999999995 1.1441113132680827
5.172499999999999 110.79840663650545
5.177499999999999 -195.4072309597137
5.1825 -108.20200077545226
5.1875 84.25297250338444
5.1925 -275.50822660211537
5.1975 -150.7031012156193
5.2025 -147.07899709899073
5.2075 172.3197497394303
5.2124999999999995 359.7562158694409
5.217499999999999 -227.86399613619594
5.2225 -173.60139710471606
5.2275 77.9688582696673
5.2325 130.6351005056058
5.2375 -55.430494108958875
5.2425 -30.143644265141074
5.2475 79.42119808251549
5.2524999999999995 -69.76442742080637
5.257499999999999 39.265565375685966
5.2625 -51.78165888561441
5.2675 145.4512322709664
5.2725 -194.37246438031846
5.2775 60.6859118871919
5.2825 282.3464741591725
5.2875 112.49027968914552
5.2924999999999995 75.90956422604923
5.297499999999999 -58.5951441504325
5.302499999999999 9.772979237110968
5.3075 -325.71812124044084
5.3125 21.39091454903741
5.3175 -288.8000676314937
5.3225 260.9063435912761
5.3275 -22.07162556842354
5.3325 83.39803151912156
5.3374999999999995 115.4798799943963
5.342499999999999 -270.46467510970507
5.3475 -45.20835070347688
5.3525 -105.68275947802671
5.3575 -65.19838839520337
5.3625 266.4154357308132
5.3675 138.86789149550677
5.3725 -11.071666266960552
5.3774999999999995 71.19970967360064
5.382499999999999 28.009931826112517
5.3875 -352.4211417431768
5.3925 211.61690295779894
5.3975 -76.82687546704035
5.4025 45.41956590926419
5.4075 -88.17989587876158
5.4125 70.01580806714752
5.4174999999999995 97.53883867601927
5.422499999999999 103.12960043722192
5.427499999999999 -36.729274873821346
5.4325 -134.46490512222482
5.4375 313.0628783211152
5.4425 17.024781832180288
5.4475 -81.55927333675285
5.4525 -54.426351581680585
5.4575 18.9639545041289
5.4624999999999995 -204.0979956993052
5.467499999999999 -198.2182163786853
5.4725 232.27308921387603
5.4775 -135.48935903072012
5.4825 32.853069751584485
5.4875 -137.28855673220812
5.4925 640.131738255932
5.4975 -90.43992264748816
5.5024999999999995 -199.92277154405986
5.507499999999999 25.098202430008765
5.5125 154.3369283730673
5.5175 -69.73129207877928
5.5225 35.05343749611902
5.5275 63.9241929225134
5.5325 -184.38630630213962
5.5375 25.228035526231892
5.5424999999999995 78.82961291967864
5.547499999999999 -86.14058432093844
5.552499999999999 168.32756302502946
5.5575 -186.71592330253412
5.5625 27.109344183750515
5.5675 -49.5611533855918
5.5725 80.84779970678628
5.5775 -246.20915709545156
5.5825 308.0459921615687
5.5874999999999995 -52.49524661772094
5.592499999999999 33.17448393772596
5.5975 -94.33294966196499
5.6025 -97.36543756181811
5.6075 149.66631073524906
5.6125 -142.73951760922475
5.6175 106.56079485537977
5.6225 -135.47260832568693
5.6274999999999995 35.742914147606406
5.632499999999999 227.78849519522137
5.6375 23.411692497838
5.6425 -7.640202100606966
5.6475 -57.04961067824323
5.6525 -68.59226387419487
5.6575 123.71311021331057
5.6625 -130.02381240821398
5.6674999999999995 -193.0013565391362
5.672499999999999 191.99051478252056
5.677499999999999 100.98976458256553
5.6825 -16.157534014136203
5.6875 72.14205565250849
5.6925 -99.88926931561276
5.6975 -75.07516673803615
5.7025 -183.05737563092134
5.7075 224.44987256812507
5.7124999999999995 -85.45592839867018
5.717499999999999 49.99990106290362
5.7225 -63.97810098096445
5.7275 -58.45937817291687
5.7325 -7.500538853793038
5.7375 -59.98711352756655
5.7425 99.91582832821216
5.7475 -91.57533543674269
5.7524999999999995 208.92341169465482
5.757499999999999 -219.39643039626048
5.7625 -97.71002601283257
5.7675 -40.43059539836493
5.7725 172.00146450077497
5.7775 -240.9759020921497
5.7825 147.7839999302871
5.7875 214.89501330110554
5.7924999999999995 -40.36210619988136
5.797499999999999 -240.58832867401347
5.802499999999999 307.12037136030386
5.8075 -138.97617789536088
5.8125 164.33466075419526
5.8175 -37.90484909030292
5.8225 173.20877531620033
5.8275 -362.2004530889099
5.8325 117.64796414327984
5.8374999999999995 -81.01065314019596
5.842499999999999 156.9935557161968
5.8475 58.56850539763478
5.8525 -74.13554640016568
5.8575 78.66477545539315
5.8625 -47.646338580965306
5.8675 213.59255979693646
5.8725 -4.827545032328696
5.8774999999999995 213.91322224091093
5.882499999999999 -93.14710396052747
5.8875 157.6483461709083
5.8925 -140.82203058686207
5.8975 46.76170792601858
5.9025 -128.4025112732976
5.9075 -322.2521972026268
5.9125 132.51273742963468
5.9174999999999995 -136.446668271007
5.922499999999999 194.46432258871386
5.927499999999999 -92.36745167146367
5.9325 247.53524422593327
5.9375 33.84370894735287
5.9425 73.56172198487448
5.9475 66.49035435269093
5.9525 -244.46121957780832
5.9575 75.38981524467492
5.9624999999999995 130.550128508102
5.967499999999999 2.616201957424067
5.9725 -347.4426424624828
5.9775 78.54544543282084
5.9825 233.73214588838272
5.9875 -156.52061028372015
5.9925 112.81488308846758
5.9975 35.031406700427006
6.0024999999999995 80.4122090702483
6.007499999999999 -225.30970040281122
6.012499999999999 -346.4267424008589
6.0175 233.5452900137949
6.0225 14.265800065845884
6.0275 -56.706229745158176
6.0325 -50.14000409796497
6.0375 107.42364975826393
6.0424999999999995 137.58586937760566
6.047499999999999 -134.31675362340553
6.052499999999999 139.25474052871303
6.0575 84.58461594819799
6.0625 -124.88308212162391
6.0675 210.57927431715072
6.0725 -201.33205138662942
6.0775 -6.338437243843958
6.0825 14.844420258648112
6.0874999999999995 -61.67908665020802
6.092499999999999 120.49570400397398
6.0975 -393.99626360386225
6.1025 207.5562256221573
6.1075 -178.55430105646397
6.1125 116.36869503598915
6.1175 -46.39133260016701
6.1225 14.466789430045733
6.1274999999999995 167.68851639086637
6.132499999999999 -30.156944824958476
6.137499999999999 91.67757579264656
6.1425 -379.30361637804185
6.1475 118.91972346080104
6.1525 -85.56381550540235
6.1575 -46.15257630097111
6.1625 223.21535350224778
6.1674999999999995 -87.39064898356045
6.172499999999999 -125.42358769209865
6.177499999999999 87.98966020731369
6.1825 22.842795395199378
6.1875 -112.76401989501628
6.1925 41.83683958684871
6.1975 -66.15324621652115
6.2025 72.2904264553773
6.2075 78.79488426840204
6.2124999999999995 167.47712591454408
6.217499999999999 113.64464196018977
6.2225 45.477412554542056
6.2275 -19.5895245184327
6.2325 -181.57043015100254
6.2375 124.11508029003035
6.2425 92.77734208154837
6.2475 -2.645022644164135
6.2524999999999995 10.968805358621989
6.257499999999999 53.72931250662942
6.262499999999999 144.77816841555284
6.2675 -64.52377631673075
6.2725 24.715798966316786
6.2775 -264.3690867057321
6.2825 82.51277846955733
6.2875 110.63160935288953
6.2924999999999995 -57.87476014543036
6.297499999999999 -70.92154322879897
6.302499999999999 141.2819786301765
6.3075 -108.23707067258853
6.3125 -151.0763485044564
6.3175 90.77056788005693
6.3225 -24.771282091062012
6.3275 206.9742249170043
6.3325 139.33801207224383
6.3374999999999995 -15.141830473941832
6.342499999999999 -154.81607959305992
6.3475 12.491112853235384
6.3525 68.67049058779129
6.3575 -271.21163312793794
6.3625 -150.2685708210751
6.3675 -119.20731451280851
6.3725 120.64528398397032
6.3774999999999995 70.15588810781999
6.382499999999999 89.84596712172542
6.387499999999999 -194.4903465787943
6.3925 162.66332303956688
6.3975 -263.8704533499516
6.4025 195.43742828334348
6.4075 254.48466054100436
6.4125 -220.1709253629907
6.4174999999999995 203.75014855850165
6.422499999999999 -100.33228585681059
6.427499999999999 -61.64792685185741
6.4325 172.00968142557073
6.4375 109.41212565668941
6.4425 -285.8739518403963
6.4475 -8.819506737258932
6.4525 -83.8087477534387
6.4575 16.735998887901093
6.4624999999999995 -235.23492361362432
6.467499999999999 -64.96987061904973
6.4725 422.7097493844989
6.4775 -16.7486660000042
6.4825 -99.95059419939415
6.4875 212.2935035081238
6.4925 72.32560683208139
6.4975 -192.86669987845949
6.5024999999999995 35.93140089059035
6.507499999999999 202.72324928392362
6.512499999999999 16.711207844451963
6.5175 89.85142314084165
6.5225 -64.75256305157322
6.5275 -85.43033074232353
6.5325 199.0919057836437
6.5375 -308.9136152585661
6.5424999999999995 53.44685009153769
6.547499999999999 -54.51629063035167
6.552499999999999 -44.88979466394992
6.5575 -232.93825484211823
6.5625 64.80243515067801
6.5675 -45.48224170516828
6.5725 159.71221803878487
6.5775 -63.81778502277755
6.5825 301.9689390114244
6.5874999999999995 -3.1114946462809274
6.592499999999999 -5.59773429151689
6.5975 185.3044833690469
6.6025 -191.31357050062286
6.6075 158.83932707203778
6.6125 -120.02452376092529
6.6175 -181.3105605947336
6.6225 129.4187060841694
6.6274999999999995 -482.3914492678039
6.632499999999999 278.1469655607481
6.637499999999999 -114.29624991252946
6.6425 79.65618073603744
6.6475 226.72073064800213
6.6525 26.456053002669393
6.6575 -221.5883060728396
6.6625 5.597181373507859
6.6674999999999995 161.40639118823546
6.672499999999999 158.1432948979195
6.677499999999999 -434.5951788499275
6.6825 39.64331515666345
6.6875 271.9518732318365
6.6925 -125.13909233782258
6.6975 -119.52450417903565
6.7025 43.55176834674013
6.7075 92.93620350483006
6.7124999999999995 -10.815566540415485
6.717499999999999 -230.51291460222905
6.722499999999999 50.844256864796606
6.7275 93.38344443435768
6.7325 -136.54751488403807
6.7375 73.39572262958
6.7425 274.4691286562034
6.7475 -385.0541894709287
6.7524999999999995 -109.05849972002619
6.757499999999999 24.98105276236499
6.762499999999999 206.01740635526474
6.7675 13.148703557387675
6.7725 -210.74750452292014
6.7775 27.881399310946335
6.7825 89.11173490227628
6.7875 73.2487246003626
6.7924999999999995 -89.03377030497542
6.797499999999999 84.21477392193103
6.802499999999999 140.9770388216482
6.8075 -294.6869217235732
6.8125 72.1581433033181
6.8175 91.41945387572484
6.8225 143.5796538914139
6.8275 -66.8490057640331
6.8325 227.63815465689754
6.8374999999999995 -162.5883038293946
6.842499999999999 -225.84246644522838
6.847499999999999 -91.81747562836584
6.8525 88.11075671871076
6.8575 81.9428913252481
6.8625 153.93661152382623
6.8675 10.738214074142244
6.8725 71.35804186408072
6.8774999999999995 74.76283043398057
6.882499999999999 -142.82852740825763
6.887499999999999 -126.34378514831988
6.8925 83.64023776615652
6.8975 -276.1106416944656
6.9025 315.19112763546536
6.9075 -214.1129398575043
6.9125 396.12880744107304
6.9174999999999995 -131.56573072824236
6.922499999999999 32.792182846763865
6.927499999999999 -19.001839256583867
6.9325 296.4939014631317
6.9375 -85.72513393999377
6.9425 13.389211706634324
6.9475 41.96560369070978
6.9525 -391.2631956749456
6.9575 159.5868090761409
6.9624999999999995 62.5938504813477
6.967499999999999 -6.302687120708717
6.972499999999999 105.6496583479659
6.9775 -235.72025851493922
6.9825 53.29702575915134
6.9875 -140.13816792166605
6.9925 165.57891174284478
6.9975 222.65747620553543
7.0024999999999995 -205.42848880470703
7.007499999999999 349.13053574235204
7.012499999999999 -369.3291223434315
7.0175 245.13631693986432
7.0225 -19.54619611580316
7.0275 -84.43371616347375
7.0325 77.83318861199521
7.0375 -194.32999114526166
7.0424999999999995 -72.41459001815203
7.047499999999999 -104.94340730623787
7.052499999999999 19.982788702407714
7.0575 86.69112644049386
7.0625 7.870352490707205
7.0675 215.01397971051156
7.0725 -86.97139376319467
7.0775 -2.59867385124919
7.0825 -12.123834105086452
7.0874999999999995 77.57489997753007
7.092499999999999 44.64530411024271
7.097499999999999 -63.48020239295223
7.1025 -136.3722390856687
7.1075 -5.538264683192047
7.1125 -132.7026156847232
7.1175 -124.02830400605824
7.1225 236.39669882825658
7.1274999999999995 101.55021132953068
7.132499999999999 -117.84279260672146
7.137499999999999 138.0857568651197
7.1425 -12.509150586123486
7.1475 80.29659834895735
7.1525 -83.18343222353029
7.1575 70.6754139219065
7.1625 -58.2245588157417
7.1674999999999995 -89.5265643360328
7.172499999999999 9.239680869656755
7.177499999999999 107.62069551897845
7.1825 75.64368935122837
7.1875 17.426752172069023
7.1925 -47.13025225375126
7.1975 -81.39429784034184
7.2025 5.279504318345557
7.2075 126.47713628735343
7.2124999999999995 -5.342178272066852
7.217499999999999 -147.4344011368096
7.222499999999999 22.453439138866003
7.2275 -227.20367465921132
7.2325 233.9441400743255
7.2375 -81.38642448263826
7.2425 50.02807895943091
7.2475 -73.44806562215781
7.2524999999999995 -77.26947146422177
7.257499999999999 108.16804855693778
7.262499999999999 24.84054948019417
7.2675 50.02857095382304
7.2725 -107.6709552659782
7.2775 36.61763675394677
7.2825 35.668767342574476
7.2875 -111.32738548004664
7.2924999999999995 -17.7865965283588
7.297499999999999 77.92166496752296
7.302499999999999 -83.42812120664198
7.3075 -19.88502616655318
7.3125 -1.707610293964193
7.3175 -213.22657149783902
7.3225 263.2998235428049
7.3275 84.83310034187998
7.3325 253.83402407692282
7.3374999999999995 -236.38202136838052
7.342499999999999 100.67539424552956
7.347499999999999 -90.02621181344483
7.3525 131.3022688497208
7.3575 -70.08083758054008
7.3625 -116.87848912468017
7.3675 216.94194129792385
7.3725 -98.16566681893529
7.3774999999999995 260.50580165032414
7.382499999999999 -227.24004882177016
7.387499999999999 -20.415530863790895
7.3925 24.138186595538805
7.3975 169.134160461366
7.4025 99.43029206973796
7.4075 66.1180369714145
7.4125 -152.74208318720184
7.4174999999999995 -103.36758903346394
7.422499999999999 -91.51262392181876
7.427499999999999 84.76755360277014
7.4325 -160.47257028031692
7.4375 -17.846159060002655
7.4425 -95.39277361180851
7.4475 234.44550532963052
7.4525 -147.41225323914932
7.4575 349.8700244001487
7.4624999999999995 72.11823333404328
7.467499999999999 91.74303723211354
7.472499999999999 191.178719561621
7.4775 -145.69315613769498
7.4825 -142.12578121799532
7.4875 168.1718267990761
7.4925 -128.78847130115818
7.4975 -145.9039802743907
7.5024999999999995 -63.769858005540776
7.507499999999999 -125.66785459330028
7.512499999999999 232.4770770102002
7.5175 109.46133272780335
7.5225 -204.69424790068183
7.5275 262.61661715523144
7.5325 -226.04279987721495
7.5375 86.45577627150328
7.5424999999999995 -63.97084778094215
7.547499999999999 84.16322556806254
7.552499999999999 275.08292106952763
7.557499999999999 28.16194401374306
7.5625 -209.7920293071953
7.5675 -151.9258811031869
7.5725 47.95071981335169
7.5775 -103.39983937730416
7.5825 82.18102049278502
7.5874999999999995 23.44339198995683
7.592499999999999 -121.49538555401712
7.597499999999999 -131.65861437453506
7.6025 147.06242455935123
7.6075 233.80302558221848
7.6125 -155.847122857847
7.6175 -97.3412881243214
7.6225 319.09901922295694
7.6274999999999995 9.34244927410185
7.632499999999999 91.45207551191965
7.637499999999999 -149.86488843544254
7.6425 98.94417072084799
7.6475 -215.59835132548847
7.6525 -213.46136414336362
7.6575 274.2301104380887
7.6625 -34.99080670210904
7.6674999999999995 68.97678782187437
7.672499999999999 -153.73640717622018
7.677499999999999 -56.3045218176301
7.682499999999999 255.91865576594373
7.6875 -109.37100497856144
7.6925 -65.52461975778286
7.6975 11.837329875138852
7.7025 217.45820532998584
7.7075 217.24036701648615
7.7124999999999995 -545.373070412432
7.717499999999999 193.18993013404875
7.722499999999999 -189.70206806760518
7.7275 51.0174225743528
7.7325 77.76233378762723
7.7375 229.46365346539287
7.7425 -322.14914444410806
7.7475 -40.60124008075907
7.7524999999999995 75.97103214216656
7.757499999999999 -75.93130264101394
7.762499999999999 83.57713978142996
7.7675 245.30559840698632
7.7725 -111.21247038013952
7.7775 -42.852345750314484
7.7825 245.61095520674988
7.7875 -145.37962544126248
7.7924999999999995 90.49558472713397
7.797499999999999 -233.1421163173361
7.802499999999999 -108.22189713920127
7.807499999999999 -158.52340168599756
7.8125 210.11147801587344
7.8175 16.115478296652626
7.8225 -162.40220731242587
7.8275 170.5502123652858
7.8325 -57.73007642414796
7.8374999999999995 -125.2353334938531
7.842499999999999 254.42512527202115
7.847499999999999 -188.18829277421537
7.8525 -148.21628641459623
7.8575 18.19774988633753
7.8625 123.15623756414678
7.8675 40.74642921805115
7.8725 -179.08368758986214
7.8774999999999995 84.18749619487062
7.882499999999999 228.2104730877496
7.887499999999999 -94.63130879877755
7.8925 72.4235805281394
7.8975 -17.563477268901128
7.9025 -28.481352589153058
7.9075 89.3264672297826
7.9125 -169.4522293093346
7.9174999999999995 -76.15365897362337
7.922499999999999 73.96243727193833
7.927499999999999 67.19231968771878
7.932499999999999 -71.2525629508141
7.9375 44.86578115322696
7.9425 117.8853279496555
7.9475 -289.20019105154074
7.9525 76.31176722375677
7.9575 109.06755126876689
7.9624999999999995 282.22699320919503
7.967499999999999 -188.88369796470724
7.972499999999999 -259.9274797595511
7.9775 38.50415628868471
7.9825 79.31593483622098
7.9875 3.949408071752662
7.9925 0.07002623686135616
7.9975 52.42947595471252
8.0025 -25.582251619313613
8.0075 9.975110639510513
8.0125 84.39875561304513
8.0175 -25.90470887567345
8.022499999999999 75.80515404197568
8.0275 62.08168984568086
8.032499999999999 -11.375212201031534
8.0375 -165.27233048364928
8.0425 227.24967620066843
8.0475 -184.3685881879674
8.0525 63.714591468859055
8.0575 221.40794591573396
8.0625 -286.40602377465126
8.067499999999999 277.00730943499775
8.0725 -112.19226938280464
8.077499999999999 -184.2433425216702
8.0825 25.705534834590647
8.0875 -85.50980329783083
8.0925 130.34716233372498
8.0975 267.74516722521173
8.1025 -34.384388020196056
8.1075 -161.58371404644927
8.112499999999999 -197.28613885829023
8.1175 209.1206523648888
8.1225 146.96123714250214
8.1275 -33.99753436919675
8.1325 -102.93763419951384
8.1375 -143.94610576265453
8.1425 169.27655875750807
8.147499999999999 23.41361915787804
8.1525 88.01631861554398
8.157499999999999 -253.67754494141104
8.1625 258.9802056784837
8.1675 -60.83541633769343
8.1725 -83.27821805514868
8.1775 -84.77863752323711
8.1825 -11.916480246032842
8.1875 86.61097517220918
8.192499999999999 18.975404459739025
8.1975 194.7963023511369
8.202499999999999 -220.10190245783303
8.2075 142.6582486623183
8.2125 -92.68657931399663
8.2175 129.39840397965867
8.2225 -188.8363872892016
8.2275 215.9307332100999
8.2325 219.19664040819998
8.237499999999999 -125.64223851512563
8.2425 -139.87696686198603
8.2475 -48.97342470086268
8.2525 277.23745846402096
8.2575 -267.1530613167726
8.2625 154.23454847181634
8.2675 135.8485449382433
8.272499999999999 -104.76081962116558
8.2775 -4.955971753568353
8.282499999999999 -1.7090253535237134
8.2875 -227.67219266849673
8.2925 410.3947289429512
8.2975 -195.2632354252917
8.3025 70.58492116571946
8.3075 119.47076112752971
8.3125 -216.5428571321451
8.317499999999999 -127.61095453580992
8.3225 21.43363318916009
8.327499999999999 105.27298302010664
8.3325 -175.01164330374877
8.3375 -201.79696779695593
8.3425 -64.22647327700064
8.3475 24.808870778424087
8.3525 84.61184181863499
8.3575 -76.29173320618763
8.362499999999999 361.17986802746407
8.3675 -105.80934164794543
8.3725 118.04828388737958
8.3775 -65.18104529681543
8.3825 292.92744135167294
8.3875 -9.191592135087028
8.3925 -135.7811315745151
8.397499999999999 -252.54611329011644
8.4025 65.73171426381509
8.407499999999999 15.034416479228108
8.4125 -17.640953029837494
8.4175 -8.577555500957303
8.4225 196.40301734581033
8.4275 130.4636432890123
8.4325 -274.2525171706564
8.4375 40.64802402356831
8.442499999999999 -138.80868347713954
8.4475 33.46358873765724
8.452499999999999 367.8504843184346
8.4575 -85.0547991468142
8.4625 -457.26684572657877
8.4675 88.89494919887017
8.4725 -56.82060235512679
8.4775 192.51166355965398
8.4825 -93.3541655704383
8.487499999999999 272.4767303229467
8.4925 94.04047577286113
8.4975 -286.60058321361186
8.5025 87.58441140706692
8.5075 61.038515149232055
8.5125 -289.1268529647581
8.5175 74.47242242130264
8.522499999999999 112.04131947672737
8.5275 -12.248848182688748
8.532499999999999 66.36875397140187
8.5375 -94.94659917453771
8.5425 158.7374220098516
8.5475 65.17210807854477
8.5525 -8.340500786538588
8.5575 -97.09972953612517
8.5625 -55.294372063824866
8.567499999999999 151.2671054807406
8.5725 -82.29778836804346
8.577499999999999 -133.85795260205325
8.5825 -116.03766465563068
8.5875 166.80204486896432
8.5925 -39.673711436035624
8.5975 6.673145344786299
8.6025 41.27263847133675
8.6075 68.38394931681097
8.612499999999999 -129.78838881508034
8.6175 81.66163869791815
8.6225 -18.32294962964919
8.6275 71.96469818757492
8.6325 -0.8614828385553632
8.6375 -269.8656838456735
8.6425 271.26232710374063
8.647499999999999 -36.81903180956418
8.6525 -48.734708337558196
8.657499999999999 -33.02803487898302
8.6625 30.068329779382783
8.6675 -87.4329908232842
8.6725 71.65923980458837
8.6775 -158.78931945736076
8.6825 129.02129258081368
8.6875 -85.20255247097968
8.692499999999999 198.87311446950613
8.6975 69.6294814778058
8.702499999999999 226.50665782193826
8.7075 -211.90491139579515
8.7125 -263.0311701299835
8.7175 50.106530814082404
8.7225 142.04669923813782
8.7275 -214.6156475953009
8.7325 -79.30245992695998
8.737499999999999 -53.43638965126024
8.7425 -60.00339237063392
8.747499999999999 392.3245017924364
8.7525 -357.6404393169084
8.7575 163.28467577110308
8.7625 286.70283935965404
8.7675 -435.6458478091764
8.772499999999999 147.94617886162297
8.7775 37.40588414161835
8.782499999999999 -16.389842739323672
8.7875 91.31908465120802
8.7925 -110.92099232242364
8.7975 154.36783125270955
8.8025 -85.77884277953342
8.8075 177.79263798673315
8.8125 -114.8232084078768
8.817499999999999 8.283127582240368
8.8225 -124.00136576697099
8.827499999999999 -4.304368801439124
8.8325 -144.14204716767642
8.8375 -41.023825630442346
8.8425 -47.57710961450298
8.8475 42.1792637362419
8.8525 74.97644731980138
8.8575 157.11220649965378
8.862499999999999 -146.82743387917563
8.8675 85.4929357457743
8.872499999999999 246.10746334150141
8.8775 13.977462781771786
8.8825 -173.00465567222142
8.8875 93.20052541955033
8.8925 86.60587969458383
8.897499999999999 -7.254151904477512
8.9025 -93.65817705041978
8.907499999999999 54.88134625861423
8.9125 -181.66596969855516
8.9175 199.05308309697443
8.9225 -248.65085407642368
8.9275 -1.7005547338394487
8.9325 -17.281034723066742
8.9375 79.57925947212391
8.942499999999999 241.27768374143608
8.9475 -191.97283311725081
8.952499999999999 271.7236175390823
8.9575 -197.8160301415516
8.9625 -42.77015748839849
8.9675 162.668420622544
8.9725 52.47293252063116
8.9775 -239.73599174672316
8.9825 -1.260658587136202
8.987499999999999 -61.53589082049799
8.9925 72.13042963685645
8.997499999999999 116.61989560896158
9.0025 -40.24558392706553
9.0075 -175.20053151716667
9.0125 162.66655212284664
9.0175 -83.65337384536676
9.022499999999999 14.464952247455994
9.0275 5.231112018367256
9.032499999999999 -111.54507674788356
9.0375 180.50263178657045
9.0425 -266.0318803765332
9.0475 -123.0272116071591
9.0525 445.74541789768193
9.0575 92.60782047273992
9.0625 -11.112639044126587
9.067499999999999 -105.3263357920279
9.0725 -220.56428902483694
9.077499999999999 100.37115749290852
9.0825 5.324355942981889
9.0875 18.373025947875842
9.0925 54.29850988506447
9.0975 -302.68389805124895
9.1025 99.23592944827193
9.1075 100.74460031629137
9.112499999999999 30.050871939323294
9.1175 56.27333537342113
9.122499999999999 -82.09614935478952
9.1275 158.0155680745594
9.1325 -259.6350867949059
9.1375 -60.736757448322116
9.1425 -68.38888452453268
9.147499999999999 -2.726510547654843
9.1525 35.79136539743432
9.157499999999999 314.88196120167095
9.1625 101.8955432328895
9.1675 -238.41409189774626
9.1725 143.11450655031493
9.1775 -8.136425354946896
9.1825 28.684475743821537
9.1875 100.9791241347116
9.192499999999999 -125.43091725224282
9.1975 -71.86476477087484
9.202499999999999 -80.8326917024729
9.2075 225.37763030143816
9.2125 -89.61897296233202
9.2175 67.96102006845096
9.2225 145.33485105671923
9.2275 -123.85958453627477
9.2325 -134.35773508514765
9.237499999999999 -73.00713127386217
9.2425 176.20762574762884
9.247499999999999 -185.1409538545495
9.2525 -35.76999476110721
9.2575 -34.935463056918685
9.2625 151.079293102078
9.2675 14.457604832941906
9.272499999999999 57.10223499845152
9.2775 -217.43784453879448
9.282499999999999 -7.640004460709402
9.2875 278.2333710396394
9.2925 -86.56630355514933
9.2975 263.42160893188094
9.3025 -330.8400794540241
9.3075 123.78202679820379
9.3125 -1.4224217114971465
9.317499999999999 38.527207390479056
9.3225 -166.78540258954737
9.327499999999999 9.425862784956704
9.3325 148.9150780634128
9.3375 -82.3126716260552
9.3425 3.4207726637192
9.3475 85.831999227402
9.3525 8.429773754542918
9.3575 -44.9403704768844
9.362499999999999 123.64184747703683
9.3675 -126.72259977674813
9.372499999999999 145.9011985783624
9.3775 -45.56213954173345
9.3825 140.9975345527297
9.3875 -157.94105046444668
9.3925 -76.86132336431258
9.397499999999999 -74.12610626599056
9.4025 78.50640773710192
9.407499999999999 -111.68941650732026
9.4125 -152.95836903404282
9.4175 114.12682567624044
9.4225 66.17680720819769
9.4275 -4.19509078090057
9.4325 -226.83061277291463
9.4375 322.84643984573745
9.442499999999999 -75.75315290589181
9.4475 -82.48782820888047
9.452499999999999 23.64747110591412
9.4575 -86.91731727660188
9.4625 -19.665063224154665
9.4675 207.29690086677945
9.4725 -160.97232660277075
9.4775 43.939502297948955
9.4825 271.81626778739343
9.487499999999999 -86.27972122980944
9.4925 -83.14798652110278
9.497499999999999 -185.2437742348665
9.5025 71.68773521447972
9.5075 119.30657263792781
9.5125 -16.395218491903613
9.5175 13.496582804805703
9.522499999999999 138.94313755733248
9.5275 -106.65935242469706
9.532499999999999 -129.2123061468451
9.5375 13.979930780386102
9.5425 121.80036523264458
9.5475 -87.77602578786016
9.5525 62.306840374844725
9.5575 152.55815718922133
9.5625 34.18113972868166
9.567499999999999 -154.4757797436043
9.5725 225.1297972386245
9.577499999999999 -210.25897882941084
9.5825 -70.9227820967321
9.5875 101.20746874568202
9.5925 137.44186160582646
9.5975 -64.6011304936023
9.6025 65.78995717577173
9.6075 40.039008456037244
9.612499999999999 42.51371544481381
9.6175 16.149228401397043
9.622499999999999 -103.98340374202122
9.6275 -46.93824088256457
9.6325 0.05428820603032505
9.6375 -216.853345990021
9.6425 50.10373918342543
9.647499999999999 177.19516435236773
9.6525 95.8623886409514
9.657499999999999 -72.37035486683132
9.6625 95.73374901601383
9.6675 -107.94163501408767
9.6725 -42.872048750661726
9.6775 -35.84671325332821
9.6825 142.3439396436527
9.6875 -41.07850345813491
9.692499999999999 99.22291179509884
9.6975 -131.87792913175687
9.702499999999999 -43.21698794012289
9.7075 129.69280742366124
9.7125 79.9273409648965
9.7175 16.84881389941602
9.7225 -59.23890150918467
9.7275 -80.7245997844887
9.7325 88.29677770618467
9.737499999999999 -142.70831498012404
9.7425 129.7812448301812
9.747499999999999 47.95621636048952
9.7525 -136.95590444147857
9.7575 61.62208392202936
9.7625 232.75721616961195
9.7675 -242.20776973063965
9.772499999999999 9.07649623809649
9.7775 174.66056984293965
9.782499999999999 -192.278281368232
9.7875 -79.26274772916723
9.7925 -216.5021472607815
9.7975 16.912301834766026
9.8025 -184.34885788383934
9.8075 -12.819814582949933
9.8125 -79.15799174106522
9.817499999999999 170.10720266648127
9.8225 -139.06934655364964
9.827499999999999 -0.17874568125799276
9.8325 1.678847767566817
9.8375 290.3136705492072
9.8425 9.605714565401728
9.8475 209.43423161599654
9.8525 -74.67049391597952
9.8575 91.06305098007479
9.862499999999999 -8.858793390824847
9.8675 30.15177144931759
9.872499999999999 34.676826118319816
9.8775 -213.95563534185777
9.8825 104.35586362929568
9.8875 -161.549358784655
9.8925 203.42185855664295
9.897499999999999 -43.0043231996408
9.9025 80.25141381557212
9.907499999999999 -8.25508956002141
9.9125 226.6460447413322
9.9175 -15.341499667444435
9.9225 -14.163794834969952
9.9275 -58.81425100416686
9.9325 -19.245528723941966
9.9375 65.11214792325713
9.942499999999999 -489.997989162103
9.9475 216.61903560163665
9.952499999999999 -157.11094407809767
9.9575 -139.01673539188994
9.9625 282.4174229348633
9.9675 -157.54555447600924
9.9725 -76.84872954476803
9.9775 6.057085204435045
9.9825 -77.2688222263692
9.987499999999999 206.96471083234823
9.9925 69.3027661474878
9.997499999999999 24.819692812868315
10.0025 -6.674595932156966
