0.0075 336.0141343340278
0.012499999999999999 -47.33937302927922
0.017499999999999998 103.18321164107317
0.0225 -87.20698762665282
0.0275 -47.823708941178474
0.0325 257.365010853212
0.0375 -264.0152486548779
0.042499999999999996 316.2219336534247
0.0475 214.44887899710287
0.0525 -251.83335171120353
0.057499999999999996 -315.8536786799761
0.0625 256.0168759526396
0.06749999999999999 -181.78745191697607
0.0725 168.92539450340385
0.0775 112.13951439920201
0.08249999999999999 17.200190530880217
0.0875 10.211789285469015
0.0925 80.9477262810931
0.09749999999999999 37.69613846361696
0.1025 -32.78662603393156
0.1075 -45.336736633525966
0.11249999999999999 -2.1785651163407724
0.1175 101.50113584290249
0.1225 28.00056774777016
0.1275 15.441100701733564
0.1325 -17.70310038244691
0.13749999999999998 -74.75229841174288
0.1425 -139.7437438862416
0.1475 -46.36863348687199
0.1525 37.46697776566606
0.1575 2.9075936957173103
0.1625 -18.1061747161709
0.16749999999999998 10.50302049068967
0.1725 76.40106859756196
0.1775 225.25618624251817
0.1825 11.537554297129683
0.1875 9.76767059261875
0.1925 -77.56023291282837
0.19749999999999998 -78.15643932280399
0.20249999999999999 -37.55419038379285
0.2075 56.15174341353917
0.2125 -22.13665488443937
0.2175 -84.50401675398786
0.2225 -76.41728401690722
0.22749999999999998 66.94300945746832
0.23249999999999998 -173.34114115060476
0.2375 185.36624202108547
0.2425 -64.75328334504809
0.2475 -151.5892240386342
0.2525 62.08510920012699
0.2575 91.15453456743936
0.2625 155.64705535810612
0.2675 -51.40606393217523
0.27249999999999996 -49.784569631233765
0.27749999999999997 -309.97106502953363
0.2825 323.15708134161684
0.2875 58.90393319992181
0.2925 -85.12125483865535
0.2975 91.0720403058018
0.3025 19.878240091455208
0.3075 -77.96936092240279
0.3125 -48.066133092121795
0.3175 -235.52818937816332
0.3225 97.65116669335254
0.32749999999999996 -67.57941782269258
0.33249999999999996 72.61969865112566
0.33749999999999997 -54.90390589235438
0.34249999999999997 70.47555050970297
0.3475 103.73697731735997
0.3525 -48.529366800044826
0.3575 -216.77281575841744
0.3625 116.32622456420656
0.3675 -112.11392569060041
0.3725 -135.9259995140775
0.3775 287.51209184195136
0.3825 14.30642162757145
0.38749999999999996 -146.91248298518806
0.39249999999999996 180.18383573694152
0.39749999999999996 -386.55582741135487
0.40249999999999997 -66.69542403665677
0.4075 340.94079143269664
0.4125 20.365377700224577
0.4175 -70.10258902236889
0.4225 32.61433378219162
0.4275 34.89048142681046
0.4325 322.7067229124533
0.4375 -320.3572945518876
0.4425 -109.95621566257167
0.44749999999999995 155.46680171864168
0.45249999999999996 274.7311362629887
0.45749999999999996 -85.72462207634429
0.46249999999999997 -108.99578392243843
0.46749999999999997 -86.7722756455183
0.4725 68.38122104408387
0.4775 278.453001336458
0.4825 -193.46904622408397
0.4875 -181.83557210023787
0.4925 168.44201600022274
0.4975 63.090803108492025
0.5025 -110.75204731683165
0.5075 111.83806460598866
0.5125 20.84579107860427
0.5175 8.922085791629064
0.5225 -143.52305137744858
0.5275 81.08617158190711
0.5325 -154.0939820948846
0.5375 48.314205112361556
0.5425 -137.5504594661583
0.5475 9.373211884682295
0.5525 75.7059851311377
0.5575 103.64927915248083
0.5625 -142.7865882746284
0.5675 105.33199024054862
0.5725 -99.20609477148484
0.5775 136.4019511257151
0.5825 21.712361762884797
0.5875 -13.001588549562475
0.5925 100.16268894878017
0.5974999999999999 -234.27891821111035
0.6024999999999999 -54.04701916830101
0.6074999999999999 258.9749130872988
0.6124999999999999 -132.10887358899632
0.6174999999999999 242.94464285071732
0.6224999999999999 -54.425088896955536
0.6275 -226.1505925720786
0.6325 -144.78870701701481
0.6375 190.54785879831502
0.6425 -15.133368802002598
0.6475 71.22202140216969
0.6525 50.6521314098608
0.6575 -352.31600284422126
0.6625 165.94678176588036
0.6675 65.70131377373937
0.6725 60.14239295797773
0.6775 10.196875499856587
0.6825 190.60271400189436
0.6875 -219.54629854628055
0.6925 -91.2368704013561
0.6975 210.73108514762203
0.7025 -21.762649405795525
0.7075 8.363035156057478
0.7125 134.1703906209163
0.7174999999999999 -75.04242851798698
0.7224999999999999 -366.67504300228364
0.7274999999999999 56.47017260562189
0.7324999999999999 227.11888701157204
0.7374999999999999 -147.35607086622292
0.7424999999999999 81.20765143180725
0.7474999999999999 -53.397373798565965
0.7525 -36.78040965765119
0.7575 -159.85533564151814
0.7625 127.83960337011136
0.7675 253.14177072961755
0.7725 10.594638820567617
0.7775 -17.54858861592547
0.7825 -130.81874270874673
0.7875 -57.58848572778708
0.7925 153.19571849770955
0.7975 -82.41271873175096
0.8025 76.7083083713163
0.8075 103.88806630823865
0.8125 -16.304818371194536
0.8175 199.3195766820472
0.8225 -157.9041572010917
0.8275 -88.51238309675382
0.8325 47.22041407495668
0.8374999999999999 -206.19803540526692
0.8424999999999999 -82.47313601154202
0.8474999999999999 194.5123790850846
0.8524999999999999 -263.5782334189052
0.8574999999999999 79.63242618358238
0.8624999999999999 44.68097824333745
0.8674999999999999 -71.38384216053538
0.8724999999999999 148.24878923000043
0.8775 -230.9230581808643
0.8825 120.86520508250237
0.8875 55.855516998071295
0.8925 2.8138055376697055
0.8975 -1.6388763483371729
0.9025 -91.17165870924306
0.9075 380.69348856164237
0.9125 -244.79107635613857
0.9175 52.65544704472938
0.9225 64.15378627025338
0.9275 -2.998277512577616
0.9325 -50.50297855310512
0.9375 42.92994217422427
0.9425 -105.9657321777541
0.9475 -101.71467509387669
0.9524999999999999 384.69785473604225
0.9574999999999999 -214.30130304882414
0.9624999999999999 -318.0872950607799
0.9674999999999999 280.7767215097091
0.9724999999999999 152.09515559633113
0.9774999999999999 82.48110476799772
0.9824999999999999 -87.75565914115914
0.9874999999999999 -383.1566872370894
0.9924999999999999 28.938761972984295
0.9974999999999999 214.52615382852952
1.0025 -66.84656302964004
1.0075 -71.38094861769422
1.0125 -5.26821042193551
1.0174999999999998 -15.605959482705751
1.0225 439.86866817826143
1.0274999999999999 -107.65762154687039
1.0325 -71.89901305448221
1.0374999999999999 35.2430562666017
1.0425 -313.13798437704816
1.0474999999999999 241.50146026539997
1.0525 -133.98792688842957
1.0574999999999999 325.2972998439577
1.0625 -152.83935928810877
1.0675 243.36495843643735
1.0725 -147.89572279057052
1.0775 -145.23093063010162
1.0825 117.86312688363898
1.0875 -378.47842743550905
1.0925 312.40488536319003
1.0975 -120.37550578696485
1.1025 219.11646519153894
1.1075 82.32038484543963
1.1125 -190.83133678246762
1.1175 -50.725553184376366
1.1225 -10.627895483490551
1.1275 141.73815493579195
1.1324999999999998 191.49843538680517
1.1375 -191.84358044019424
1.1424999999999998 -84.07321546376916
1.1475 59.64535309031937
1.1524999999999999 -206.04787697987132
1.1575 141.21182409844155
1.1624999999999999 10.382967016614836
1.1675 -90.15517224135861
1.1724999999999999 89.11513136102188
1.1775 -170.83092681206912
1.1824999999999999 374.29280205300483
1.1875 -218.9214909324871
1.1925 -30.171587546530308
1.1975 -95.3205257024901
1.2025 110.63972785248997
1.2075 75.2024178834803
1.2125 -294.84040949962673
1.2175 26.444137764317734
1.2225 -61.02660622693572
1.2275 161.25852364873637
1.2325 167.17513373008057
1.2375 167.38564443253128
1.2425 -262.4926093041915
1.2475 -70.81572877509376
1.2525 -48.40108297955666
1.2574999999999998 80.98574946042704
1.2625 -80.93122163904822
1.2674999999999998 294.74270275559417
1.2725 -60.99521437934452
1.2774999999999999 35.39687484605232
1.2825 -0.08750078815054181
1.2874999999999999 -294.9436962153611
1.2925 76.25045331083192
1.2974999999999999 -255.07447628726163
1.3025 -52.00574996229144
1.3074999999999999 150.16707970723294
1.3125 216.4552955519621
1.3175 -101.24629537988582
1.3225 95.81376751555243
1.3275 115.23557865917955
1.3325 -279.1151328896283
1.3375 130.38491892289085
1.3425 -41.758019953559604
1.3475 153.93357560657154
1.3525 -23.583117081479053
1.3575 -162.78071719118518
1.3625 0.8472243436818596
1.3675 -207.42831613485896
1.3724999999999998 57.71280885525481
1.3775 -2.6506573550119863
1.3824999999999998 -36.67235116212637
1.3875 4.076561318339444
1.3924999999999998 180.53626951816406
1.3975 66.97676114122658
1.4024999999999999 -136.3971596082518
1.4075 -104.87446572029238
1.4124999999999999 23.284468721966874
1.4175 102.27097877172422
1.4224999999999999 -9.950194590799942
1.4275 -35.060062248637486
1.4324999999999999 54.136150946152156
1.4375 -36.635146438293646
1.4425 -177.59652420603493
1.4475 219.0453256183438
1.4525 -55.06370946055386
1.4575 2.9413632749656147
1.4625 122.82444386218658
1.4675 -90.58169045656683
1.4725 -88.02929776380694
1.4775 161.02673915614008
1.4825 -152.68986089049358
1.4874999999999998 -22.458429480487244
1.4925 69.21804179198612
1.4974999999999998 81.81173659445031
1.5025 3.856014140824299
1.5074999999999998 73.75547777158846
1.5125 32.83144292026366
1.5174999999999998 41.3153536902628
1.5225 -245.3588855182492
1.5274999999999999 -141.38953473613478
1.5325 325.67100057293254
1.5374999999999999 -19.626109216168672
1.5425 -128.30070751471735
1.5474999999999999 150.21330902143487
1.5525 -50.14878548730841
1.5574999999999999 -146.74058706591916
1.5625 35.12219433744655
1.5675 252.43044842180956
1.5725 155.0313673386805
1.5775 12.356652983325091
1.5825 -84.03723394931576
1.5875 55.20790237170449
1.5925 63.29948557609803
1.5975 -194.2597868745911
1.6025 -240.07853748018118
1.6075 161.3245111629773
1.6124999999999998 -91.90256026218944
1.6175 59.02054205532925
1.6224999999999998 64.00935887554917
1.6275 -11.785308409251924
1.6324999999999998 0.03304112753531297
1.6375 303.9183055334824
1.6424999999999998 -264.941374477399
1.6475 -62.515679691157715
1.6524999999999999 139.7422814562672
1.6575 -5.460816949751135
1.6624999999999999 75.87909847006857
1.6675 -160.85883998404063
1.6724999999999999 -158.84566051295292
1.6775 -47.7420602414462
1.6824999999999999 36.436675716287056
1.6875 39.737122262876994
1.6925 -20.376614488967817
1.6975 139.71361656555823
1.7025 -414.5777623742555
1.7075 114.56691551530669
1.7125 470.1903244095681
1.7175 -226.5462668574942
1.7225 -3.9690573198374777
1.7274999999999998 26.367676651350816
1.7325 -161.3993866828912
1.7374999999999998 219.31350637969254
1.7425 -168.8727633408023
1.7474999999999998 -5.620590253518898
1.7525 6.425104641654141
1.7574999999999998 41.70613408548521
1.7625 7.71018004596206
1.7674999999999998 -61.6956654401106
1.7725 -204.34694223003706
1.7774999999999999 103.80670156782658
1.7825 98.4690421701686
1.7874999999999999 -245.3324207201416
1.7925 68.5582848124453
1.7974999999999999 -77.38600242161367
1.8025 221.15140294684872
1.8074999999999999 -283.98966937350025
1.8125 388.4897153871877
1.8175 129.04272243015936
1.8225 103.28259529779187
1.8275 -101.97528974729607
1.8325 24.783435760501803
1.8375 -149.1276170091265
1.8425 14.451254039322722
1.8475 -160.51740140244553
1.8524999999999998 -212.87411113655043
1.8575 6.261860928659783
1.8624999999999998 57.09612132007562
1.8675 -165.34147313068897
1.8724999999999998 235.65337622619538
1.8775 -47.86338297947036
1.8824999999999998 -79.97085937552345
1.8875 115.89483245964693
1.8924999999999998 149.1699603702959
1.8975 -212.66383333863942
1.9024999999999999 -4.22147741782364
1.9075 -78.18314623636532
1.9124999999999999 -117.86647334028002
1.9175 75.63413026467818
1.9224999999999999 27.53906358632755
1.9275 -144.60462005831212
1.9324999999999999 62.40920415699621
1.9375 -29.989837791463138
1.9425 80.12854680202345
1.9475 -172.06334631589218
1.9525 132.8313887363293
1.9575 224.62243009418825
1.9625 -0.2849912057384542
1.9674999999999998 -48.84636198440208
1.9725 173.16970288217718
1.9774999999999998 -28.55773488301303
1.9825 -82.57218860169463
1.9874999999999998 -127.38269150722066
1.9925 -49.93636470446286
1.9974999999999998 164.1202927841299
2.0025 -194.08389552399754
2.0075 313.4392396883915
2.0124999999999997 -220.5298744184396
2.0175 56.41326442089623
2.0225 186.32577240749143
2.0275 -72.60345217784177
2.0324999999999998 65.14162416390509
2.0375 -242.20186842962372
2.0425 20.426763968168537
2.0475 181.4922973887289
2.0524999999999998 -35.270568740384654
2.0575 123.8472850712248
2.0625 76.72105522361777
2.0675 3.7655503332241302
2.0725 5.6671280017553505
2.0775 193.56500710515988
2.0825 -132.9011903584735
2.0875 -63.1110197488793
2.0925 -74.69879037012845
2.0974999999999997 -253.51652071328166
2.1025 46.33440415143055
2.1075 -202.76631491233516
2.1125 154.18203632738212
2.1174999999999997 -121.69457156928812
2.1225 163.3134822467187
2.1275 -333.50780358000395
2.1325 263.393681177461
2.1374999999999997 -106.7271539626582
2.1425 235.33326406854016
2.1475 -364.59486965880814
2.1525 290.3993020481535
2.1574999999999998 15.719997703600006
2.1625 2.7814473336153216
2.1675 70.65469304976992
2.1725 -91.38534533484129
2.1774999999999998 187.4797925588728
2.1825 -154.94843437436754
2.1875 130.49937137174618
2.1925 127.06397019757962
2.1975 -123.74542236279497
2.2024999999999997 87.25597284632383
2.2075 -51.984639336908124
2.2125 40.63174728585271
2.2175 11.786596621367204
2.2224999999999997 64.34730967876555
2.2275 -259.1381718009245
2.2325 16.72764774692987
2.2375 254.4264792763793
2.2424999999999997 -62.71062710697444
2.2475 2.72272775685913
2.2525 -46.80430603475233
2.2575 -125.64450650532164
2.2624999999999997 2.0703842472442213
2.2675 226.11319968243126
2.2725 -189.04383733651431
2.2775 86.19159278366197
2.2824999999999998 123.2340705769619
2.2875 -59.46084190323471
2.2925 348.4632285766046
2.2975 -417.05093594322767
2.3024999999999998 -87.43064598774853
2.3075 193.49634921536565
2.3125 -234.6833898733844
2.3175 103.77393676771129
2.3225 -21.811139604631215
2.3274999999999997 153.5191278994081
2.3325 -39.220010497765664
2.3375 47.85587082118014
2.3425 -299.3140104240057
2.3474999999999997 104.82697898474487
2.3525 -220.08149317775866
2.3575 64.73870062600174
2.3625 -89.8263381376514
2.3674999999999997 62.333995728333406
2.3725 -124.29766034320245
2.3775 215.70322600279664
2.3825 -155.70441645663163
2.3874999999999997 18.826790836205863
2.3925 80.01363512331294
2.3975 217.42978604171952
2.4025 249.08339280819195
2.4074999999999998 -176.99808743902622
2.4125 159.33327472072958
2.4175 -130.39789762705615
2.4225 130.5863310844914
2.4274999999999998 -18.27275278003361
2.4325 72.60048100015402
2.4375 -268.50050928053724
2.4425 231.19084313608
2.4475 126.3761191408289
2.4524999999999997 -102.85000603758112
2.4575 1.1856535880883492
2.4625 -230.82848288442304
2.4675 -377.72100608214004
2.4724999999999997 372.423647064926
2.4775 -109.2208420792933
2.4825 142.78563297126203
2.4875 -259.46678800072334
2.4924999999999997 73.1244354216922
2.4975 -203.76254105378305
2.5025 277.1073652252696
2.5075 233.8852354897824
2.5124999999999997 70.50662813354225
2.5175 -173.8750844136235
2.5225 61.69216792447996
2.5275 194.01266226264858
2.5324999999999998 -68.50529416102873
2.5375 13.047447585021539
2.5425 -239.9842714072814
2.5475 89.27751398514164
2.5524999999999998 -60.800329597742994
2.5574999999999997 50.911435744971286
2.5625 -58.63467239311421
2.5675 58.607755470713656
2.5725 -84.45911407457105
2.5774999999999997 68.3369673393507
2.5825 -134.54694778590738
2.5875 107.23716542891967
2.5925 150.92689010852487
2.5974999999999997 74.41654480626919
2.6025 -195.9221876341178
2.6075 112.1995321884944
2.6125 125.43910128091719
2.6174999999999997 -402.31555783992746
2.6225 -16.79424054980512
2.6275 -60.81157743958304
2.6325 105.47894642589955
2.6374999999999997 80.34286266463245
2.6425 95.54915585179457
2.6475 71.70657758649803
2.6525 -193.77098287989446
2.6574999999999998 -26.57288028832314
2.6625 -26.053401581482525
2.6675 11.791558935492981
2.6725 5.6729637736973935
2.6774999999999998 156.91466713263716
2.6824999999999997 -183.8610878800316
2.6875 295.4297303566332
2.6925 1.4895005874626777
2.6975 86.87307225644476
2.7024999999999997 80.92757806463841
2.7075 -262.8140520441664
2.7125 -288.76612672924495
2.7175 164.57877734479402
2.7224999999999997 -161.1518854761505
2.7275 -18.16511982873563
2.7325 115.316635491895
2.7375 104.52448441071485
2.7424999999999997 -314.39806478195396
2.7475 -8.648651651272115
2.7525 7.334094742936799
2.7575 -87.26780492328051
2.7624999999999997 169.83639100492488
2.7675 58.39032237163775
2.7725 -161.26902724872517
2.7775 266.4312295534662
2.7824999999999998 -143.08834123849687
2.7875 67.42703825117789
2.7925 42.70501297016541
2.7975 -14.274592919487635
2.8024999999999998 63.42797730007364
2.8074999999999997 104.91938076865084
2.8125 -3.8291835378463834
2.8175 30.92346235065691
2.8225 -245.8130959516479
2.8274999999999997 0.8649885124241329
2.8325 -38.73299368355419
2.8375 24.948355070337424
2.8425 50.00220458091078
2.8474999999999997 -0.3196584543483958
2.8525 244.16541502220167
2.8575 -113.53853223089858
2.8625 177.9847834425108
2.8674999999999997 -176.7312593661908
2.8725 -127.46760297586103
2.8775 -192.06878544533518
2.8825 450.07517460979744
2.8874999999999997 -27.718981159015435
2.8925 -259.6623182700196
2.8975 12.859033141544485
2.9025 -66.42899663858037
2.9074999999999998 56.79723926651678
2.9125 205.71301367502807
2.9175 -69.05282720656453
2.9225 29.682113523632346
2.9274999999999998 -216.2244605730148
2.9324999999999997 356.90016947491614
2.9375 35.4920462202139
2.9425 -316.738086167635
2.9475 -41.66013609680922
2.9524999999999997 -38.290404528766025
2.9575 40.433682633569084
2.9625 83.05248618572688
2.9675 -29.77059303718773
2.9724999999999997 126.35209602443848
2.9775 -409.1359204336843
2.9825 204.7018666424055
2.9875 -2.0350890774683847
2.9924999999999997 27.51086634688086
2.9975 -159.2854242856635
3.0025 -126.97817369168823
3.0075 103.87609290954431
3.0124999999999997 -157.94400019386325
3.0175 165.4089209695525
3.0225 153.17349387807008
3.0275 -37.248824373115276
3.0324999999999998 156.44577213380018
3.0374999999999996 -113.9015504049841
3.0425 -226.97488358208085
3.0475 234.0106273464432
3.0524999999999998 60.54625416692637
3.0574999999999997 -178.11121350076402
3.0625 -64.54978372716594
3.0675 223.27213220783946
3.0725 144.6597642214221
3.0774999999999997 14.810928388456938
3.0825 -209.10887529024714
3.0875 387.4826656322817
3.0925 -136.3911527764783
3.0974999999999997 -147.42188337309778
3.1025 -12.789153029254528
3.1075 182.93714293877696
3.1125 -131.3199266981986
3.1174999999999997 -234.68798006658457
3.1225 81.1527291201402
3.1275 68.47576554975545
3.1325 -54.12766927337108
3.1374999999999997 33.06860027058124
3.1425 -23.094214661587092
3.1475 20.41119857618278
3.1525 -12.667322638284425
3.1574999999999998 111.76959514517797
3.1624999999999996 83.63750923026046
3.1675 -229.70243259449703
3.1725 -79.83717295922027
3.1774999999999998 231.05013589795627
3.1824999999999997 -179.29781239179786
3.1875 166.07405106998354
3.1925 121.19887333704624
3.1975 -452.6927563621388
3.2024999999999997 385.6054937278254
3.2075 -231.86322143632287
3.2125 -66.15331411411579
3.2175 174.63998634500618
3.2224999999999997 -328.2438462318162
3.2275 158.54478600711118
3.2325 171.23134813939188
3.2375 140.65497750300588
3.2424999999999997 259.0409774468793
3.2475 -286.7880524199357
3.2525 -3.955259633832994
3.2575 191.19959070324026
3.2624999999999997 -210.98385315498842
3.2675 224.84891304785455
3.2725 -260.461200118451
3.2775 185.6772298473313
3.2824999999999998 88.84148326429114
3.2874999999999996 -7.2486829900816785
3.2925 -188.7837071771714
3.2975 49.96584910334894
3.3024999999999998 50.424416825408045
3.3074999999999997 17.18494173116712
3.3125 -61.939255955935444
3.3175 -83.54381318135287
3.3225 231.23172406727494
3.3274999999999997 -245.6672592871016
3.3325 169.4061547384879
3.3375 -379.638444155074
3.3425 -56.982750495692976
3.3474999999999997 137.64033482793826
3.3525 73.02412988406647
3.3575 -113.76360091451232
3.3625 -56.98671066237545
3.3674999999999997 199.28895986707695
3.3725 -65.10157642567373
3.3775 -32.1448840231628
3.3825 -267.8685992625421
3.3874999999999997 -12.578420475360875
3.3924999999999996 219.28917719778835
3.3975 27.87488272087513
3.4025 163.2838117873698
3.4074999999999998 19.094448154470378
3.4124999999999996 -73.61861516896877
3.4175 245.4438264618144
3.4225 -82.4016203698867
3.4274999999999998 -32.46750075991934
3.4324999999999997 -189.46170439812389
3.4375 14.389575127482502
3.4425 333.26902379297735
3.4475 67.00431756422776
3.4524999999999997 -368.63668477784626
3.4575 -27.92994530160397
3.4625 -125.56222198935433
3.4675 149.73111004158386
3.4724999999999997 41.77542121229024
3.4775 77.595124381402
3.4825 -89.76348838705717
3.4875 -5.069983394396491
3.4924999999999997 63.46760817865422
3.4975 -164.9834356925572
3.5025 -39.11340758982197
3.5075 110.69272350411698
3.5124999999999997 -1.4814878817887467
3.5174999999999996 -140.845403675893
3.5225 69.17003161335438
3.5275 140.64019872307583
3.5324999999999998 -183.40766247967477
3.5374999999999996 152.73695497793568
3.5425 163.67065043773772
3.5475 -194.46973229009114
3.5524999999999998 86.85530177164719
3.5574999999999997 42.23662746645716
3.5625 198.0462612463978
3.5675 128.5613253261644
3.5725 -242.75857870353215
3.5774999999999997 -40.17754948456464
3.5825 39.122091113204135
3.5875 -206.73244105616854
3.5925 4.707290497159671
3.5974999999999997 124.36568846964805
3.6025 -83.86763917953324
3.6075 42.104210840441255
3.6125 -6.375462815399363
3.6174999999999997 2.540280867186575
3.6225 92.25175627555615
3.6275 -72.23662963310485
3.6325 -134.4858770575602
3.6374999999999997 73.14501707744287
3.6424999999999996 -193.05396559554418
3.6475 246.88035850405413
3.6525 -374.9118378449163
3.6574999999999998 185.37409445685577
3.6624999999999996 446.0183457009378
3.6675 -383.9949830470766
3.6725 298.84324429378165
3.6774999999999998 -233.31127370028807
3.6824999999999997 -1.3351977771045767
3.6875 108.15550592375816
3.6925 38.381462045565804
3.6975 -99.9322640199865
3.7024999999999997 89.62780004438811
3.7075 -337.88097238248196
3.7125 67.16499011637099
3.7175 217.85142299884518
3.7224999999999997 -82.42388762289957
3.7275 -111.23597663267
3.7325 290.4899640219892
3.7375 -296.40183232480564
3.7424999999999997 83.31095574885991
3.7474999999999996 250.72294971148926
3.7525 7.122190297613253
3.7575 57.69519916669879
3.7624999999999997 -214.90771646735772
3.7674999999999996 -121.91505795477086
3.7725 51.21899763754669
3.7775 -27.0864163766193
3.7824999999999998 -17.356471319227783
3.7874999999999996 54.40060970873758
3.7925 176.8323762537555
3.7975 -136.62593344781467
3.8024999999999998 257.57165099801506
3.8074999999999997 112.88368848447034
3.8125 -156.0393075258014
3.8175 -116.31511291230925
3.8225 -200.86336376494194
3.8274999999999997 236.43877059904736
3.8325 -90.08887629308315
3.8375 -216.73340146790036
3.8425 253.24820863061618
3.8474999999999997 -175.43615222385992
3.8525 -80.86881874936752
3.8575 -148.11350932557508
3.8625 159.89171822548403
3.8674999999999997 -21.701764737911162
3.8724999999999996 -98.13897590933705
3.8775 83.0000397677433
3.8825 65.47062406406431
3.8874999999999997 49.12380945157374
3.8924999999999996 93.37945926662292
3.8975 -167.22268994223654
3.9025 -13.469468505676558
3.9074999999999998 106.22062027435457
3.9124999999999996 -19.340393769420768
3.9175 -49.203980194362316
3.9225 307.2629197285518
3.9274999999999998 -356.6019058684402
3.9324999999999997 88.20194292513757
3.9375 -149.70594424551936
3.9425 86.85034366822494
3.9475 33.90801612771102
3.9524999999999997 32.894452940761504
3.9575 -164.3149638725266
3.9625 -228.24876430468092
3.9675 17.136778125025014
3.9724999999999997 38.74601541584633
3.9775 96.555357807859
3.9825 -91.83428554641762
3.9875 6.68186123795196
3.9924999999999997 -1.6016020163114997
3.9974999999999996 -30.117899102585927
4.0024999999999995 52.577671501438395
4.007499999999999 -153.12646995805497
4.0125 116.17528275057516
4.0175 -165.8930868742962
4.0225 95.05912364750816
4.0275 340.27574975704
4.0325 -1.7720580065531035
4.0375 -64.69309528543116
4.0424999999999995 228.50172810976213
4.047499999999999 -14.434062263093367
4.0525 -104.36259891278218
4.0575 -47.86653995445195
4.0625 -53.1283606337605
4.0675 141.5720992623376
4.0725 102.20854403859799
4.0775 -17.589547445136017
4.0825 110.9121019482299
4.0874999999999995 86.6640545115691
4.0925 -140.29308516578024
4.0975 -277.22479240459376
4.1025 361.6804341455151
4.1075 -218.70218816590156
4.1125 364.2814622241426
4.1175 26.395100174021422
4.1225 -223.11682251299655
4.1274999999999995 -102.2047628268161
4.132499999999999 19.749119656806787
4.1375 94.63087193828493
4.1425 -42.81359490877446
4.1475 146.80555611624052
4.1525 -10.678494192125546
4.1575 -6.032275739157914
4.1625 -2.2984059498866674
4.1674999999999995 -128.46612026637447
4.172499999999999 317.8908825832991
4.1775 -43.340386028655956
4.1825 114.69948056862249
4.1875 -302.5468933373847
4.1925 -21.776769473790043
4.1975 268.60900174169603
4.2025 -16.653772005938535
4.2075 -93.40009618785759
4.2124999999999995 -7.488365183511411
4.2175 -19.83947003858026
4.2225 162.6085965256146
4.2275 -448.36003531472886
4.2325 79.96464306124868
4.2375 -90.7420464164374
4.2425 -24.091775069720292
4.2475 -17.078579096494362
4.2524999999999995 31.33041605818914
4.257499999999999 -212.84829952382998
4.2625 -2.6781393011942556
4.2675 25.87455747502921
4.2725 226.50110943051305
4.2775 -108.87670575257182
4.2825 158.12323326405638
4.2875 28.35480134158848
4.2924999999999995 -36.68633517176264
4.297499999999999 -121.16624275310639
4.3025 96.46002313735065
4.3075 -29.829473673354457
4.3125 26.04640286585562
4.3175 -46.83089083791091
4.3225 149.55373968137067
4.3275 -171.80276534810113
4.3325 -25.233946827668742
4.3374999999999995 268.78030026739975
4.342499999999999 -90.0674996038697
4.3475 -42.27605886295737
4.3525 73.05731628087403
4.3575 7.554120451135003
4.3625 -161.18140053422175
4.3675 395.1185720257676
4.3725 -165.75545581827984
4.3774999999999995 -107.95032281396561
4.382499999999999 -47.503882585026275
4.3875 -48.64662173527719
4.3925 54.73883262867046
4.3975 -29.70345257968288
4.4025 -82.69070122144159
4.4075 -35.60441726567397
4.4125 87.95956482876426
4.4174999999999995 -125.11307755865616
4.422499999999999 -73.72118632826975
4.4275 -90.14902750904406
4.4325 237.47520527496823
4.4375 -47.67320523809231
4.4425 298.7320712592719
4.4475 -180.14318751290952
4.4525 135.06425501977225
4.4575 -108.02671992752828
4.4624999999999995 -19.574382154120503
4.467499999999999 151.39884984161895
4.4725 -30.34084256517067
4.4775 -88.452922173005
4.4825 5.129050617363977
4.4875 422.9064952970665
4.4925 -159.05326556678978
4.4975 -25.690010496964437
4.5024999999999995 -17.676344519456883
4.507499999999999 26.97033254330991
4.5125 -26.98790933574451
4.5175 -141.8862985395421
4.5225 35.016974382447856
4.5275 182.3359857941103
4.5325 -176.22773685725852
4.5375 -198.4621048017858
4.5424999999999995 111.80779096335719
4.547499999999999 14.084004634514107
4.5525 -218.56671626326346
4.5575 274.07469442298134
4.5625 -93.40833390300212
4.5675 99.96647493359995
4.5725 -111.47399086115863
4.5775 253.19014302875408
4.5825 -69.69450526727323
4.5874999999999995 -90.08095253852156
4.592499999999999 -166.4342038603079
4.5975 235.91292741380107
4.6025 -510.25218849864615
4.6075 207.72812691171805
4.6125 51.12613767646142
4.6175 35.49609428533284
4.6225 -4.383263701054072
4.6274999999999995 81.12200809025724
4.632499999999999 119.67125851378549
4.6375 86.34607954913115
4.6425 -192.94549313522728
4.6475 -139.01441634691346
4.6525 -216.69496827130885
4.6575 182.6547636850802
4.6625 144.53349627525532
4.6674999999999995 66.59713411018345
4.672499999999999 -477.9694755164004
4.6775 141.91469578740708
4.6825 189.8715761232116
4.6875 161.22069074056878
4.6925 48.98923115562629
4.6975 -139.99034426559297
4.7025 85.51199891655969
4.7075 118.24164728915713
4.7124999999999995 -481.5264704926318
4.717499999999999 -50.023478436848634
4.7225 253.57759387594183
4.7275 -64.96110630279333
4.7325 60.561698501185255
4.7375 9.674212711630323
4.7425 228.7798913965362
4.7475 -160.19872219983995
4.7524999999999995 92.6676264110103
4.757499999999999 118.7237562652199
4.7625 -41.22025179270969
4.7675 226.3829989329545
4.7725 -233.62340604839076
4.7775 59.72840658602126
4.7825 -164.90904466671978
4.7875 184.57467686219073
4.7924999999999995 -21.396234509795402
4.797499999999999 -280.1523015438105
4.8025 -38.75429273792106
4.8075 4.404543017748088
4.8125 106.28850392103482
4.8175 -218.9289830899355
4.8225 135.83329061198182
4.8275 30.608168553700114
4.8325 -26.45656039244636
4.8374999999999995 193.6220321369089
4.842499999999999 -100.47815962818191
4.8475 -104.42258827982563
4.8525 165.15947047024022
4.8575 37.714403442911916
4.8625 98.07045249888719
4.8675 27.29142132101817
4.8725 68.36813259845746
4.8774999999999995 14.100005044809679
4.882499999999999 42.213103318436616
4.8875 -48.28176506275705
4.8925 145.74200135147316
4.8975 -371.7010355977494
4.9025 -224.70048706379805
4.9075 295.85847340232607
4.9125 -82.19542853342656
4.9174999999999995 22.40025492667094
4.922499999999999 187.0066584342436
4.9275 -249.92190283772197
4.9325 105.37386542411781
4.9375 -130.34201422230535
4.9425 89.36277099464155
4.9475 156.75847240054327
4.9525 -41.12245030784737
4.9575 -152.55209246027414
4.9624999999999995 -65.20173985205486
4.967499999999999 41.260886134578435
4.9725 397.761240886651
4.9775 20.782798690427512
4.9825 -86.71754176283481
4.9875 -152.48246084528546
4.9925 -5.681727826784833
4.9975 92.9805127382162
5.0024999999999995 56.701054428646124
5.007499999999999 -56.61277123914344
5.0125 -152.8807526092912
5.0175 234.9523719842513
5.0225 93.64434067857648
5.0275 -41.776866700762085
5.0325 49.84564684011687
5.0375 -42.51142771694494
5.0424999999999995 -78.64374325436333
5.047499999999999 12.227782559199555
5.0525 -0.2833366624149083
5.0575 110.01572079870765
5.0625 -127.36941647479347
5.0675 48.22982866624015
5.0725 240.68949266882413
5.0775 -303.88325274232926
5.0825 -163.4166802745097
5.0874999999999995 -9.512004831707618
5.092499999999999 159.93543585502232
5.0975 61.93854461020559
5.1025 -73.88986474369365
5.1075 160.7697688666374
5.1125 -116.99542483595017
5.1175 -130.0391401586185
5.1225 309.443745071604
5.1274999999999995 -152.14091475916553
5.132499999999999 -27.80978340191289
5.1375 -189.04280396653976
5.1425 106.34355712225702
5.1475 30.46739078629207
5.1525 48.276289042799
5.1575 -93.69572073588775
5.1625 -45.84370297161869
5.1674999999999995 50.5888508516603
5.172499999999999 131.0053826696415
5.177499999999999 149.50253726311516
5.1825 8.009488433254653
5.1875 -50.41762074988916
5.1925 152.84582166537186
5.1975 -343.91667958185866
5.2025 -61.50354577489218
5.2075 -153.67908305293514
5.2124999999999995 198.16925589689762
5.217499999999999 117.06218659330509
5.2225 63.305889266680474
5.2275 -108.31227094301322
5.2325 55.33807377164042
5.2375 -153.3883405524945
5.2425 429.05979290632195
5.2475 -664.4050920866803
5.2524999999999995 87.15298186672113
5.257499999999999 193.57404597244576
5.2625 40.144377298881544
5.2675 89.89922536664174
5.2725 -23.003627575771855
5.2775 -45.498275866884455
5.2825 45.86064039503714
5.2875 -144.00612039391925
5.2924999999999995 -126.60813772222534
5.297499999999999 19.309703793476448
5.302499999999999 299.5250682547481
5.3075 -45.575608792861566
5.3125 -27.561964550223678
5.3175 -208.43021383081071
5.3225 237.4078240178545
5.3275 22.712260690498354
5.3325 -254.60111610048594
5.3374999999999995 168.2273785451306
5.342499999999999 22.04794141366836
5.3475 -190.2285537798953
5.3525 114.40822804671514
5.3575 168.14671883439308
5.3625 59.32097733215761
5.3675 -86.13609755314407
5.3725 -80.84633464512218
5.3774999999999995 8.338144371568168
5.382499999999999 55.62685684750411
5.3875 243.25296063037104
5.3925 -67.95723247482152
5.3975 -49.42510108023522
5.4025 73.91631269898707
5.4075 -103.88378639125587
5.4125 113.6577338270128
5.4174999999999995 -125.04201667298352
5.422499999999999 -147.98332437243712
5.427499999999999 194.91790720629845
5.4325 -152.51364426305128
5.4375 258.77994435479536
5.4425 56.76395576035876
5.4475 -168.34848226077827
5.4525 -44.472977185990786
5.4575 79.80592480188749
5.4624999999999995 -135.6745376143164
5.467499999999999 53.007983461850785
5.4725 1.1754915814245348
5.4775 -133.33626024940924
5.4825 182.91875137520674
5.4875 -123.59380256010087
5.4925 164.48857236387727
5.4975 48.069751797063816
5.5024999999999995 159.0887636398426
5.507499999999999 46.92033433940875
5.5125 247.70057536436912
5.5175 -107.26846987357223
5.5225 -172.9123217859101
5.5275 51.523249653968094
5.5325 -14.623253383997431
5.5375 -61.068704314623695
5.5424999999999995 137.1136531863489
5.547499999999999 95.85012878283162
5.552499999999999 148.74610595141675
5.5575 -510.6439428822319
5.5625 139.3070449135803
5.5675 118.8182882045731
5.5725 -32.752231165207085
5.5775 -3.019758416703768
5.5825 78.06926249565731
5.5874999999999995 -2.993547576653632
5.592499999999999 -340.94042010127794
5.5975 -12.761695557786604
5.6025 3.7991906965074493
5.6075 176.3211844746571
5.6125 22.67174714318751
5.6175 157.26386972522818
5.6225 106.55386166882674
5.6274999999999995 -156.9693294333604
5.632499999999999 -87.1258797391569
5.6375 154.4908009021571
5.6425 -214.7812328542188
5.6475 -113.07670387817927
5.6525 43.55860064088872
5.6575 -69.6074108120146
5.6625 30.756241364996935
5.6674999999999995 327.94168298752123
5.672499999999999 -221.18930901599035
5.677499999999999 9.77754600827265
5.6825 -60.75213599033814
5.6875 237.02214357412993
5.6925 -133.90605923211302
5.6975 62.6949998702804
5.7025 -46.515183997253416
5.7075 96.8142184400836
5.7124999999999995 -43.72298660590756
5.717499999999999 -261.8279781721303
5.7225 239.90418724708445
5.7275 -117.7155922528888
5.7325 169.99735146392288
5.7375 211.72737602863688
5.7425 181.76680210046175
5.7475 -46.879548412212436
5.7524999999999995 -21.457496167231376
5.757499999999999 -37.01325511595594
5.7625 119.33521384342936
5.7675 75.59007604202534
5.7725 -63.31762397111771
5.7775 -162.83425602356925
5.7825 45.260769225549495
5.7875 -87.10457621091753
5.7924999999999995 -57.378228720224854
5.797499999999999 -62.17679253274089
5.802499999999999 -135.9502421133901
5.8075 128.6159086761962
5.8125 118.70996726379148
5.8175 -227.4850045266344
5.8225 -134.41716258643706
5.8275 69.29628771691746
5.8325 242.01921284695678
5.8374999999999995 133.20467392149828
5.842499999999999 -144.60849416874095
5.8475 -29.218027411410773
5.8525 33.389473381317394
5.8575 52.05442003711911
5.8625 -41.34668264046982
5.8675 -179.8255053917445
5.8725 61.26858483281037
5.8774999999999995 177.6185343429627
5.882499999999999 -178.8691646132726
5.8875 6.368619632634584
5.8925 82.0844496518255
5.8975 96.03518709820794
5.9025 269.1047568184357
5.9075 -228.88463396302066
5.9125 238.3377013140637
5.9174999999999995 -305.07363416098985
5.922499999999999 -1.6843406303390533
5.927499999999999 -40.02690840727538
5.9325 86.63906188068785
5.9375 -91.99719135045262
5.9425 -87.88295449899053
5.9475 85.84318193492162
5.9525 81.57876718356
5.9575 12.330754524844073
5.9624999999999995 -396.4669766745357
5.967499999999999 380.1245102713761
5.9725 -11.507403488615632
5.9775 -107.00944337704735
5.9825 248.11808056658694
5.9875 125.5713389520325
5.9925 -55.04862750996867
5.9975 28.874642695271763
6.0024999999999995 -50.6879976563047
6.007499999999999 100.35372018002879
6.012499999999999 43.8491813911003
6.0175 53.657341845822465
6.0225 69.82102480297674
6.0275 186.7684526187437
6.0325 -111.58881279924987
6.0375 -200.27820084609996
6.0424999999999995 -114.09096429842252
6.047499999999999 -251.19501458058747
6.052499999999999 167.79254419042437
6.0575 173.51462687363025
6.0625 -167.48792689547057
6.0675 182.50578415798836
6.0725 0.3591857430425856
6.0775 65.41036415931818
6.0825 -64.8798352505351
6.0874999999999995 -194.4117402933007
6.092499999999999 113.44365973444827
6.0975 190.73402637090604
6.1025 -150.3364528887415
6.1075 26.296803668323797
6.1125 -159.68892758481098
6.1175 -55.61145540978756
6.1225 88.23184734170209
6.1274999999999995 164.73129192199107
6.132499999999999 -306.5069005394627
6.137499999999999 154.14355016803515
6.1425 -92.62252839442444
6.1475 175.84731189789397
6.1525 -3.6372588808358017
6.1575 -79.08180116580094
6.1625 -47.62936470864431
6.1674999999999995 -237.6695116111705
6.172499999999999 146.9794513301856
6.177499999999999 -2.2873207464709844
6.1825 -151.26640071423506
6.1875 128.82537249247846
6.1925 50.41970886409317
6.1975 -74.19596460104813
6.2025 -260.00499170622095
6.2075 36.10091974229262
6.2124999999999995 -65.2684129214664
6.217499999999999 248.25276047865347
6.2225 152.29864343740184
6.2275 61.05363450270731
6.2325 -122.15372369094446
6.2375 -70.02230215627166
6.2425 59.85989106754028
6.2475 -47.97564079648048
6.2524999999999995 1.5935272685525477
6.257499999999999 61.58970071692269
6.262499999999999 261.62867583617395
6.2675 18.72887697819274
6.2725 -27.194483293551208
6.2775 221.6699495091924
6.2825 -269.54965764946917
6.2875 175.63881522758183
6.2924999999999995 -232.12922921147432
6.297499999999999 84.04348987052073
6.302499999999999 39.51455828994909
6.3075 211.79598891653706
6.3125 -84.43525517561882
6.3175 -358.74840147708835
6.3225 473.77898019207936
6.3275 -113.46918273304732
6.3325 -48.99078569474068
6.3374999999999995 -155.47564814361718
6.342499999999999 27.399623769970383
6.3475 -68.06348819709963
6.3525 120.08127656082135
6.3575 47.20512658940478
6.3625 222.49058194415346
6.3675 -20.33639069069455
6.3725 -150.43102450081713
6.3774999999999995 231.88169221375352
6.382499999999999 127.33024982627856
6.387499999999999 58.56832249519961
6.3925 -239.55505939448136
6.3975 -157.03172495430988
6.4025 29.135496569286186
6.4075 -8.347035535268821
6.4125 119.32983388014588
6.4174999999999995 -25.818489720413897
6.422499999999999 14.37547608010958
6.427499999999999 80.20581561345989
6.4325 -149.3771863292294
6.4375 65.66990403065813
6.4425 -1.9773442785824666
6.4475 81.78069634060499
6.4525 -63.72665829253828
6.4575 114.33404045049264
6.4624999999999995 -40.91945886924911
6.467499999999999 -167.62879861420146
6.4725 130.90295862179553
6.4775 76.46482601793875
6.4825 -224.965540851428
6.4875 104.9788916945042
6.4925 160.60367924438575
6.4975 -218.43027209930838
6.5024999999999995 -45.78331516675244
6.507499999999999 83.42690510282488
6.512499999999999 11.072664730038255
6.5175 -23.18636643497018
6.5225 -1.8619896864929877
6.5275 71.13014243632163
6.5325 -127.2288305246695
6.5375 105.38330733468347
6.5424999999999995 -129.56510267359866
6.547499999999999 -27.976361498671725
6.552499999999999 53.12850623199397
6.5575 16.053963865419565
6.5625 31.055972730618898
6.5675 5.244620531016291
6.5725 -83.87785360616655
6.5775 236.37755410798616
6.5825 -128.43025382255382
6.5874999999999995 146.26598083985587
6.592499999999999 -164.35666309474223
6.5975 136.0581496815098
6.6025 -160.4846689063215
6.6075 265.6664781547352
6.6125 -142.85596803691138
6.6175 -137.9047799057372
6.6225 78.42424927907194
6.6274999999999995 82.29923237618983
6.632499999999999 -226.62353274117584
6.637499999999999 75.47743498520056
6.6425 -43.75253600752959
6.6475 -17.091799389775467
6.6525 72.85368349949232
6.6575 -180.9538886746025
6.6625 186.57178697271235
6.6674999999999995 82.19337634178714
6.672499999999999 178.20220522532094
6.677499999999999 -41.14528205830401
6.6825 82.34172232247633
6.6875 85.90322117248517
6.6925 -364.42636230321574
6.6975 75.86284831241909
6.7025 -184.95359544236268
6.7075 86.66706608569397
6.7124999999999995 -49.57464951285112
6.717499999999999 92.18450801746137
6.722499999999999 14.11935625403432
6.7275 25.280430745514487
6.7325 220.5888213197309
6.7375 -1.7415155368172828
6.7425 91.96267331864951
6.7475 -77.32495156252382
6.7524999999999995 180.20299022735998
6.757499999999999 -47.81107824508179
6.762499999999999 -250.4789630934663
6.7675 33.27893971582378
6.7725 -88.72437919067167
6.7775 20.791999604007568
6.7825 -26.625627837402316
6.7875 -36.59006940943326
6.7924999999999995 20.033283590883467
6.797499999999999 292.8138697293651
6.802499999999999 -63.64496695943264
6.8075 73.3948125912767
6.8125 -194.56640346422103
6.8175 -133.06953691782442
6.8225 100.45880986638662
6.8275 104.72208772779152
6.8325 98.17706961795535
6.8374999999999995 12.04771708554971
6.842499999999999 59.90382133760753
6.847499999999999 -368.1258353815797
6.8525 24.033455772969685
6.8575 227.16952137960268
6.8625 -130.83467272134243
6.8675 15.66734048727028
6.8725 208.81380339705706
6.8774999999999995 -56.62731079847846
6.882499999999999 -101.37537002313321
6.887499999999999 109.38084236629896
6.8925 98.52625941395512
6.8975 -93.70578165277041
6.9025 246.34291219885628
6.9075 -202.76914147867305
6.9125 342.4399301889855
6.9174999999999995 -197.93068875039992
6.922499999999999 75.62856003022833
6.927499999999999 31.313597981899253
6.9325 -160.0762911256925
6.9375 -328.436104455498
6.9425 115.45336282566336
6.9475 140.7654897860206
6.9525 95.75958576137104
6.9575 -133.40530736611228
6.9624999999999995 45.231936959374686
6.967499999999999 177.98597674931577
6.972499999999999 -224.34648778905273
6.9775 113.48595264941544
6.9825 41.85521062323917
6.9875 3.6649889953581543
6.9925 169.24844046875282
6.9975 -61.91613445644124
7.0024999999999995 -48.90840301674702
7.007499999999999 114.83315435281504
7.012499999999999 -155.78623305816768
7.0175 -125.12385301219244
7.0225 97.06697342058595
7.0275 70.3798470078811
7.0325 -39.16695036974064
7.0375 -7.801105451938164
7.0424999999999995 171.96539561422304
7.047499999999999 -118.21818972288636
7.052499999999999 85.9007205409184
7.0575 -53.252872190211804
7.0625 -211.08796832664495
7.0675 237.13402144093752
7.0725 75.46155694847671
7.0775 9.624037968208347
7.0825 126.77235634467446
7.0874999999999995 -40.44172909066361
7.092499999999999 -397.89315321512544
7.097499999999999 109.20258262654676
7.1025 -20.297487474320043
7.1075 33.030638672786615
7.1125 114.61135409624231
7.1175 -191.20291294833595
7.1225 124.218193972166
7.1274999999999995 -168.79402107919077
7.132499999999999 318.71392380385583
7.137499999999999 -120.86499349464933
7.1425 15.618667912337378
7.1475 -80.79034860447251
7.1525 -61.13567239645225
7.1575 136.67778161693388
7.1625 -88.2586926163502
7.1674999999999995 80.19485748776131
7.172499999999999 1.2854298929124712
7.177499999999999 20.67345382497021
7.1825 -100.64016776285527
7.1875 86.06033646964123
7.1925 -105.97984303483462
7.1975 46.4357863133185
7.2025 -159.91967486269857
7.2075 132.1426190882837
7.2124999999999995 262.0854471010416
7.217499999999999 -139.5673647519594
7.222499999999999 -3.560261692674024
7.2275 -70.77129190475644
7.2325 170.07549001591386
7.2375 -114.67070330476271
7.2425 321.8174017969284
7.2475 -480.42308852523115
7.2524999999999995 -2.6421885775105216
7.257499999999999 304.46288950752404
7.262499999999999 -50.145836415814266
7.2675 2.399272300590562
7.2725 -201.08799532489405
7.2775 -25.417896675337285
7.2825 208.33870734774564
7.2875 -55.29050627611479
7.2924999999999995 -21.808876713334023
7.297499999999999 160.4236993006516
7.302499999999999 -15.793081042818283
7.3075 -60.772242099757406
7.3125 77.34429435034137
7.3175 -174.34841986251593
7.3225 111.99482725672298
7.3275 113.53402783078313
7.3325 -150.1261550899887
7.3374999999999995 18.642756511297485
7.342499999999999 -247.5414463290836
7.347499999999999 373.45893827166583
7.3525 -8.785409249472194
7.3575 -7.625999923893354
7.3625 -165.81395354359307
7.3675 93.80565431033419
7.3725 -44.880492956653804
7.3774999999999995 270.32823489328456
7.382499999999999 -138.6346016763937
7.387499999999999 -203.908547462316
7.3925 391.68329243566586
7.3975 -219.7194681869233
7.4025 -94.47971506625969
7.4075 -344.3045016946729
7.4125 295.92743919981694
7.4174999999999995 138.76103226098488
7.422499999999999 -76.85705042130753
7.427499999999999 -50.389495355571675
7.4325 299.5234289752249
7.4375 52.83293504147278
7.4425 8.381376454354157
7.4475 -65.65577679130914
7.4525 69.68394120421327
7.4575 37.88554393564828
7.4624999999999995 -116.11019731377617
7.467499999999999 71.8364612111637
7.472499999999999 -20.515078737947793
7.4775 -123.59784536184038
7.4825 325.7906224498942
7.4875 -202.746668822278
7.4925 -96.04040205454632
7.4975 68.0056862905469
7.5024999999999995 179.90471925215292
7.507499999999999 -178.0015773072553
7.512499999999999 -233.74066058886967
7.5175 93.42001215769497
7.5225 380.7140954816143
7.5275 -102.48658153060366
7.5325 96.88911435559281
7.5375 -210.6574191523009
7.5424999999999995 -162.98097088297337
7.547499999999999 55.63586985843853
7.552499999999999 -54.33824050468524
7.557499999999999 -189.44456301875255
7.5625 80.17779321689862
7.5675 152.64461924944155
7.5725 -13.31627758422286
7.5775 29.47692804531905
7.5825 18.599218626166664
7.5874999999999995 109.2048806180055
7.592499999999999 -181.27056877990864
7.597499999999999 14.313572125902645
7.6025 85.90854560711567
7.6075 -280.15702621635506
7.6125 -53.978110873230406
7.6175 247.03322072746246
7.6225 -117.48649734718074
7.6274999999999995 212.8328312411947
7.632499999999999 32.34849338250604
7.637499999999999 24.94895483242337
7.6425 188.95102974605433
7.6475 -187.2935726156565
7.6525 89.5702073571677
7.6575 -20.871247413213236
7.6625 57.40975202071729
7.6674999999999995 -83.851972335909
7.672499999999999 -28.342511876959414
7.677499999999999 27.82857787717842
7.682499999999999 -192.77300824380018
7.6875 140.70018756378136
7.6925 -180.61960092029983
7.6975 102.53322665178045
7.7025 107.53447873223965
7.7075 -237.0906180351511
7.7124999999999995 121.32333331237913
7.717499999999999 -33.11803998306594
7.722499999999999 43.43112774268998
7.7275 -47.76134973754703
7.7325 62.31311906016573
7.7375 159.31183144976634
7.7425 165.16831873739855
7.7475 -358.59585321426295
7.7524999999999995 94.66968857206783
7.757499999999999 79.15022088767604
7.762499999999999 26.774348241745642
7.7675 -2.0268250454267136
7.7725 -91.37370010785435
7.7775 155.75361431683157
7.7825 110.23768803599278
7.7875 -124.88924208484268
7.7924999999999995 -32.716295968492666
7.797499999999999 77.67071203655266
7.802499999999999 2.29786776934004
7.807499999999999 -61.748612405477914
7.8125 25.858689438726284
7.8175 131.33948225812958
7.8225 29.91380274906101
7.8275 -50.7783209316741
7.8325 -2.198199626963186
7.8374999999999995 -81.27374974018512
7.842499999999999 -167.80870855498915
7.847499999999999 -14.80821616903711
7.8525 217.83969197877354
7.8575 130.49883871774796
7.8625 -258.841582212276
7.8675 243.19885723475093
7.8725 -203.82814789410673
7.8774999999999995 1.4254643395606388
7.882499999999999 -119.2807636568971
7.887499999999999 51.4497699822788
7.8925 -50.215661723165915
7.8975 6.138609688412785
7.9025 -158.519423886994
7.9075 196.58707561909512
7.9125 77.46191351143023
7.9174999999999995 -100.79044698280879
7.922499999999999 277.2788084939076
7.927499999999999 -110.88862201259657
7.932499999999999 -6.551329280077077
7.9375 123.64301922043418
7.9425 -16.016212013295185
7.9475 -133.89243497446074
7.9525 -119.37051953996406
7.9575 97.76510359419277
7.9624999999999995 -54.71433791348319
7.967499999999999 99.27455607405744
7.972499999999999 139.83912605874932
7.9775 -306.50681027250556
7.9825 47.76020442618325
7.9875 141.82742764062732
7.9925 36.83687519216686
7.9975 60.64746237412418
8.0025 -122.66403895288732
8.0075 3.372891701052436
8.0125 -58.42239609003399
8.0175 243.49539353168265
8.022499999999999 -73.10760563438308
8.0275 94.51862168738275
8.032499999999999 -205.59344337918483
8.0375 -63.126879495359624
8.0425 -23.44483714946746
8.0475 84.89438644113419
8.0525 164.35680326511564
8.0575 -123.29538730250515
8.0625 -135.69522480082463
8.067499999999999 170.9414849851732
8.0725 17.540675223642147
8.077499999999999 334.0294054025218
8.0825 -15.256106862755257
8.0875 76.40768719850573
8.0925 -117.92836663614361
8.0975 93.88615611968885
8.1025 -279.98431026257106
8.1075 -71.74962439832812
8.112499999999999 110.99743435564014
8.1175 -460.69103734999055
8.1225 245.2661550362979
8.1275 152.32470052098037
8.1325 -265.4343553584261
8.1375 113.16678092607975
8.1425 -33.82064613453929
8.147499999999999 72.85019835280332
8.1525 -6.643143292533363
8.157499999999999 150.27909836944025
8.1625 -146.57729598250995
8.1675 36.47306751116695
8.1725 201.87924626003684
8.1775 -144.3440725129805
8.1825 12.79914266024204
8.1875 -27.751383641249266
8.192499999999999 40.27598218020499
8.1975 288.2898340711804
8.202499999999999 -101.56976019921295
8.2075 -142.68254409280195
8.2125 32.51450392248181
8.2175 -154.5651461365935
8.2225 218.65419501101266
8.2275 -30.451797564187583
8.2325 -125.49136255952934
8.237499999999999 -36.473868597516066
8.2425 -77.3001419656622
8.2475 164.1699361893985
8.2525 67.85208364123736
8.2575 -33.07402431466744
8.2625 319.94219102764725
8.2675 -77.2417663507517
8.272499999999999 -189.79145038231712
8.2775 -10.18634689881553
8.282499999999999 -9.168018511299856
8.2875 -63.90012217253914
8.2925 38.72302773777411
8.2975 15.154827336766175
8.3025 -26.313177252220896
8.3075 26.40648433738868
8.3125 -274.02038634769366
8.317499999999999 130.02942317068542
8.3225 -104.01876154601227
8.327499999999999 141.44396729034597
8.3325 0.577828662776393
8.3375 182.54823683296925
8.3425 -248.09320442087164
8.3475 340.52048413679927
8.3525 9.381373050552249
8.3575 -367.9413098846822
8.362499999999999 159.24971015088514
8.3675 33.69773648761725
8.3725 47.51245557744045
8.3775 -32.777537230333344
8.3825 102.68177606208458
8.3875 426.3752760340656
8.3925 -409.71276102855745
8.397499999999999 133.91700890350842
8.4025 118.5296707277847
8.407499999999999 -24.690194467576887
8.4125 16.336004946987995
8.4175 -104.64269754417228
8.4225 -95.69849976922352
8.4275 162.29006127643638
8.4325 -55.55881293092024
8.4375 230.28763202803373
8.442499999999999 87.10381216560114
8.4475 -257.8573915773997
8.452499999999999 -125.681023042294
8.4575 80.94554224179898
8.4625 -1.531876581584518
8.4675 -27.016816341907212
8.4725 152.6775822157923
8.4775 -337.5904739712623
8.4825 299.87500370713235
8.487499999999999 11.669207009413695
8.4925 -140.53876590116087
8.4975 -107.5597203209679
8.5025 22.849445148770133
8.5075 172.1087761227588
8.5125 -66.90597835936451
8.5175 3.2182819698813745
8.522499999999999 -119.3342648561183
8.5275 92.00368267630257
8.532499999999999 112.27390268715209
8.5375 33.326608761676276
8.5425 -76.83185225545957
8.5475 41.01080245072086
8.5525 -238.54631627882853
8.5575 416.300214345534
8.5625 -89.84394736566172
8.567499999999999 -69.09266368590406
8.5725 162.7276904856195
8.577499999999999 171.24064425434733
8.5825 -278.09259873298754
8.5875 103.65066394760863
8.5925 -128.4278849728495
8.5975 -123.51925652773923
8.6025 66.90064741130197
8.6075 381.64790689077785
8.612499999999999 -202.27352232870712
8.6175 42.638070942065035
8.6225 -216.855485027421
8.6275 14.813951410432056
8.6325 370.63678975126305
8.6375 -177.51143555888453
8.6425 -55.913900047505244
8.647499999999999 133.96692416232455
8.6525 -147.67289683293154
8.657499999999999 124.55409639969305
8.6625 -59.71523576850679
8.6675 -9.689837316634657
8.6725 15.723833654527951
8.6775 147.20017640992543
8.6825 -158.43181283104443
8.6875 16.926199788148637
8.692499999999999 -0.6422228204796124
8.6975 100.36933715313293
8.702499999999999 64.52426975855222
8.7075 -146.47485772353951
8.7125 24.826766531652087
8.7175 18.67142456003411
8.7225 19.36524981560585
8.7275 90.13857417432887
8.7325 42.50427860025084
8.737499999999999 -156.5482286830141
8.7425 161.98422261428607
8.747499999999999 241.8861275085844
8.7525 -10.300664341988501
8.7575 -254.40587498809703
8.7625 -194.15792706101996
8.7675 230.67509563891664
8.772499999999999 152.5693866092334
8.7775 9.903665000801606
8.782499999999999 -44.70064986078483
8.7875 -123.19516683424945
8.7925 68.08839292954443
8.7975 -20.184294288993136
8.8025 177.1533502897922
8.8075 -217.19375637044462
8.8125 127.38598506689843
8.817499999999999 89.79333043257546
8.8225 16.835517287133186
8.827499999999999 226.32799161770967
8.8325 -359.10580783602654
8.8375 -139.4134115615799
8.8425 -60.50232547587294
8.8475 -87.53009806839984
8.8525 -120.9315849816797
8.8575 15.31190289540754
8.862499999999999 -92.84670658003101
8.8675 219.79491269460155
8.872499999999999 394.67636525549494
8.8775 -442.84238176221226
8.8825 254.42001058306084
8.8875 0.8074068783005177
8.8925 10.315853402345073
8.897499999999999 -18.554643328950366
8.9025 -22.362353331401803
8.907499999999999 -233.74811208671196
8.9125 -117.60190141503685
8.9175 101.34347420696166
8.9225 -25.783660886055483
8.9275 356.1967897382512
8.9325 -398.41689611460276
8.9375 169.26997400667324
8.942499999999999 4.829324054575741
8.9475 27.410591073686852
8.952499999999999 168.58070999571478
8.9575 -126.03775437282043
8.9625 -0.7099646190842418
8.9675 82.12912995346139
8.9725 196.18255043483148
8.9775 89.8979969432272
8.9825 -166.7318210487456
8.987499999999999 -56.929039362676846
8.9925 -1.2549996647429766
8.997499999999999 94.88205408942936
9.0025 121.50030049772803
9.0075 -101.20224135460973
9.0125 -11.534854249274781
9.0175 -244.01965572933298
9.022499999999999 244.81199960521425
9.0275 -294.6014378624199
9.032499999999999 121.50918192417674
9.0375 -4.676804213999256
9.0425 284.61455514847825
9.0475 26.609305242493438
9.0525 -200.05702429998962
9.0575 103.63864396800633
9.0625 122.78416506159829
9.067499999999999 -35.62436310518962
9.0725 -180.67868682826423
9.077499999999999 107.11470606410778
9.0825 -4.542031436181901
9.0875 54.172366944159116
9.0925 -206.4743458508974
9.0975 146.95358800476228
9.1025 -48.081123723073894
9.1075 8.676950473941783
9.112499999999999 86.05985013338197
9.1175 96.55911546601794
9.122499999999999 13.69429112630198
9.1275 3.4574618395368404
9.1325 -231.82544774117386
9.1375 117.24688963056992
9.1425 -191.865396884759
9.147499999999999 -196.74080656327826
9.1525 243.96251727175726
9.157499999999999 23.574776467266688
9.1625 131.9158833608203
9.1675 -52.982535548648904
9.1725 34.34088118900387
9.1775 23.17099131415079
9.1825 -109.0783287125185
9.1875 -19.203024303362056
9.192499999999999 321.7330082448238
9.1975 -137.41557694687984
9.202499999999999 5.64342832003085
9.2075 -352.7583393567968
9.2125 303.18552021703834
9.2175 -107.25152366483333
9.2225 -180.68305122248685
9.2275 349.94819423635107
9.2325 -308.36962315154125
9.237499999999999 78.38684086245533
9.2425 -216.98951487923193
9.247499999999999 74.62929981370849
9.2525 101.82918175554016
9.2575 -59.80746043969498
9.2625 36.857382634267594
9.2675 148.18251012453916
9.272499999999999 -13.517059850890236
9.2775 -69.37575514062982
9.282499999999999 -203.14174439828358
9.2875 75.81201643607538
9.2925 -77.29871190547131
9.2975 64.06984260550553
9.3025 240.98928709631087
9.3075 -24.290940837428558
9.3125 73.61629900240291
9.317499999999999 -128.39770494024359
9.3225 -222.46631601737874
9.327499999999999 402.6523653877876
9.3325 73.91111484863184
9.3375 36.70416592225469
9.3425 268.3414281111644
9.3475 -253.20614580757035
9.3525 81.09056571422352
9.3575 -128.45488242495531
9.362499999999999 100.67592847854162
9.3675 -229.46023187401047
9.372499999999999 254.66057807691058
9.3775 -44.87146652410182
9.3825 105.04508448054283
9.3875 43.04981738421706
9.3925 -434.53884638022294
9.397499999999999 99.49913473704632
9.4025 -90.40805341138275
9.407499999999999 118.72147064270281
9.4125 94.85289391471612
9.4175 -206.18565198931503
9.4225 24.273445084589106
9.4275 164.4821143289022
9.4325 -75.36635165841395
9.4375 -24.108229413595506
9.442499999999999 -118.22140038433812
9.4475 299.5470270737264
9.452499999999999 -250.40766802030518
9.4575 10.429185277719942
9.4625 6.651542856595334
9.4675 -76.30504008206036
9.4725 -11.183508605956973
9.4775 -39.651657744643096
9.4825 -129.13684389170933
9.487499999999999 257.17197878116957
9.4925 -121.65671208105442
9.497499999999999 -108.3511228414383
9.5025 225.48190205863267
9.5075 -206.15107940751858
9.5125 -55.26464878152898
9.5175 -47.65572423916333
9.522499999999999 65.21869740789963
9.5275 13.666432585321559
9.532499999999999 269.09723202803485
9.5375 -21.45578885852905
9.5425 -41.65274289089409
9.5475 -45.99943742118152
9.5525 -62.728114685127714
9.5575 -121.08613727622276
9.5625 323.2409793465481
9.567499999999999 165.26290245524686
9.5725 -72.47404159940233
9.577499999999999 61.37347411599643
9.5825 -116.33842060385076
9.5875 140.73980528391337
9.5925 -68.75592681536077
9.5975 172.05915719220454
9.6025 -49.97577662645919
9.6075 -59.83775934654771
9.612499999999999 102.44936496416722
9.6175 -204.2275708899363
9.622499999999999 235.30490866454164
9.6275 -158.99207825458822
9.6325 19.928641949699546
9.6375 0.8121241821138724
9.6425 132.31987378573396
9.647499999999999 -69.05193151097018
9.6525 -115.26856438964637
9.657499999999999 112.60151437098685
9.6625 254.47426707723014
9.6675 140.9100699503127
9.6725 -283.5934596708122
9.6775 167.70590528065534
9.6825 262.2087084075018
9.6875 -210.71846856396144
9.692499999999999 -144.60617986080595
9.6975 5.819676527749723
9.702499999999999 -153.2372247183807
9.7075 214.51375278025657
9.7125 -167.43204559607153
9.7175 116.90326937820149
9.7225 98.28385463882732
9.7275 121.37486363917309
9.7325 -132.54355451619222
9.737499999999999 -235.03403910581156
9.7425 265.17415598564367
9.747499999999999 -42.9597506656987
9.7525 4.456063344121121
9.7575 26.24283218615062
9.7625 -203.76159206647196
9.7675 370.83607024419473
9.772499999999999 -101.31411823453367
9.7775 -53.16384081132327
9.782499999999999 -199.55424616449312
9.7875 125.36746392361256
9.7925 265.04790106634096
9.7975 -178.1436798672657
9.8025 -131.19806314793811
9.8075 -122.75479935191832
9.8125 168.84183348634048
9.817499999999999 28.085172492974305
9.8225 137.68045105589445
9.827499999999999 26.34348161982979
9.8325 -161.30192389649514
9.8375 -41.453092119219505
9.8425 -330.86304120995254
9.8475 147.8039934033866
9.8525 59.46654214315645
9.8575 -139.57593471793038
9.862499999999999 -8.708121259596957
9.8675 300.74409666862755
9.872499999999999 -103.74472448554171
9.8775 -16.477898287666047
9.8825 -148.18960384416476
9.8875 254.58212766968845
9.8925 214.49186580640747
9.897499999999999 -253.31424325210295
9.9025 228.12874767426214
9.907499999999999 -5.633486322627173
9.9125 144.30520745610684
9.9175 242.30662047019115
9.9225 -319.88776399998454
9.9275 -148.38733137699595
9.9325 108.21144775202063
9.9375 -44.79344797716182
9.942499999999999 -201.2780335867172
9.9475 107.9698949535418
9.952499999999999 39.01089827522927
9.9575 -300.91453831616025
9.9625 171.30971275352934
9.9675 -51.70293037458167
9.9725 -162.17845394733146
9.9775 4.104109846271491
9.9825 -133.7803431512794
9.987499999999999 339.23976510006037
9.9925 -2.321162170848496
9.997499999999999 60.058205730346785
10.0025 -17.245840610175943
