0.0075 -516.0334915691609
0.012499999999999999 411.378776677076
0.017499999999999998 191.926552090346
0.0225 -29.379801325699553
0.0275 180.1214902180966
0.0325 -103.5310181222706
0.0375 140.83180494563095
0.042499999999999996 5.882404431110166
0.0475 229.0463020833829
0.0525 -106.30903899587756
0.057499999999999996 -91.88448292237113
0.0625 17.78265583618021
0.06749999999999999 -147.39229765415772
0.0725 -87.00705105347522
0.0775 -51.403008540416614
0.08249999999999999 -56.575216763747655
0.0875 140.75663072893445
0.0925 -3.211010150654336
0.09749999999999999 -116.85914778429196
0.1025 141.03858917544585
0.1075 -236.21538461783715
0.11249999999999999 10.256491430129557
0.1175 65.4833272303165
0.1225 107.26689957515966
0.1275 -25.892034263254654
0.1325 -156.40729104045587
0.13749999999999998 97.78965515387786
0.1425 15.082167962760915
0.1475 -51.95610760969871
0.1525 -77.5286297405531
0.1575 110.7468236759172
0.1625 -143.6614985204454
0.16749999999999998 123.34801879406791
0.1725 -13.39909212249868
0.1775 -85.68845634361087
0.1825 11.881427718048688
0.1875 -101.80963540652317
0.1925 199.20354837739077
0.19749999999999998 -12.991621287937535
0.20249999999999999 211.7577323063254
0.2075 104.0973938029937
0.2125 -107.59221168852184
0.2175 -286.7634555951875
0.2225 318.5047384203454
0.22749999999999998 -112.55762068140663
0.23249999999999998 -1.0178481041427674
0.2375 -167.01768973487916
0.2425 370.4296662966439
0.2475 -310.58365002361677
0.2525 34.14585561200262
0.2575 -137.1632523792303
0.2625 96.06582101916133
0.2675 84.71765443015741
0.27249999999999996 -213.95828255854167
0.27749999999999997 527.5394319040875
0.2825 -98.66636047524918
0.2875 -123.75643940544704
0.2925 141.90855473945814
0.2975 64.32371447512273
0.3025 -59.03249571635074
0.3075 -275.2264405312803
0.3125 160.5407394900033
0.3175 294.6863232773322
0.3225 -486.7252548345454
0.32749999999999996 362.27708368269447
0.33249999999999996 -152.12624558911207
0.33749999999999997 11.348268698564864
0.34249999999999997 -176.59927170559837
0.3475 -44.153826055627114
0.3525 -37.59957703094815
0.3575 34.6734388704882
0.3625 -158.38215889901696
0.3675 221.73663757923535
0.3725 168.48338721521156
0.3775 -110.39948800400971
0.3825 96.11016104331716
0.38749999999999996 -156.81368498758584
0.39249999999999996 17.029533874297876
0.39749999999999996 16.17197172707927
0.40249999999999997 118.35147033263557
0.4075 -151.8107728372547
0.4125 284.58558524493134
0.4175 -149.69812391636356
0.4225 56.95910792163528
0.4275 -301.9144327699012
0.4325 301.80560608414874
0.4375 -337.37830833073457
0.4425 334.9748671704672
0.44749999999999995 -204.40859298279736
0.45249999999999996 66.8476928140345
0.45749999999999996 -258.81299600908955
0.46249999999999997 41.47282505503724
0.46749999999999997 -60.024666292364024
0.4725 74.08940064211221
0.4775 -153.37390823451534
0.4825 164.40385458759988
0.4875 40.0273378990368
0.4925 5.165723476705388
0.4975 167.16593965889376
0.5025 -126.46405626313413
0.5075 261.05426797527304
0.5125 -217.4096528258962
0.5175 173.9061422997899
0.5225 60.315253391527044
0.5275 -78.56903984695677
0.5325 16.14538245004818
0.5375 18.43423299775024
0.5425 11.158271227932257
0.5475 59.290001291541316
0.5525 -4.655970442373917
0.5575 -97.84088546804435
0.5625 -40.93691381444992
0.5675 79.65587032823561
0.5725 -53.23248133196543
0.5775 73.15999849748097
0.5825 -72.13808759075687
0.5875 -45.762976415962406
0.5925 165.9186505818455
0.5974999999999999 -233.2259401086175
0.6024999999999999 219.58080999885942
0.6074999999999999 -79.07365240176878
0.6124999999999999 122.21013800619905
0.6174999999999999 -69.94294414505919
0.6224999999999999 -16.079009393264094
0.6275 -96.14777762659023
0.6325 -23.685820351603713
0.6375 51.6375178845434
0.6425 14.215422534283338
0.6475 -142.23196414115674
0.6525 -131.84852088739189
0.6575 102.57309502390972
0.6625 132.82008240518536
0.6675 8.450404705131568
0.6725 82.922990965567
0.6775 -4.872186648125804
0.6825 78.70811122675389
0.6875 76.08885993045756
0.6925 2.983691635503621
0.6975 79.80091932805038
0.7025 -86.18374534810214
0.7075 -152.77601504301717
0.7125 117.70307856829605
0.7174999999999999 -130.41068316519645
0.7224999999999999 26.79466988655253
0.7274999999999999 -113.34450169577842
0.7324999999999999 114.50079957460773
0.7374999999999999 311.10180814855863
0.7424999999999999 -531.2796680139472
0.7474999999999999 83.50414335376452
0.7525 106.70098101893998
0.7575 -51.9917535837135
0.7625 -211.45606276702088
0.7675 -54.44058441757938
0.7725 268.20045888832965
0.7775 -142.03176045147308
0.7825 -34.77283015910708
0.7875 49.148747869646876
0.7925 78.39279569779688
0.7975 -142.62948361525562
0.8025 -31.56956849247933
0.8075 145.5469802483444
0.8125 5.3553754064784735
0.8175 242.33574274857253
0.8225 -144.8204115093441
0.8275 48.11588044913413
0.8325 81.70089403437646
0.8374999999999999 -162.13768565245624
0.8424999999999999 142.5579594411688
0.8474999999999999 -153.67978479299754
0.8524999999999999 83.5436400819619
0.8574999999999999 -107.81509065826052
0.8624999999999999 187.0713054150881
0.8674999999999999 115.22192328179638
0.8724999999999999 -144.342940557442
0.8775 -163.35231427588644
0.8825 7.041604800525668
0.8875 233.76532083734
0.8925 -49.32224214566395
0.8975 179.41980436851645
0.9025 -139.04134195389008
0.9075 -15.228862294985241
0.9125 -38.72923273578311
0.9175 231.10215835072685
0.9225 176.48423923232994
0.9275 -230.5903691780632
0.9325 -4.718955461819474
0.9375 -123.33089254691245
0.9425 112.68853303358168
0.9475 -138.8566999718266
0.9524999999999999 85.5779014272228
0.9574999999999999 -38.9223245471821
0.9624999999999999 -103.05312406045465
0.9674999999999999 -0.877537198490085
0.9724999999999999 -82.902238019712
0.9774999999999999 88.63452823781377
0.9824999999999999 -38.13388451982341
0.9874999999999999 134.91252317288857
0.9924999999999999 28.702043062173164
0.9974999999999999 108.9400518398462
1.0025 -91.18623313846678
1.0075 72.82458266938214
1.0125 103.55673341514748
1.0174999999999998 5.199687011485655
1.0225 28.515753379179397
1.0274999999999999 49.02606514017047
1.0325 -96.86598410573028
1.0374999999999999 14.6054786884963
1.0425 -155.8290899442407
1.0474999999999999 266.643231585134
1.0525 -69.22414902272222
1.0574999999999999 -223.3570807833048
1.0625 168.44481388114278
1.0675 51.93245707477963
1.0725 -74.77678444235411
1.0775 8.972139806285385
1.0825 -4.301396965828954
1.0875 -245.6364395688543
1.0925 261.7723022761135
1.0975 -127.97889211103083
1.1025 242.01397555415198
1.1075 -217.12622791963554
1.1125 -123.55925475730784
1.1175 306.5544030322524
1.1225 -78.51488585710187
1.1275 -3.210671583772558
1.1324999999999998 61.11573399146003
1.1375 128.26193542228287
1.1424999999999998 -8.540617893630607
1.1475 123.7151706947726
1.1524999999999999 0.6694562035683415
1.1575 -181.47652758024458
1.1624999999999999 88.62327651423139
1.1675 111.61046305260916
1.1724999999999999 -151.6072224935533
1.1775 -227.5899583520107
1.1824999999999999 -224.64284355207005
1.1875 309.7261456090913
1.1925 9.33661284423738
1.1975 -204.9756109273953
1.2025 -19.949474537064514
1.2075 -77.83215672645814
1.2125 -138.94919136476736
1.2175 225.48957935545252
1.2225 59.58241846773185
1.2275 -228.47912360571235
1.2325 157.24357058136832
1.2375 -34.55943907226378
1.2425 163.42519221172248
1.2475 -102.10139137067291
1.2525 -53.103903156982696
1.2574999999999998 -69.37981715370424
1.2625 20.08009977189172
1.2674999999999998 -107.81634533277999
1.2725 107.68361797000105
1.2774999999999999 -34.81133130263738
1.2825 224.3256967988333
1.2874999999999999 -260.025517635942
1.2925 44.698330618431626
1.2974999999999999 61.25358999115473
1.3025 4.969802500174877
1.3074999999999999 166.52288729692
1.3125 -255.70001534631513
1.3175 -216.09618902277992
1.3225 168.2357262649052
1.3275 228.72748103270166
1.3325 -68.58785763610578
1.3375 -116.15841381688153
1.3425 59.73350943237781
1.3475 -87.49617953551369
1.3525 25.591033436306628
1.3575 -143.82478091927857
1.3625 191.59207195952519
1.3675 12.9083680469863
1.3724999999999998 -17.92914989681726
1.3775 62.024300061737435
1.3824999999999998 -94.91470914808355
1.3875 96.37001645425386
1.3924999999999998 -111.51485968658096
1.3975 236.41595174387038
1.4024999999999999 16.880448388798897
1.4075 2.376654506507719
1.4124999999999999 153.9309944452995
1.4175 -229.86867722327295
1.4224999999999999 100.31424246578959
1.4275 59.17468143775607
1.4324999999999999 -92.56672637467805
1.4375 49.6639061314831
1.4425 -149.1986511831486
1.4475 -110.82245199067395
1.4525 108.76301675690269
1.4575 150.22225755597128
1.4625 -12.342543442089433
1.4675 -75.29188638603041
1.4725 -78.6100486782719
1.4775 168.83433461808332
1.4825 -21.03799443155562
1.4874999999999998 81.71121946897156
1.4925 142.42067550502583
1.4974999999999998 -172.04753907162163
1.5025 -36.559687735939
1.5074999999999998 158.23558615085744
1.5125 58.608862359407595
1.5174999999999998 -272.2428681113207
1.5225 -39.4169272069958
1.5274999999999999 76.06580264419239
1.5325 -176.3867282860121
1.5374999999999999 81.65273279675509
1.5425 -39.66171408896487
1.5474999999999999 61.803591693227276
1.5525 -130.5350115889397
1.5574999999999999 225.34917716306285
1.5625 -146.76328986357979
1.5675 -51.37673888210135
1.5725 -97.62849758132025
1.5775 108.69601498944579
1.5825 -274.52641883069117
1.5875 284.5761584665815
1.5925 -34.64764607434922
1.5975 8.354408425772952
1.6025 150.11066670987924
1.6075 92.09581110988748
1.6124999999999998 -72.62396659392024
1.6175 -11.771725929673847
1.6224999999999998 -43.7569961623617
1.6275 94.33803780375526
1.6324999999999998 118.10063016956954
1.6375 -135.81737405389978
1.6424999999999998 103.23966549746572
1.6475 151.8131266205354
1.6524999999999999 -84.51704996702637
1.6575 19.88895891431844
1.6624999999999999 -31.16727542519129
1.6675 -80.67034204026683
1.6724999999999999 10.063769502719948
1.6775 1.5724548026700969
1.6824999999999999 73.48982561995777
1.6875 -173.26299018032793
1.6925 -128.7835099410199
1.6975 144.19708237883225
1.7025 -289.1310140609503
1.7075 -45.03390864445519
1.7125 102.38317160604446
1.7175 15.589792946996946
1.7225 49.012979786779475
1.7274999999999998 389.28414961420924
1.7325 -190.47795940889793
1.7374999999999998 56.26167994863655
1.7425 78.63418350989069
1.7474999999999998 95.28528201514432
1.7525 28.817038527304966
1.7574999999999998 -390.71579612187065
1.7625 366.923869922718
1.7674999999999998 -229.94787660938783
1.7725 30.76780102917203
1.7774999999999999 -10.425439601973233
1.7825 133.21372368562436
1.7874999999999999 -76.71296514626621
1.7925 -186.8269770557076
1.7974999999999999 314.49795044993385
1.8025 -141.20472759909367
1.8074999999999999 81.2598768865432
1.8125 66.56895542414925
1.8175 -66.7278686917183
1.8225 -194.7788134900349
1.8275 57.7398243673313
1.8325 107.66840436913787
1.8375 -18.867990465025297
1.8425 96.80928046908767
1.8475 3.198146977667494
1.8524999999999998 -76.77725798391543
1.8575 -214.0866232893199
1.8624999999999998 52.68092216302367
1.8675 -76.88931075940066
1.8724999999999998 115.60976937588316
1.8775 27.831252562123694
1.8824999999999998 -27.405910942490717
1.8875 323.572570605777
1.8924999999999998 -322.1193440450795
1.8975 -42.81774666246816
1.9024999999999999 -72.80227528310112
1.9075 94.33441524996704
1.9124999999999999 -148.82715409955617
1.9175 47.97835413436843
1.9224999999999999 285.59392926483895
1.9275 -346.8734090956908
1.9324999999999999 -229.77295773393604
1.9375 228.56795418667568
1.9425 18.913960294621344
1.9475 31.184345173258194
1.9525 182.8793449797588
1.9575 20.659409023301528
1.9625 -65.27725276721763
1.9674999999999998 145.23369995718824
1.9725 -84.75597288507734
1.9774999999999998 -201.5229902126729
1.9825 -23.859277126042347
1.9874999999999998 9.594027231379354
1.9925 77.79035680921481
1.9974999999999998 -34.34242072748689
2.0025 15.066097549518933
2.0075 152.49242310669996
2.0124999999999997 -218.7969056887238
2.0175 49.919929539026434
2.0225 49.957670338054015
2.0275 103.87448784198739
2.0324999999999998 8.668017992712613
2.0375 -44.65904113579928
2.0425 -46.35905505740239
2.0475 -39.72109106181176
2.0524999999999998 -120.82308646763461
2.0575 179.3572848949814
2.0625 55.0868278020204
2.0675 -80.09223685269369
2.0725 51.61086992083168
2.0775 -54.072578533562314
2.0825 27.209606035326974
2.0875 111.71479303593864
2.0925 -108.73047147260573
2.0974999999999997 -129.24566995243552
2.1025 -228.1928765576421
2.1075 189.85234768231214
2.1125 296.3034573947545
2.1174999999999997 -60.94503358303619
2.1225 -144.88766249781696
2.1275 -81.77103711826115
2.1325 -74.27319719385488
2.1374999999999997 11.70385208603779
2.1425 192.6972255804417
2.1475 12.31695356567551
2.1525 110.01190848364296
2.1574999999999998 -140.382355271822
2.1625 83.22547032514085
2.1675 -256.8209495820918
2.1725 101.77531448827966
2.1774999999999998 0.04909857970544919
2.1825 303.7687257179667
2.1875 370.2367205440241
2.1925 -110.08369694928136
2.1975 -74.3149269765673
2.2024999999999997 -114.01078329204407
2.2075 -54.63247756010563
2.2125 30.74620831112913
2.2175 160.77227127459477
2.2224999999999997 -42.44270857457256
2.2275 101.1261328716165
2.2325 -10.778736256684963
2.2375 56.12935537008042
2.2424999999999997 -90.57984423165573
2.2475 -221.04721974601307
2.2525 113.06515918996344
2.2575 226.5876395158004
2.2624999999999997 -195.36084167578528
2.2675 -50.52076640705483
2.2725 -165.25869458077
2.2775 264.8275917277838
2.2824999999999998 162.94866044408727
2.2875 -122.16790366277611
2.2925 -192.34904559668152
2.2975 4.135038779641896
2.3024999999999998 254.17233371103174
2.3075 -64.76182954357135
2.3125 -61.59295771256151
2.3175 -38.14700671687041
2.3225 -286.9994565810445
2.3274999999999997 182.9471173059641
2.3325 -78.48287122013973
2.3375 385.3182969029372
2.3425 -208.78582590370155
2.3474999999999997 167.16865240465157
2.3525 34.55956039315962
2.3575 -26.880951149689345
2.3625 -274.803251929899
2.3674999999999997 237.77052954720196
2.3725 27.327952595452942
2.3775 15.446492770789733
2.3825 -237.40026685767015
2.3874999999999997 -240.03460773645185
2.3925 337.46371692556204
2.3975 384.0802392670696
2.4025 38.382534722293464
2.4074999999999998 -91.64508231974087
2.4125 -73.17065736716289
2.4175 117.37318047243726
2.4225 -288.55007158290357
2.4274999999999998 -85.34489083038847
2.4325 18.36925657869767
2.4375 258.5801172599099
2.4425 -79.50231018071496
2.4475 254.97339650652188
2.4524999999999997 -112.17900895625539
2.4575 -278.32755263529936
2.4625 169.94251731386126
2.4675 20.983446082997013
2.4724999999999997 110.49246586479421
2.4775 -375.16844575074526
2.4825 21.553059005237994
2.4875 -70.92889143281998
2.4924999999999997 203.74939260563116
2.4975 -51.470659545726086
2.5025 -120.23528962214188
2.5075 -207.11129384409764
2.5124999999999997 348.66102348069245
2.5175 290.6989743981336
2.5225 -295.06089693778534
2.5275 102.21578881721321
2.5324999999999998 -163.90633088378752
2.5375 -22.460364561934362
2.5425 150.05115088044778
2.5475 -78.29660206432574
2.5524999999999998 111.45545613366792
2.5574999999999997 -15.185871801315049
2.5625 18.40089396293924
2.5675 -126.00772152979782
2.5725 -32.33914088359843
2.5774999999999997 -78.26261879187261
2.5825 -17.985629642457386
2.5875 -43.037657234241344
2.5925 116.67975707588494
2.5974999999999997 -7.5797300816698465
2.6025 -38.22327722970975
2.6075 -116.7324277138322
2.6125 -294.93058566354114
2.6174999999999997 183.51893032080648
2.6225 130.50111907688563
2.6275 162.90818703004456
2.6325 -463.4312557114461
2.6374999999999997 -144.662457492676
2.6425 330.67210554193673
2.6475 -85.8964387817528
2.6525 184.49563090358615
2.6574999999999998 131.64910792177915
2.6625 -150.68854955051162
2.6675 47.019954585032785
2.6725 74.54404885709494
2.6774999999999998 27.233938638427826
2.6824999999999997 214.07566486755618
2.6875 33.86393479865414
2.6925 -74.58377368699833
2.6975 4.9448873396595845
2.7024999999999997 -59.26947332226081
2.7075 28.14157789338
2.7125 -99.7834535460627
2.7175 -63.07356133015809
2.7224999999999997 -280.7155776203878
2.7275 208.589586065066
2.7325 0.6822050296370857
2.7375 138.51984158301073
2.7424999999999997 -27.794521443751226
2.7475 -182.55316756681844
2.7525 -260.4761470633538
2.7575 383.7266557006108
2.7624999999999997 -127.88715931909837
2.7675 5.936759350474755
2.7725 -67.6518387656097
2.7775 151.90839957791997
2.7824999999999998 157.34286094468666
2.7875 -200.94018430093158
2.7925 66.508542157685
2.7975 -210.07040260280854
2.8024999999999998 30.83979830294123
2.8074999999999997 -24.79972907786261
2.8125 209.31480606308762
2.8175 -48.121100668851945
2.8225 75.17629652088047
2.8274999999999997 302.1895661923069
2.8325 -304.8629810841256
2.8375 66.38376802439244
2.8425 -139.84725745362937
2.8474999999999997 122.86836097380527
2.8525 -30.5172239363891
2.8575 452.983834929356
2.8625 -226.75278528664793
2.8674999999999997 38.76598086145035
2.8725 152.7219264506517
2.8775 -163.7930658533314
2.8825 184.89343159429112
2.8874999999999997 -334.4211941296583
2.8925 62.95871018031101
2.8975 68.39037774527674
2.9025 98.27306155296993
2.9074999999999998 -80.63554024652024
2.9125 21.590348206310555
2.9175 -47.26174028805138
2.9225 -207.36809123158605
2.9274999999999998 200.16233346926964
2.9324999999999997 212.44127239215467
2.9375 -303.7410417567027
2.9425 -182.43579052118332
2.9475 360.4740538462286
2.9524999999999997 -124.81946177938515
2.9575 -116.75246803100859
2.9625 16.240982789633232
2.9675 323.75866692536897
2.9724999999999997 23.73321392533534
2.9775 -77.39043445026195
2.9825 -142.08154280995862
2.9875 95.55156226886956
2.9924999999999997 -15.01059968731131
2.9975 -76.78659640328308
3.0025 71.02000421510375
3.0075 -90.03990028432615
3.0124999999999997 -90.53854311418965
3.0175 161.76340187262508
3.0225 -70.24822561270469
3.0275 -229.97684355228378
3.0324999999999998 -68.38194304815707
3.0374999999999996 86.32455956441272
3.0425 361.0437857208447
3.0475 0.6406714393928772
3.0524999999999998 -342.0212729625391
3.0574999999999997 -30.391386008321653
3.0625 72.70174894670836
3.0675 8.808827603566206
3.0725 176.369681779055
3.0774999999999997 80.23325278802089
3.0825 161.67462432020952
3.0875 -237.1518608760056
3.0925 199.9578193350025
3.0974999999999997 -134.4154535671364
3.1025 -2.3334666361089362
3.1075 45.92845969690385
3.1125 -2.3153561370002267
3.1174999999999997 71.63040016968235
3.1225 -1.4472451247297642
3.1275 -260.44689767435926
3.1325 183.96134788942527
3.1374999999999997 180.58460813167218
3.1425 -292.45286506108016
3.1475 -206.452189523606
3.1525 -3.0757736691092745
3.1574999999999998 235.19192706706778
3.1624999999999996 139.21165570130262
3.1675 -110.72082784491676
3.1725 -110.72261107786734
3.1774999999999998 30.816817072508805
3.1824999999999997 -3.614620822742157
3.1875 89.15093418374367
3.1925 -150.0934642403544
3.1975 -126.74225981476077
3.2024999999999997 19.826905036038074
3.2075 -143.04512047197665
3.2125 -157.2527363618907
3.2175 303.32376787795477
3.2224999999999997 -114.79050413662496
3.2275 149.82851282545437
3.2325 -121.81760280027498
3.2375 11.151674897662701
3.2424999999999997 83.53841874377595
3.2475 -128.75425713082873
3.2525 132.85205908002337
3.2575 -58.01025032186391
3.2624999999999997 -0.4648069320343884
3.2675 -98.04366031857911
3.2725 422.7475412383069
3.2775 -384.6325604088721
3.2824999999999998 309.49263055023476
3.2874999999999996 188.84181153066456
3.2925 -178.68690253401022
3.2975 -68.42154964940003
3.3024999999999998 55.598471113281605
3.3074999999999997 -149.23857904791345
3.3125 -100.67529832043947
3.3175 -70.06143110583143
3.3225 -106.13947328981831
3.3274999999999997 88.05145762743136
3.3325 107.30111193620243
3.3375 -7.453333051122546
3.3425 49.787205531651864
3.3474999999999997 152.40298052629353
3.3525 -158.8754986109366
3.3575 12.388483533591703
3.3625 13.599971103763062
3.3674999999999997 394.4259210301465
3.3725 -147.06964302106928
3.3775 39.82227032042272
3.3825 -176.9092047506066
3.3874999999999997 180.17469193102824
3.3924999999999996 -56.607642339058735
3.3975 -77.6372177320485
3.4025 192.67715552517151
3.4074999999999998 -43.1964827349584
3.4124999999999996 -5.8251324152814705
3.4175 -108.79488546667017
3.4225 51.32549869909844
3.4274999999999998 154.41530772466717
3.4324999999999997 -149.2185060977846
3.4375 85.58093997616723
3.4425 -57.91328624066877
3.4475 -160.92820843005785
3.4524999999999997 -74.45448245568743
3.4575 28.013824621538298
3.4625 -59.84478115525187
3.4675 172.6646640429756
3.4724999999999997 -72.79514970358193
3.4775 51.52232264126614
3.4825 -58.96838591272117
3.4875 -25.912523020358417
3.4924999999999997 -78.27281974754422
3.4975 -51.978087482194745
3.5025 170.559403015276
3.5075 -147.07815969532354
3.5124999999999997 -12.153657597192254
3.5174999999999996 126.2622888234221
3.5225 79.16137662037609
3.5275 -297.49898113511733
3.5324999999999998 133.10717455461517
3.5374999999999996 -25.272912941427425
3.5425 10.031901582459387
3.5475 154.66814362962825
3.5524999999999998 78.88084612870381
3.5574999999999997 191.69818221515433
3.5625 4.614034993110294
3.5675 102.107715321057
3.5725 -16.710045295520555
3.5774999999999997 -237.8308157688452
3.5825 72.26547999214645
3.5875 -171.14366017231038
3.5925 15.995903132183416
3.5974999999999997 -360.29378270602757
3.6025 318.4363815958545
3.6075 -31.450888760435504
3.6125 -69.73397271792254
3.6174999999999997 -1.8724909179610094
3.6225 73.93373211637673
3.6275 22.987014491662677
3.6325 196.35563798320317
3.6374999999999997 -402.45158501264723
3.6424999999999996 362.2590206855852
3.6475 -313.26742837794694
3.6525 -94.47721678676557
3.6574999999999998 130.78428625848292
3.6624999999999996 -24.219554132121193
3.6675 321.99779254742685
3.6725 -110.99087815863872
3.6774999999999998 -31.823893144311924
3.6824999999999997 184.18903984134647
3.6875 -12.188555381821192
3.6925 -167.46032204937865
3.6975 125.69922959807728
3.7024999999999997 166.10564161014818
3.7075 -18.621047176504113
3.7125 -605.0011006683742
3.7175 460.8771979486038
3.7224999999999997 97.64294266299453
3.7275 130.49357033810836
3.7325 -255.86877814029054
3.7375 -86.71720595922724
3.7424999999999997 -7.1577502153743735
3.7474999999999996 -34.232430571711575
3.7525 12.69803156239469
3.7575 219.77398339263956
3.7624999999999997 -120.65881165861009
3.7674999999999996 154.9088537610605
3.7725 -301.49638991141876
3.7775 141.91105431834904
3.7824999999999998 154.21485797199526
3.7874999999999996 -94.11361595657723
3.7925 0.9413843594861322
3.7975 -151.540406457598
3.8024999999999998 257.7241196522266
3.8074999999999997 -71.30587440520686
3.8125 -313.1851819885843
3.8175 9.865449938391341
3.8225 395.05470183748656
3.8274999999999997 48.35149391868067
3.8325 -314.82307622321616
3.8375 228.98463843534302
3.8425 -277.86981547451416
3.8474999999999997 24.305985401571743
3.8525 220.99611246334075
3.8575 -152.07418945071316
3.8625 82.65811327087512
3.8674999999999997 -36.495240549688035
3.8724999999999996 -94.31264354412743
3.8775 7.37927348660465
3.8825 196.2229497668087
3.8874999999999997 -302.1679294921496
3.8924999999999996 -118.47087220033707
3.8975 44.58686796646877
3.9025 98.89705650097957
3.9074999999999998 219.5912012256974
3.9124999999999996 134.35688715472162
3.9175 -282.879589492607
3.9225 247.94237794104203
3.9274999999999998 29.34198341816333
3.9324999999999997 -45.7634006443444
3.9375 -83.98289429375151
3.9425 123.04788642472569
3.9475 94.09178872208466
3.9524999999999997 -22.85477774163876
3.9575 98.82032800833764
3.9625 -109.3513678362493
3.9675 121.92484784050903
3.9724999999999997 -125.093228565322
3.9775 53.65219557658563
3.9825 -44.68043637842521
3.9875 39.73748227802995
3.9924999999999997 -153.22563317786395
3.9974999999999996 -199.65885517272457
4.0024999999999995 -286.6245173788899
4.007499999999999 118.07040587112022
4.0125 -41.738083324957955
4.0175 143.1194157043085
4.0225 11.712742986569472
4.0275 -85.61518457540903
4.0325 322.18102683866204
4.0375 -85.50853113902281
4.0424999999999995 223.58112547645058
4.047499999999999 -231.96356539661843
4.0525 -11.361694000474737
4.0575 -77.041102378537
4.0625 -31.608671980441112
4.0675 73.83362158695887
4.0725 -283.7642354113541
4.0775 155.92367607995394
4.0825 -31.0603000838088
4.0874999999999995 58.84158899692175
4.0925 -29.22842284895227
4.0975 -5.38404029718744
4.1025 170.57166563666993
4.1075 142.29290933790452
4.1125 -70.24379891322808
4.1175 23.5169548230411
4.1225 -69.2410114429838
4.1274999999999995 97.88516680551953
4.132499999999999 74.782649162883
4.1375 -173.4626773186648
4.1425 110.05505166466077
4.1475 -34.84723460656207
4.1525 -180.24069128787286
4.1575 164.9703738269969
4.1625 -110.8518546755944
4.1674999999999995 95.85311522431971
4.172499999999999 -226.87088894181326
4.1775 28.583547022071407
4.1825 55.54725876039741
4.1875 -6.4860227319978785
4.1925 130.07057832394867
4.1975 93.18846570143333
4.2025 -22.52773410802887
4.2075 -359.7331127259824
4.2124999999999995 -27.38799848625706
4.2175 158.74870841417
4.2225 40.44251221573041
4.2275 122.14733667869558
4.2325 -122.51686617947288
4.2375 231.87652094346439
4.2425 -301.32302261443044
4.2475 -102.0979875431961
4.2524999999999995 268.34203550515053
4.257499999999999 212.81353963974203
4.2625 -291.8636755253905
4.2675 11.058690983991866
4.2725 184.24587644411187
4.2775 -119.70390725638437
4.2825 109.26422232621023
4.2875 265.52296948291036
4.2924999999999995 -1.560833063513857
4.297499999999999 -439.83662656647965
4.3025 70.67974568317668
4.3075 185.3963869740899
4.3125 -241.61403342463012
4.3175 206.73084927864468
4.3225 25.037864890416063
4.3275 112.01988666673076
4.3325 -228.06130174337366
4.3374999999999995 102.152865116138
4.342499999999999 -125.72425801993867
4.3475 170.32048480137038
4.3525 -151.37895124093367
4.3575 -83.26491302145877
4.3625 187.20151915233228
4.3675 48.573937343771576
4.3725 -159.21078153870488
4.3774999999999995 -10.310694764166588
4.382499999999999 -136.5049115119249
4.3875 250.06876349273622
4.3925 -58.346492895286566
4.3975 160.4520862849267
4.4025 74.24106531511595
4.4075 -54.744499446132814
4.4125 -83.0271719623625
4.4174999999999995 2.30403908172069
4.422499999999999 -324.8807694175542
4.4275 161.40549272936696
4.4325 34.43894005312027
4.4375 138.19430156531928
4.4425 58.92777683507369
4.4475 9.602537852747279
4.4525 -53.86729594589854
4.4575 85.4333053412079
4.4624999999999995 -92.04069054974462
4.467499999999999 -4.394766290458485
4.4725 160.45693096252228
4.4775 -108.9104053288737
4.4825 -35.1518145315219
4.4875 7.058073914759405
4.4925 -76.39011655764584
4.4975 88.18314871304102
4.5024999999999995 -117.51366296425932
4.507499999999999 63.73862326982554
4.5125 212.8508612105981
4.5175 84.06564317136896
4.5225 44.69314415013442
4.5275 -2.541418283481209
4.5325 23.434542933291613
4.5375 -152.82704587510332
4.5424999999999995 35.693330481694325
4.547499999999999 -58.19363672476456
4.5525 -74.30279843976429
4.5575 -161.18030377753323
4.5625 198.7174708132385
4.5675 104.54056929825026
4.5725 94.8918839768512
4.5775 -168.4949974407253
4.5825 153.7506297485291
4.5874999999999995 -298.1154397132914
4.592499999999999 12.204467104173384
4.5975 161.8348742229846
4.6025 -145.30145780910016
4.6075 2.696002421469797
4.6125 35.83757813199102
4.6175 68.85489413876662
4.6225 -43.63203619887917
4.6274999999999995 107.90186682709621
4.632499999999999 -11.176497784557379
4.6375 0.7209990308884341
4.6425 -9.262748814265274
4.6475 -129.39246162428316
4.6525 11.835131032590091
4.6575 80.59812288215858
4.6625 88.02524443530854
4.6674999999999995 -17.926811114167926
4.672499999999999 -321.334338833344
4.6775 -191.205973340305
4.6825 247.1697012087356
4.6875 -52.019440538524535
4.6925 178.18275177495084
4.6975 97.67619774690363
4.7025 10.461403212712538
4.7075 5.176095229039453
4.7124999999999995 111.37524565236468
4.717499999999999 -43.436995358077574
4.7225 56.78392081120932
4.7275 -77.21345147477477
4.7325 -246.2087262878453
4.7375 399.52725179657796
4.7425 -37.195896882251866
4.7475 -88.12044791608466
4.7524999999999995 -3.213816321396975
4.757499999999999 -303.6453556240329
4.7625 -26.702712331870377
4.7675 -123.04567685804133
4.7725 -106.56780567677934
4.7775 60.61983094796613
4.7825 27.90128093723294
4.7875 6.429634305990846
4.7924999999999995 10.045996780986101
4.797499999999999 -57.93918154112212
4.8025 132.79173022500672
4.8075 -43.95961130222691
4.8125 -246.7276039167551
4.8175 -31.01084550227721
4.8225 89.8960008065787
4.8275 108.62029482871802
4.8325 -32.84125280684366
4.8374999999999995 93.3530332859386
4.842499999999999 94.1987410526302
4.8475 73.73816789828315
4.8525 241.52438991471396
4.8575 -171.28869200034976
4.8625 -151.64934801660655
4.8675 480.5465779333973
4.8725 53.089379782539424
4.8774999999999995 -220.9652290582024
4.882499999999999 119.10581339854546
4.8875 -72.34110850427993
4.8925 -64.54839893203813
4.8975 -187.74225702699255
4.9025 -35.14247413838697
4.9075 92.06944281255211
4.9125 -101.40835404300172
4.9174999999999995 146.3951264729333
4.922499999999999 -74.25393927803063
4.9275 -152.7099551573091
4.9325 31.30230882253069
4.9375 121.00536308698264
4.9425 -36.29627401733922
4.9475 -17.256294734398075
4.9525 39.44551314701333
4.9575 -90.88275102287139
4.9624999999999995 35.05066422149781
4.967499999999999 -159.77341903577292
4.9725 -136.2402024756476
4.9775 544.241238826541
4.9825 -76.18903125190783
4.9875 -89.58920789373788
4.9925 50.76115863036956
4.9975 -378.8299785480013
5.0024999999999995 1.3836179729938543
5.007499999999999 50.43857031586193
5.0125 131.57668566301714
5.0175 -33.630828671483165
5.0225 -280.587511966977
5.0275 434.83562397020546
5.0325 -45.96204874223774
5.0375 -240.50630390582103
5.0424999999999995 76.46722111874797
5.047499999999999 -43.83307229201951
5.0525 40.540525288445785
5.0575 82.60499971954889
5.0625 -2.7711575584158656
5.0675 1.7297555681587853
5.0725 185.76151602649549
5.0775 -132.56684075946254
5.0825 99.67135088360932
5.0874999999999995 102.15383897291687
5.092499999999999 139.91738670469496
5.0975 -60.024751197253444
5.1025 104.43652204063645
5.1075 71.06103812971148
5.1125 105.69253423154903
5.1175 -150.67387840669085
5.1225 -342.22559998366756
5.1274999999999995 417.57989189106837
5.132499999999999 -396.7282066170104
5.1375 91.5185975223416
5.1425 -179.34348799848382
5.1475 162.64759632500164
5.1525 -10.680088469754628
5.1575 200.72252783719117
5.1625 -46.36184978029476
5.1674999999999995 -145.85077198223473
5.172499999999999 -64.13474152129601
5.177499999999999 -124.08311104971578
5.1825 58.062046186150056
5.1875 171.34564058151253
5.1925 -91.62850135869425
5.1975 224.24272727048137
5.2025 -214.07619067916116
5.2075 250.01273692406497
5.2124999999999995 -217.15731641564295
5.217499999999999 -263.9119916772373
5.2225 86.85689131223478
5.2275 282.9441135241977
5.2325 -44.543280342402355
5.2375 124.81897044291541
5.2425 10.76655553018529
5.2475 -56.152921621024376
5.2524999999999995 -82.22100171505886
5.257499999999999 -18.736334660505868
5.2625 100.52123433592297
5.2675 -56.46390602607357
5.2725 -157.37788557675984
5.2775 156.64347519191702
5.2825 -208.36400578097175
5.2875 227.1047319421043
5.2924999999999995 20.484472186567423
5.297499999999999 -238.89824832840696
5.302499999999999 -69.0144369065154
5.3075 106.30366376963558
5.3125 -4.099520442578264
5.3175 -122.0526050598853
5.3225 194.08198596994063
5.3275 168.7011779609197
5.3325 -259.2203665762725
5.3374999999999995 122.29387442538189
5.342499999999999 -199.83798587018782
5.3475 183.32681341886223
5.3525 -223.72998608406348
5.3575 177.96295094463875
5.3625 -164.63756113477922
5.3675 140.37011669749282
5.3725 228.4923978486326
5.3774999999999995 -257.1294088315158
5.382499999999999 26.88415838994448
5.3875 7.134305544383216
5.3925 -83.01868094708294
5.3975 135.71383150502902
5.4025 134.59851916706089
5.4075 -84.31040413119435
5.4125 -267.44241000854817
5.4174999999999995 119.5982122813922
5.422499999999999 158.93908286613018
5.427499999999999 -233.3770472581552
5.4325 -46.96186661380809
5.4375 100.87483316618214
5.4425 -14.512067914753763
5.4475 58.99138661765748
5.4525 298.3933932543951
5.4575 -95.48031163836852
5.4624999999999995 -20.824011214526543
5.467499999999999 53.47549998161528
5.4725 -224.5164085265025
5.4775 176.86774774253303
5.4825 -254.532915861533
5.4875 144.7191356677206
5.4925 58.66402125997999
5.4975 -174.699575958382
5.5024999999999995 265.3487045165604
5.507499999999999 70.62385569920158
5.5125 -1.6877897228789598
5.5175 -230.78834803726212
5.5225 136.57942649034788
5.5275 -1.497139330028169
5.5325 -244.35085151139
5.5375 239.98394902529137
5.5424999999999995 -276.7775900293205
5.547499999999999 62.76850559569786
5.552499999999999 19.779152499829383
5.5575 -110.92773076393777
5.5625 114.24333900131126
5.5675 -133.97001192386662
5.5725 375.20301088979426
5.5775 -13.511048676828713
5.5825 -86.28338427872315
5.5874999999999995 -73.35762576293403
5.592499999999999 -131.76036444664513
5.5975 164.19892293575958
5.6025 162.2814827574738
5.6075 -29.509295460287433
5.6125 -189.95844398998577
5.6175 216.99984899840308
5.6225 -127.85897997514175
5.6274999999999995 -253.03818386967126
5.632499999999999 167.50706388515243
5.6375 -237.47550686660955
5.6425 272.1422903253941
5.6475 -68.78584965375329
5.6525 -256.6350555243025
5.6575 157.61115565820003
5.6625 244.5604705973654
5.6674999999999995 -161.7086983859578
5.672499999999999 41.299350121939575
5.677499999999999 -112.15344498553708
5.6825 -19.51638117668893
5.6875 8.182411764188146
5.6925 55.838591548841066
5.6975 -131.47665671598045
5.7025 21.950485206496595
5.7075 116.24800548251031
5.7124999999999995 294.946619759465
5.717499999999999 -30.439381975828947
5.7225 68.41988609253922
5.7275 -362.54560208983366
5.7325 -158.52462515854586
5.7375 -53.373088302711
5.7425 131.96414108276582
5.7475 -61.962055237920225
5.7524999999999995 62.595328438291396
5.757499999999999 87.19572129719253
5.7625 50.0739989842991
5.7675 -133.98167754644888
5.7725 168.4416686171804
5.7775 110.74758107621707
5.7825 -320.2385321847867
5.7875 401.08811328234077
5.7924999999999995 126.03764621037315
5.797499999999999 -8.894465418567808
5.802499999999999 84.57085483034449
5.8075 -1.2563761700481788
5.8125 -214.67728663704196
5.8175 10.758858232523648
5.8225 -26.661862323029524
5.8275 417.4458591443987
5.8325 -241.83780797482672
5.8374999999999995 -474.80532546307643
5.842499999999999 92.11311425593597
5.8475 -36.40929669384472
5.8525 -60.79010278160794
5.8575 13.108614226122771
5.8625 -60.373785591975555
5.8675 -36.11965069514766
5.8725 88.87031710947977
5.8774999999999995 136.40041030428335
5.882499999999999 17.75333894434446
5.8875 -118.73750371884697
5.8925 105.33707634277935
5.8975 -119.68068877912417
5.9025 86.42607561351488
5.9075 -119.44804957950079
5.9125 80.91700761973087
5.9174999999999995 142.7755788638765
5.922499999999999 -301.18922093011776
5.927499999999999 92.72101063162366
5.9325 143.38602337313034
5.9375 -286.5889062747639
5.9425 118.37357876317415
5.9475 60.14233071851597
5.9525 23.026341475873465
5.9575 103.38469799576359
5.9624999999999995 -223.1887005835577
5.967499999999999 122.52133225560688
5.9725 -2.9635551629642762
5.9775 158.77993800986627
5.9825 -113.61003925377007
5.9875 144.67555978756954
5.9925 -231.82633557459516
5.9975 306.6254692799929
6.0024999999999995 -484.5634756549838
6.007499999999999 241.99363864554473
6.012499999999999 148.39044614625374
6.0175 -99.50978220822218
6.0225 16.472777035929564
6.0275 -87.63264396347955
6.0325 42.94544664259313
6.0375 251.760955308793
6.0424999999999995 -244.61019749299024
6.047499999999999 72.97576330885514
6.052499999999999 140.29931411216563
6.0575 9.191171920031856
6.0625 97.82116319056996
6.0675 -80.16760456437645
6.0725 -35.44267302368674
6.0775 -32.2195492710685
6.0825 -37.78719742784608
6.0874999999999995 -14.204690684556017
6.092499999999999 -72.95964578836725
6.0975 205.4829460145612
6.1025 -28.768370093171345
6.1075 -35.39530261293661
6.1125 -151.85468702111856
6.1175 71.52362942572711
6.1225 3.00644969864825
6.1274999999999995 135.30466860911784
6.132499999999999 -74.01967686863937
6.137499999999999 111.4169491839722
6.1425 -214.7842627021391
6.1475 -60.15918489829914
6.1525 183.61251850333187
6.1575 -181.5179465275056
6.1625 163.48275016063866
6.1674999999999995 -156.8621076177881
6.172499999999999 213.48937275645
6.177499999999999 -65.87749105742044
6.1825 50.30708935422792
6.1875 -313.1967813748261
6.1925 279.4446740790176
6.1975 -286.45208788453135
6.2025 233.23979766556295
6.2075 -117.23239803377996
6.2124999999999995 -99.29821292503185
6.217499999999999 180.10646188818936
6.2225 -44.12923791545498
6.2275 350.6237463543898
6.2325 -0.9884848945680422
6.2375 -116.92272476944268
6.2425 -95.29556264522202
6.2475 -89.6397736404592
6.2524999999999995 109.38590975063659
6.257499999999999 -35.246951035794766
6.262499999999999 -105.65812883606569
6.2675 263.7877126305723
6.2725 -186.32336431271423
6.2775 104.78369245887792
6.2825 233.69036669569587
6.2875 5.178899064157471
6.2924999999999995 -76.80209333844013
6.297499999999999 84.32138301434556
6.302499999999999 -223.3332650440639
6.3075 219.38617338559797
6.3125 -82.5360681340243
6.3175 -284.6352597041386
6.3225 6.8468076541916405
6.3275 -95.76827296911881
6.3325 0.8431712783524608
6.3374999999999995 148.26630891476822
6.342499999999999 146.62134441544538
6.3475 -68.05294985880663
6.3525 -156.65051417239656
6.3575 131.0483227006614
6.3625 156.7469482312832
6.3675 11.6515057380556
6.3725 -13.845972017093583
6.3774999999999995 -166.21222448435392
6.382499999999999 -215.11533487701988
6.387499999999999 239.87078393325217
6.3925 84.4578873124106
6.3975 -53.948273498961356
6.4025 -108.59020270688458
6.4075 -239.24418397428244
6.4125 179.943224688627
6.4174999999999995 61.07310764140604
6.422499999999999 114.96160969368036
6.427499999999999 -119.74832325413263
6.4325 38.2496068083102
6.4375 -94.9692396833924
6.4425 168.24366317791535
6.4475 -70.93074753067953
6.4525 -46.718668844777035
6.4575 7.044211201346882
6.4624999999999995 84.29759828792312
6.467499999999999 -65.86074078003682
6.4725 64.09777658551641
6.4775 -391.3283681466579
6.4825 134.4502499165749
6.4875 78.37223755043696
6.4925 225.4010273717416
6.4975 167.13466163188272
6.5024999999999995 -235.78180386852642
6.507499999999999 105.75584931422897
6.512499999999999 -236.69150141734858
6.5175 183.33477997127778
6.5225 -56.33187951516173
6.5275 223.90477350661405
6.5325 -226.89925441202493
6.5375 -168.54337431242263
6.5424999999999995 -57.190742572398484
6.547499999999999 161.29311609156622
6.552499999999999 -146.03328591420276
6.5575 184.11656521195917
6.5625 208.7396331041944
6.5675 -170.3221323707162
6.5725 93.29732798078922
6.5775 -82.82173617746122
6.5825 -256.00318896208375
6.5874999999999995 291.3722311235071
6.592499999999999 -20.760470020355932
6.5975 145.02814722657527
6.6025 -253.49548548580867
6.6075 45.803305810785474
6.6125 80.32496958421433
6.6175 -79.07361872436445
6.6225 35.087827681258204
6.6274999999999995 -69.30807375986421
6.632499999999999 86.54622571994642
6.637499999999999 -217.73575242306129
6.6425 -38.349995795814465
6.6475 -43.782112095487626
6.6525 11.884311507189846
6.6575 64.8007427439187
6.6625 62.85910424449978
6.6674999999999995 176.5969448642411
6.672499999999999 221.74951222474454
6.677499999999999 -57.14798739290893
6.6825 -138.11643402802468
6.6875 27.775788416770034
6.6925 41.35690481581024
6.6975 -3.7849490773442405
6.7025 156.48365839947672
6.7075 -115.52403691874021
6.7124999999999995 0.7870283232035544
6.717499999999999 59.43882367386109
6.722499999999999 -85.48074543005524
6.7275 -59.889978156267105
6.7325 -82.13371452142478
6.7375 -143.72832199092414
6.7425 75.43764752108197
6.7475 16.57412878535325
6.7524999999999995 106.98785000108201
6.757499999999999 -106.8616896252323
6.762499999999999 -188.476451679071
6.7675 16.957991389407475
6.7725 66.49839824388798
6.7775 59.590407225029374
6.7825 4.303900887007875
6.7875 -71.50072622489472
6.7924999999999995 -66.00683354088852
6.797499999999999 48.413959047823106
6.802499999999999 231.8962909861071
6.8075 -43.186437838486896
6.8125 181.91379618214458
6.8175 -104.81464807100278
6.8225 154.51991120635026
6.8275 -264.51380615220245
6.8325 288.5872682800827
6.8374999999999995 -68.26193613854213
6.842499999999999 58.91822042955738
6.847499999999999 -306.2181147578931
6.8525 139.17227899666028
6.8575 125.08321263594142
6.8625 -48.76838578710642
6.8675 -111.02259008549144
6.8725 182.91111263264125
6.8774999999999995 -127.19168642838858
6.882499999999999 54.39814013110944
6.887499999999999 166.19767038493325
6.8925 -147.89490509168007
6.8975 25.24896558480466
6.9025 54.873585208269255
6.9075 154.36361821354163
6.9125 -101.73536728059541
6.9174999999999995 -4.004898795501935
6.922499999999999 -1.7920871061520947
6.927499999999999 -125.91410351049026
6.9325 125.04828216695984
6.9375 -120.05032996223375
6.9425 -152.67806019643675
6.9475 9.738276197520909
6.9525 72.48641843612991
6.9575 59.968893221204496
6.9624999999999995 -24.00880763027206
6.967499999999999 135.3475091787146
6.972499999999999 -79.42233464351096
6.9775 -226.17298581723657
6.9825 67.9657702025935
6.9875 94.37820725763592
6.9925 154.40487340468118
6.9975 -183.83436073612657
7.0024999999999995 25.51123886066663
7.007499999999999 159.3623380821575
7.012499999999999 -48.58835033527939
7.0175 -166.89224340224123
7.0225 -0.12496493079687838
7.0275 -138.28469155402294
7.0325 89.71270865106594
7.0375 -175.62917419679312
7.0424999999999995 78.03569700394638
7.047499999999999 98.69951463385773
7.052499999999999 -22.09917067515896
7.0575 34.4508744370146
7.0625 222.19001856982825
7.0675 25.208318380552434
7.0725 21.771081537017718
7.0775 129.78533868670118
7.0825 -94.06059444859878
7.0874999999999995 35.45670131150246
7.092499999999999 -18.744530400199448
7.097499999999999 -95.99300755972328
7.1025 278.50697610824335
7.1075 20.906695220992518
7.1125 -108.49779283053273
7.1175 -140.09272870650867
7.1225 50.8768333675128
7.1274999999999995 -135.6918008409215
7.132499999999999 -52.55533717323393
7.137499999999999 -224.54053441037624
7.1425 73.08647579766485
7.1475 -326.6730523543172
7.1525 439.82783290688303
7.1575 142.62020923230037
7.1625 40.245137395113204
7.1674999999999995 9.738143346534505
7.172499999999999 -204.84839724240942
7.177499999999999 263.5640944562009
7.1825 -155.11968323926394
7.1875 -3.4173816657297422
7.1925 137.95998893999862
7.1975 -68.42331469079546
7.2025 163.79856042670193
7.2075 -49.88659825125204
7.2124999999999995 -250.32446440315314
7.217499999999999 175.87282635994953
7.222499999999999 -113.92125524751415
7.2275 230.0906402498545
7.2325 -266.3148315457491
7.2375 93.07073166708844
7.2425 -205.3831673741125
7.2475 80.11825367141961
7.2524999999999995 43.25405706614306
7.257499999999999 -18.20360118524889
7.262499999999999 -219.89773978572728
7.2675 -102.16519826681633
7.2725 170.27090843839727
7.2775 145.23202942634967
7.2825 104.5157743730588
7.2875 14.903435242574766
7.2924999999999995 -74.32255295543767
7.297499999999999 -108.51249423878521
7.302499999999999 100.91640649494103
7.3075 15.26329269152087
7.3125 -8.091752685211159
7.3175 -26.847304601935196
7.3225 -26.90629116361293
7.3275 176.7447233539395
7.3325 229.36196181679446
7.3374999999999995 -70.03256324605324
7.342499999999999 -220.29946465475788
7.347499999999999 96.79908648739385
7.3525 8.369733595887958
7.3575 -18.069184606634398
7.3625 3.6012236799122297
7.3675 -176.85723795807345
7.3725 73.38048659356203
7.3774999999999995 -8.243062343272399
7.382499999999999 -52.56745715704538
7.387499999999999 208.82113923213643
7.3925 95.85518781155442
7.3975 -106.0455346155671
7.4025 -64.83775229506297
7.4075 -63.492858978296475
7.4125 -110.0182732745618
7.4174999999999995 -41.909483976670664
7.422499999999999 2.598878415780315
7.427499999999999 -78.1928048994751
7.4325 76.7010851890048
7.4375 39.20707225582971
7.4425 3.905654371617187
7.4475 30.725904134162725
7.4525 34.20984304206045
7.4575 -30.315799800600345
7.4624999999999995 10.323253450653455
7.467499999999999 -127.63993128175008
7.472499999999999 15.568644491073988
7.4775 247.1268404573683
7.4825 -55.346087924743685
7.4875 152.56048215549967
7.4925 -199.49173090166164
7.4975 -116.71554292420805
7.5024999999999995 -37.67235219930085
7.507499999999999 186.2907605391134
7.512499999999999 86.24694366599905
7.5175 -129.46064620468226
7.5225 -124.55499104261152
7.5275 -52.16829996187703
7.5325 -124.13655816771332
7.5375 154.81496336186748
7.5424999999999995 79.22204180533825
7.547499999999999 -95.13182315478156
7.552499999999999 152.87280293258593
7.557499999999999 107.79140915164311
7.5625 -15.581119621412418
7.5675 25.26722257034211
7.5725 -28.60182713358222
7.5775 1.5843028671417894
7.5825 -121.91077461659143
7.5874999999999995 158.92495529781996
7.592499999999999 -126.37418419096626
7.597499999999999 29.60507133357645
7.6025 -88.7050296262531
7.6075 83.17790560933747
7.6125 -149.9203478091881
7.6175 119.90590523211539
7.6225 21.816030731550214
7.6274999999999995 101.41504708786827
7.632499999999999 -2.26113589435678
7.637499999999999 -399.317052817774
7.6425 -35.4432680487312
7.6475 337.3899748744082
7.6525 -6.654783782478819
7.6575 138.07346108443528
7.6625 95.00380789822877
7.6674999999999995 -34.32842023689378
7.672499999999999 -78.91411203543687
7.677499999999999 130.92230437026402
7.682499999999999 -128.5853149871993
7.6875 -12.546959447226309
7.6925 44.50100612888022
7.6975 103.465613395717
7.7025 -424.18834990791726
7.7075 183.77608772344783
7.7124999999999995 58.27928625078539
7.717499999999999 17.680246131043212
7.722499999999999 -128.26482547813515
7.7275 -183.60066849798906
7.7325 145.94288428027212
7.7375 3.076141710915856
7.7425 -27.182877015572036
7.7475 -100.60868604306033
7.7524999999999995 -85.25899695197764
7.757499999999999 203.2738785124086
7.762499999999999 198.284569829381
7.7675 -327.6523015970009
7.7725 -109.86700440769113
7.7775 -70.08935274157277
7.7825 348.65738431436296
7.7875 -84.93345440128482
7.7924999999999995 365.67212907934857
7.797499999999999 30.251813785075733
7.802499999999999 155.5098337272171
7.807499999999999 -55.66731105843591
7.8125 -184.47311152647458
7.8175 88.48988221548653
7.8225 -78.14227346340844
7.8275 31.476212096025524
7.8325 -64.68165773165883
7.8374999999999995 -49.93688498951943
7.842499999999999 107.01807015462003
7.847499999999999 -254.69791596424284
7.8525 296.9974442360747
7.8575 -214.10775279707687
7.8625 4.96614139213234
7.8675 310.36868439681723
7.8725 -72.66614271120827
7.8774999999999995 -299.3358984505307
7.882499999999999 163.98439680114234
7.887499999999999 127.23914349163456
7.8925 84.07104899100389
7.8975 -127.07130951964783
7.9025 61.58197485720362
7.9075 -88.41938891126905
7.9125 43.327699836802424
7.9174999999999995 255.61295092521542
7.922499999999999 -141.13501797095304
7.927499999999999 -29.81571730487849
7.932499999999999 35.69713458917673
7.9375 70.84387153856335
7.9425 114.09642860736135
7.9475 -306.31574512535576
7.9525 159.64325776784239
7.9575 -59.504678221979155
7.9624999999999995 164.2530460032603
7.967499999999999 -190.65750236055493
7.972499999999999 -290.6377286624204
7.9775 106.42714580907052
7.9825 322.4890453294029
7.9875 -131.7843351924102
7.9925 104.50749764311426
7.9975 -99.50054821759203
8.0025 -17.47281595298788
8.0075 315.1731760904153
8.0125 -104.80124053299849
8.0175 -62.01197467454377
8.022499999999999 -141.3522854051614
8.0275 40.24263327655756
8.032499999999999 -49.09358646896927
8.0375 2.6789235447291957
8.0425 -173.53288764222168
8.0475 131.64673861152914
8.0525 -341.4463879762929
8.0575 -16.148917204088296
8.0625 127.2877272470396
8.067499999999999 -91.30799865828543
8.0725 -127.18207016837931
8.077499999999999 205.6315857740628
8.0825 -134.3720246339598
8.0875 595.9370602176967
8.0925 -220.1897669455021
8.0975 -16.126824300519022
8.1025 -59.41450824253562
8.1075 -62.97403858863797
8.112499999999999 21.49726955181
8.1175 -65.63146234686731
8.1225 -53.46134649116139
8.1275 51.31106032823294
8.1325 8.852489901828282
8.1375 -243.64000435516
8.1425 166.99897289446022
8.147499999999999 -111.3966133938331
8.1525 173.80296453600974
8.157499999999999 28.20259230356729
8.1625 177.6517981772401
8.1675 -2.80100430807952
8.1725 -144.58256277918636
8.1775 -9.166590558516742
8.1825 229.09198242711034
8.1875 -238.31327107527446
8.192499999999999 -15.031352929231383
8.1975 -1.9085490145850978
8.202499999999999 -95.21756136874578
8.2075 -152.35051371271467
8.2125 -20.62559733701779
8.2175 -43.879489772036
8.2225 392.99411708164797
8.2275 -378.6277910906108
8.2325 309.3172735642378
8.237499999999999 -282.9571709158854
8.2425 204.33017073465518
8.2475 -178.69638470942851
8.2525 -251.71969061144537
8.2575 31.614236425173587
8.2625 56.45511170855441
8.2675 325.73302555197034
8.272499999999999 -163.7549684603475
8.2775 36.27098216333741
8.282499999999999 -56.16406051091024
8.2875 6.196499493401976
8.2925 126.81654346765785
8.2975 245.0826702082019
8.3025 -141.8162321694126
8.3075 257.26788308091665
8.3125 -171.6548099101656
8.317499999999999 132.88775058227023
8.3225 -20.38920317671743
8.327499999999999 -134.2389161367179
8.3325 34.006646331664456
8.3375 99.49025673179425
8.3425 -110.10889866791044
8.3475 -370.7334201342024
8.3525 76.10582274968174
8.3575 -15.983687223281871
8.362499999999999 -122.09344019967926
8.3675 232.60696458240045
8.3725 2.887622591980404
8.3775 -157.72510519115093
8.3825 122.72390726220392
8.3875 -133.43175505823675
8.3925 124.69146402356897
8.397499999999999 69.45732265273439
8.4025 -106.12048000684291
8.407499999999999 19.193561470863155
8.4125 20.773162034822967
8.4175 403.2277693761416
8.4225 54.39915255859069
8.4275 -120.05685711195993
8.4325 32.08232954815455
8.4375 13.759316231614266
8.442499999999999 -250.29684151353857
8.4475 28.83061794754375
8.452499999999999 297.8654102422419
8.4575 141.3321683742298
8.4625 -48.18821770431833
8.4675 -92.4309909247631
8.4725 -165.3772422677824
8.4775 48.38845244794059
8.4825 9.347485012370669
8.487499999999999 -110.1439825130022
8.4925 286.93838506319037
8.4975 -42.24224033428038
8.5025 -53.37779744828624
8.5075 -165.08350464127759
8.5125 141.44865275071376
8.5175 120.11548089521051
8.522499999999999 7.597124498007224
8.5275 89.44677137230275
8.532499999999999 169.187504482919
8.5375 -161.50116149288453
8.5425 -21.1467079546504
8.5475 -60.5195467270271
8.5525 -91.74774743036464
8.5575 3.8597956157751545
8.5625 -76.69141160750395
8.567499999999999 -44.27148653424449
8.5725 151.64663356025048
8.577499999999999 -8.060239779893092
8.5825 -51.74140252018093
8.5875 127.37629439586249
8.5925 -42.66136771209423
8.5975 -347.8508770133991
8.6025 -16.572743069134045
8.6075 490.32197885138356
8.612499999999999 -250.322644178514
8.6175 -47.50926807485816
8.6225 19.81585036022308
8.6275 -135.52954177463383
8.6325 -42.83570162871473
8.6375 136.76761835866733
8.6425 -9.263668589820515
8.647499999999999 110.09509466585064
8.6525 -139.56920680317512
8.657499999999999 -41.76360413596493
8.6625 124.29724124661541
8.6675 -84.61228723211917
8.6725 6.6350420305005375
8.6775 -47.052009486847574
8.6825 138.22149560464678
8.6875 -113.59155498892966
8.692499999999999 -95.01500784331601
8.6975 43.082698735290585
8.702499999999999 -495.2388910662084
8.7075 179.6770555908961
8.7125 332.25896381268745
8.7175 138.4450282449904
8.7225 -505.1342007564554
8.7275 304.0245757958462
8.7325 -184.13111917979538
8.737499999999999 6.011894289202265
8.7425 18.661447758533956
8.747499999999999 326.2128646956543
8.7525 8.843286274318208
8.7575 18.067367704503525
8.7625 -150.92626988505137
8.7675 56.02822722793017
8.772499999999999 -9.181610859714361
8.7775 70.95992675224709
8.782499999999999 150.72386718833837
8.7875 -46.67795949975143
8.7925 -151.90642929762294
8.7975 -63.286959193602414
8.8025 -44.82144297125394
8.8075 146.8499240363073
8.8125 84.63546899730784
8.817499999999999 -23.342440372506186
8.8225 182.35296598248658
8.827499999999999 117.98824899210405
8.8325 -59.59933167960491
8.8375 -241.19282806461766
8.8425 149.12465412126141
8.8475 -151.03162517469363
8.8525 169.4803507561175
8.8575 -342.7270304308612
8.862499999999999 59.02796526250712
8.8675 -99.7318222939682
8.872499999999999 -166.20229291502073
8.8775 217.65007991909962
8.8825 -153.20894129109587
8.8875 69.81558944262477
8.8925 108.32143659195108
8.897499999999999 233.96355918114477
8.9025 -171.7364150554331
8.907499999999999 154.97979187840792
8.9125 20.90034508529576
8.9175 -117.62534227007792
8.9225 86.5996170625701
8.9275 -6.208035768434735
8.9325 -122.31883323905032
8.9375 155.96832894622457
8.942499999999999 -1.3510645633548928
8.9475 -300.5019806885498
8.952499999999999 51.32491393764387
8.9575 47.5289271917794
8.9625 104.76371921689311
8.9675 69.7538639498766
8.9725 19.311838488588418
8.9775 26.761587441488704
8.9825 103.56734254589381
8.987499999999999 -99.4764172019233
8.9925 -65.08346158427699
8.997499999999999 0.8138714924998567
9.0025 -114.45617098567469
9.0075 369.50857726506763
9.0125 -193.6874855497222
9.0175 8.909176169318759
9.022499999999999 125.76097120992495
9.0275 -153.67072776705263
9.032499999999999 105.85074720648501
9.0375 13.09990045064493
9.0425 -225.63968869983498
9.0475 288.55913906981516
9.0525 -152.20890169966708
9.0575 63.08663477515312
9.0625 55.73460375096673
9.067499999999999 77.29225716010839
9.0725 -74.01325283180581
9.077499999999999 -46.37768070977271
9.0825 -163.100058263754
9.0875 244.34760848015472
9.0925 -63.2237971272313
9.0975 -19.60556525937315
9.1025 -90.13923915297555
9.1075 186.6773895918436
9.112499999999999 -243.3366535608813
9.1175 153.23078523681818
9.122499999999999 -78.62023779133976
9.1275 67.57250937402287
9.1325 -3.2286940528603156
9.1375 82.09779271343179
9.1425 -99.30001198101682
9.147499999999999 30.229429685039538
9.1525 2.9385942110479513
9.157499999999999 29.86304061249474
9.1625 -63.91034602391125
9.1675 24.791718740709417
9.1725 -38.4059980782816
9.1775 -65.19329028588831
9.1825 -13.380651872668734
9.1875 -69.58702153278206
9.192499999999999 120.86959368827037
9.1975 -2.860227228389744
9.202499999999999 152.4116254954214
9.2075 -3.5961153070072913
9.2125 -322.1150340610417
9.2175 -30.544180070966398
9.2225 163.66835113043413
9.2275 73.43990369967706
9.2325 118.2537780628964
9.237499999999999 -121.89617426522399
9.2425 104.13574304868328
9.247499999999999 -55.38524325699285
9.2525 5.2415421942129825
9.2575 -106.0068702250342
9.2625 75.04217877063307
9.2675 152.296315905226
9.272499999999999 -94.85693934814533
9.2775 44.63812512387035
9.282499999999999 42.14377197924439
9.2875 10.638643304284829
9.2925 114.93731321052083
9.2975 -82.81670284060928
9.3025 -193.28434897653648
9.3075 62.13976255310522
9.3125 152.22069877515057
9.317499999999999 -64.30743536888639
9.3225 -88.86969787288996
9.327499999999999 -124.54114006489031
9.3325 -68.43593913662907
9.3375 -30.51858241461976
9.3425 191.24836380872026
9.3475 -51.96881314447165
9.3525 -27.43312281151603
9.3575 80.19758891851605
9.362499999999999 21.331435729798567
9.3675 -125.37539254680013
9.372499999999999 -9.472718704479647
9.3775 -97.92167913178837
9.3825 160.63117645436836
9.3875 -67.1373663221131
9.3925 134.96449930792016
9.397499999999999 -156.8520047583506
9.4025 90.04098269830575
9.407499999999999 -174.77764055989203
9.4125 -75.06267094893344
9.4175 17.292645738087394
9.4225 165.65408892019224
9.4275 91.8625380513483
9.4325 -467.3940017130102
9.4375 199.8259011510185
9.442499999999999 8.950114866102991
9.4475 -45.23644372801088
9.452499999999999 134.2913651863912
9.4575 125.17880545670673
9.4625 88.83631080974166
9.4675 -24.31194170490271
9.4725 -225.2471774422873
9.4775 61.02717282973126
9.4825 -36.622405375709555
9.487499999999999 2.071974577338732
9.4925 -89.52581364654172
9.497499999999999 185.65770534133893
9.5025 -26.497698966064416
9.5075 -43.14960194596766
9.5125 168.6094364679631
9.5175 354.64707280050715
9.522499999999999 -356.0652803872644
9.5275 -306.4355514837664
9.532499999999999 140.05710812829966
9.5375 227.17408907185575
9.5425 -176.7195804535755
9.5475 -145.29488095333448
9.5525 311.37534124044885
9.5575 -173.4711832029912
9.5625 66.12378892403913
9.567499999999999 -218.98794846651103
9.5725 101.0450479620614
9.577499999999999 -169.30725833911984
9.5825 359.507462767903
9.5875 -18.70438357885033
9.5925 93.78871596582435
9.5975 116.14788600534742
9.6025 -61.011895870938226
9.6075 17.783308955775123
9.612499999999999 -40.915955761277814
9.6175 12.877141206340207
9.622499999999999 61.22713493029909
9.6275 94.50365053093454
9.6325 -570.2916694935047
9.6375 227.80707331269625
9.6425 75.24329700538861
9.647499999999999 -135.56917896926976
9.6525 88.21076987560922
9.657499999999999 170.51781152785804
9.6625 -193.0169579852711
9.6675 96.85076089919967
9.6725 214.4057453395122
9.6775 -29.552333061203516
9.6825 -15.077114592171009
9.6875 71.75577992057049
9.692499999999999 -37.08628779514722
9.6975 198.525554051297
9.702499999999999 -48.24826391585964
9.7075 31.464169319411074
9.7125 -294.23260839110674
9.7175 235.71404772721286
9.7225 -47.86290032757672
9.7275 -24.016666908435628
9.7325 51.744792136533285
9.737499999999999 -424.297114617377
9.7425 113.29592807237876
9.747499999999999 37.505695184746706
9.7525 6.24094162711872
9.7575 -121.02580578951638
9.7625 -28.92578747952253
9.7675 -143.41122667077326
9.772499999999999 137.7565694570683
9.7775 103.53864396955649
9.782499999999999 -61.64860135393125
9.7875 -13.547213883224183
9.7925 -71.66436949418
9.7975 -146.3242671746928
9.8025 -159.1199378466944
9.8075 258.3588229456848
9.8125 195.64319747043547
9.817499999999999 -18.017097019543392
9.8225 -187.7693197450033
9.827499999999999 -43.158097171950764
9.8325 -76.52491479706119
9.8375 69.02761124802689
9.8425 39.97120446320303
9.8475 -86.82773319352911
9.8525 144.77557824074353
9.8575 225.47485557783747
9.862499999999999 -32.96033373998448
9.8675 64.91344403354184
9.872499999999999 -205.01610328960393
9.8775 -135.98929033586788
9.8825 26.76514969668633
9.8875 173.3142700196052
9.8925 7.773718246585619
9.897499999999999 -95.34525121686535
9.9025 128.2569559363817
9.907499999999999 56.3998018805769
9.9125 -74.856910578002
9.9175 64.02778070355112
9.9225 -133.2446503409384
9.9275 97.6252148115703
9.9325 -66.52348495767654
9.9375 -79.14680048055403
9.942499999999999 33.98900690501465
9.9475 158.3904800387254
9.952499999999999 1.5497636502364611
9.9575 -155.67814587722498
9.9625 8.819941755568749
9.9675 311.08393423835525
9.9725 -177.90599012611887
9.9775 -23.692911965877546
9.9825 -76.43629692241905
9.987499999999999 240.79970599188724
9.9925 -164.24183921577978
9.997499999999999 155.76847283696
10.0025 -103.26895577633924
