0.0075 -9.551417016872916
0.012499999999999999 176.9318559671488
0.017499999999999998 -60.02766497120928
0.0225 138.2038114392718
0.0275 -2.5370949436181247
0.0325 -146.2391417496786
0.0375 21.964087094786315
0.042499999999999996 -9.064148086786787
0.0475 32.24862707389369
0.0525 2.7680093995948187
0.057499999999999996 17.794627919029704
0.0625 -83.46704995040672
0.06749999999999999 116.77124803198068
0.0725 -55.4949149783127
0.0775 -198.22615460754028
0.08249999999999999 10.459795776634882
0.0875 176.16242884530195
0.0925 -115.29631700511578
0.09749999999999999 -125.38321787616638
0.1025 86.25649998927506
0.1075 171.94954468390327
0.11249999999999999 -163.6400233591776
0.1175 -82.2305855394924
0.1225 -20.55857583188804
0.1275 95.12038754188036
0.1325 -0.5459106088267698
0.13749999999999998 8.31680321016586
0.1425 -374.3347422393099
0.1475 343.3973145640137
0.1525 71.61897968899703
0.1575 19.38606911293776
0.1625 191.27462912474746
0.16749999999999998 -69.11249998133533
0.1725 -20.704160643728702
0.1775 61.747988168677615
0.1825 43.081773564771424
0.1875 83.98244059044472
0.1925 130.53225354522272
0.19749999999999998 -209.62776318274686
0.20249999999999999 236.5234694271588
0.2075 -93.84673867114412
0.2125 -152.46244947669592
0.2175 22.9146576303901
0.2225 102.83229739749183
0.22749999999999998 232.93652687465163
0.23249999999999998 -311.3845811030367
0.2375 -225.41886493173078
0.2425 61.733091752217305
0.2475 150.45752430039792
0.2525 208.36577585547377
0.2575 -58.0488695789182
0.2625 98.4974938940107
0.2675 -90.11117170517595
0.27249999999999996 -143.91703348637773
0.27749999999999997 33.46007253702961
0.2825 222.4101117150754
0.2875 -175.4435354293541
0.2925 32.35864749410072
0.2975 -238.63091181311867
0.3025 211.79329748746596
0.3075 -124.37980748496668
0.3125 480.9586286975687
0.3175 -137.23776077842902
0.3225 -303.04016883607534
0.32749999999999996 108.35477483725518
0.33249999999999996 -164.2073985556543
0.33749999999999997 243.81808461367365
0.34249999999999997 36.54611690158791
0.3475 -103.93027571640155
0.3525 -175.5503341350126
0.3575 7.256239623928075
0.3625 -25.784988178763022
0.3675 -158.11407393117383
0.3725 162.70376816294512
0.3775 101.7947810970983
0.3825 58.830358261064845
0.38749999999999996 -251.92300153717497
0.39249999999999996 61.413424876461825
0.39749999999999996 206.51251916812956
0.40249999999999997 114.20074115574647
0.4075 -313.886076653548
0.4125 -72.63085175213597
0.4175 -76.0674482397709
0.4225 184.36111050481244
0.4275 -295.39583050874404
0.4325 -78.17223393496388
0.4375 -131.00344614076502
0.4425 70.446078874512
0.44749999999999995 25.996763013368128
0.45249999999999996 105.63224037800559
0.45749999999999996 90.9656143789914
0.46249999999999997 -75.47408227829646
0.46749999999999997 202.46124292719094
0.4725 -46.128248040158276
0.4775 -131.0323647263625
0.4825 47.90478978806257
0.4875 220.40438328128425
0.4925 -96.92045343780522
0.4975 -112.16538555390224
0.5025 -79.59665994134764
0.5075 246.1141849073053
0.5125 -164.38471059104415
0.5175 -5.018127001246908
0.5225 83.91626175236158
0.5275 -21.76828227446058
0.5325 -93.02198448375212
0.5375 34.15108004242397
0.5425 129.4200867343859
0.5475 -145.9176974306899
0.5525 127.24897456331679
0.5575 -75.1471421358846
0.5625 -284.7716372863439
0.5675 223.4221469429766
0.5725 -164.11952854143678
0.5775 35.89901045450499
0.5825 19.22329699874025
0.5875 18.552464026697738
0.5925 -159.9832783950193
0.5974999999999999 389.3343196205897
0.6024999999999999 -133.7979712616634
0.6074999999999999 17.20011789624409
0.6124999999999999 13.779277334930258
0.6174999999999999 -116.7331432702656
0.6224999999999999 259.1681438519147
0.6275 56.444176643036954
0.6325 -69.47345451593121
0.6375 -22.20389360265894
0.6425 33.26195456013314
0.6475 211.45808890493214
0.6525 -199.5690390239632
0.6575 19.56827151863583
0.6625 -135.8487994226387
0.6675 -147.92522666396047
0.6725 97.09632386646555
0.6775 145.92683860491346
0.6825 -78.4784070848769
0.6875 -65.65471523347051
0.6925 214.02459877082788
0.6975 -106.16339128665271
0.7025 160.25115703838878
0.7075 71.03730415378038
0.7125 -28.783129632982398
0.7174999999999999 -64.08456467252225
0.7224999999999999 -55.35582912422215
0.7274999999999999 131.10242491202115
0.7324999999999999 47.52144358732259
0.7374999999999999 -262.9448328118557
0.7424999999999999 144.10723280761144
0.7474999999999999 -24.259002371435585
0.7525 -114.56037102932451
0.7575 46.881579023996196
0.7625 -79.2833341219594
0.7675 109.27737472189669
0.7725 168.53777720184158
0.7775 -167.5122614065465
0.7825 -22.08631750259303
0.7875 79.51085632989403
0.7925 -42.725438829884986
0.7975 188.34036825398357
0.8025 -17.024781569011317
0.8075 169.5885124138791
0.8125 -120.22603791695033
0.8175 -88.86052643423471
0.8225 -55.11933127534704
0.8275 94.31160323718328
0.8325 -95.83152589457731
0.8374999999999999 -70.38750838297814
0.8424999999999999 192.478997711072
0.8474999999999999 10.912520884358683
0.8524999999999999 2.6936483750201203
0.8574999999999999 -17.980497058007074
0.8624999999999999 99.21761367736549
0.8674999999999999 -248.7893870125052
0.8724999999999999 -168.00331543015685
0.8775 58.87054389983725
0.8825 54.68073702554558
0.8875 -74.76214435247198
0.8925 -192.00296793824984
0.8975 331.78922045577485
0.9025 -247.6942969730572
0.9075 396.2217126672214
0.9125 -311.13274892453273
0.9175 17.329952078039224
0.9225 -214.00695385052583
0.9275 157.2187630898585
0.9325 22.59431177868826
0.9375 14.753428599883446
0.9425 -48.97083222332487
0.9475 134.89951499379845
0.9524999999999999 70.4200134353186
0.9574999999999999 34.237611316083665
0.9624999999999999 -128.9775210016362
0.9674999999999999 -100.47638165861075
0.9724999999999999 -39.81094431739815
0.9774999999999999 -10.918698512794647
0.9824999999999999 80.25139960444766
0.9874999999999999 187.0413067346876
0.9924999999999999 -46.70715115605288
0.9974999999999999 -163.50350050770007
1.0025 41.125632810219194
1.0075 -193.5697654633328
1.0125 318.44713994340765
1.0174999999999998 -100.10175431168736
1.0225 149.63755241955522
1.0274999999999999 72.73283183392707
1.0325 -40.73443766069777
1.0374999999999999 6.062114363479575
1.0425 71.01313550494875
1.0474999999999999 -105.14807881554992
1.0525 -35.68843896002187
1.0574999999999999 -6.022402165686816
1.0625 -286.42162094429034
1.0675 81.5426281624772
1.0725 -111.45872863982801
1.0775 302.88818849189033
1.0825 2.539794794096295
1.0875 -445.02310381144315
1.0925 449.7606629510238
1.0975 139.00705603711978
1.1025 51.58101603270967
1.1075 -211.77342165089672
1.1125 -286.01208844400685
1.1175 202.71693888674153
1.1225 112.58556291011996
1.1275 -309.24066876101244
1.1324999999999998 104.2221101049048
1.1375 96.14418273844012
1.1424999999999998 -40.46889358927405
1.1475 94.08715142163861
1.1524999999999999 318.43447704200804
1.1575 -41.701372042946716
1.1624999999999999 22.475822317810792
1.1675 84.48655180836613
1.1724999999999999 -452.31526231560935
1.1775 437.88668817824674
1.1824999999999999 -261.64909327448646
1.1875 -70.27864906427317
1.1925 -269.02744698553585
1.1975 181.5648338628245
1.2025 -100.62486132913743
1.2075 18.341415670038334
1.2125 7.993320910662205
1.2175 303.1662238785442
1.2225 21.661942798657307
1.2275 -364.06208276025
1.2325 -131.1585643801812
1.2375 298.41891274955725
1.2425 -11.94609596623568
1.2475 -145.1551663885711
1.2525 207.44457813511215
1.2574999999999998 -203.37442287587592
1.2625 126.60249287937211
1.2674999999999998 -45.25966917924882
1.2725 -4.983147897405791
1.2774999999999999 114.83202956863104
1.2825 -170.81569406566328
1.2874999999999999 69.96978685380981
1.2925 78.55672959197895
1.2974999999999999 -33.30765506918303
1.3025 5.668212521086722
1.3074999999999999 -95.86042579517779
1.3125 158.94482152872175
1.3175 127.81342437350676
1.3225 -53.024766799836435
1.3275 0.3371905080578447
1.3325 -265.76212112769366
1.3375 66.73355485210006
1.3425 81.48940960673136
1.3475 -66.65373965059193
1.3525 127.14897535437383
1.3575 -346.9847281889798
1.3625 201.3629987418278
1.3675 -11.651044600225365
1.3724999999999998 383.0683816782241
1.3775 -20.171274530468278
1.3824999999999998 105.57693739242131
1.3875 -219.9606238798723
1.3924999999999998 -73.7541027137126
1.3975 -162.1865400771484
1.4024999999999999 195.2990893027939
1.4075 34.45850535030319
1.4124999999999999 -240.91219151584988
1.4175 -68.39806806896063
1.4224999999999999 59.85175493561872
1.4275 251.72314365151988
1.4324999999999999 -170.20531363805404
1.4375 55.92165741348462
1.4425 -77.05071067768488
1.4475 71.14010558593138
1.4525 77.1777832629819
1.4575 67.79907719968251
1.4625 -295.7910281951523
1.4675 93.55001828751683
1.4725 -35.21422426359586
1.4775 -218.9267279950191
1.4825 341.4553070359046
1.4874999999999998 -194.5758875476144
1.4925 129.75396341875518
1.4974999999999998 -277.5567670352218
1.5025 77.97651359187799
1.5074999999999998 56.08988594155181
1.5125 318.9681932559967
1.5174999999999998 -287.2745457252707
1.5225 -70.09977495655711
1.5274999999999999 149.79872736126495
1.5325 -223.70527675457998
1.5374999999999999 -77.91137821876667
1.5425 250.06341629398972
1.5474999999999999 100.61781063763867
1.5525 -307.2263488471869
1.5574999999999999 -9.70332880554085
1.5625 -7.47608414028943
1.5675 57.19670581681108
1.5725 71.59913095883185
1.5775 217.23445518871134
1.5825 26.832420817585515
1.5875 159.78601969771074
1.5925 -78.6874096975367
1.5975 115.68972066864565
1.6025 190.1427805644579
1.6075 -195.90894260295337
1.6124999999999998 -191.6861740781558
1.6175 115.93471466459526
1.6224999999999998 114.96196582709098
1.6275 -19.472251687710276
1.6324999999999998 -269.65886856192003
1.6375 25.562170905700096
1.6424999999999998 -202.71494169741715
1.6475 112.33665585473376
1.6524999999999999 13.526225105074657
1.6575 -224.73386004740638
1.6624999999999999 8.64334748065241
1.6675 -1.7363712413477403
1.6724999999999999 165.56035286960096
1.6775 -188.36579616634359
1.6824999999999999 329.51735272813886
1.6875 -171.46912867383386
1.6925 214.15503426082668
1.6975 17.308113757553713
1.7025 99.75485050006202
1.7075 -285.75151537128494
1.7125 69.93871054581538
1.7175 -12.047412862218707
1.7225 0.30753268081957424
1.7274999999999998 -135.19038328900746
1.7325 75.12647600289407
1.7374999999999998 -9.913525678993105
1.7425 -73.38265944817485
1.7474999999999998 -73.61680430327618
1.7525 90.59093374035129
1.7574999999999998 10.812870374302918
1.7625 -48.705001824060204
1.7674999999999998 230.6299313613182
1.7725 -232.37398003107023
1.7774999999999999 116.18693958989297
1.7825 -37.48105135144099
1.7874999999999999 -131.2571208968226
1.7925 93.8858771605791
1.7974999999999999 -36.91780149307248
1.8025 4.5699515587016455
1.8074999999999999 44.802833372190875
1.8125 2.6341337648011582
1.8175 163.54596808462395
1.8225 -152.52851725747314
1.8275 232.90467027065688
1.8325 132.78284037715096
1.8375 26.16141060124072
1.8425 -430.2390770815864
1.8475 301.14003731393836
1.8524999999999998 -105.09974707733119
1.8575 111.03935414634994
1.8624999999999998 291.79051691984637
1.8675 -123.07300248185456
1.8724999999999998 -78.70323602155766
1.8775 -58.192738529064975
1.8824999999999998 234.7145996080474
1.8875 -143.98429579111638
1.8924999999999998 -81.66678338814116
1.8975 -127.55955789885348
1.9024999999999999 138.83796076204507
1.9075 178.49667630374918
1.9124999999999999 31.67150383554528
1.9175 -241.65760341637545
1.9224999999999999 -62.361741369825076
1.9275 94.93600425491584
1.9324999999999999 -237.03503674837953
1.9375 149.95046874802387
1.9425 -10.728451821146072
1.9475 111.23004111968777
1.9525 -88.77746109592908
1.9575 -314.7721760545244
1.9625 312.50899527146714
1.9674999999999998 9.873525574345571
1.9725 -135.5475791127685
1.9774999999999998 -61.028065235713456
1.9825 50.78828108773681
1.9874999999999998 132.6833638217853
1.9925 -213.43525817614858
1.9974999999999998 -83.85771586712656
2.0025 88.76556664792618
2.0075 246.9099939619298
2.0124999999999997 -48.85748613682554
2.0175 -5.4944988937319446
2.0225 -211.11910884786838
2.0275 422.56929189372903
2.0324999999999998 -299.1147653273006
2.0375 20.345237642007998
2.0425 -93.24594562074948
2.0475 235.76843139778757
2.0524999999999998 -100.304677589522
2.0575 97.08099993201112
2.0625 -81.87929410898269
2.0675 -20.034677087035394
2.0725 -214.05731802626303
2.0775 424.7200824199913
2.0825 -70.6734711818311
2.0875 -40.38264722275406
2.0925 218.76394943318178
2.0974999999999997 -265.69845548749566
2.1025 247.58447791000947
2.1075 -325.6405721540498
2.1125 7.7820670190360985
2.1174999999999997 113.76798792790245
2.1225 -210.6140817885623
2.1275 144.89537400660305
2.1325 -204.19889185389513
2.1374999999999997 -46.70130235724676
2.1425 169.86860861095627
2.1475 45.211196843007066
2.1525 -116.7441715962873
2.1574999999999998 -57.12556834896775
2.1625 8.78733166591256
2.1675 -142.5384429947262
2.1725 -103.90826590843501
2.1774999999999998 122.86856769303235
2.1825 68.03419091135224
2.1875 252.70948385055502
2.1925 -164.40458833558841
2.1975 -364.3608792181009
2.2024999999999997 190.49704754783946
2.2075 285.74432618711495
2.2125 2.2630453168291815
2.2175 86.82811233777667
2.2224999999999997 239.17088085607688
2.2275 -221.32754088676856
2.2325 25.122319497721996
2.2375 -6.483330250250909
2.2424999999999997 37.76495135993542
2.2475 101.84007063490313
2.2525 -52.20481886737014
2.2575 -82.15806432919713
2.2624999999999997 287.11058283726953
2.2675 -145.01999806778963
2.2725 -80.79892922878683
2.2775 90.68619380245626
2.2824999999999998 -94.11095808155001
2.2875 8.492167301725125
2.2925 -25.73543280351537
2.2975 121.11706844652942
2.3024999999999998 -79.43810445199529
2.3075 -144.0577180919699
2.3125 146.41716884806004
2.3175 -67.93183351104834
2.3225 126.8168162751929
2.3274999999999997 -300.2521302710893
2.3325 5.458960029488541
2.3375 335.7661660023628
2.3425 -331.5324530695492
2.3474999999999997 -26.00079173556767
2.3525 156.16921680944176
2.3575 -93.34521887808467
2.3625 -333.70050484864936
2.3674999999999997 91.2651413281148
2.3725 -71.98757309774287
2.3775 275.2094677116352
2.3825 -132.62183886379339
2.3874999999999997 32.36142445308753
2.3925 185.54150255565446
2.3975 -259.3905984781349
2.4025 252.04582012763288
2.4074999999999998 -2.0152310048047193
2.4125 1.910286587719138
2.4175 -79.12862418920247
2.4225 -43.973080027017076
2.4274999999999998 -197.6632343354124
2.4325 107.07231664836839
2.4375 -118.97421180683415
2.4425 -17.48092629435022
2.4475 224.32043790972475
2.4524999999999997 38.52891167273821
2.4575 -28.75482028355387
2.4625 -80.95727043280417
2.4675 302.32150049539035
2.4724999999999997 106.07367251041073
2.4775 -81.70698244853111
2.4825 -99.66495697962301
2.4875 149.7367023822273
2.4924999999999997 -91.97197949981815
2.4975 -82.82326969595402
2.5025 -18.688950297688244
2.5075 -85.91515562217174
2.5124999999999997 165.95873569007082
2.5175 -134.01409404243043
2.5225 -72.77078556954868
2.5275 -4.016469545669955
2.5324999999999998 277.8281600370361
2.5375 -214.38586976611194
2.5425 -31.02499872956213
2.5475 291.59734378923514
2.5524999999999998 -220.51959266989374
2.5574999999999997 336.4058055562186
2.5625 -122.25923086197939
2.5675 -27.500424591600385
2.5725 45.40202832900634
2.5774999999999997 -74.97996325726004
2.5825 -146.67734071968493
2.5875 473.6871336947033
2.5925 -443.45739093727605
2.5974999999999997 -172.47301362448133
2.6025 142.19361719819562
2.6075 137.36503810918583
2.6125 167.07525847372315
2.6174999999999997 -9.75106081456977
2.6225 11.896040701526744
2.6275 -132.3633442996081
2.6325 18.947379069630696
2.6374999999999997 58.188406504625824
2.6425 -64.69638305539158
2.6475 -147.24225765479923
2.6525 151.19483007026471
2.6574999999999998 123.94591448567131
2.6625 -149.8134558759215
2.6675 109.45244472213035
2.6725 135.70607946822133
2.6774999999999998 -211.29323854536705
2.6824999999999997 65.5613744626744
2.6875 132.5917360178244
2.6925 55.8396422509596
2.6975 -153.76632514598677
2.7024999999999997 7.143913185608657
2.7075 86.29084985610541
2.7125 -70.78181340023527
2.7175 -65.50653715458512
2.7224999999999997 105.28588303674948
2.7275 -103.78959584785089
2.7325 145.68022085640996
2.7375 -163.15242888907378
2.7424999999999997 93.56790719835158
2.7475 -210.36677507705562
2.7525 172.26918576909955
2.7575 117.4552902442075
2.7624999999999997 -289.85130793057965
2.7675 50.62458209242184
2.7725 177.67527541539147
2.7775 -216.80374469178787
2.7824999999999998 -69.66971290797923
2.7875 223.88964504091317
2.7925 -135.35540207671428
2.7975 178.86912434841997
2.8024999999999998 113.016139717206
2.8074999999999997 -23.01510159489481
2.8125 23.16723957729371
2.8175 19.92351252327689
2.8225 48.68849178705141
2.8274999999999997 -39.55343150506086
2.8325 112.94633914773767
2.8375 -214.411528214491
2.8425 -97.95242911025818
2.8474999999999997 -121.43246132660396
2.8525 98.63647527001959
2.8575 60.69966851883684
2.8625 -20.49001610412012
2.8674999999999997 41.66528683991856
2.8725 32.23308668296022
2.8775 38.922591663688124
2.8825 -89.94136876873702
2.8874999999999997 -162.46578656740894
2.8925 53.91227678649986
2.8975 101.68279217298476
2.9025 12.567917664879026
2.9074999999999998 -39.62138443097284
2.9125 -68.36423289484618
2.9175 48.09045066169516
2.9225 164.17303493824514
2.9274999999999998 66.0351038426209
2.9324999999999997 -164.87632328948476
2.9375 136.04095593151317
2.9425 -210.52826266350343
2.9475 -19.273015933503665
2.9524999999999997 114.9853860233678
2.9575 21.364705288001105
2.9625 -54.777363197781376
2.9675 84.54070645614343
2.9724999999999997 4.455551743640609
2.9775 56.13785203938084
2.9825 -156.43483114698086
2.9875 117.55702426301029
2.9924999999999997 -130.01792768684322
2.9975 -81.92379867953791
3.0025 -19.562022571408598
3.0075 -141.25834474069484
3.0124999999999997 69.86500402247269
3.0175 143.4495227563306
3.0225 -150.2546383925572
3.0275 127.30241786536425
3.0324999999999998 152.5945934596574
3.0374999999999996 -333.47508772931735
3.0425 48.51665573872348
3.0475 -157.9136857600412
3.0524999999999998 25.33971259511424
3.0574999999999997 45.170989394106144
3.0625 12.875116910611766
3.0675 145.58121879469985
3.0725 5.664395255155749
3.0774999999999997 136.26780626906364
3.0825 -381.4411371352564
3.0875 381.478887145198
3.0925 84.67070166445296
3.0974999999999997 -174.55311189900772
3.1025 -164.19760551188847
3.1075 229.43127308935266
3.1125 -140.1637092105086
3.1174999999999997 -156.67725061022685
3.1225 247.278741061355
3.1275 227.92342271639396
3.1325 -254.2892558690997
3.1374999999999997 85.08841819341085
3.1425 -18.072390136291222
3.1475 -86.88554383400206
3.1525 -29.829602099812522
3.1574999999999998 197.64660574078198
3.1624999999999996 -284.29331399593553
3.1675 59.14038552056486
3.1725 48.239299328015946
3.1774999999999998 -24.020703657288802
3.1824999999999997 44.739453072950184
3.1875 -74.12555992720583
3.1925 52.799058089284124
3.1975 98.11229399682801
3.2024999999999997 -244.31236936536982
3.2075 300.1125242964228
3.2125 -115.829592345285
3.2175 -87.70094762783823
3.2224999999999997 20.24075640231218
3.2275 92.4824720389594
3.2325 -233.31272586667257
3.2375 36.55696077905677
3.2424999999999997 86.94818383892604
3.2475 183.1260135198738
3.2525 98.44416454412787
3.2575 -3.89629583627129
3.2624999999999997 -285.4640159020795
3.2675 297.54868243755965
3.2725 -226.3125643894339
3.2775 206.3708926807886
3.2824999999999998 -198.9077314528425
3.2874999999999996 93.95905313527534
3.2925 338.10176193861975
3.2975 -406.9204840285977
3.3024999999999998 -236.1128897775379
3.3074999999999997 -73.96730616107925
3.3125 144.00301605273197
3.3175 352.34118521993105
3.3225 -12.638184832933751
3.3274999999999997 29.573154463887196
3.3325 -196.2305553500838
3.3375 70.55433198349121
3.3425 -18.519538693509862
3.3474999999999997 -167.83389277288163
3.3525 -65.4064555737541
3.3575 -31.554724183475365
3.3625 -102.81534852622312
3.3674999999999997 243.97193529973882
3.3725 163.5250608888556
3.3775 -86.2638329294957
3.3825 33.51507222037427
3.3874999999999997 92.80199522445646
3.3924999999999996 -49.85474811134511
3.3975 -76.18846491228125
3.4025 -154.84422876716116
3.4074999999999998 262.78563067933237
3.4124999999999996 52.85663472319728
3.4175 76.00563879612083
3.4225 99.53540494786141
3.4274999999999998 -11.783185688328157
3.4324999999999997 5.188163105394555
3.4375 3.576138939890956
3.4425 -107.22037340635795
3.4475 67.27980468573104
3.4524999999999997 69.13060732241638
3.4575 -28.928741551227123
3.4625 66.51014623835827
3.4675 1.4979090992696786
3.4724999999999997 -140.70715917300421
3.4775 -203.52553792048275
3.4825 86.19957601441112
3.4875 -2.338916404962097
3.4924999999999997 5.099704184811183
3.4975 176.37757184798824
3.5025 -319.7214670005834
3.5075 214.04359193866685
3.5124999999999997 -153.3718348577737
3.5174999999999996 70.64646401920145
3.5225 -160.2311701445136
3.5275 86.22511656309095
3.5324999999999998 68.78146157432322
3.5374999999999996 100.9938713343651
3.5425 66.34249865579557
3.5475 25.02589938679086
3.5524999999999998 -167.1492284292063
3.5574999999999997 -22.75865869601096
3.5625 0.6773790370385198
3.5675 -66.11621913174416
3.5725 -134.3800873417383
3.5774999999999997 73.0561317573335
3.5825 -74.97080866141896
3.5875 2.7631720907304804
3.5925 19.019821066065536
3.5974999999999997 -0.23585808510550135
3.6025 141.15770076777181
3.6075 60.655002428325375
3.6125 -95.76813217371911
3.6174999999999997 62.940518888328064
3.6225 -313.02030152906815
3.6275 378.38730991618377
3.6325 -112.0315572237312
3.6374999999999997 70.97243589717509
3.6424999999999996 -164.9429016180666
3.6475 397.21665796528526
3.6525 -431.5976708434224
3.6574999999999998 24.923034267748758
3.6624999999999996 38.15199791379081
3.6675 -200.8162623087686
3.6725 197.0161628898027
3.6774999999999998 -176.00726810409688
3.6824999999999997 352.17687883062985
3.6875 -92.50665595159137
3.6925 28.505257937428755
3.6975 -170.76837733727132
3.7024999999999997 -76.93946415323983
3.7075 190.6353419541445
3.7125 129.83546448069447
3.7175 16.765055110870613
3.7224999999999997 27.613116966374612
3.7275 -202.7387476994061
3.7325 -3.043680213040176
3.7375 -206.27377911961767
3.7424999999999997 200.44668938511097
3.7474999999999996 -19.236245438473848
3.7525 47.842464204267245
3.7575 0.406692907081517
3.7624999999999997 103.29667141656817
3.7674999999999996 -86.26511061485215
3.7725 194.59036947294464
3.7775 -165.2302287115957
3.7824999999999998 87.68197610564718
3.7874999999999996 -204.1403693906985
3.7925 249.6928226694763
3.7975 -45.58322279754374
3.8024999999999998 -15.607411122752305
3.8074999999999997 -134.6138019155713
3.8125 389.6970959423905
3.8175 -64.70584766428102
3.8225 39.78355790155253
3.8274999999999997 -256.84248175482327
3.8325 375.4112309695174
3.8375 -106.10770815348918
3.8425 64.80472616815904
3.8474999999999997 -143.97496934593693
3.8525 -251.27319708179667
3.8575 177.95110768300083
3.8625 -69.4574247622953
3.8674999999999997 24.71802011243588
3.8724999999999996 17.18374168065728
3.8775 -100.59769729107269
3.8825 20.684152169997848
3.8874999999999997 -79.59926452465815
3.8924999999999996 105.6026832128989
3.8975 119.4908246035756
3.9025 116.91146103877598
3.9074999999999998 -222.8750207566707
3.9124999999999996 131.33736743227496
3.9175 -526.4262816308043
3.9225 5.915396609216789
3.9274999999999998 274.6210189966002
3.9324999999999997 126.10728572043097
3.9375 -241.60236609144957
3.9425 10.549767458258428
3.9475 4.891595359770708
3.9524999999999997 172.6772779456023
3.9575 -174.85396271964203
3.9625 71.58434428383265
3.9675 49.259493583539246
3.9724999999999997 91.68360262526191
3.9775 95.15527453658149
3.9825 236.06888634649658
3.9875 -277.686719873327
3.9924999999999997 -109.79945643303398
3.9974999999999996 150.85666544225901
4.0024999999999995 206.55228505239253
4.007499999999999 -329.69764038219284
4.0125 -137.41715023678344
4.0175 183.32203887579757
4.0225 -41.625803072793026
4.0275 -114.82246416602551
4.0325 481.52354247465536
4.0375 -160.410253208393
4.0424999999999995 -108.45576777223434
4.047499999999999 95.90084565433479
4.0525 104.2312828594049
4.0575 -111.5581251918263
4.0625 71.25804633950338
4.0675 68.13118315162734
4.0725 -77.33192672452779
4.0775 -118.76059176298567
4.0825 85.6735041353286
4.0874999999999995 81.6684029299915
4.0925 49.85072307351116
4.0975 170.69528689249083
4.1025 -296.54046394925143
4.1075 86.35184729189403
4.1125 -345.4718792503695
4.1175 285.39115204578343
4.1225 -82.90881592815357
4.1274999999999995 -124.19019424103237
4.132499999999999 -65.83251061157259
4.1375 186.3463174827551
4.1425 -58.66561764296085
4.1475 328.8485166822518
4.1525 -177.78201596070724
4.1575 145.77271527579387
4.1625 -118.03785055350622
4.1674999999999995 226.3258520539717
4.172499999999999 -14.805956337079214
4.1775 -291.54097957477353
4.1825 154.83106127626698
4.1875 -125.56247568424281
4.1925 263.6044605754316
4.1975 -133.96873923872067
4.2025 73.13909893361277
4.2075 -7.451684429100858
4.2124999999999995 -52.15879771982466
4.2175 68.43612111797283
4.2225 91.26811876428964
4.2275 -330.4374078428426
4.2325 401.6581196421941
4.2375 -138.68282923259588
4.2425 95.2783265579171
4.2475 -352.23007870137866
4.2524999999999995 4.438882884157538
4.257499999999999 85.37184196475529
4.2625 -210.73706250447069
4.2675 -6.193871751221984
4.2725 17.747568569891826
4.2775 -80.37360027416061
4.2825 -55.37637630483757
4.2875 353.6245626580351
4.2924999999999995 -287.4084869549305
4.297499999999999 -9.383854437887988
4.3025 294.63952946568645
4.3075 -66.76956952584386
4.3125 -49.51260713176521
4.3175 -217.50048112252182
4.3225 145.59891375000265
4.3275 -89.02341934299011
4.3325 139.18056044514225
4.3374999999999995 -25.06923252646189
4.342499999999999 -2.2205668841852018
4.3475 28.172859736341128
4.3525 -107.2719295237111
4.3575 168.41081995034628
4.3625 -47.27133279706096
4.3675 69.16491429270441
4.3725 58.67637625368295
4.3774999999999995 -137.19123539913423
4.382499999999999 178.80802993486535
4.3875 -194.32927558882827
4.3925 -3.0297919969095117
4.3975 -84.45904657172987
4.4025 95.5314441852621
4.4075 -60.687609327057785
4.4125 188.89712695098274
4.4174999999999995 -160.1719610734705
4.422499999999999 78.2076777952086
4.4275 331.06899935236606
4.4325 -159.07526596646557
4.4375 21.658334488889672
4.4425 -153.33548490676029
4.4475 -66.83481648259908
4.4525 50.032439537703446
4.4575 -11.631824580732994
4.4624999999999995 100.5906946279112
4.467499999999999 70.71054329523031
4.4725 6.080389343195445
4.4775 80.2437540194889
4.4825 -31.81709285808949
4.4875 49.88212584261468
4.4925 -98.56355930626714
4.4975 14.874389743740831
4.5024999999999995 142.71787301399837
4.507499999999999 -27.713246707127404
4.5125 -160.41451154552013
4.5175 111.04250796330388
4.5225 188.72945384102977
4.5275 44.23895069113438
4.5325 -296.35386530588517
4.5375 3.1756497149735785
4.5424999999999995 136.92599502470355
4.547499999999999 -136.64068604243207
4.5525 151.59138965610032
4.5575 -274.52695332687216
4.5625 282.9626258823258
4.5675 -27.563887262729136
4.5725 10.154571087694979
4.5775 -150.3208214413439
4.5825 -66.52269676660703
4.5874999999999995 209.96832856969462
4.592499999999999 -113.40706353951786
4.5975 -122.1122741502905
4.6025 -22.965719516414858
4.6075 226.67041445125798
4.6125 32.56085468916404
4.6175 -85.95512914675317
4.6225 -107.12976538216141
4.6274999999999995 61.52664885255839
4.632499999999999 196.26023028330522
4.6375 -353.75276068543855
4.6425 11.414452800027444
4.6475 -18.959462209786142
4.6525 41.70234787349287
4.6575 135.0575429609475
4.6625 -163.73243619618037
4.6674999999999995 -13.478489411680137
4.672499999999999 -127.83574478665184
4.6775 -186.99624825923965
4.6825 299.6067264285633
4.6875 71.19994126229552
4.6925 29.819711683527252
4.6975 -164.06716502167924
4.7025 169.7224985796408
4.7075 63.759690472328565
4.7124999999999995 107.96708917755261
4.717499999999999 -326.38605001129883
4.7225 -163.5892785259712
4.7275 55.12583365429378
4.7325 5.267877973732317
4.7375 167.22355734716646
4.7425 -306.3172033446266
4.7475 148.55869227374592
4.7524999999999995 -62.68892829893993
4.757499999999999 -183.75325834151192
4.7625 296.95126176594977
4.7675 108.88827387105012
4.7725 57.23036197023269
4.7775 69.13876713954537
4.7825 -37.69946965645765
4.7875 120.53465853829792
4.7924999999999995 -9.93892701128704
4.797499999999999 -193.32542544227726
4.8025 228.21331939176036
4.8075 -27.344244596968885
4.8125 -408.16470771346644
4.8175 194.55695069793532
4.8225 16.86986110107721
4.8275 34.66680201219704
4.8325 -17.458399293562533
4.8374999999999995 133.14183601350774
4.842499999999999 -80.6488613335174
4.8475 65.42550058588047
4.8525 -171.9609306894533
4.8575 85.68610835004752
4.8625 -159.7233764031746
4.8675 -10.968011904173048
4.8725 -239.62917961944714
4.8774999999999995 90.42859374960491
4.882499999999999 26.427044939621645
4.8875 309.933426076898
4.8925 -206.09089010607306
4.8975 305.31250368863573
4.9025 -251.55125944327014
4.9075 343.6867845108929
4.9125 -130.60404867232572
4.9174999999999995 -35.45575285052933
4.922499999999999 -301.9154430755827
4.9275 189.59211120270473
4.9325 328.71138827897084
4.9375 -127.45078384689526
4.9425 -54.33698913622596
4.9475 -56.385414301322896
4.9525 -81.05162196982742
4.9575 236.85215115603157
4.9624999999999995 -229.68022087013716
4.967499999999999 152.68980773036137
4.9725 -73.16633402729981
4.9775 -74.3760667867695
4.9825 211.0579525896055
4.9875 -105.52048949022674
4.9925 63.52373054083111
4.9975 111.55754227255453
5.0024999999999995 66.4134884858459
5.007499999999999 49.6872600091791
5.0125 18.633971931030274
5.0175 -79.63863065525344
5.0225 -312.3266541757211
5.0275 78.32594172027753
5.0325 86.8262810764888
5.0375 -222.5162748676678
5.0424999999999995 337.1517569531357
5.047499999999999 -322.1856117684827
5.0525 34.27034585176723
5.0575 -275.01012563716415
5.0625 323.87426600143294
5.0675 15.434010929642533
5.0725 -124.66595084446215
5.0775 71.59187854831646
5.0825 -84.43829556674606
5.0874999999999995 -7.07838266428669
5.092499999999999 143.30679069614052
5.0975 2.038725283146997
5.1025 106.02424648271256
5.1075 100.85967805462288
5.1125 -14.642785258720977
5.1175 -213.75722725406638
5.1225 228.28271468101266
5.1274999999999995 -134.3180384143242
5.132499999999999 -18.37728665352372
5.1375 15.383317743346785
5.1425 -10.338509355928778
5.1475 17.971069292773624
5.1525 285.7498295108538
5.1575 -324.9044767311788
5.1625 -61.44361983157083
5.1674999999999995 3.7488941058516883
5.172499999999999 311.1075075989734
5.177499999999999 -425.5369512754915
5.1825 154.85034392997454
5.1875 -75.99902141233356
5.1925 -147.78235091351198
5.1975 -28.409566015041634
5.2025 -85.66225149065482
5.2075 179.06654285508642
5.2124999999999995 135.93756973790755
5.217499999999999 12.356988523763697
5.2225 111.20382817428585
5.2275 -128.85833282713952
5.2325 -142.1087963254737
5.2375 -7.055355905622204
5.2425 -166.48460071834177
5.2475 169.57971006970635
5.2524999999999995 -34.96112334748054
5.257499999999999 15.631371736512003
5.2625 24.440513826999094
5.2675 118.76060544777218
5.2725 135.9424100732151
5.2775 -142.70218472210294
5.2825 57.357640748418845
5.2875 255.00981514463686
5.2924999999999995 -93.90003538807449
5.297499999999999 -25.11488023723687
5.302499999999999 -26.361394018495243
5.3075 -31.28768110159023
5.3125 33.74812360839919
5.3175 213.4242799509198
5.3225 -223.38152483846508
5.3275 -25.909563027351957
5.3325 -102.21110625170408
5.3374999999999995 83.28429054758057
5.342499999999999 -168.45529748028972
5.3475 -114.84201827852715
5.3525 114.52920932299884
5.3575 -21.39049939998494
5.3625 155.3450811349249
5.3675 11.431653507553767
5.3725 22.214635946249
5.3774999999999995 9.646141464328721
5.382499999999999 -107.47565165095861
5.3875 -136.76861919026578
5.3925 80.73248432687355
5.3975 63.72376264434534
5.4025 163.83889936140022
5.4075 -105.28467824919814
5.4125 -108.06634796059437
5.4174999999999995 292.16679644157256
5.422499999999999 -58.441481630181954
5.427499999999999 72.60406299302451
5.4325 -228.83815542780277
5.4375 17.199218647868626
5.4425 -13.057319053140864
5.4475 150.3243447475338
5.4525 190.8323447196283
5.4575 -26.385507928180807
5.4624999999999995 -225.14192169630846
5.467499999999999 272.156669483241
5.4725 -302.70216171469906
5.4775 -21.017177765913427
5.4825 96.85106722788244
5.4875 -15.711972628984416
5.4925 -30.72970972197059
5.4975 -151.157219539878
5.5024999999999995 179.65514874778964
5.507499999999999 -59.97408034742414
5.5125 -67.85368094530962
5.5175 99.22093250126453
5.5225 31.49982950455032
5.5275 -29.151241179341504
5.5325 171.58621018071403
5.5375 -432.04328459919947
5.5424999999999995 359.03847894953816
5.547499999999999 10.433870738087748
5.552499999999999 46.23842326951277
5.5575 -13.1080280295749
5.5625 0.6365502132998713
5.5675 4.673291171399287
5.5725 85.33122236034897
5.5775 117.35229380384867
5.5825 37.6076863196346
5.5874999999999995 -98.33186587013495
5.592499999999999 -100.72966995103376
5.5975 16.232472168265307
5.6025 169.35766217113147
5.6075 -374.76496771581907
5.6125 -76.16814063578465
5.6175 218.2882653328036
5.6225 -253.82146249557724
5.6274999999999995 -74.73000036796037
5.632499999999999 192.73094673659926
5.6375 111.83642506329652
5.6425 7.253520825283959
5.6475 70.03484380256764
5.6525 -450.27458405552517
5.6575 233.35653402633707
5.6625 -19.495830311707905
5.6674999999999995 58.75419952924613
5.672499999999999 223.96686329101095
5.677499999999999 -136.30212271343464
5.6825 -42.197356603029526
5.6875 -119.94334259731887
5.6925 27.235367119604888
5.6975 238.9122947090895
5.7025 100.17690721169716
5.7075 -287.43094895298225
5.7124999999999995 104.42094821079554
5.717499999999999 -218.87332390514837
5.7225 -44.09151422241054
5.7275 -7.390099994921392
5.7325 179.73514395687423
5.7375 286.6751779322332
5.7425 -26.572609750620483
5.7475 -213.03814554071948
5.7524999999999995 184.8618382908523
5.757499999999999 -81.1000703412447
5.7625 -147.62170334597297
5.7675 179.09870690623214
5.7725 -289.78575832950725
5.7775 27.432560419424025
5.7825 -108.67323192524886
5.7875 -194.80793284066144
5.7924999999999995 378.5604622041224
5.797499999999999 -178.57625281100022
5.802499999999999 260.4138828637211
5.8075 -51.449199695117656
5.8125 111.86216140969111
5.8175 -90.35801867385359
5.8225 -381.7748164428971
5.8275 393.97794770137136
5.8325 -243.7371780504409
5.8374999999999995 141.61651797401586
5.842499999999999 21.27205401991019
5.8475 97.45857806102697
5.8525 291.06610906127065
5.8575 -406.40506970335224
5.8625 135.62147459143267
5.8675 -84.01317372610038
5.8725 73.51024929208529
5.8774999999999995 149.3604947056303
5.882499999999999 -229.47477011750067
5.8875 18.429705438765307
5.8925 -193.0750051653052
5.8975 208.68525061788006
5.9025 -152.56521669688067
5.9075 -73.26447605281119
5.9125 169.31477247117735
5.9174999999999995 -319.78307906750484
5.922499999999999 -15.688977713765476
5.927499999999999 135.9582948207477
5.9325 -68.79346207942164
5.9375 158.43015341909492
5.9425 124.43982816911773
5.9475 -16.608090477950718
5.9525 -63.266866308423964
5.9575 327.136033814781
5.9624999999999995 -288.703993850929
5.967499999999999 -131.35156881948166
5.9725 26.300257761074164
5.9775 86.08942874675982
5.9825 -134.5886832267527
5.9875 115.85680585911638
5.9925 80.64334899624129
5.9975 -166.8389358953831
6.0024999999999995 -117.73895323614703
6.007499999999999 -60.82708546073301
6.012499999999999 221.87616213600134
6.0175 -35.13182895349157
6.0225 63.994553252384016
6.0275 -115.52600140931989
6.0325 254.39617615882298
6.0375 -131.8206901436341
6.0424999999999995 -58.07463092636509
6.047499999999999 295.85755046874317
6.052499999999999 -255.3922546624779
6.0575 34.174540503553416
6.0625 106.20214186502376
6.0675 -52.331914479952175
6.0725 167.8853896772162
6.0775 -171.8664714505285
6.0825 -123.47754661428414
6.0874999999999995 53.150127602558634
6.092499999999999 156.80906637213678
6.0975 -157.10239556039787
6.1025 144.69689078407032
6.1075 33.569659254771686
6.1125 -62.9724404950588
6.1175 -102.24698881462422
6.1225 135.6711832626062
6.1274999999999995 -1.8437297074084906
6.132499999999999 -39.29831721472941
6.137499999999999 143.47462065480045
6.1425 137.42176036503318
6.1475 -212.31431678546545
6.1525 -121.54795960895186
6.1575 -9.773102137020638
6.1625 24.449185376193068
6.1674999999999995 320.7073287584284
6.172499999999999 -294.668290676239
6.177499999999999 -208.35086785957867
6.1825 172.01726753434195
6.1875 346.8659123985778
6.1925 -13.490814667289323
6.1975 -292.4061473052672
6.2025 -57.74160954115305
6.2075 11.030018198213757
6.2124999999999995 291.6302525427779
6.217499999999999 -138.0409443210756
6.2225 -136.63187685586604
6.2275 128.25356789904316
6.2325 48.07879362500062
6.2375 -149.8334185582513
6.2425 89.71403867415157
6.2475 -8.154673228258705
6.2524999999999995 -126.59036789535018
6.257499999999999 64.5612923694567
6.262499999999999 74.64044159845304
6.2675 57.27563334937849
6.2725 18.85821873794615
6.2775 -177.49688474907597
6.2825 25.128428439056417
6.2875 138.03951143181828
6.2924999999999995 11.097232803576318
6.297499999999999 -273.835505671373
6.302499999999999 94.63798592192134
6.3075 -73.42871664986941
6.3125 295.4686919307271
6.3175 -265.2104932387542
6.3225 173.6120979498489
6.3275 -9.295621908412311
6.3325 -28.09206488833675
6.3374999999999995 267.46704407170586
6.342499999999999 -91.85260934397769
6.3475 -248.77415847680294
6.3525 196.2862616421168
6.3575 -84.02388522957658
6.3625 33.1399882752854
6.3675 195.80510020593573
6.3725 -282.3064052358389
6.3774999999999995 71.4050025248543
6.382499999999999 2.8463609868681963
6.387499999999999 13.076792635937233
6.3925 -75.00132784070081
6.3975 -76.14040446837596
6.4025 -124.67390683722275
6.4075 130.518684158301
6.4125 -41.85783744432776
6.4174999999999995 67.2656684657409
6.422499999999999 106.71493270813694
6.427499999999999 -130.25239344360912
6.4325 125.07762155974264
6.4375 124.37568153828023
6.4425 133.93132819041435
6.4475 -69.54588759751712
6.4525 -185.9195824492105
6.4575 222.66832475425352
6.4624999999999995 -40.02313880782437
6.467499999999999 296.1997471085606
6.4725 1.7305283638434668
6.4775 -156.3432391997923
6.4825 -134.81577650215996
6.4875 -149.21180492757603
6.4925 -107.50995421316634
6.4975 -91.11645941223355
6.5024999999999995 170.52146174728438
6.507499999999999 69.48028239377548
6.512499999999999 -273.2827100441391
6.5175 -93.61809906420477
6.5225 -21.05628388556492
6.5275 215.01096160239462
6.5325 29.017979912511706
6.5375 -14.824221546647019
6.5424999999999995 -57.854448665525
6.547499999999999 -149.8298053798577
6.552499999999999 74.23136082770901
6.5575 74.66521606225696
6.5625 198.9848023283163
6.5675 -59.571714464571315
6.5725 78.91216349947608
6.5775 -3.167333575475559
6.5825 -89.39210986108641
6.5874999999999995 15.827132212866045
6.592499999999999 -211.5967607942306
6.5975 -96.22736729228981
6.6025 350.91280483658215
6.6075 46.013541435868774
6.6125 -59.93521213252284
6.6175 -361.7355011507723
6.6225 -57.290128696326306
6.6274999999999995 224.9247638719767
6.632499999999999 -45.808152264771564
6.637499999999999 -15.818432521040188
6.6425 70.09496506660999
6.6475 55.47036404365391
6.6525 -91.71047744062702
6.6575 111.41211430942084
6.6625 -37.77684028138993
6.6674999999999995 47.67140121479297
6.672499999999999 124.28054435963689
6.677499999999999 3.950207842256918
6.6825 -125.4299853709149
6.6875 299.48184459336915
6.6925 -49.87866938134358
6.6975 85.44728435063371
6.7025 -23.73760332061026
6.7075 -116.77762224763835
6.7124999999999995 134.73295272007402
6.717499999999999 -378.6180156791661
6.722499999999999 10.617011867507005
6.7275 171.72984293670893
6.7325 133.42875703731391
6.7375 18.330127431761174
6.7425 -35.4899348155559
6.7475 194.22422064077466
6.7524999999999995 -200.74479403752815
6.757499999999999 187.55563206672915
6.762499999999999 -169.25262959244046
6.7675 -223.89959730190668
6.7725 71.68690662697308
6.7775 19.0722981432343
6.7825 -226.6603551462853
6.7875 121.69767960820508
6.7924999999999995 -197.69159679254497
6.797499999999999 231.67981983541412
6.802499999999999 17.21399815151337
6.8075 246.12121997314634
6.8125 -165.71785074864925
6.8175 21.45934210018941
6.8225 227.06400075405404
6.8275 -12.335872371831984
6.8325 -63.75559674739307
6.8374999999999995 -1.1184176660391014
6.842499999999999 -206.74478710212648
6.847499999999999 254.22649197738244
6.8525 -134.9900753186189
6.8575 -75.6494557123542
6.8625 184.26576464962275
6.8675 29.183935450172438
6.8725 -209.04388775230555
6.8774999999999995 -34.863118367211044
6.882499999999999 26.473569266240553
6.887499999999999 229.53660614121685
6.8925 -136.92711026901236
6.8975 204.76157247777834
6.9025 -15.16905875813174
6.9075 252.15761779369643
6.9125 -138.93717286356303
6.9174999999999995 233.43223933253856
6.922499999999999 -279.80900479190024
6.927499999999999 -66.14721676866418
6.9325 101.53459471828386
6.9375 -22.60773740955935
6.9425 -106.67380362504994
6.9475 146.5373641702105
6.9525 1.127187179882698
6.9575 -292.19879502522747
6.9624999999999995 -264.65102817784486
6.967499999999999 209.7172365539229
6.972499999999999 -1.7463887682462251
6.9775 152.6653026199997
6.9825 -4.695357363317956
6.9875 -20.487884567035806
6.9925 -173.27340237844328
6.9975 118.25029923226272
7.0024999999999995 17.492890218961595
7.007499999999999 -61.56144110642977
7.012499999999999 -137.95808425456772
7.0175 61.82385346709316
7.0225 71.9996064989627
7.0275 21.341325356576924
7.0325 111.01417387599203
7.0375 -133.9872247536137
7.0424999999999995 -75.90607802668434
7.047499999999999 98.95166327304986
7.052499999999999 15.05204932665362
7.0575 -142.04109794974931
7.0625 155.20617469628064
7.0675 -63.89647728228447
7.0725 -64.01209399066953
7.0775 186.51846420205385
7.0825 -80.55282834414328
7.0874999999999995 -72.30955901847484
7.092499999999999 -139.89645741918105
7.097499999999999 22.30243133561502
7.1025 -46.42602669201204
7.1075 250.87952156471928
7.1125 -189.0196851357434
7.1175 253.28450647417327
7.1225 85.24335353039184
7.1274999999999995 -38.70881661331547
7.132499999999999 -93.69381697154822
7.137499999999999 -38.15728997863782
7.1425 -159.24094636096666
7.1475 84.03081473176401
7.1525 156.48321318336926
7.1575 89.02215317127619
7.1625 134.18810485334623
7.1674999999999995 -309.98300711112034
7.172499999999999 113.09427879553493
7.177499999999999 78.61091818855357
7.1825 -83.71201973481095
7.1875 190.2533411389788
7.1925 -28.212057965132633
7.1975 -37.66417632886462
7.2025 -445.6103807501846
7.2075 285.1594479348598
7.2124999999999995 -190.64441128323878
7.217499999999999 175.9283474139227
7.222499999999999 1.7407040552937971
7.2275 -363.1808496167248
7.2325 81.06275033295442
7.2375 135.41165181267337
7.2425 -227.63613536137953
7.2475 87.275655516868
7.2524999999999995 187.6830019013794
7.257499999999999 -237.68207108716427
7.262499999999999 316.4091289008492
7.2675 -39.32268034543095
7.2725 -148.4379708768215
7.2775 59.80910919330115
7.2825 154.009423009497
7.2875 -205.4315376172414
7.2924999999999995 77.62891817219567
7.297499999999999 -3.6834266134983844
7.302499999999999 86.21376411158475
7.3075 57.22496555888849
7.3125 -42.73922362060988
7.3175 8.344822810556815
7.3225 -50.771032203840655
7.3275 2.6738393833696312
7.3325 -121.5124110074565
7.3374999999999995 288.4311534197716
7.342499999999999 -187.94512951321573
7.347499999999999 218.90330464071462
7.3525 201.15771694367095
7.3575 242.02007998871775
7.3625 -74.47500937229205
7.3675 121.42969936824854
7.3725 48.82846175730157
7.3774999999999995 -368.8032615258641
7.382499999999999 -85.5449081964403
7.387499999999999 169.27560819118318
7.3925 -154.89975679922415
7.3975 106.75118576362469
7.4025 -80.25958336995303
7.4075 188.1597367038761
7.4125 -77.54618416362513
7.4174999999999995 -156.49870725656376
7.422499999999999 -216.9189008544728
7.427499999999999 77.93211303885873
7.4325 243.25559501756754
7.4375 -294.6871163041315
7.4425 69.4964900578601
7.4475 74.49623605519177
7.4525 311.5703812917435
7.4575 -168.82392786427602
7.4624999999999995 -179.7068901360987
7.467499999999999 342.4126991744175
7.472499999999999 -61.46865246413576
7.4775 -161.9626727598894
7.4825 21.40919610797757
7.4875 -242.13567222238845
7.4925 95.82708491818397
7.4975 -41.84783978668661
7.5024999999999995 -2.6670938362932626
7.507499999999999 36.5866659767099
7.512499999999999 -85.32998888737976
7.5175 249.62650882571077
7.5225 -293.4978872037086
7.5275 160.17483093110422
7.5325 -13.02351710410907
7.5375 118.88110051938114
7.5424999999999995 -202.5703342951365
7.547499999999999 150.3535465029445
7.552499999999999 -90.86609834828006
7.557499999999999 -236.21691955086314
7.5625 553.8249098325556
7.5675 -330.4199546658084
7.5725 142.7923672020726
7.5775 3.603526539996958
7.5825 -67.07439261893332
7.5874999999999995 103.3705711059359
7.592499999999999 -56.29921119937061
7.597499999999999 69.60075197911434
7.6025 -24.04338092755919
7.6075 -232.41437963444048
7.6125 14.249204219304328
7.6175 308.61825361633845
7.6225 -110.6679145651778
7.6274999999999995 52.78674533420108
7.632499999999999 -271.328356198679
7.637499999999999 147.36321406161517
7.6425 -255.65741358611191
7.6475 153.65007972692888
7.6525 -76.78144487066683
7.6575 -195.68078484195266
7.6625 266.97843153243593
7.6674999999999995 64.88171664551203
7.672499999999999 145.25750753819105
7.677499999999999 -144.82068388922954
7.682499999999999 51.01679781121457
7.6875 -154.83678046435466
7.6925 349.60935576419405
7.6975 -395.69514853057774
7.7025 -51.837740127639506
7.7075 41.999266291771185
7.7124999999999995 51.30063094189413
7.717499999999999 54.415463754993496
7.722499999999999 -57.40249263622415
7.7275 -49.011923689697035
7.7325 99.21360771928198
7.7375 321.46056467247536
7.7425 -36.16233627466829
7.7475 -26.510837413795397
7.7524999999999995 -295.69452413331925
7.757499999999999 63.70016296683
7.762499999999999 7.937526193854778
7.7675 -116.41151420665892
7.7725 -102.81390425490777
7.7775 -94.71829061771638
7.7825 -21.01328233879793
7.7875 146.90485371670556
7.7924999999999995 218.62272151524806
7.797499999999999 -140.2791293152239
7.802499999999999 -103.62345280229799
7.807499999999999 60.43856963450998
7.8125 -19.68289634316746
7.8175 236.65817614956438
7.8225 -217.13610868090916
7.8275 103.43731917850431
7.8325 169.7319063440324
7.8374999999999995 -145.94251347519133
7.842499999999999 -9.077879191041493
7.847499999999999 -220.37618531812294
7.8525 173.5456026510776
7.8575 -80.5006021985888
7.8625 -122.96572901937161
7.8675 490.9533743740395
7.8725 -271.43706919543587
7.8774999999999995 87.10623417543769
7.882499999999999 -4.0395789722876
7.887499999999999 -153.90952275208736
7.8925 -56.18078489904629
7.8975 294.1207268399335
7.9025 -152.895745871933
7.9075 87.53531170889335
7.9125 70.32026107887087
7.9174999999999995 -162.21860445304617
7.922499999999999 19.607663045036873
7.927499999999999 2.7096690493264957
7.932499999999999 66.56904937547206
7.9375 -74.34616894942927
7.9425 62.40868031915852
7.9475 -79.73280514535115
7.9525 -78.36561523223149
7.9575 295.29951487589454
7.9624999999999995 -359.27146928236164
7.967499999999999 136.6580219036733
7.972499999999999 40.06825462121191
7.9775 50.04899970840131
7.9825 -54.39804591661766
7.9875 70.60679498112
7.9925 170.995894413411
7.9975 -221.5697546341192
8.0025 39.47996880777022
8.0075 46.15127789105818
8.0125 -52.694417106022634
8.0175 80.94234868633036
8.022499999999999 -85.81700899120337
8.0275 -138.13824604806112
8.032499999999999 379.7540303358583
8.0375 141.42061433374136
8.0425 -324.9967175872588
8.0475 -7.025067130774868
8.0525 19.94676994954486
8.0575 -155.27694425390186
8.0625 61.45767279147763
8.067499999999999 -15.358696180715274
8.0725 78.18843053772768
8.077499999999999 -212.31798286082238
8.0825 59.667396123368555
8.0875 -24.017993280051765
8.0925 34.976215561655614
8.0975 11.314629782710888
8.1025 51.049349576047454
8.1075 -73.01826516353756
8.112499999999999 11.96290746330128
8.1175 -142.71909859189844
8.1225 -89.42905641615813
8.1275 462.7816552120207
8.1325 -160.42984837525418
8.1375 143.0833916880662
8.1425 35.9660203802
8.147499999999999 -56.03905156510289
8.1525 78.82713452588995
8.157499999999999 93.14226007243887
8.1625 -219.15997241748457
8.1675 -87.81913023369498
8.1725 108.06522107105859
8.1775 -41.9443727971065
8.1825 47.92894810751208
8.1875 -230.380577847996
8.192499999999999 -45.70515016627982
8.1975 90.3741322468069
8.202499999999999 -49.73851532439787
8.2075 35.3985926815135
8.2125 292.51924851303863
8.2175 77.677476268626
8.2225 -68.97633609233486
8.2275 -128.70122042484215
8.2325 -122.78594579444362
8.237499999999999 187.73303334929648
8.2425 29.637729155504836
8.2475 2.5457718877760116
8.2525 127.29489281179443
8.2575 -55.41435816664301
8.2625 32.92360660204271
8.2675 28.345820766229778
8.272499999999999 -200.09404809515445
8.2775 -24.753128498034222
8.282499999999999 -156.65189623714627
8.2875 186.54392287228742
8.2925 80.03052359730269
8.2975 147.6549498933386
8.3025 -288.39868376365786
8.3075 88.16595430512194
8.3125 -18.95566336568317
8.317499999999999 -55.569604832517236
8.3225 96.543466583676
8.327499999999999 -83.91155336339713
8.3325 77.93481279064855
8.3375 20.740183673087344
8.3425 8.180079034425157
8.3475 -152.38549248759455
8.3525 -96.96030906268743
8.3575 263.4292867550387
8.362499999999999 -16.317660227494688
8.3675 -94.34633706754298
8.3725 6.402201901367454
8.3775 21.670031231202774
8.3825 90.92409789473034
8.3875 -3.0741444557992317
8.3925 57.18628360182674
8.397499999999999 -59.565411962458384
8.4025 219.65573052066745
8.407499999999999 -88.49951630519361
8.4125 -16.637303220666013
8.4175 -59.79688183654934
8.4225 -70.42431690592433
8.4275 38.26755840270433
8.4325 -175.10384899387486
8.4375 312.564253715703
8.442499999999999 68.25457367405248
8.4475 22.126230300934285
8.452499999999999 -95.99518488820863
8.4575 4.644510585031244
8.4625 -111.67751406555985
8.4675 239.27369893366534
8.4725 -66.98156686981433
8.4775 4.915440639728665
8.4825 -43.96760278990252
8.487499999999999 -192.83134487680684
8.4925 -15.06610899736919
8.4975 35.634975196586865
8.5025 78.72326831208042
8.5075 -151.50175407414943
8.5125 163.95070288297336
8.5175 -18.319896812012086
8.522499999999999 190.0247181528048
8.5275 -40.139892159445196
8.532499999999999 -65.36560344311343
8.5375 -144.5050029871638
8.5425 -283.13114383046934
8.5475 317.2582646736669
8.5525 -134.36017972751574
8.5575 212.15363538426558
8.5625 -226.98690523938535
8.567499999999999 185.92107813716362
8.5725 -142.57244041251155
8.577499999999999 -129.62733573705245
8.5825 -82.19254576406517
8.5875 -6.022325155866543
8.5925 89.53312405291919
8.5975 153.5246627705274
8.6025 -95.87825754077753
8.6075 94.95205508674155
8.612499999999999 -160.18579430373418
8.6175 127.40014270226362
8.6225 140.15808785548606
8.6275 -289.0450306392969
8.6325 -269.51560264702323
8.6375 10.921692816455755
8.6425 69.47755310949266
8.647499999999999 -115.32714132882002
8.6525 225.65254706998806
8.657499999999999 200.37910450100557
8.6625 -169.3899753074995
8.6675 156.40562590458123
8.6725 -161.77466833366987
8.6775 192.06128585336336
8.6825 12.550524564386505
8.6875 -172.71851948408045
8.692499999999999 112.2080076110124
8.6975 144.01607949730607
8.702499999999999 -206.03178538152713
8.7075 -94.5505027660919
8.7125 4.856454933350088
8.7175 440.2853332155938
8.7225 -51.442879988333225
8.7275 198.9073804183307
8.7325 -384.6534606306627
8.737499999999999 185.48930154273674
8.7425 -284.61355458004874
8.747499999999999 309.7698536000661
8.7525 -297.08778126202293
8.7575 131.6276696510264
8.7625 -1.4479564704596106
8.7675 -72.31123316788675
8.772499999999999 63.433493453299846
8.7775 187.1835453530562
8.782499999999999 -84.165189729681
8.7875 141.71708510159922
8.7925 10.555408485161593
8.7975 -101.49505585015493
8.8025 203.65858904688886
8.8075 -131.82942814299338
8.8125 -110.47114536215616
8.817499999999999 -77.20445392501742
8.8225 -131.39500126431926
8.827499999999999 137.9564247357058
8.8325 28.764128701658763
8.8375 -263.24047788706565
8.8425 -158.42361038054207
8.8475 15.218298166133039
8.8525 268.9208048654154
8.8575 47.106572178115115
8.862499999999999 -165.92301392339226
8.8675 266.5502985124188
8.872499999999999 56.34338858510207
8.8775 -0.7462650943310414
8.8825 -115.96882399498573
8.8875 -44.17844524973787
8.8925 -149.76729524882114
8.897499999999999 208.0235867159721
8.9025 -214.468774308176
8.907499999999999 230.36728531483217
8.9125 -125.71273911405802
8.9175 -181.6283052185293
8.9225 12.03760139662487
8.9275 2.2030777270181003
8.9325 150.80481470724231
8.9375 -149.60326229208138
8.942499999999999 70.25661103143445
8.9475 45.1698438195734
8.952499999999999 115.22941813672671
8.9575 -320.4593856909846
8.9625 233.1507648392451
8.9675 -72.15289900363939
8.9725 91.10519985937427
8.9775 63.780787215548635
8.9825 128.80629978181787
8.987499999999999 42.01034136318146
8.9925 -283.7476257648896
8.997499999999999 60.457927817712374
9.0025 367.0519075486334
9.0075 -278.8991759053133
9.0125 98.50285411962132
9.0175 59.65464111282897
9.022499999999999 -204.41879420163795
9.0275 198.95554346523875
9.032499999999999 -200.57234036452033
9.0375 287.2823360202676
9.0425 22.75539592710285
9.0475 78.36756899867557
9.0525 -128.24616837707273
9.0575 142.57806581375704
9.0625 96.767741878633
9.067499999999999 -36.851730554267625
9.0725 47.46584940527141
9.077499999999999 83.00272040688655
9.0825 -299.13561870501434
9.0875 -118.43019417241905
9.0925 2.9161635301038142
9.0975 -276.04343123401435
9.1025 201.09072728198672
9.1075 153.05192691924037
9.112499999999999 63.37853258737848
9.1175 -63.08151903351699
9.122499999999999 137.6634929079195
9.1275 76.73504107543684
9.1325 -173.28012437189673
9.1375 11.36022183324841
9.1425 -6.394580725330808
9.147499999999999 38.5528105733741
9.1525 -55.08154047421488
9.157499999999999 109.23504544026729
9.1625 -149.33125729082394
9.1675 -53.20930956719767
9.1725 67.31989005712533
9.1775 171.34376523942194
9.1825 -173.8359803993238
9.1875 -147.7079251493703
9.192499999999999 180.2089496887186
9.1975 -96.24018835824121
9.202499999999999 181.92441557648078
9.2075 -195.4107116325302
9.2125 -252.8081208969017
9.2175 407.925843712369
9.2225 -25.056992800768423
9.2275 -54.976996896368945
9.2325 205.4318606242577
9.237499999999999 1.9702533880233046
9.2425 -5.563487586923336
9.247499999999999 -177.74725081323993
9.2525 162.60863889581898
9.2575 -73.65722232025038
9.2625 -12.269704323676663
9.2675 -69.85567020856206
9.272499999999999 108.71587793073543
9.2775 122.29742931184832
9.282499999999999 76.54981485825674
9.2875 59.450965171735945
9.2925 -43.476652290386326
9.2975 1.5367596818498899
9.3025 45.349092679904814
9.3075 -118.76982504634923
9.3125 -19.716904090334932
9.317499999999999 92.9323059723628
9.3225 248.97287447229093
9.327499999999999 -422.12979313217267
9.3325 -121.3075013302253
9.3375 195.3616898323722
9.3425 -72.14106561083786
9.3475 -71.29675375816312
9.3525 172.82914223227087
9.3575 211.20792982316428
9.362499999999999 -81.63205390006947
9.3675 53.813183668325635
9.372499999999999 -258.1651429845307
9.3775 203.86538778389325
9.3825 86.78576489748822
9.3875 -267.5711772704369
9.3925 308.64991731747716
9.397499999999999 -367.7957417511751
9.4025 167.12449107222736
9.407499999999999 -148.66804240258264
9.4125 364.0241451108318
9.4175 9.599080601969257
9.4225 -31.3871537094213
9.4275 160.93244571366725
9.4325 -253.48245822696813
9.4375 9.701030156159666
9.442499999999999 -98.50100009421742
9.4475 288.8978656951594
9.452499999999999 57.969620190698706
9.4575 -118.37706193609586
9.4625 -300.4705072585774
9.4675 72.42941116828649
9.4725 245.96989202484158
9.4775 -127.38350654152524
9.4825 -15.356340818420739
9.487499999999999 -205.97338568665575
9.4925 -66.07978312447706
9.497499999999999 111.95789570228263
9.5025 -38.62137845938013
9.5075 50.69706988025771
9.5125 65.23815954284574
9.5175 -152.46101310044975
9.522499999999999 -85.37998862343571
9.5275 80.79253501228736
9.532499999999999 -117.4835316960414
9.5375 187.10852245851825
9.5425 -97.18437257241467
9.5475 -22.574793325582263
9.5525 -52.02870934969922
9.5575 130.9978065612912
9.5625 -109.79383988084517
9.567499999999999 -44.25256126400016
9.5725 -169.78831871841587
9.577499999999999 80.6788702281636
9.5825 131.22114359307275
9.5875 118.05896723177587
9.5925 -166.36366589138152
9.5975 -77.09443909715102
9.6025 -228.33982708486016
9.6075 74.0849087425229
9.612499999999999 292.7967134809469
9.6175 6.881520167864673
9.622499999999999 -19.092718607989966
9.6275 -55.014235272933895
9.6325 -121.80644706757495
9.6375 152.97393521553548
9.6425 69.01722965564049
9.647499999999999 -54.14965414607757
9.6525 122.1121525662257
9.657499999999999 -26.776320430017737
9.6625 43.942501371547685
9.6675 -61.6995748151816
9.6725 61.35712276987742
9.6775 -51.46143363109375
9.6825 -53.59510475259378
9.6875 11.423644239524526
9.692499999999999 296.02402510720015
9.6975 -566.1683788399178
9.702499999999999 -105.06282259555694
9.7075 277.6908603107549
9.7125 -191.0932864920792
9.7175 139.522970120242
9.7225 166.57032616861085
9.7275 -139.87670290350766
9.7325 252.9000271336344
9.737499999999999 -85.25699081490822
9.7425 220.20483744823704
9.747499999999999 -300.3121221711341
9.7525 41.17112301436476
9.7575 229.10577695508715
9.7625 -231.4418121203575
9.7675 210.57644311245969
9.772499999999999 -3.662614158559732
9.7775 19.05983985571004
9.782499999999999 42.239756282358805
9.7875 -45.9735942281845
9.7925 93.74906561273987
9.7975 -66.42873149584163
9.8025 31.71454064695445
9.8075 249.33379966354647
9.8125 -144.3361708646125
9.817499999999999 3.1462568988895647
9.8225 -219.78029313189919
9.827499999999999 201.01607808738828
9.8325 -28.912011110204734
9.8375 -213.5724352656892
9.8425 2.961104632190439
9.8475 -56.502804242237616
9.8525 29.09220790517134
9.8575 -221.12891410556188
9.862499999999999 153.60674711359582
9.8675 4.98912551742345
9.872499999999999 25.286813000161803
9.8775 74.78375078819751
9.8825 10.751431472564665
9.8875 62.21414792080978
9.8925 33.45743387333731
9.897499999999999 20.845975296884287
9.9025 -85.44460555367326
9.907499999999999 -235.48156899486983
9.9125 218.1390945805579
9.9175 -135.01832578399006
9.9225 -142.94040685407901
9.9275 69.09925547650886
9.9325 134.46048756786996
9.9375 -24.686471942475638
9.942499999999999 -3.3036293121307323
9.9475 -154.30623813395403
9.952499999999999 267.94204156423746
9.9575 -37.25023680098508
9.9625 -46.356135855586494
9.9675 151.6809052658963
9.9725 253.1189981921795
9.9775 -420.0171481588161
9.9825 59.36286646368226
9.987499999999999 82.89208153959659
9.9925 226.3082255226015
9.997499999999999 -256.2480285765355
10.0025 199.44734837571693
