0.0075 -488.0271106819802
0.012499999999999999 7.958924726092864
0.017499999999999998 -37.60037206441092
0.0225 185.7257142564496
0.0275 207.23638568813104
0.0325 93.30689989682679
0.0375 -115.36519990438065
0.042499999999999996 -34.17189381320748
0.0475 155.9065983874737
0.0525 -150.56742155752633
0.057499999999999996 -100.52809883537444
0.0625 -366.1309929980851
0.06749999999999999 543.0600043718215
0.0725 -224.58303054113358
0.0775 376.13643517740076
0.08249999999999999 113.98701426529558
0.0875 -153.5960716642687
0.0925 103.79773934850363
0.09749999999999999 -51.63751025264323
0.1025 49.968837123850854
0.1075 -75.03769831889402
0.11249999999999999 -247.38836620176687
0.1175 322.7118773399282
0.1225 41.08384657776239
0.1275 10.575393800022958
0.1325 42.7135128016055
0.13749999999999998 -217.76690628366197
0.1425 -239.9292777768231
0.1475 316.3461841462563
0.1525 -308.05607732289286
0.1575 157.88720280327456
0.1625 98.96557227952925
0.16749999999999998 -122.48749046937203
0.1725 65.7216867364957
0.1775 45.10882756720331
0.1825 131.39118759228955
0.1875 -177.90841233333214
0.1925 -166.14139206224465
0.19749999999999998 184.50788352455922
0.20249999999999999 207.06797859991667
0.2075 -210.92390615814938
0.2125 -41.364779981129956
0.2175 -5.1241338314702585
0.2225 88.609558765802
0.22749999999999998 -78.75437212123236
0.23249999999999998 -65.0962301480186
0.2375 2.015281928000696
0.2425 244.9544532326325
0.2475 -67.83977430735095
0.2525 54.234488769378295
0.2575 -81.25973651879303
0.2625 -36.48492669452769
0.2675 94.44170318674344
0.27249999999999996 -173.08716282913858
0.27749999999999997 99.00914385028841
0.2825 -58.27704602491586
0.2875 -4.3306141166245204
0.2925 -252.17639641303143
0.2975 -23.95706966315963
0.3025 1.3551307213406216
0.3075 -99.94050699851044
0.3125 36.155197553148575
0.3175 285.7272043480397
0.3225 -11.888330903338959
0.32749999999999996 85.64914047828913
0.33249999999999996 -41.289975780007325
0.33749999999999997 -13.782115085949473
0.34249999999999997 24.644185425804093
0.3475 -48.57800700519424
0.3525 -121.18475853243113
0.3575 -168.91841342009803
0.3625 216.7299552702191
0.3675 135.24798097643833
0.3725 -21.71555873955005
0.3775 206.38986268975808
0.3825 144.98225279488955
0.38749999999999996 -439.6161428126867
0.39249999999999996 -90.60862685347128
0.39749999999999996 7.9075217730811005
0.40249999999999997 172.7473137881311
0.4075 -313.5925964062972
0.4125 91.79658290689089
0.4175 -134.71952820767106
0.4225 287.68126606771744
0.4275 -302.97095855461
0.4325 232.32580827491407
0.4375 -91.83526295597761
0.4425 -303.659761361946
0.44749999999999995 81.09158088853091
0.45249999999999996 143.41667808443248
0.45749999999999996 -137.3206788736951
0.46249999999999997 165.43524431433792
0.46749999999999997 82.24292724316227
0.4725 -239.51620659141292
0.4775 -5.609754698768763
0.4825 191.99525891312092
0.4875 36.594483501471345
0.4925 28.514915087316947
0.4975 -37.54938974587987
0.5025 129.583667106287
0.5075 -14.904758554851613
0.5125 98.71801491910931
0.5175 -75.68027418054884
0.5225 303.34333366857953
0.5275 -53.139289416118785
0.5325 -364.09653230644034
0.5375 -110.65008417243108
0.5425 199.63577229327694
0.5475 -88.34876344688374
0.5525 94.96649435402637
0.5575 84.41470378429986
0.5625 -16.536151002666873
0.5675 -149.2986036795991
0.5725 -2.9416103906298114
0.5775 195.17720522535362
0.5825 54.6180999154803
0.5875 120.9810256152558
0.5925 -212.79266228075582
0.5974999999999999 -0.8266219304785513
0.6024999999999999 -18.36554063282071
0.6074999999999999 -51.020361382257065
0.6124999999999999 84.8884810938953
0.6174999999999999 -168.98656576229808
0.6224999999999999 200.90719429396896
0.6275 -204.50528626312087
0.6325 -0.20649974415674818
0.6375 -170.76798705768667
0.6425 188.5385260680831
0.6475 -78.08580661304791
0.6525 248.90352918514319
0.6575 -155.63050887219478
0.6625 -165.6757040404938
0.6675 398.6598784469346
0.6725 -239.10055473817255
0.6775 89.69194695484265
0.6825 9.505510084661047
0.6875 38.47919247480583
0.6925 -3.0182512480042374
0.6975 -119.33908005878904
0.7025 0.22093377273421322
0.7075 -32.703152520551214
0.7125 236.87792645143392
0.7174999999999999 -293.5212213437317
0.7224999999999999 106.25891872843266
0.7274999999999999 -58.935626375985315
0.7324999999999999 204.19077013047476
0.7374999999999999 -130.86701210881537
0.7424999999999999 52.116434884151396
0.7474999999999999 -158.4566501922325
0.7525 84.90371410347011
0.7575 34.28848266777309
0.7625 -84.5189118546033
0.7675 321.80274144303536
0.7725 -10.400451436740454
0.7775 55.54142298845538
0.7825 22.34455889822781
0.7875 -243.4794124643065
0.7925 38.053046117354256
0.7975 -92.53881204187569
0.8025 2.82274775615082
0.8075 -65.66262293472484
0.8125 17.374788669148057
0.8175 14.874432640283178
0.8225 -107.10337585037966
0.8275 82.2585243470091
0.8325 -6.746961083252139
0.8374999999999999 -108.68937997333744
0.8424999999999999 -58.72939164298283
0.8474999999999999 240.97542180877684
0.8524999999999999 -81.43988252214814
0.8574999999999999 265.6781873317822
0.8624999999999999 -128.57256237807658
0.8674999999999999 -32.58052446442863
0.8724999999999999 120.51675410049384
0.8775 5.308458694923126
0.8825 1.8834355891459347
0.8875 131.85244542757485
0.8925 -300.70212884958045
0.8975 303.19573433115846
0.9025 -73.7965463422601
0.9075 -16.194931377656033
0.9125 77.33774854851434
0.9175 -196.81394385213565
0.9225 94.05433635624979
0.9275 55.37439016860999
0.9325 -344.4964960914609
0.9375 152.0400432766667
0.9425 4.5890586787052605
0.9475 -8.139894711497604
0.9524999999999999 -49.44576642371884
0.9574999999999999 47.773498406776376
0.9624999999999999 81.06777843932308
0.9674999999999999 118.14702830666663
0.9724999999999999 101.05401123406024
0.9774999999999999 -137.4696518544588
0.9824999999999999 -100.70768797318594
0.9874999999999999 41.50005488534485
0.9924999999999999 -179.43256937947692
0.9974999999999999 227.47645021921724
1.0025 -253.82219778968346
1.0075 21.6661148163618
1.0125 -171.85422777730048
1.0174999999999998 -18.572871990927258
1.0225 38.51885493366298
1.0274999999999999 140.3306104294202
1.0325 227.36300116785785
1.0374999999999999 -318.35740689024897
1.0425 -53.548131722878544
1.0474999999999999 74.26594583601536
1.0525 245.6412042430825
1.0574999999999999 -23.015050540114345
1.0625 18.63428747062705
1.0675 143.55902025979134
1.0725 -227.41030480359345
1.0775 -139.7194910233391
1.0825 305.5769932419908
1.0875 -80.03703584508585
1.0925 144.1924450783862
1.0975 9.536277169114005
1.1025 -295.5520949806153
1.1075 -123.80780998867532
1.1125 149.21650838212224
1.1175 9.157911243782104
1.1225 -54.5505283872002
1.1275 149.23369805299984
1.1324999999999998 -22.06812778962391
1.1375 -119.18566754906136
1.1424999999999998 28.099117750979534
1.1475 125.05533973374799
1.1524999999999999 269.9231771208149
1.1575 -176.5268639211298
1.1624999999999999 -13.189206446355174
1.1675 -5.9098803244060925
1.1724999999999999 -179.17075046484413
1.1775 -59.533370482261155
1.1824999999999999 358.28998507718774
1.1875 -172.13184630430356
1.1925 -1.212937368035112
1.1975 6.718460409981362
1.2025 202.76224079348805
1.2075 235.98204374394362
1.2125 21.261563315201027
1.2175 -82.33599734467126
1.2225 -319.76590966063804
1.2275 60.262844343537395
1.2325 -287.40378702026925
1.2375 -28.04560043265885
1.2425 112.88638951920889
1.2475 65.21885109857895
1.2525 -119.38552885591312
1.2574999999999998 213.22937687907478
1.2625 -389.0886827028429
1.2674999999999998 233.5733047291118
1.2725 431.5874893622547
1.2774999999999999 -524.7228436177136
1.2825 -145.62063755908946
1.2874999999999999 302.78911221653027
1.2925 24.430642227295287
1.2974999999999999 -99.0846815033345
1.3025 45.9723689134534
1.3074999999999999 -56.585175340796525
1.3125 -145.2877832861743
1.3175 142.68378868466021
1.3225 -30.700614813162268
1.3275 -165.87695277416307
1.3325 -185.56850685015354
1.3375 -109.70116308536402
1.3425 203.4867689202837
1.3475 203.5939784327066
1.3525 -35.38939111001101
1.3575 8.922770557292793
1.3625 -139.2946697216588
1.3675 37.35761105718412
1.3724999999999998 74.90652062660348
1.3775 -167.55609469062375
1.3824999999999998 -70.40194794632802
1.3875 233.7878837606923
1.3924999999999998 -114.0533170559643
1.3975 334.5047752215798
1.4024999999999999 -163.04000857344784
1.4075 77.77180497574098
1.4124999999999999 8.729344784469024
1.4175 -73.94505390869776
1.4224999999999999 102.15220206191442
1.4275 141.8825653889936
1.4324999999999999 -87.80420365149132
1.4375 96.70598079228147
1.4425 -266.46659933164545
1.4475 284.38926198173186
1.4525 25.83958126604678
1.4575 97.74880922415609
1.4625 22.042326440493365
1.4675 -208.89245854973902
1.4725 29.681725086230475
1.4775 119.5652227349753
1.4825 -85.1392403325026
1.4874999999999998 116.22655431647793
1.4925 126.19183480539765
1.4974999999999998 -35.79448947629448
1.5025 -111.1677006010533
1.5074999999999998 -261.58077092513076
1.5125 65.7376776727083
1.5174999999999998 146.2872493008298
1.5225 -78.9576800205188
1.5274999999999999 -24.091507295291837
1.5325 -65.33575766388536
1.5374999999999999 32.059637343045026
1.5425 -3.410578583336989
1.5474999999999999 -40.86168022025424
1.5525 160.30255933347811
1.5574999999999999 -55.45894346428022
1.5625 89.50064153442192
1.5675 -196.07256054222515
1.5725 -79.49708075008314
1.5775 333.23258304866874
1.5825 -166.5697908829229
1.5875 155.66571903839284
1.5925 -75.43491582715825
1.5975 -12.569153506368986
1.6025 -21.586007234126384
1.6075 -55.29549974286756
1.6124999999999998 119.8322639746776
1.6175 -118.13056682433307
1.6224999999999998 18.26131966723766
1.6275 66.2716067246026
1.6324999999999998 -102.04487214968707
1.6375 -192.67332325860917
1.6424999999999998 45.18152115317485
1.6475 18.78864291477944
1.6524999999999999 -105.75214318784424
1.6575 -32.4197182224479
1.6624999999999999 10.070717558319851
1.6675 229.43214806039052
1.6724999999999999 -153.79704564953175
1.6775 2.746675343754741
1.6824999999999999 18.20416699853752
1.6875 217.1275462152539
1.6925 -83.39436452267329
1.6975 100.8746676328991
1.7025 -79.42214364862993
1.7075 53.7162472198725
1.7125 75.20384662782634
1.7175 -44.16390147969931
1.7225 97.43225800585367
1.7274999999999998 -55.53807811082816
1.7325 -197.29530595465747
1.7374999999999998 21.218461501055913
1.7425 52.87425283316039
1.7474999999999998 -109.8973171309149
1.7525 -72.43085596593978
1.7574999999999998 -14.988083476451449
1.7625 121.9776771693461
1.7674999999999998 96.80051542911659
1.7725 55.63871807042436
1.7774999999999999 256.047445397195
1.7825 189.98851236081956
1.7874999999999999 -242.2496367559707
1.7925 -76.31486049539922
1.7974999999999999 32.55185957371966
1.8025 -0.09513426733660398
1.8074999999999999 17.744085528554603
1.8125 97.78519944002215
1.8175 -1.217086226870121
1.8225 -232.9333714786839
1.8275 165.92679066130162
1.8325 215.0162970901219
1.8375 -280.37449642225596
1.8425 173.66533505900725
1.8475 -239.6465024538243
1.8524999999999998 99.264353802541
1.8575 11.067288451120374
1.8624999999999998 -38.09878198973468
1.8675 47.44124415911614
1.8724999999999998 6.765665554729427
1.8775 59.739881542683676
1.8824999999999998 -214.398979791594
1.8875 175.35100890335568
1.8924999999999998 -269.06977113537033
1.8975 140.77612075979152
1.9024999999999999 149.44692860677057
1.9075 47.39111573343313
1.9124999999999999 -21.021439787406166
1.9175 -5.47272639838542
1.9224999999999999 128.64579967114315
1.9275 -70.53365900810743
1.9324999999999999 95.69493988254662
1.9375 36.887141255221934
1.9425 -158.68595484361083
1.9475 -98.94218274243761
1.9525 -143.67824264625432
1.9575 10.889593471980923
1.9625 34.51973384844876
1.9674999999999998 -16.36810524545035
1.9725 81.07528118932255
1.9774999999999998 101.97484742604732
1.9825 -142.01750695681005
1.9874999999999998 52.45433700110805
1.9925 -253.99407423444856
1.9974999999999998 73.48643776354791
2.0025 -42.27079548352824
2.0075 87.76869416348434
2.0124999999999997 89.52305958325542
2.0175 -199.60448709491143
2.0225 -11.940470466301829
2.0275 80.75708457281837
2.0324999999999998 -13.530911881287322
2.0375 10.42237420156968
2.0425 -59.86640336466763
2.0475 141.22132981103474
2.0524999999999998 -199.33494009184736
2.0575 84.03302587746217
2.0625 -119.31681596380382
2.0675 -84.88817450204355
2.0725 0.2612565225407512
2.0775 70.39210068153005
2.0825 -242.99682057318108
2.0875 428.6452431553899
2.0925 26.25460820811638
2.0974999999999997 -65.81504132366283
2.1025 -106.65131906025887
2.1075 49.6749118578694
2.1125 -84.69486899743973
2.1174999999999997 -3.479023536537229
2.1225 192.9431270570212
2.1275 299.2998481749595
2.1325 12.301506188525389
2.1374999999999997 158.98241021608385
2.1425 -56.33788019536051
2.1475 -74.29187508526606
2.1525 -152.94104225213107
2.1574999999999998 98.14797602499189
2.1625 124.52300667008109
2.1675 -228.2789921559114
2.1725 106.21474450072887
2.1774999999999998 43.408203619924365
2.1825 -99.97548847087232
2.1875 -55.08671069182811
2.1925 67.51667018165928
2.1975 -53.110684100285724
2.2024999999999997 -138.1117833553053
2.2075 50.61269106561556
2.2125 -71.26426844349552
2.2175 -156.17069845075105
2.2224999999999997 182.3106199896275
2.2275 -20.02077766977538
2.2325 -3.0979462470846553
2.2375 -4.805847211177822
2.2424999999999997 216.2667447211656
2.2475 45.95601533039813
2.2525 -6.241436647954028
2.2575 -8.70432531035267
2.2624999999999997 -142.60749626300398
2.2675 344.3789871981711
2.2725 -362.58304629743037
2.2775 -7.418439345612667
2.2824999999999998 122.06677934068793
2.2875 39.046771627235394
2.2925 82.0682658127568
2.2975 80.79160418363531
2.3024999999999998 15.424968706952262
2.3075 70.49236516479623
2.3125 52.596065334841
2.3175 -200.72979287981715
2.3225 132.02859389425356
2.3274999999999997 -237.9361602027674
2.3325 -94.45462004620045
2.3375 -152.25383253816383
2.3425 377.9347750796263
2.3474999999999997 -347.8687072375533
2.3525 320.89863970539756
2.3575 -166.86333481706473
2.3625 -1.515151403941554
2.3674999999999997 230.06677714019875
2.3725 -1.2632236951009865
2.3775 -83.48857085621653
2.3825 213.40428134602536
2.3874999999999997 -288.27740352742256
2.3925 -119.76651225983514
2.3975 346.6947691425672
2.4025 -309.83470218479073
2.4074999999999998 -19.739345034868958
2.4125 40.065860573078574
2.4175 -16.30349068373354
2.4225 -106.12310353831937
2.4274999999999998 -329.46389337278407
2.4325 400.19152501883804
2.4375 -53.92538286444736
2.4425 -51.06799970313213
2.4475 -6.667916966830376
2.4524999999999997 225.0412061414252
2.4575 117.20115415294298
2.4625 -362.9697184934239
2.4675 138.92860602465106
2.4724999999999997 -42.14793899673843
2.4775 48.661502493183704
2.4825 -16.293801591711432
2.4875 2.691449696951967
2.4924999999999997 -160.13627677547424
2.4975 86.11261307784598
2.5025 108.67745111599152
2.5075 130.26119674176942
2.5124999999999997 140.50423760576786
2.5175 -267.22440741181805
2.5225 -67.97837908856168
2.5275 75.90832693712991
2.5324999999999998 -18.758880872628477
2.5375 -25.235578080538318
2.5425 -48.111788434796956
2.5475 66.62324784088311
2.5524999999999998 232.3308271703687
2.5574999999999997 -150.6182664607341
2.5625 89.51674760705953
2.5675 -66.13995287740241
2.5725 -29.695875139039675
2.5774999999999997 -219.53200409594638
2.5825 131.19399590438036
2.5875 194.87036967502743
2.5925 -18.846990728355316
2.5974999999999997 -55.47686398006363
2.6025 -10.505214925158159
2.6075 -19.76292973642502
2.6125 -8.976580338581071
2.6174999999999997 132.32813259037633
2.6225 -158.60319556465097
2.6275 93.7125249372104
2.6325 149.3381916780854
2.6374999999999997 97.25101746629821
2.6425 -285.7284318832591
2.6475 -117.60956683635685
2.6525 -199.42963812371767
2.6574999999999998 26.243731039772634
2.6625 137.82635528907423
2.6675 -65.0676578927876
2.6725 171.81318604986393
2.6774999999999998 -259.26676089741954
2.6824999999999997 139.09153406646416
2.6875 -45.53197011401467
2.6925 265.7166137517727
2.6975 28.498726807271872
2.7024999999999997 -234.59302001710705
2.7075 225.26905625789828
2.7125 18.856080226884096
2.7175 -261.44450716350565
2.7224999999999997 185.84459939187562
2.7275 405.33523835861564
2.7325 -282.4453138456272
2.7375 79.24344191659017
2.7424999999999997 -255.89791226127562
2.7475 18.032187128366697
2.7525 179.67209209250993
2.7575 -80.76632311956135
2.7624999999999997 -222.01502061210056
2.7675 69.92510829566831
2.7725 216.4004908439292
2.7775 -57.217775256250356
2.7824999999999998 -215.50724959630153
2.7875 -56.393734651524454
2.7925 316.24300664564504
2.7975 123.7307522716501
2.8024999999999998 -73.28395029352998
2.8074999999999997 -2.0742007236682807
2.8125 -75.30710965835328
2.8175 -135.24104647404044
2.8225 229.30385713434012
2.8274999999999997 2.7649434810773528
2.8325 -135.4009262296572
2.8375 17.54042873300425
2.8425 -0.44353057599130175
2.8474999999999997 -152.9290535896364
2.8525 93.54196452748337
2.8575 -67.70011869243719
2.8625 28.350164304311424
2.8674999999999997 77.52955846385336
2.8725 -2.9278402057828457
2.8775 -9.294487386976364
2.8825 33.5953013866745
2.8874999999999997 34.88113419128227
2.8925 -6.814868546724301
2.8975 -67.61336938328465
2.9025 -69.18314348101924
2.9074999999999998 230.39558071630526
2.9125 -305.4551591666551
2.9175 163.0944653967726
2.9225 115.12388553698995
2.9274999999999998 19.778821170094318
2.9324999999999997 -210.77777237583425
2.9375 170.71097071051375
2.9425 -145.30161439463814
2.9475 96.65461974892841
2.9524999999999997 82.56772762445948
2.9575 32.93454725990082
2.9625 -68.23527305906259
2.9675 128.84129974179996
2.9724999999999997 122.63004225881666
2.9775 -34.63755341270938
2.9825 -2.6532900974024356
2.9875 82.07488635457173
2.9924999999999997 -140.5569902208497
2.9975 77.37130575040268
3.0025 -159.74511416021693
3.0075 140.7749991336352
3.0124999999999997 -0.4965403729505349
3.0175 131.30624664872437
3.0225 -283.03773035924485
3.0275 -49.289207992106384
3.0324999999999998 -50.47513817078374
3.0374999999999996 54.7994436008245
3.0425 -122.54264726459263
3.0475 -49.61105995983187
3.0524999999999998 169.51727928411466
3.0574999999999997 -122.97108100450379
3.0625 -55.52477250145612
3.0675 77.89074182386992
3.0725 -173.3776395289181
3.0774999999999997 34.530358900917854
3.0825 -9.297972928418817
3.0875 106.71357707542079
3.0925 -263.52986664631715
3.0974999999999997 136.2243349656826
3.1025 174.64552789403814
3.1075 -124.56646586768943
3.1125 51.76968581588129
3.1174999999999997 227.2869175049882
3.1225 -122.15379458208615
3.1275 -208.93227522561347
3.1325 241.89229513659947
3.1374999999999997 -85.07379889387748
3.1425 316.5874293002075
3.1475 -181.59181184042643
3.1525 -89.89834906331102
3.1574999999999998 248.46321328393046
3.1624999999999996 -23.84904669544595
3.1675 157.49619292470905
3.1725 165.6399099023481
3.1774999999999998 -197.76321525411186
3.1824999999999997 -64.45027282824952
3.1875 21.468574001915858
3.1925 -76.37124957932868
3.1975 -78.38221829947169
3.2024999999999997 218.17666563559888
3.2075 -84.44412081192925
3.2125 -24.993758297137926
3.2175 24.020951825628877
3.2224999999999997 21.957366285593263
3.2275 60.07200446902716
3.2325 -137.7958571633101
3.2375 48.43258772663662
3.2424999999999997 -219.27707537263592
3.2475 -34.925310524337846
3.2525 52.271516674665
3.2575 59.37357138793419
3.2624999999999997 -146.23182459959625
3.2675 215.43873565993462
3.2725 2.0312186514051764
3.2775 150.58517862070636
3.2824999999999998 -180.729702659719
3.2874999999999996 175.4446017900265
3.2925 -36.73328662162222
3.2975 -213.37049597663878
3.3024999999999998 394.1537279946589
3.3074999999999997 -32.957908769496996
3.3125 21.001739747709856
3.3175 -173.5222511419023
3.3225 105.82363935499568
3.3274999999999997 125.35062466222047
3.3325 -184.65900488522138
3.3375 -80.33405255697501
3.3425 175.0416219339632
3.3474999999999997 -153.7671146529011
3.3525 -88.37890142591043
3.3575 126.8668292683858
3.3625 -97.46591442244424
3.3674999999999997 -113.18844460105659
3.3725 38.74405128712399
3.3775 70.38666515669748
3.3825 318.555839518547
3.3874999999999997 55.63925079021483
3.3924999999999996 -158.02925272949065
3.3975 -73.65284845194478
3.4025 -171.93169788010397
3.4074999999999998 -79.82292893864019
3.4124999999999996 232.9661554901341
3.4175 -141.46592426714147
3.4225 38.660467473048485
3.4274999999999998 179.27505117062557
3.4324999999999997 -67.71606962696613
3.4375 2.0292938335479453
3.4425 28.984486002761006
3.4475 -53.44307703799392
3.4524999999999997 -65.47934864180604
3.4575 -63.673590269444105
3.4625 6.057871026983814
3.4675 -14.085846817314302
3.4724999999999997 163.22393374080124
3.4775 -21.978202162570373
3.4825 136.31673674958859
3.4875 -236.58929588198922
3.4924999999999997 70.38637544055602
3.4975 -188.71012592225912
3.5025 -72.56276388633387
3.5075 -109.91524078005384
3.5124999999999997 116.334463068858
3.5174999999999996 83.5726554479486
3.5225 28.932801458949783
3.5275 -1.3958419085490295
3.5324999999999998 21.841638783071232
3.5374999999999996 -151.03581390362783
3.5425 -3.7933128175299724
3.5475 100.45993780859827
3.5524999999999998 130.14220239122022
3.5574999999999997 -288.8348061988949
3.5625 91.00330530749889
3.5675 66.490538044633
3.5725 -127.35988581049219
3.5774999999999997 7.951636524597352
3.5825 212.97542697985756
3.5875 53.33022465648504
3.5925 -208.78277472264648
3.5974999999999997 211.2602624205677
3.6025 -108.29034370431147
3.6075 106.45037941854656
3.6125 -111.91449729670668
3.6174999999999997 20.56553401949334
3.6225 138.5382170439295
3.6275 -64.39350788968466
3.6325 101.44617537173455
3.6374999999999997 -65.60234408181277
3.6424999999999996 0.9006058010210318
3.6475 -38.509916399547464
3.6525 108.79955618957558
3.6574999999999998 -64.13765638082384
3.6624999999999996 26.454895848701895
3.6675 -125.99691581182982
3.6725 154.44129144989498
3.6774999999999998 84.36509380149062
3.6824999999999997 -63.219663005858706
3.6875 82.83123187318544
3.6925 -39.87117527355742
3.6975 3.2338911137086352
3.7024999999999997 -93.28580032454028
3.7075 8.984322358519798
3.7125 -92.72879595930625
3.7175 240.42092386482696
3.7224999999999997 -173.35871422577762
3.7275 324.7245372825702
3.7325 26.547760809997637
3.7375 44.511106093459006
3.7424999999999997 39.75538461048223
3.7474999999999996 -367.3430200646479
3.7525 -218.44789257779223
3.7575 34.87906463049074
3.7624999999999997 -1.056670790812004
3.7674999999999996 -76.6839699784981
3.7725 -164.73412730448953
3.7775 153.58112971957632
3.7824999999999998 51.37914385174701
3.7874999999999996 -19.04901571591404
3.7925 144.8024841758395
3.7975 -84.52161815272127
3.8024999999999998 81.83883549819464
3.8074999999999997 286.84170454656197
3.8125 -318.7407601965512
3.8175 104.71998987633555
3.8225 233.74020412228867
3.8274999999999997 -53.98540460127432
3.8325 39.88582825871914
3.8375 -98.98240706704881
3.8425 -8.636803652592665
3.8474999999999997 -130.9293055202039
3.8525 -0.5615977164618241
3.8575 46.70982663050508
3.8625 211.57250582597635
3.8674999999999997 80.1964726544275
3.8724999999999996 -174.89188566449394
3.8775 171.3409731811154
3.8825 -30.883547315379403
3.8874999999999997 -197.22121316505692
3.8924999999999996 -95.37838022227706
3.8975 112.166234220379
3.9025 -52.33369557465486
3.9074999999999998 164.74510342436656
3.9124999999999996 -214.14422071358177
3.9175 10.126031004870727
3.9225 189.5429107108151
3.9274999999999998 -171.86109964548314
3.9324999999999997 -26.721324167869714
3.9375 -157.81109591574324
3.9425 15.590802002625752
3.9475 -76.4566433709015
3.9524999999999997 26.478681652472307
3.9575 63.27334552850122
3.9625 -37.064861498582644
3.9675 190.6696730043934
3.9724999999999997 81.70848580128056
3.9775 113.6553043826528
3.9825 -89.37121918739503
3.9875 -94.49130789794921
3.9924999999999997 -168.812603900811
3.9974999999999996 234.66685167729568
4.0024999999999995 -52.9319210169795
4.007499999999999 -146.99513868454156
4.0125 50.84715154255395
4.0175 128.3228163400094
4.0225 239.62658201011436
4.0275 -139.31422146563966
4.0325 23.162726833899463
4.0375 -149.86528313544355
4.0424999999999995 54.1885756526956
4.047499999999999 -229.63699839301862
4.0525 71.88050148586102
4.0575 90.12316220985345
4.0625 -311.35918977116364
4.0675 49.14213101219756
4.0725 -196.5513522734027
4.0775 150.48807558629431
4.0825 52.319818181348154
4.0874999999999995 214.76113135025653
4.0925 -9.740618927704812
4.0975 75.72681232353875
4.1025 -179.08964310368617
4.1075 296.5393931147066
4.1125 -32.99835520872012
4.1175 -63.50147355140814
4.1225 47.81040364431958
4.1274999999999995 -1.3662893488993413
4.132499999999999 7.5645789176451625
4.1375 -87.25570520347986
4.1425 66.77765249763317
4.1475 -171.3490820421523
4.1525 2.4957320184519056
4.1575 4.530871624362811
4.1625 37.71735225123708
4.1674999999999995 132.25335967038114
4.172499999999999 -146.62551538047398
4.1775 46.05023324337613
4.1825 -92.94353881357145
4.1875 149.99491746096493
4.1925 -95.14300323061144
4.1975 168.9302094429056
4.2025 -80.56419934906197
4.2075 141.68391844246452
4.2124999999999995 -225.3710784467248
4.2175 140.33728255235354
4.2225 50.76968241018606
4.2275 152.68158708830381
4.2325 -124.9960602321089
4.2375 -5.480836410786546
4.2425 165.6425836990981
4.2475 -81.84805618234367
4.2524999999999995 61.9121741910704
4.257499999999999 -120.06637810480152
4.2625 184.2865268392879
4.2675 -163.05944484381845
4.2725 -16.389099286979306
4.2775 51.38631033759322
4.2825 -47.48154901343261
4.2875 -280.5343972149423
4.2924999999999995 205.25732938025277
4.297499999999999 -71.1458550384508
4.3025 15.526962292601208
4.3075 5.486433587159845
4.3125 -83.84967280655655
4.3175 228.37830807129203
4.3225 23.7548329931715
4.3275 116.47931564593172
4.3325 -199.69343574005455
4.3374999999999995 -135.36245790000802
4.342499999999999 177.3102203792591
4.3475 -210.98699019492045
4.3525 100.40076321269045
4.3575 -23.955683025849027
4.3625 -15.829666365580565
4.3675 -137.5393851513588
4.3725 -79.45751204517208
4.3774999999999995 -8.057817473991443
4.382499999999999 102.45225617138375
4.3875 -63.88611237234367
4.3925 302.8251537335091
4.3975 -3.8855280146351827
4.4025 -168.25551578205182
4.4075 -8.596453927966552
4.4125 119.47241672352914
4.4174999999999995 -43.401016738482866
4.422499999999999 84.78549636455566
4.4275 -1.5286042399050654
4.4325 83.18492429291008
4.4375 19.35819938727605
4.4425 25.12740056684615
4.4475 17.475290103176906
4.4525 23.34619073980521
4.4575 30.342783720321208
4.4624999999999995 81.38622085564661
4.467499999999999 -43.025477708450104
4.4725 83.61623596645279
4.4775 -69.76505428929639
4.4825 -157.46878203414911
4.4875 28.312601933846494
4.4925 -54.06936576675877
4.4975 -8.60727754142461
4.5024999999999995 -50.64736278809801
4.507499999999999 -58.21834355414283
4.5125 10.504121852835214
4.5175 72.81791844151796
4.5225 -146.53852671914188
4.5275 140.74357360041566
4.5325 52.87649884874728
4.5375 16.753335143895775
4.5424999999999995 -182.744677732699
4.547499999999999 142.2562320046906
4.5525 74.60622621096708
4.5575 -12.273909500671564
4.5625 133.64802416095188
4.5675 -149.11300988115812
4.5725 -0.38791560359137967
4.5775 70.89139261766164
4.5825 -221.6581953302513
4.5874999999999995 202.64914445434258
4.592499999999999 -116.65364387152322
4.5975 96.45485344607533
4.6025 13.0167236602799
4.6075 103.84010271051486
4.6125 -86.25483281384088
4.6175 -71.68355714388888
4.6225 65.28806401173402
4.6274999999999995 -4.068031485636601
4.632499999999999 -2.3144155710962417
4.6375 143.32485198265158
4.6425 2.264462942286174
4.6475 20.96371025232059
4.6525 112.28400600713525
4.6575 -255.78564885192483
4.6625 257.1964000722138
4.6674999999999995 -139.34446918612747
4.672499999999999 53.76407081170349
4.6775 -140.853461909799
4.6825 149.94177469788283
4.6875 72.28160784201646
4.6925 -136.7766734766372
4.6975 79.56647551299748
4.7025 159.3695528266138
4.7075 -109.83709499091616
4.7124999999999995 91.2735774171516
4.717499999999999 -11.023164301593432
4.7225 -32.267339572024596
4.7275 -169.35151651772554
4.7325 154.1200086837586
4.7375 -265.25243727390557
4.7425 -84.10195894331223
4.7475 230.29143037869488
4.7524999999999995 1.5386605348826583
4.757499999999999 -112.82210252062126
4.7625 218.21887741228255
4.7675 19.424946143999602
4.7725 88.06920233811782
4.7775 -125.76802104612459
4.7825 -2.2732038365041243
4.7875 90.46364627758906
4.7924999999999995 -273.2980526882626
4.797499999999999 -112.94280449238592
4.8025 -59.24179307825855
4.8075 363.9507404422993
4.8125 -302.6027849003736
4.8175 150.0283801851925
4.8225 -63.80965415423544
4.8275 -213.81896511575624
4.8325 4.070024990595383
4.8374999999999995 -109.10838997779003
4.842499999999999 272.20547384003635
4.8475 -13.031044328822908
4.8525 136.20209537830786
4.8575 56.72663961736274
4.8625 -17.467741199919043
4.8675 119.6775289092839
4.8725 -69.46014158717215
4.8774999999999995 -206.77834693570455
4.882499999999999 323.29349425425653
4.8875 -174.46921599942817
4.8925 -9.647994116319559
4.8975 4.090000247467619
4.9025 -61.31882931600979
4.9075 161.83071378471487
4.9125 -173.07304999829083
4.9174999999999995 -234.90142661628863
4.922499999999999 21.429132522754426
4.9275 93.02583926770959
4.9325 64.57741462698606
4.9375 65.92905875420834
4.9425 -64.0782578281213
4.9475 12.778838647756238
4.9525 148.5987664604589
4.9575 -61.02189721294496
4.9624999999999995 16.129310490688493
4.967499999999999 -31.523081437166006
4.9725 22.384344125410145
4.9775 16.75117452664012
4.9825 55.06054116930649
4.9875 -1.252496401486484
4.9925 44.62840129354401
4.9975 -6.222635593464218
5.0024999999999995 78.52226366763217
5.007499999999999 86.5238520315327
5.0125 -351.6412718133736
5.0175 -39.95241290335627
5.0225 -32.98128738507632
5.0275 205.78568436529912
5.0325 -113.26162416143003
5.0375 -15.550875091848406
5.0424999999999995 -7.411240095229506
5.047499999999999 -147.9536686505506
5.0525 164.62085997130492
5.0575 -81.51373145280051
5.0625 279.8193803930805
5.0675 -64.82721732039838
5.0725 -65.80787417167015
5.0775 50.618183928387786
5.0825 -48.62918346840994
5.0874999999999995 332.5790853786334
5.092499999999999 25.433135589765886
5.0975 31.894341027209734
5.1025 159.298985201834
5.1075 -63.70024709866056
5.1125 -28.28097063538739
5.1175 -95.34530942038421
5.1225 -0.32631471107115984
5.1274999999999995 -225.5035211922611
5.132499999999999 -151.90269604838608
5.1375 184.6779257638335
5.1425 28.051731003193105
5.1475 10.094008670216166
5.1525 16.636087182641155
5.1575 148.77985934577333
5.1625 -97.11594890300499
5.1674999999999995 302.2438740290977
5.172499999999999 -210.04805997655745
5.177499999999999 -6.160923982879296
5.1825 -5.411972722856599
5.1875 -138.31439691615668
5.1925 212.67530144468452
5.1975 -277.24743331642594
5.2025 -136.59522610271824
5.2075 417.9580491234059
5.2124999999999995 -63.576775668224755
5.217499999999999 -128.3092502426998
5.2225 36.42813272513564
5.2275 -113.76839664267915
5.2325 -90.19919198887615
5.2375 144.0673119168243
5.2425 -14.521109347937118
5.2475 -73.51523818627717
5.2524999999999995 20.744860514671338
5.257499999999999 32.35377070989066
5.2625 -144.13890940402976
5.2675 45.985816058387904
5.2725 -40.12845162857386
5.2775 28.79529935572945
5.2825 -90.8385433727082
5.2875 85.71469350055814
5.2924999999999995 -49.79635275876175
5.297499999999999 135.0324476941674
5.302499999999999 -196.55262416904176
5.3075 127.41540025234502
5.3125 472.973389179682
5.3175 -84.00079715254175
5.3225 32.078537809613806
5.3275 -322.18160028385086
5.3325 4.911214606592776
5.3374999999999995 126.1245982912182
5.342499999999999 173.95014862568996
5.3475 -113.84485065008384
5.3525 2.561804404686102
5.3575 -10.060344226971958
5.3625 21.893629918734195
5.3675 -161.49982827887516
5.3725 -33.19997158944253
5.3774999999999995 -384.2721181326792
5.382499999999999 -8.665958695510968
5.3875 289.64393078107213
5.3925 214.30494557055812
5.3975 -285.55361677862226
5.4025 146.5413728915682
5.4075 249.56203058552123
5.4125 -35.096319037835016
5.4174999999999995 -65.54123150959911
5.422499999999999 25.79065052235288
5.427499999999999 150.93476043978524
5.4325 -138.7807217739223
5.4375 -215.6858165858279
5.4425 222.56953184608346
5.4475 -75.83660773427518
5.4525 -153.00664922403928
5.4575 231.7011964588353
5.4624999999999995 52.2522913917932
5.467499999999999 33.05550708791335
5.4725 3.936920440888088
5.4775 368.3136798668568
5.4825 -37.64508973604078
5.4875 -56.40177288458862
5.4925 -135.0135363718785
5.4975 82.16169553466528
5.5024999999999995 -141.68579503460774
5.507499999999999 -36.79415714417437
5.5125 -105.00606971342056
5.5175 -2.7697035169524473
5.5225 -62.390559030121985
5.5275 182.69300029445
5.5325 -104.52143112430801
5.5375 -154.85951326327805
5.5424999999999995 150.78895403967059
5.547499999999999 218.81914932232144
5.552499999999999 2.5563850318491452
5.5575 -199.61809332548918
5.5625 57.253967437465406
5.5675 91.27172160507708
5.5725 -131.48672450815246
5.5775 -234.06794607476434
5.5825 219.09494007502556
5.5874999999999995 -88.58695439333671
5.592499999999999 -91.07769922819503
5.5975 42.69140397631345
5.6025 -86.39500055557308
5.6075 161.2592476265769
5.6125 -86.57549999485686
5.6175 -32.68527361013739
5.6225 -40.42609020874257
5.6274999999999995 90.39303672670248
5.632499999999999 -381.7096918597136
5.6375 400.08555424276375
5.6425 31.31980166406339
5.6475 -3.19851673007239
5.6525 -134.33878534018896
5.6575 16.889215599913992
5.6625 29.314336991373903
5.6674999999999995 90.67089894817316
5.672499999999999 -315.5985503101047
5.677499999999999 254.389934053989
5.6825 214.20463661173574
5.6875 -10.478539197119945
5.6925 -398.2748569783145
5.6975 -4.09713244733127
5.7025 184.92009534814116
5.7075 -108.19877800822782
5.7124999999999995 -87.35796503388761
5.717499999999999 217.35113056007637
5.7225 231.6162024209301
5.7275 -226.2285813809248
5.7325 58.0018676006161
5.7375 -155.51670618752996
5.7425 -20.677640974890565
5.7475 -47.778213473653466
5.7524999999999995 -61.1922303032769
5.757499999999999 6.599724622946613
5.7625 88.5958092397193
5.7675 -57.803155026324745
5.7725 110.90667487770052
5.7775 -137.668227580885
5.7825 256.3615912510983
5.7875 7.321298941206651
5.7924999999999995 51.937582882628924
5.797499999999999 61.32226525010112
5.802499999999999 -102.3210890387482
5.8075 -66.75498891214929
5.8125 339.82216303410365
5.8175 -213.01140559945225
5.8225 -233.97081830246896
5.8275 232.46614733964668
5.8325 -29.995125908775584
5.8374999999999995 -95.6671255539534
5.842499999999999 69.00840296833785
5.8475 10.801237253088662
5.8525 -303.9347599102537
5.8575 168.18515492584325
5.8625 -43.886877188233754
5.8675 177.05798920369836
5.8725 -113.17248317266491
5.8774999999999995 30.381013466480674
5.882499999999999 82.51703733302242
5.8875 148.58261038571672
5.8925 -154.92588158302064
5.8975 5.601215753840285
5.9025 140.21607060846637
5.9075 -11.356168241581068
5.9125 -209.1911669117767
5.9174999999999995 182.45391523141652
5.922499999999999 -8.79335063635486
5.927499999999999 190.34508546100187
5.9325 73.04952220282314
5.9375 58.61778207694166
5.9425 -99.93214975530871
5.9475 71.36158670078206
5.9525 54.776618890137854
5.9575 -111.6680808066741
5.9624999999999995 58.851806926992
5.967499999999999 -176.95389830937944
5.9725 198.3426229718371
5.9775 -16.809779073883696
5.9825 -290.96663655212797
5.9875 165.19287334408688
5.9925 -205.05901585647447
5.9975 38.427891647803044
6.0024999999999995 -14.959264072660115
6.007499999999999 10.143751717836588
6.012499999999999 242.35082128001707
6.0175 -67.39404037587423
6.0225 224.76080921622997
6.0275 -297.40982526085725
6.0325 -3.546621694227625
6.0375 -64.9979342180031
6.0424999999999995 -368.6876797860561
6.047499999999999 100.09015708014158
6.052499999999999 467.11303215680505
6.0575 -249.88503628601757
6.0625 -36.70061972036432
6.0675 35.313279222269216
6.0725 186.42950072075993
6.0775 -45.51709106670647
6.0825 181.91940589194016
6.0874999999999995 -220.1906585619774
6.092499999999999 -222.4603977789723
6.0975 309.15742288879244
6.1025 -385.7890569802749
6.1075 183.72642800170297
6.1125 -167.62190306081132
6.1175 228.80074306365157
6.1225 -4.168733355733335
6.1274999999999995 136.4235651933408
6.132499999999999 -228.3887096686323
6.137499999999999 74.05233447674297
6.1425 8.506260921238013
6.1475 243.27765213015672
6.1525 18.90124528576543
6.1575 -4.72114502766199
6.1625 42.28408762193856
6.1674999999999995 -219.02388379480993
6.172499999999999 -101.38025720251764
6.177499999999999 59.767731004334586
6.1825 -46.00329003399497
6.1875 -54.94091856040615
6.1925 17.090569346226914
6.1975 191.8026343417827
6.2025 108.67555652966986
6.2075 -310.0962398046891
6.2124999999999995 256.05996444385556
6.217499999999999 1.7772504002641951
6.2225 -197.87495716536156
6.2275 120.62390160372786
6.2325 139.3082238447802
6.2375 -60.18844094875829
6.2425 7.897945843716719
6.2475 -36.376552396237116
6.2524999999999995 -0.16887579215249476
6.257499999999999 124.02752818393036
6.262499999999999 -215.22207390911404
6.2675 152.60215167251764
6.2725 146.86762293914467
6.2775 -143.7370093302564
6.2825 -53.33456589183819
6.2875 -128.00396502489647
6.2924999999999995 -60.887307995485195
6.297499999999999 182.1165086616331
6.302499999999999 -28.953180737761418
6.3075 -81.14756337639949
6.3125 55.62952906524028
6.3175 -131.54692756840075
6.3225 171.78370507217448
6.3275 -38.671241347570934
6.3325 -57.31285702137716
6.3374999999999995 -103.95310036129597
6.342499999999999 343.9936675591064
6.3475 42.265302094418075
6.3525 -388.73475964841083
6.3575 133.95814379276086
6.3625 94.71299664489432
6.3675 -91.86156820789625
6.3725 133.89818916402163
6.3774999999999995 248.24611204092756
6.382499999999999 2.6113820177118447
6.387499999999999 -229.58178777974337
6.3925 -8.384463689558311
6.3975 6.236187742818332
6.4025 -80.14819920813592
6.4075 -264.5613140070599
6.4125 186.82631952803243
6.4174999999999995 65.17378420172398
6.422499999999999 14.402262766765386
6.427499999999999 -1.3815989406448415
6.4325 -191.46602823332208
6.4375 180.87682595736683
6.4425 7.75435032613129
6.4475 -213.2115111271095
6.4525 -87.99143617022145
6.4575 400.64184081462815
6.4624999999999995 -137.06440111334086
6.467499999999999 87.7614109621993
6.4725 -162.15076396607725
6.4775 88.59943873458913
6.4825 5.289384734209914
6.4875 178.1360298084344
6.4925 -224.40145131955992
6.4975 17.019573191897226
6.5024999999999995 77.19052682567123
6.507499999999999 26.225169205877876
6.512499999999999 23.045723541660006
6.5175 70.87654159784891
6.5225 148.23409887484476
6.5275 -85.5921359737199
6.5325 -339.77632347314847
6.5375 -9.385744517440989
6.5424999999999995 51.5532832864976
6.547499999999999 159.25497616200394
6.552499999999999 -11.183033059625554
6.5575 258.0797727794769
6.5625 17.728482832367142
6.5675 -140.50119209929375
6.5725 13.868826317841462
6.5775 92.63810201044055
6.5825 -3.112349748061432
6.5874999999999995 -90.16326883214218
6.592499999999999 108.22653707133702
6.5975 -74.12476463057408
6.6025 -318.897066512289
6.6075 321.8782527791843
6.6125 -267.69682361149313
6.6175 267.6677839681688
6.6225 -361.6213479250375
6.6274999999999995 206.79374942609695
6.632499999999999 -2.701359225883791
6.637499999999999 180.01786033002344
6.6425 -299.7417260580341
6.6475 17.52263910266399
6.6525 -29.250921427491043
6.6575 106.83942855669027
6.6625 138.26379672719622
6.6674999999999995 -319.72700644426357
6.672499999999999 -261.4772310408459
6.677499999999999 401.29606887724765
6.6825 184.47155594290834
6.6875 -53.29651034272075
6.6925 -55.74605528559068
6.6975 102.43129973012158
6.7025 -193.80588276987518
6.7075 -149.24071676946858
6.7124999999999995 99.32849044940563
6.717499999999999 69.31153756930644
6.722499999999999 -13.35115589434791
6.7275 2.0011750184547514
6.7325 17.22369941510041
6.7375 3.8539540541157393
6.7425 231.89172816247998
6.7475 54.56710171634663
6.7524999999999995 -224.33854051376431
6.757499999999999 -66.02834753851283
6.762499999999999 123.25999456283316
6.7675 99.84937132052617
6.7725 251.71004494230357
6.7775 -56.76263017824953
6.7825 -130.17714623041917
6.7875 203.1324079526832
6.7924999999999995 -299.63335754946087
6.797499999999999 24.207370198249684
6.802499999999999 29.98372463942518
6.8075 -199.79401059822646
6.8125 0.9876068312947783
6.8175 189.82515048495696
6.8225 12.902770706132396
6.8275 -42.94198426002017
6.8325 -198.51968433055765
6.8374999999999995 54.52964329762542
6.842499999999999 155.2017929329059
6.847499999999999 -229.94814398906286
6.8525 -48.99422215516996
6.8575 160.2814764724213
6.8625 174.99025135073495
6.8675 -197.17761363259453
6.8725 -67.32373811382595
6.8774999999999995 298.7061656294364
6.882499999999999 -42.65232891060059
6.887499999999999 -92.6935903985652
6.8925 70.10637444485431
6.8975 -30.477817277772196
6.9025 76.56926778228885
6.9075 72.2724485091339
6.9125 -57.549043804528004
6.9174999999999995 -121.10525834418185
6.922499999999999 32.89595879361618
6.927499999999999 51.1355696523984
6.9325 151.81878238490097
6.9375 -195.67383533892342
6.9425 -54.19116010357978
6.9475 -36.82128848349442
6.9525 -246.00110886506675
6.9575 174.3790756264939
6.9624999999999995 -93.77427614752952
6.967499999999999 22.006515722702446
6.972499999999999 -110.97387586406879
6.9775 76.52258371210426
6.9825 83.39080963620685
6.9875 63.37024592280527
6.9925 -143.3995401262578
6.9975 257.1731417248544
7.0024999999999995 -215.4407681139012
7.007499999999999 109.75894104354033
7.012499999999999 30.6027188506392
7.0175 174.95755760624198
7.0225 103.92921172424994
7.0275 2.9065478622247434
7.0325 -164.53969306816714
7.0375 79.3286065537811
7.0424999999999995 -287.22296283047467
7.047499999999999 133.19782547535405
7.052499999999999 11.829601326161852
7.0575 97.05662903782489
7.0625 -12.233182260155896
7.0675 -202.42797330319618
7.0725 140.94546367686834
7.0775 213.69235583943345
7.0825 16.40509548657134
7.0874999999999995 -98.77177070141423
7.092499999999999 -62.19388377842316
7.097499999999999 -95.67987688012738
7.1025 -21.305164624053965
7.1075 152.21156023261673
7.1125 6.282006250255793
7.1175 2.3713398091291586
7.1225 -48.59914710550236
7.1274999999999995 130.45181173839356
7.132499999999999 -142.32585256658243
7.137499999999999 -136.7172338695751
7.1425 61.91827507285506
7.1475 -133.3922960289945
7.1525 137.13641677604193
7.1575 18.618884717065654
7.1625 -225.55586254003288
7.1674999999999995 257.0073363250919
7.172499999999999 2.1385226414888354
7.177499999999999 254.11911107616683
7.1825 10.959781031421782
7.1875 -190.63871209599296
7.1925 -37.21625484437681
7.1975 175.2248512249879
7.2025 -289.5670433343714
7.2075 -44.58567712687293
7.2124999999999995 45.460483420946225
7.217499999999999 120.2258860684538
7.222499999999999 -292.13729572621025
7.2275 169.4959129900756
7.2325 -296.5536192397966
7.2375 -39.76786408310869
7.2425 166.12401343604554
7.2475 -30.78030237771924
7.2524999999999995 53.839836895416795
7.257499999999999 -138.94043191713692
7.262499999999999 81.09548697398976
7.2675 168.72777723837166
7.2725 70.18712336987318
7.2775 -155.674301241721
7.2825 185.15570447539966
7.2875 151.0685005425586
7.2924999999999995 -4.030958609458577
7.297499999999999 -235.20544842565226
7.302499999999999 4.1977053646319895
7.3075 324.3745667958166
7.3125 -347.17027968300863
7.3175 217.72745672850272
7.3225 120.0910196024826
7.3275 -153.28282078224507
7.3325 63.94388658036214
7.3374999999999995 -70.44431735300155
7.342499999999999 -71.3400013679184
7.347499999999999 89.78767519454783
7.3525 126.27389431189435
7.3575 -57.55760495433846
7.3625 -39.137980729362724
7.3675 -131.1493155698483
7.3725 -2.9140276507314744
7.3774999999999995 29.74395270537618
7.382499999999999 182.70121879825962
7.387499999999999 155.27460941878712
7.3925 -313.71768693448576
7.3975 284.9403554402825
7.4025 -349.64195292567445
7.4075 -184.6743563208333
7.4125 294.25736495942056
7.4174999999999995 -190.25033627566273
7.422499999999999 249.59780393331818
7.427499999999999 -27.932225660741636
7.4325 171.3226166519145
7.4375 -216.95199790541457
7.4425 121.75948949903679
7.4475 129.11309433946474
7.4525 13.210182460809586
7.4575 81.96084642307916
7.4624999999999995 8.593179316454721
7.467499999999999 166.93972145321268
7.472499999999999 -209.8476290157949
7.4775 21.327132127608344
7.4825 -158.76246069530288
7.4875 282.43048322140976
7.4925 -365.1212807626949
7.4975 152.14464425824454
7.5024999999999995 -179.3332446726078
7.507499999999999 -95.03460129957888
7.512499999999999 -79.37123045307403
7.5175 -80.6508427327035
7.5225 225.5915953598082
7.5275 117.17917678055217
7.5325 -110.94779871385619
7.5375 18.919033402884104
7.5424999999999995 -208.75114733882586
7.547499999999999 146.39305243826925
7.552499999999999 96.38342517651856
7.557499999999999 -191.92650945697264
7.5625 92.32375693762586
7.5675 80.90984968687623
7.5725 206.94675876096034
7.5775 -81.68254089347607
7.5825 74.47347720254024
7.5874999999999995 -14.386804747719982
7.592499999999999 -132.01452751272922
7.597499999999999 228.73188990248045
7.6025 65.2697037652714
7.6075 -188.12775904215445
7.6125 -65.83345380916629
7.6175 20.88733387976248
7.6225 315.8477073760137
7.6274999999999995 -151.49934078178504
7.632499999999999 199.8979233929439
7.637499999999999 -380.02658042584795
7.6425 77.62085776714567
7.6475 -56.37642865996148
7.6525 64.09732442010332
7.6575 52.18109786895895
7.6625 -87.46516770391726
7.6674999999999995 100.32960153330174
7.672499999999999 -394.234073613229
7.677499999999999 300.1239806996727
7.682499999999999 -48.46477223916985
7.6875 -145.70851757372785
7.6925 -23.269880213203166
7.6975 49.94617906491538
7.7025 251.3778967517388
7.7075 -282.1629816991763
7.7124999999999995 138.44810909012295
7.717499999999999 237.43101130959155
7.722499999999999 -97.44318899225209
7.7275 232.60671194018784
7.7325 28.001225538614314
7.7375 18.97761310533197
7.7425 64.01048313339524
7.7475 -160.2157721279937
7.7524999999999995 -195.4463583960519
7.757499999999999 212.30327421542316
7.762499999999999 -30.194710625038347
7.7675 -162.094668052382
7.7725 -87.32658581840705
7.7775 139.2037606321589
7.7825 71.19331493076324
7.7875 -286.69922604967593
7.7924999999999995 532.3738701212856
7.797499999999999 -459.92002081914063
7.802499999999999 227.19693477026786
7.807499999999999 -191.38482297330674
7.8125 303.8631018941849
7.8175 -316.71820033064483
7.8225 103.40770582682221
7.8275 -191.03891236137966
7.8325 169.73780132899304
7.8374999999999995 -177.5905452701724
7.842499999999999 251.51781343027224
7.847499999999999 31.74931079463223
7.8525 -30.899398706244884
7.8575 10.838835940871656
7.8625 -168.07365075897516
7.8675 93.34017682376053
7.8725 79.26792321015989
7.8774999999999995 160.00731756471697
7.882499999999999 76.5346542201491
7.887499999999999 18.75054236376788
7.8925 -72.20009335845963
7.8975 -333.25891599912165
7.9025 174.55451353694966
7.9075 27.19425598135211
7.9125 -25.637294380129287
7.9174999999999995 15.29891664158236
7.922499999999999 -175.11875787796518
7.927499999999999 185.59947298903725
7.932499999999999 151.64975000721046
7.9375 -36.37296027136122
7.9425 -0.12906766926963958
7.9475 -78.11334790383324
7.9525 235.72891861628293
7.9575 -198.78118191587626
7.9624999999999995 -254.41698677157888
7.967499999999999 101.48712893756569
7.972499999999999 89.25478487058389
7.9775 -135.20607342308568
7.9825 71.17834745868063
7.9875 -179.04516728434106
7.9925 285.62437423047083
7.9975 -293.47035051838026
8.0025 20.78016568486809
8.0075 -182.60550638158887
8.0125 492.32694958880984
8.0175 -59.86388623569595
8.022499999999999 55.2283592853627
8.0275 -4.031480210360003
8.032499999999999 8.819510947962476
8.0375 -72.89235170597533
8.0425 -75.5770718104698
8.0475 -64.15152564878856
8.0525 -75.81584054439962
8.0575 291.3484984469728
8.0625 -130.18580212105934
8.067499999999999 21.124000288363806
8.0725 41.891445799684924
8.077499999999999 -107.96742139548296
8.0825 175.25884265567916
8.0875 -388.1629253168818
8.0925 261.1763986420396
8.0975 -103.59301099469376
8.1025 50.91233973038825
8.1075 -8.30099557114188
8.112499999999999 53.676463440119505
8.1175 -280.79043248153744
8.1225 -31.747730004412936
8.1275 304.2546279128956
8.1325 11.54759143011654
8.1375 -191.22084936117002
8.1425 148.05989206883748
8.147499999999999 -126.0888354701801
8.1525 -55.25690627637246
8.157499999999999 9.937412210687336
8.1625 -15.166610727463132
8.1675 -93.72473116745623
8.1725 191.51473238853157
8.1775 104.81735963250019
8.1825 107.29396939873261
8.1875 -267.99833261772505
8.192499999999999 226.52767818036438
8.1975 -151.34533140483012
8.202499999999999 243.7619156705888
8.2075 -85.65394462786305
8.2125 4.14141852184794
8.2175 99.01190054526442
8.2225 -51.97705875468532
8.2275 269.65897198732574
8.2325 -45.77268235079869
8.237499999999999 -125.8502601654443
8.2425 -213.5312327420111
8.2475 -24.07142658167832
8.2525 334.0812521900039
8.2575 -235.87282941029616
8.2625 165.78265696316953
8.2675 100.19190336919768
8.272499999999999 -176.93297180358775
8.2775 214.48519368347414
8.282499999999999 -111.43276465227308
8.2875 -141.4927725024405
8.2925 1.977640870013298
8.2975 57.45383427086558
8.3025 75.5420677055764
8.3075 -116.81974813254892
8.3125 69.37932841602812
8.317499999999999 -5.875267749149971
8.3225 18.514994291710757
8.327499999999999 67.03819635859921
8.3325 21.15130893777837
8.3375 -99.31661968661015
8.3425 59.94059183263735
8.3475 184.35232250334857
8.3525 -83.27190647370625
8.3575 69.99433183427062
8.362499999999999 -57.011160638837566
8.3675 -68.74749988172576
8.3725 -127.98538819037033
8.3775 220.80545864929334
8.3825 -315.38019111941827
8.3875 102.84776067991665
8.3925 57.88422528065775
8.397499999999999 -49.14324369060888
8.4025 28.781462983886165
8.407499999999999 -67.23181187625141
8.4125 27.521786280182464
8.4175 23.168820959643188
8.4225 -100.91002254203146
8.4275 36.632732126149506
8.4325 163.36225824705738
8.4375 -223.3484472620272
8.442499999999999 94.3292866130513
8.4475 92.03900890001702
8.452499999999999 -82.5759119163028
8.4575 -35.77031582725239
8.4625 193.28550455149013
8.4675 -38.59101165493276
8.4725 -237.242101516318
8.4775 -65.40066769856487
8.4825 194.96848144021908
8.487499999999999 6.803851635656711
8.4925 172.9974443160656
8.4975 -142.38053092061296
8.5025 106.89284041004564
8.5075 189.36419239913016
8.5125 -43.89579598467642
8.5175 -202.3496436905319
8.522499999999999 306.83211028009504
8.5275 -120.85382802469732
8.532499999999999 -185.51264213039968
8.5375 -66.6579314059693
8.5425 78.39881505065658
8.5475 -78.95977866148169
8.5525 -33.677034037308665
8.5575 -20.122093513082522
8.5625 159.87580202925932
8.567499999999999 -192.79278539200516
8.5725 -29.11796714726645
8.577499999999999 78.93285055439983
8.5825 -64.46492857668545
8.5875 -180.53500189902076
8.5925 87.82736840938522
8.5975 88.88236587318832
8.6025 -83.42470089820833
8.6075 128.21815746125785
8.612499999999999 -4.159372698587605
8.6175 240.84420049622926
8.6225 -8.147416080701827
8.6275 2.9720861470313684
8.6325 -217.32526216865028
8.6375 32.613866130929345
8.6425 -51.85006577800216
8.647499999999999 145.13141328354538
8.6525 100.52630639150985
8.657499999999999 134.26924899236795
8.6625 -152.47589793747528
8.6675 20.341035096702807
8.6725 -459.16433006492787
8.6775 258.268530197916
8.6825 66.44417214573491
8.6875 -120.19680089689743
8.692499999999999 70.71428871603209
8.6975 160.91207775112142
8.702499999999999 -290.36893287518535
8.7075 57.14502653637929
8.7125 -50.79666828285713
8.7175 -204.52754825275434
8.7225 13.461222895462887
8.7275 211.64272851847488
8.7325 -76.41969596053062
8.737499999999999 261.9518465436154
8.7425 -387.2122945155836
8.747499999999999 145.08947809745075
8.7525 -134.39303314978216
8.7575 -10.57183233433224
8.7625 81.3934405674173
8.7675 181.11140872563664
8.772499999999999 -93.97465958162064
8.7775 83.38601996092633
8.782499999999999 -18.002183497099935
8.7875 -154.12035925772472
8.7925 57.17520885937767
8.7975 -88.39914675171558
8.8025 -15.02248650341405
8.8075 -62.28986018646842
8.8125 201.07058801327707
8.817499999999999 -33.32243253326824
8.8225 -116.63358315875152
8.827499999999999 91.19792020932019
8.8325 -30.381935347387685
8.8375 -2.9591484972256046
8.8425 210.67751947200279
8.8475 -14.22999867410539
8.8525 205.14523477734915
8.8575 49.94972474046781
8.862499999999999 -185.28436515385494
8.8675 71.24944781969897
8.872499999999999 -162.89495147296313
8.8775 266.92317289082337
8.8825 -313.1849184577556
8.8875 -185.01192263418247
8.8925 330.7815314634372
8.897499999999999 87.92705885533239
8.9025 279.7567426579889
8.907499999999999 -138.54039350066765
8.9125 -74.97872399457346
8.9175 -383.0482505677525
8.9225 34.3029227492369
8.9275 434.72259973935826
8.9325 -97.40669245612156
8.9375 -166.92821096873917
8.942499999999999 -190.28073860792125
8.9475 314.61832063141776
8.952499999999999 -220.07431813892086
8.9575 -88.14859594293368
8.9625 228.14828928623763
8.9675 48.31118314306234
8.9725 -176.9548050909667
8.9775 210.77046838420043
8.9825 6.2932959359622975
8.987499999999999 -236.1059673809127
8.9925 61.170175690792966
8.997499999999999 160.23255415013452
9.0025 358.8807815226172
9.0075 -438.35130168108714
9.0125 230.78866120833817
9.0175 -198.04038126206854
9.022499999999999 139.64560449241992
9.0275 175.0289595589016
9.032499999999999 -118.6721443560448
9.0375 -153.87112850450362
9.0425 -123.21317364478341
9.0475 -65.01004573106329
9.0525 -145.4353055479828
9.0575 72.56614139691355
9.0625 164.29060047865607
9.067499999999999 26.66414491910345
9.0725 -19.37621896150512
9.077499999999999 138.61343394334358
9.0825 -207.41092013950774
9.0875 204.13529569030555
9.0925 -149.87070328545138
9.0975 152.43076116925837
9.1025 -185.5484337684402
9.1075 59.488032521365575
9.112499999999999 -193.21063876882818
9.1175 149.55629689426632
9.122499999999999 -177.50423025561503
9.1275 375.34817614450225
9.1325 -112.09317429086313
9.1375 3.2634923596180423
9.1425 -42.94116685719483
9.147499999999999 -72.8607774822869
9.1525 -52.0350814600051
9.157499999999999 88.13959503777193
9.1625 -33.72099246645587
9.1675 198.39408430724038
9.1725 67.7989878538167
9.1775 -139.99732877009538
9.1825 -55.873655129922014
9.1875 212.9577649206762
9.192499999999999 45.71650024926528
9.1975 -73.45606569572111
9.202499999999999 -8.616919789369797
9.2075 96.2213873037514
9.2125 -66.56513328959231
9.2175 123.10792289901505
9.2225 49.531151333338876
9.2275 -30.734530714358698
9.2325 -137.7716606185675
9.237499999999999 -213.85728778137965
9.2425 1.8456729470937239
9.247499999999999 -74.52316745188575
9.2525 208.1160285015617
9.2575 -96.18129245827414
9.2625 352.90197540240393
9.2675 -197.02157864406632
9.272499999999999 -15.673370477913261
9.2775 12.406821937029694
9.282499999999999 121.5324807995577
9.2875 243.88684803422547
9.2925 -9.38692114591237
9.2975 -141.84441046069335
9.3025 31.90775720044591
9.3075 -222.62907329953754
9.3125 -62.18612292545491
9.317499999999999 283.5111731810776
9.3225 -127.55994133604489
9.327499999999999 51.648091750647545
9.3325 154.79784250967592
9.3375 107.54052977640033
9.3425 -136.89973181402812
9.3475 78.72210576314902
9.3525 15.206876632771834
9.3575 -172.7249999542103
9.362499999999999 -202.9374636948941
9.3675 144.7571725318411
9.372499999999999 -31.270908290363433
9.3775 -34.55870812044555
9.3825 -4.633965568825596
9.3875 107.11219793222531
9.3925 -234.52144305708143
9.397499999999999 217.40370520714126
9.4025 62.90501426894706
9.407499999999999 -48.72157835543846
9.4125 12.93883833749168
9.4175 -213.12717460043146
9.4225 93.83514772275754
9.4275 312.0278975879694
9.4325 151.27428683563372
9.4375 -158.52254915011451
9.442499999999999 -4.010772759840962
9.4475 -232.85432841493798
9.452499999999999 -19.530223206665102
9.4575 141.17264383093234
9.4625 -35.5496570003011
9.4675 77.14436093519143
9.4725 -74.197685331368
9.4775 -3.3005997109313268
9.4825 -61.18456024360379
9.487499999999999 92.47949322937149
9.4925 84.49912575865334
9.497499999999999 -90.62213742212789
9.5025 36.344730793715534
9.5075 -36.87327725063664
9.5125 11.506689576988313
9.5175 31.916281506600352
9.522499999999999 -230.23281860252865
9.5275 192.60928345792604
9.532499999999999 -313.73617850226515
9.5375 245.29751872480915
9.5425 89.26824754248769
9.5475 -159.25886053602264
9.5525 -45.37500692852412
9.5575 -165.2036718043481
9.5625 -84.32192882679236
9.567499999999999 62.66939958224404
9.5725 -245.89501861027946
9.577499999999999 4.522021120268247
9.5825 389.68059366886644
9.5875 -87.9307099300579
9.5925 123.56354128641104
9.5975 -244.894279910478
9.6025 55.1928370007645
9.6075 44.01096477947205
9.612499999999999 58.20929054152472
9.6175 130.80303125798181
9.622499999999999 146.99632651414228
9.6275 -137.16366292282575
9.6325 31.067987644218498
9.6375 -148.07111964666672
9.6425 257.18214447219896
9.647499999999999 111.10337131450154
9.6525 -239.23137182317996
9.657499999999999 19.83235605494385
9.6625 38.581319141714026
9.6675 180.3005667027517
9.6725 -3.1377244344970077
9.6775 -121.24631612337554
9.6825 61.333615201502084
9.6875 -73.1327268233069
9.692499999999999 103.55665446445605
9.6975 -293.22297800126665
9.702499999999999 168.00622634215011
9.7075 -154.3440289350862
9.7125 -28.608842034100878
9.7175 60.72834498898055
9.7225 -26.24996774964269
9.7275 0.0699829455655516
9.7325 172.80256874537807
9.737499999999999 -5.711659944983678
9.7425 -54.349963823964394
9.747499999999999 -142.04625553525193
9.7525 -141.93603642247146
9.7575 -133.06944322967058
9.7625 100.15980649193193
9.7675 29.694002905632555
9.772499999999999 240.09870579616603
9.7775 -273.71047925772524
9.782499999999999 91.89995633680137
9.7875 98.36717525103523
9.7925 -64.67682670595369
9.7975 89.32602944819858
9.8025 32.54681725622656
9.8075 -219.8353783451596
9.8125 -59.38408446200592
9.817499999999999 58.698588241211816
9.8225 -9.915857619249177
9.827499999999999 28.907118535856387
9.8325 -28.58660820354739
9.8375 242.35292347170505
9.8425 -4.15672442922784
9.8475 -162.81640079836285
9.8525 -31.39674095505145
9.8575 -176.44948145359382
9.862499999999999 303.43052237122606
9.8675 5.516344286883563
9.872499999999999 53.85941745640005
9.8775 -287.77843647338625
9.8825 290.40496570758813
9.8875 59.74194557692681
9.8925 -30.679173910719776
9.897499999999999 -120.12998755842409
9.9025 -148.13321120745417
9.907499999999999 383.8908144521189
9.9125 -21.917896203254248
9.9175 -101.41814156021914
9.9225 -72.49966886225825
9.9275 132.00525580669583
9.9325 -64.12717883456325
9.9375 226.0106737881934
9.942499999999999 -85.43904558281329
9.9475 -78.69162790139569
9.952499999999999 -201.27874598512295
9.9575 -5.670016281217084
9.9625 166.26876794978128
9.9675 40.279659308658665
9.9725 -85.09641510894649
9.9775 218.47730407887323
9.9825 92.74745240244626
9.987499999999999 -208.84417467537696
9.9925 170.80276852163024
9.997499999999999 -156.37195192146183
10.0025 -69.98235054050713
