0.0075 109.58617429814485
0.012499999999999999 -118.36951846069805
0.017499999999999998 179.74918954804983
0.0225 -125.13758306377126
0.0275 -194.17749972693412
0.0325 -68.55469939837816
0.0375 140.7422251226059
0.042499999999999996 230.4966757608453
0.0475 -222.92089558226806
0.0525 63.662907977723734
0.057499999999999996 23.74321276723685
0.0625 1.6183102195558041
0.06749999999999999 13.790952300010973
0.0725 -27.568918000787495
0.0775 -268.8340977948828
0.08249999999999999 -53.19543977289501
0.0875 123.20325059554567
0.0925 79.797216540622
0.09749999999999999 17.518420767220515
0.1025 63.009127565524665
0.1075 79.87013171486751
0.11249999999999999 34.64665563792514
0.1175 -149.52736383437545
0.1225 -47.21404643852332
0.1275 -149.07558113473843
0.1325 -200.27677512819713
0.13749999999999998 -101.32074509240393
0.1425 223.12738585234183
0.1475 -202.93171397920574
0.1525 209.75185787954737
0.1575 -271.95001973277056
0.1625 294.4187375410279
0.16749999999999998 -128.06818641216992
0.1725 288.68998562974735
0.1775 -142.4371896211537
0.1825 -135.9994465528143
0.1875 18.536315386478993
0.1925 -134.0854039517423
0.19749999999999998 144.92006465108958
0.20249999999999999 82.35610990173035
0.2075 7.076418568460469
0.2125 106.23618941649816
0.2175 121.30849216140284
0.2225 -217.9272479008236
0.22749999999999998 154.99439854583068
0.23249999999999998 89.6748059702248
0.2375 -144.5023441745971
0.2425 102.99956575356666
0.2475 262.5152070974325
0.2525 11.174597967752435
0.2575 67.38704972596508
0.2625 -347.25171574221196
0.2675 -295.74805664964805
0.27249999999999996 395.33463848837476
0.27749999999999997 -127.7366953545269
0.2825 -2.2734727951929523
0.2875 12.082366965007537
0.2925 -93.61030990412402
0.2975 81.24344122766495
0.3025 -47.586829234125766
0.3075 46.932682622302934
0.3125 -190.8172168460576
0.3175 64.81287190574803
0.3225 196.23743300798384
0.32749999999999996 -308.9087545276633
0.33249999999999996 399.2655502553065
0.33749999999999997 29.801785929036505
0.34249999999999997 77.63775170189157
0.3475 -222.2670577992332
0.3525 -67.62813750487136
0.3575 -54.28163496427675
0.3625 235.12482661124662
0.3675 90.85536065949117
0.3725 -376.40020785847764
0.3775 -24.2186404094523
0.3825 93.08483660286709
0.38749999999999996 62.751322240875595
0.39249999999999996 -148.53189509322738
0.39749999999999996 52.68277003685289
0.40249999999999997 56.15501513019232
0.4075 4.06981866612176
0.4125 -16.450642140461284
0.4175 237.6096183008016
0.4225 87.31280023817526
0.4275 -99.18795032357882
0.4325 -294.1846771631664
0.4375 308.84098325413385
0.4425 -308.9544437574555
0.44749999999999995 403.70387805442306
0.45249999999999996 -38.67904562341947
0.45749999999999996 -208.12855613410994
0.46249999999999997 17.900104726944537
0.46749999999999997 193.47586756382407
0.4725 55.96272493148037
0.4775 143.8626133011082
0.4825 -6.678832163090497
0.4875 -321.99781044291694
0.4925 196.76611920762878
0.4975 -138.54478342228052
0.5025 -216.73199035587538
0.5075 20.457670269007394
0.5125 99.71732971029459
0.5175 324.88011886385675
0.5225 -166.28847325285702
0.5275 326.85115182416575
0.5325 -219.67251333231513
0.5375 -188.00712751743382
0.5425 144.8802965298904
0.5475 -239.56425083397843
0.5525 -6.799685144500614
0.5575 145.27056887741338
0.5625 88.22334303638951
0.5675 -56.12622023401144
0.5725 -78.50698644567015
0.5775 -99.76692153444478
0.5825 32.36170393853521
0.5875 225.95092206273114
0.5925 -64.2448332602943
0.5974999999999999 148.54465984101887
0.6024999999999999 -270.98404223290174
0.6074999999999999 173.01396316923493
0.6124999999999999 71.72504467956307
0.6174999999999999 -215.8740213494269
0.6224999999999999 -71.72987119849958
0.6275 13.381578227448262
0.6325 166.28303999785678
0.6375 233.33414847887155
0.6425 -296.4474637191044
0.6475 -155.99230396848546
0.6525 0.889350985203245
0.6575 -83.38081842620551
0.6625 39.732511279328115
0.6675 -146.38038953686967
0.6725 281.74562834339906
0.6775 -86.33894293296318
0.6825 -133.27482450569866
0.6875 270.97590136393876
0.6925 -117.24884023898638
0.6975 216.79582146356418
0.7025 -226.58826388829715
0.7075 19.503569321651522
0.7125 -139.7885920896813
0.7174999999999999 -98.21961904042938
0.7224999999999999 70.9476895924511
0.7274999999999999 2.8082681993412932
0.7324999999999999 -27.462464572819584
0.7374999999999999 8.779598215413467
0.7424999999999999 -9.634675521203583
0.7474999999999999 270.97885017226395
0.7525 -80.88887511985118
0.7575 116.18476887352804
0.7625 -42.867659815932505
0.7675 -44.06631237219697
0.7725 -138.24419155991413
0.7775 83.22533161864483
0.7825 79.57804468415168
0.7875 107.35582147575606
0.7925 89.93312052683365
0.7975 -3.9333292371035955
0.8025 -302.3500424203974
0.8075 192.97790423624488
0.8125 142.1149263203258
0.8175 -144.46164904069596
0.8225 209.08642145043353
0.8275 -405.17433842848106
0.8325 443.2822497498356
0.8374999999999999 -290.97292092847795
0.8424999999999999 44.49651179497794
0.8474999999999999 137.07286989084233
0.8524999999999999 -55.78814153067494
0.8574999999999999 -155.20582705006936
0.8624999999999999 -81.3218815028817
0.8674999999999999 -185.96681335162162
0.8724999999999999 124.81530107794642
0.8775 97.65820172629749
0.8825 -72.53072227455215
0.8875 -33.919807939815065
0.8925 81.98811980785156
0.8975 20.784451917906196
0.9025 -63.975336654088274
0.9075 15.411737623743328
0.9125 -226.86372311388945
0.9175 90.00665677985178
0.9225 -55.56682642610109
0.9275 84.24083567675883
0.9325 499.775826235258
0.9375 -161.59388092173907
0.9425 110.67361664728234
0.9475 -230.61068924385626
0.9524999999999999 -8.835480304319416
0.9574999999999999 -224.94671426954793
0.9624999999999999 361.08842365227616
0.9674999999999999 -492.50373962854474
0.9724999999999999 290.8961166431723
0.9774999999999999 -292.9758349674961
0.9824999999999999 293.75054468010705
0.9874999999999999 -41.3128938498866
0.9924999999999999 150.4277277831117
0.9974999999999999 -83.14913814852187
1.0025 -205.69465816560697
1.0075 148.33240117025977
1.0125 245.53105342265013
1.0174999999999998 95.34081300374622
1.0225 -354.21456518846986
1.0274999999999999 94.99122822401644
1.0325 105.83026594969695
1.0374999999999999 -172.0790143437768
1.0425 139.61218834910028
1.0474999999999999 59.57338821922978
1.0525 -101.95537575122599
1.0574999999999999 -388.6266908892961
1.0625 114.95292807827323
1.0675 51.61725255789641
1.0725 156.87694528177553
1.0775 335.81673602557987
1.0825 -416.23454408148814
1.0875 -281.2561627419082
1.0925 224.15012929410716
1.0975 -70.6412073505811
1.1025 336.22406290671364
1.1075 271.17567996994126
1.1125 -185.48588620161743
1.1175 -119.48217772647271
1.1225 128.01301020823766
1.1275 -132.57038288223387
1.1324999999999998 -1.0737599640386135
1.1375 194.22415698677972
1.1424999999999998 72.69413237612872
1.1475 -288.1358742481204
1.1524999999999999 264.5084494464768
1.1575 30.067857127910052
1.1624999999999999 137.5160448597609
1.1675 10.365228375262795
1.1724999999999999 -234.3089722721313
1.1775 167.48924037180714
1.1824999999999999 220.52221870147542
1.1875 -315.680452309972
1.1925 -64.01837899204584
1.1975 -89.3847367875976
1.2025 105.23854249156561
1.2075 -212.50120833589696
1.2125 135.6799175775999
1.2175 -49.45443784132833
1.2225 -150.79632092868857
1.2275 114.81403012682829
1.2325 302.36200160796733
1.2375 -202.2110912799465
1.2425 -120.8486800448622
1.2475 61.740281265348514
1.2525 -279.28491595680987
1.2574999999999998 181.25392867163575
1.2625 -119.01464640345357
1.2674999999999998 211.72302716138358
1.2725 101.80472612094515
1.2774999999999999 -66.15075111150277
1.2825 -155.20730250690784
1.2874999999999999 1.1953197844099401
1.2925 -93.60343185147052
1.2974999999999999 -25.68964377100271
1.3025 92.84207520088684
1.3074999999999999 101.5741219411858
1.3125 -1.0775827236218667
1.3175 -376.01432240612434
1.3225 180.6186224580639
1.3275 102.28074878820505
1.3325 241.97624498581814
1.3375 -160.22390325970477
1.3425 -58.36052170944023
1.3475 -131.2232518397031
1.3525 164.36457997401445
1.3575 26.197253886191856
1.3625 172.54836113794556
1.3675 -7.0460830482245775
1.3724999999999998 4.993896211641889
1.3775 -127.64686489595266
1.3824999999999998 -58.95005877620477
1.3875 -169.99114615340073
1.3924999999999998 58.366550186861616
1.3975 83.44630486672476
1.4024999999999999 -157.29376150968204
1.4075 52.201306482692594
1.4124999999999999 47.49419651944734
1.4175 -5.673444188654787
1.4224999999999999 104.14166606113936
1.4275 100.53360683036252
1.4324999999999999 -65.42739316553869
1.4375 -14.321927806538627
1.4425 -140.27759056624782
1.4475 160.18197649501718
1.4525 108.07067814285071
1.4575 -160.64166689590857
1.4625 -38.89078506179792
1.4675 107.38535771892951
1.4725 -44.20799675671167
1.4775 -64.69114757187342
1.4825 31.735652325013646
1.4874999999999998 -69.08666152537981
1.4925 29.769925245922664
1.4974999999999998 186.34226992752602
1.5025 -65.27780606353205
1.5074999999999998 96.8654875716734
1.5125 0.8860078181743495
1.5174999999999998 -49.691076485603155
1.5225 87.04623691332507
1.5274999999999999 -121.91838546324595
1.5325 -67.29085699302529
1.5374999999999999 203.55418781056034
1.5425 -74.31231647195494
1.5474999999999999 163.61149742168558
1.5525 -84.33357800131387
1.5574999999999999 17.715817233485623
1.5625 -82.31603045163791
1.5675 183.95445128335925
1.5725 -220.87953624088578
1.5775 89.5952586747296
1.5825 -93.4043363663257
1.5875 -20.49962229791622
1.5925 57.35148706835928
1.5975 -6.3411453183524875
1.6025 -99.61077838346928
1.6075 175.56271491927478
1.6124999999999998 65.10688480699697
1.6175 -216.7916494458597
1.6224999999999998 26.90158596557226
1.6275 49.91754391230018
1.6324999999999998 -173.03714835562025
1.6375 350.2888901551088
1.6424999999999998 -41.837597250317536
1.6475 232.05392972634738
1.6524999999999999 48.11710444802038
1.6575 -57.36789012718119
1.6624999999999999 -110.62321821023463
1.6675 -72.77870165931397
1.6724999999999999 8.981271440633705
1.6775 -222.01565195446307
1.6824999999999999 -78.06971751480896
1.6875 65.32827596740358
1.6925 -85.95658605017914
1.6975 -162.9435695719189
1.7025 364.7826483518424
1.7075 55.95978138653464
1.7125 -147.71716527512712
1.7175 -43.786681918407076
1.7225 -78.18746404968
1.7274999999999998 -210.05378821930256
1.7325 434.943205866723
1.7374999999999998 -193.34063187178597
1.7425 293.1513865669475
1.7474999999999998 -304.65886880887786
1.7525 230.5974355281158
1.7574999999999998 4.7468305824450985
1.7625 -67.09863390240108
1.7674999999999998 158.61573425646404
1.7725 -174.47866850254496
1.7774999999999999 96.05700512178653
1.7825 -22.843205938794853
1.7874999999999999 22.639852906029805
1.7925 -26.350554351729922
1.7974999999999999 -140.29203617426003
1.8025 -134.97307809005167
1.8074999999999999 79.6691469396766
1.8125 -55.335965130256625
1.8175 102.27777537358105
1.8225 71.25787396382707
1.8275 -242.37653920252768
1.8325 124.36104353730182
1.8375 -9.033540745899504
1.8425 20.361906764660038
1.8475 -128.4884975240174
1.8524999999999998 163.65111158903645
1.8575 -64.59279066889685
1.8624999999999998 10.81685119974965
1.8675 -4.910065479278913
1.8724999999999998 -163.79081391644263
1.8775 182.59470878896283
1.8824999999999998 -231.21260589417454
1.8875 328.38753596389336
1.8924999999999998 11.070085410949012
1.8975 -48.23091397507844
1.9024999999999999 225.80607412401054
1.9075 78.52316870572501
1.9124999999999999 -268.71250794035257
1.9175 8.372756091525133
1.9224999999999999 173.26328050504765
1.9275 -124.36560688726688
1.9324999999999999 144.12880476820172
1.9375 -365.3142744120675
1.9425 328.77741132102295
1.9475 48.56422168813141
1.9525 -352.6650543778226
1.9575 -65.54433111374493
1.9625 147.2051389872202
1.9674999999999998 -159.6408845100578
1.9725 30.10898964864176
1.9774999999999998 -101.8293693950168
1.9825 441.7099412033214
1.9874999999999998 -228.52720786640958
1.9925 -56.74384596657389
1.9974999999999998 2.5435294249702314
2.0025 -14.323556559302968
2.0075 -141.85139707054756
2.0124999999999997 192.10785603717554
2.0175 -41.76539315863289
2.0225 -93.70554535993016
2.0275 -82.04937449130979
2.0324999999999998 358.6045920031291
2.0375 -198.8472015367317
2.0425 132.04330161856134
2.0475 26.06223090047489
2.0524999999999998 195.79718842556238
2.0575 -57.194842317324195
2.0625 72.8465366197345
2.0675 -151.87475263541236
2.0725 35.56392450871188
2.0775 -88.44606398960886
2.0825 -187.03481225080998
2.0875 111.20452346670844
2.0925 -212.3872911727296
2.0974999999999997 172.8988541137958
2.1025 -91.75468403811432
2.1075 -125.2102924398811
2.1125 194.39238166600066
2.1174999999999997 86.1766776822047
2.1225 -26.876366219868633
2.1275 -107.26661272098076
2.1325 -21.311016712472245
2.1374999999999997 92.55521562703552
2.1425 -64.44512405890747
2.1475 -102.47131220371078
2.1525 52.40974617692244
2.1574999999999998 201.92772066873425
2.1625 0.9227006783575905
2.1675 -35.93731969851091
2.1725 -43.069608842234835
2.1774999999999998 268.8195935001899
2.1825 -148.2148851714077
2.1875 -82.28405647428184
2.1925 -101.1559528931815
2.1975 -16.826895345290335
2.2024999999999997 163.81081067915426
2.2075 -115.12052579031585
2.2125 -53.74410391867013
2.2175 45.719661566534896
2.2224999999999997 -140.32532415429057
2.2275 78.37314094372373
2.2325 296.36833512544274
2.2375 -46.60483184945759
2.2424999999999997 -174.14511393699672
2.2475 -47.474255153804215
2.2525 5.492562628024455
2.2575 133.962743460044
2.2624999999999997 52.03958033357215
2.2675 -165.97426976494896
2.2725 -47.85647110960403
2.2775 85.03233254330547
2.2824999999999998 -7.095307850347961
2.2875 -210.05690269249524
2.2925 -7.849230372241467
2.2975 185.53668340544917
2.3024999999999998 70.24005086073659
2.3075 -103.924532185184
2.3125 -96.62816113529163
2.3175 47.77935049519464
2.3225 81.29035254425638
2.3274999999999997 229.2298752046688
2.3325 -130.90203068800218
2.3375 -11.243821144497392
2.3425 176.03669238532103
2.3474999999999997 -251.07066515267064
2.3525 74.63632747792226
2.3575 108.52212688106295
2.3625 -134.04154177664643
2.3674999999999997 -60.94462593429942
2.3725 39.80787629352892
2.3775 -149.5717275437387
2.3825 224.449283332798
2.3874999999999997 110.26230986179324
2.3925 -145.4853144949528
2.3975 -150.38128477570496
2.4025 58.03929364955383
2.4074999999999998 90.91933124673484
2.4125 20.03388822159539
2.4175 131.2375211245044
2.4225 161.78314151925161
2.4274999999999998 24.170618125047866
2.4325 -108.64165375402588
2.4375 14.409822295470468
2.4425 23.908232607619563
2.4475 204.89968391585597
2.4524999999999997 -77.96517890427737
2.4575 -242.98183678462223
2.4625 115.70207645185553
2.4675 -60.582944921757836
2.4724999999999997 57.0385360015864
2.4775 -32.17449790118284
2.4825 -73.62127343874944
2.4875 -52.507464763558744
2.4924999999999997 -145.65783438785303
2.4975 88.65924467285949
2.5025 157.50314940171606
2.5075 -111.72476431089041
2.5124999999999997 81.21791791655274
2.5175 -49.45513129156811
2.5225 -150.0920399698809
2.5275 -48.95950016741396
2.5324999999999998 251.3682150284479
2.5375 -47.07988079152311
2.5425 19.231991312050255
2.5475 82.47174674254171
2.5524999999999998 -44.00086356484064
2.5574999999999997 -181.11468728468304
2.5625 130.65792778218994
2.5675 50.61968583370789
2.5725 60.94581493171245
2.5774999999999997 -137.11505140309424
2.5825 -15.96547198292252
2.5875 36.19936678064192
2.5925 -92.3396239212529
2.5974999999999997 153.9437657723153
2.6025 -67.8605996575692
2.6075 27.17637437345633
2.6125 -71.58892737147056
2.6174999999999997 12.357655657106339
2.6225 -53.53273239051377
2.6275 22.32008971043077
2.6325 -118.63478936272939
2.6374999999999997 -50.424415772732154
2.6425 102.70603208301473
2.6475 160.67281689121495
2.6525 -157.746798735806
2.6574999999999998 -6.979143224164339
2.6625 248.14261347417118
2.6675 -87.60576730593162
2.6725 -24.981131713056424
2.6774999999999998 75.38882362399048
2.6824999999999997 -22.078400327255743
2.6875 -118.36926259466553
2.6925 -105.51105310620947
2.6975 109.94830006624821
2.7024999999999997 -9.175670675482891
2.7075 90.34693978649321
2.7125 -272.76936053441966
2.7175 200.82792569441455
2.7224999999999997 19.078771178840725
2.7275 -18.837924462712294
2.7325 75.46928358947868
2.7375 -213.0676471771732
2.7424999999999997 516.3337957878415
2.7475 -507.34858654988784
2.7525 297.077359704961
2.7575 -276.9020202665596
2.7624999999999997 -16.608006132295365
2.7675 81.8042289100326
2.7725 144.00488797362593
2.7775 -38.89256592622776
2.7824999999999998 -136.8519084853661
2.7875 72.96509766257219
2.7925 85.98019546494643
2.7975 244.7162521541741
2.8024999999999998 -93.65072700000684
2.8074999999999997 -304.38032971681264
2.8125 -7.446797381300913
2.8175 68.11322581686001
2.8225 7.69764083397908
2.8274999999999997 273.9345729989881
2.8325 -60.33096589496785
2.8375 -325.7448271013263
2.8425 308.86851533400517
2.8474999999999997 -147.8948968347536
2.8525 52.008648505343054
2.8575 -241.99164806834074
2.8625 29.21495221618706
2.8674999999999997 79.28717625735818
2.8725 45.983522014463716
2.8775 61.504592924229605
2.8825 7.48853650651183
2.8874999999999997 208.82218848682564
2.8925 135.65311881806753
2.8975 -5.99105212906596
2.9025 16.58568305456443
2.9074999999999998 -181.83725638165518
2.9125 -149.82524216147712
2.9175 -210.56516184816027
2.9225 37.725113367374306
2.9274999999999998 -136.42617582953767
2.9324999999999997 333.3351136799481
2.9375 -26.666825295077732
2.9425 0.1423904668651303
2.9475 24.631836748156445
2.9524999999999997 -145.98378310695716
2.9575 238.15923959212589
2.9625 -173.90062075159983
2.9675 -134.0988314247962
2.9724999999999997 110.74393398192224
2.9775 381.98465550523645
2.9825 -307.93202210143806
2.9875 27.8932950747941
2.9924999999999997 2.586970200750584
2.9975 -0.4245749755230028
3.0025 75.94144267306864
3.0075 -75.60951791296067
3.0124999999999997 103.35983302239357
3.0175 9.429190556600771
3.0225 -5.661943046679717
3.0275 77.38971205143531
3.0324999999999998 -143.06150089826698
3.0374999999999996 80.22094569107072
3.0425 194.55247735175848
3.0475 -125.14433676908575
3.0524999999999998 -19.558474527335427
3.0574999999999997 -192.60424824599514
3.0625 53.52293934674795
3.0675 -57.915494491508255
3.0725 -94.05006064997052
3.0774999999999997 -63.25857806483692
3.0825 130.77447058218553
3.0875 -67.57895096093722
3.0925 74.3598489989035
3.0974999999999997 85.16795996235763
3.1025 54.09332519625809
3.1075 0.9435207651964147
3.1125 -5.303150839937823
3.1174999999999997 10.880077939895491
3.1225 -223.1092229826078
3.1275 -63.76703683416677
3.1325 138.31370132766898
3.1374999999999997 -93.83118091105854
3.1425 154.95031603251343
3.1475 24.000263060106814
3.1525 -96.45336259385203
3.1574999999999998 17.11881868490592
3.1624999999999996 -96.17846286549306
3.1675 -101.25121032359674
3.1725 -34.41967029469229
3.1774999999999998 144.48429209900007
3.1824999999999997 101.36490300363147
3.1875 126.8991264172388
3.1925 -169.1157085663091
3.1975 44.8125831246609
3.2024999999999997 -55.68546681438367
3.2075 278.0040271760843
3.2125 18.926913734565396
3.2175 -0.05244668115255941
3.2224999999999997 -85.44426044046331
3.2275 -83.0126172379155
3.2325 189.16505362268953
3.2375 -316.76135221268675
3.2424999999999997 204.316464170907
3.2475 -3.03437179493528
3.2525 143.2469042281649
3.2575 -153.64783594827827
3.2624999999999997 87.70191161578067
3.2675 -115.25741076229812
3.2725 97.51547637691618
3.2775 -196.97300502066665
3.2824999999999998 75.75164705303713
3.2874999999999996 161.39893324275337
3.2925 -69.79163251323067
3.2975 -46.1225762882777
3.3024999999999998 18.42239986811768
3.3074999999999997 44.1598697310566
3.3125 15.256166602111776
3.3175 30.466769970688407
3.3225 -153.8648121860197
3.3274999999999997 -62.32083754292957
3.3325 -96.54079574757691
3.3375 80.65519291580166
3.3425 -153.99695906383985
3.3474999999999997 205.62625923408058
3.3525 -219.39777413702876
3.3575 -136.16250920555632
3.3625 -141.7215042349679
3.3674999999999997 -14.04409400731687
3.3725 218.5311981893688
3.3775 69.01401373080928
3.3825 131.07967474394567
3.3874999999999997 93.33256545076809
3.3924999999999996 -50.688924274253196
3.3975 95.58951912962272
3.4025 319.1175621086857
3.4074999999999998 -202.51069204796633
3.4124999999999996 -19.62455494022325
3.4175 54.014229498717924
3.4225 -76.84151687276731
3.4274999999999998 -58.28260494309994
3.4324999999999997 -53.061785463206334
3.4375 151.56142313165853
3.4425 31.841242887716398
3.4475 152.7493254328157
3.4524999999999997 -140.66110894528737
3.4575 -75.4570449164611
3.4625 -34.73719589611152
3.4675 -361.9133204114585
3.4724999999999997 60.616532453870136
3.4775 -61.7849466321453
3.4825 129.74576218952134
3.4875 82.30108991736674
3.4924999999999997 -196.61329981497053
3.4975 258.2511043986788
3.5025 -157.31929001838142
3.5075 -40.61989244478
3.5124999999999997 5.6593274760646555
3.5174999999999996 75.53459923333546
3.5225 8.594669181794378
3.5275 53.68739903197492
3.5324999999999998 -10.821324151173007
3.5374999999999996 70.63034873564983
3.5425 -5.170700594085813
3.5475 -131.23382498209256
3.5524999999999998 97.15814410004344
3.5574999999999997 -45.98525524530972
3.5625 119.45229436342589
3.5675 54.779629937924774
3.5725 23.248726559693015
3.5774999999999997 -98.23021479890235
3.5825 -145.777282437597
3.5875 -253.28321218038752
3.5925 351.5591797232686
3.5974999999999997 55.72741154035356
3.6025 -98.04637975252956
3.6075 -58.09747240379363
3.6125 37.74844398751246
3.6174999999999997 -53.79878658209254
3.6225 -296.46373696983113
3.6275 14.20813143792914
3.6325 -15.0886837633252
3.6374999999999997 269.4147622349111
3.6424999999999996 99.37304337725936
3.6475 30.062519271662
3.6525 -57.07392433317814
3.6574999999999998 -73.89689240790743
3.6624999999999996 142.27070471910685
3.6675 -283.03814721889563
3.6725 60.773606104536455
3.6774999999999998 129.1396615103022
3.6824999999999997 -279.008360237698
3.6875 151.29846759023803
3.6925 84.58601546845215
3.6975 67.53948064832535
3.7024999999999997 -131.17232512384132
3.7075 -161.81823023296934
3.7125 -49.59296419818556
3.7175 89.42781425861287
3.7224999999999997 302.05995205266805
3.7275 -64.52272206183109
3.7325 -64.02322024844476
3.7375 223.01844626710056
3.7424999999999997 -128.5055271881603
3.7474999999999996 -80.94656300844701
3.7525 74.06393152736007
3.7575 109.73479451735037
3.7624999999999997 12.674714067808988
3.7674999999999996 288.27757708735925
3.7725 -100.3403577755031
3.7775 -39.5189330793461
3.7824999999999998 -238.8197667356617
3.7874999999999996 36.64659363062957
3.7925 192.80723113160187
3.7975 -55.278570740856196
3.8024999999999998 -75.5216438196241
3.8074999999999997 51.70156860673887
3.8125 -74.40716164817641
3.8175 -37.32116886544619
3.8225 -75.82966204719602
3.8274999999999997 208.7759508828011
3.8325 44.61902168823234
3.8375 67.90371213005767
3.8425 9.421417597859836
3.8474999999999997 -172.904264341511
3.8525 -31.268256336638068
3.8575 -65.1550806513381
3.8625 117.15147008806828
3.8674999999999997 248.01325197674493
3.8724999999999996 13.23897433054728
3.8775 -168.86292858475446
3.8825 -107.13747202232156
3.8874999999999997 35.463825163975294
3.8924999999999996 254.3583771994527
3.8975 -101.08741053456569
3.9025 -1.5512118690863854
3.9074999999999998 -77.1139688665228
3.9124999999999996 -8.608450748699362
3.9175 161.62967769157453
3.9225 -97.89936187667094
3.9274999999999998 80.20243925424448
3.9324999999999997 247.47025306941833
3.9375 -242.8228461453756
3.9425 150.2137891732233
3.9475 -4.869983956730836
3.9524999999999997 -31.170979051470777
3.9575 -58.29791690336619
3.9625 -89.48041936748623
3.9675 -40.86453629441309
3.9724999999999997 128.5326449084861
3.9775 -64.38031659433459
3.9825 -6.448302986488015
3.9875 16.856432641139676
3.9924999999999997 -78.36665659185154
3.9974999999999996 -10.334972891290349
4.0024999999999995 -52.552372706354966
4.007499999999999 227.66514842463772
4.0125 -144.0338405080207
4.0175 -261.4071290113207
4.0225 145.68263924767314
4.0275 95.90135268225441
4.0325 -451.8887462715452
4.0375 410.1405044844805
4.0424999999999995 -313.4273411530455
4.047499999999999 324.59823022291505
4.0525 -50.92584704232885
4.0575 -217.46061924737654
4.0625 -58.53877519892935
4.0675 10.667149504104005
4.0725 -23.934761618956195
4.0775 70.50232979473144
4.0825 -102.82461944274958
4.0874999999999995 253.39650724089051
4.0925 -130.61703842958784
4.0975 -66.49740254408448
4.1025 108.30197103580834
4.1075 25.677109164476732
4.1125 61.230137688263405
4.1175 -19.339940329282953
4.1225 -2.955638086315348
4.1274999999999995 140.82893192996954
4.132499999999999 100.18457621869439
4.1375 2.105804685450471
4.1425 -7.566240566530938
4.1475 75.6509341298436
4.1525 -140.5698154975047
4.1575 -60.100815681684246
4.1625 -232.6619418963825
4.1674999999999995 219.78982142767975
4.172499999999999 73.32768160785483
4.1775 -194.71022320177016
4.1825 -41.459602130066415
4.1875 202.87486369165381
4.1925 -314.6245574728723
4.1975 11.005459796135396
4.2025 312.6997846175349
4.2075 -309.32188638996945
4.2124999999999995 24.879604808234173
4.2175 2.9212403227321784
4.2225 -50.49040776084557
4.2275 -78.27037253927864
4.2325 61.94331086344764
4.2375 -34.943395496056326
4.2425 59.42054994419782
4.2475 219.53535545410952
4.2524999999999995 -114.37802861773362
4.257499999999999 -159.51813723839112
4.2625 -164.03998177227953
4.2675 262.3733021773197
4.2725 82.30510736030864
4.2775 -237.31506511365424
4.2825 313.06027794850826
4.2875 -131.25344153143268
4.2924999999999995 69.29221017687371
4.297499999999999 190.56473740346834
4.3025 -201.8532385864327
4.3075 -151.74579247066757
4.3125 249.4254945755951
4.3175 -316.41794611406885
4.3225 304.252114057088
4.3275 -285.006512435341
4.3325 223.08585226209763
4.3374999999999995 260.8224695347212
4.342499999999999 -34.36033648155672
4.3475 -95.23261489708204
4.3525 148.92654749352684
4.3575 -73.49890223554299
4.3625 77.7814072220025
4.3675 -64.26695550720389
4.3725 -51.210533333917745
4.3774999999999995 -16.44743516337512
4.382499999999999 42.42690284352362
4.3875 60.48579431955418
4.3925 -8.669638258277628
4.3975 -77.96740281367066
4.4025 -61.13592793352353
4.4075 143.40726676725976
4.4125 -188.67417783026508
4.4174999999999995 155.0209921651498
4.422499999999999 142.1484987860145
4.4275 -75.1594329163585
4.4325 -13.784244649266496
4.4375 -86.1679925798087
4.4425 -162.05096621298196
4.4475 183.50138352963464
4.4525 -87.85434197890687
4.4575 159.22130132358538
4.4624999999999995 13.287064249377378
4.467499999999999 41.21999467662457
4.4725 -159.29887985200511
4.4775 -11.841746047856619
4.4825 -5.824792532554834
4.4875 65.98352486246336
4.4925 18.527045062082713
4.4975 -72.84038662404052
4.5024999999999995 -1.8115415105096675
4.507499999999999 -131.33698688994224
4.5125 113.09661099895997
4.5175 5.569371518787156
4.5225 13.473562625365505
4.5275 68.56361766848288
4.5325 -231.7794513315117
4.5375 1.5652740399071827
4.5424999999999995 125.26915228569906
4.547499999999999 -173.38313660239385
4.5525 -24.352697630836264
4.5575 -137.07722323196813
4.5625 370.3628290097942
4.5675 -263.8922797949373
4.5725 62.90968574846327
4.5775 138.326406336104
4.5825 -170.5757737043144
4.5874999999999995 -119.62642899534275
4.592499999999999 314.51030634828015
4.5975 -100.58745264935183
4.6025 85.13331087240672
4.6075 -34.48658666381795
4.6125 -30.85993165034904
4.6175 -158.8268584057872
4.6225 263.91001554143065
4.6274999999999995 -67.32618163772594
4.632499999999999 -51.959208266520406
4.6375 197.53214223882983
4.6425 -48.99145809146275
4.6475 26.448641638095236
4.6525 -47.01941166744467
4.6575 -134.96337478690512
4.6625 100.10427336508212
4.6674999999999995 152.14098568320335
4.672499999999999 -29.602988614336347
4.6775 151.02641034993974
4.6825 -182.3921502633226
4.6875 186.70869562990205
4.6925 122.44160880138142
4.6975 -91.99946526195048
4.7025 109.64554377067606
4.7075 -318.6705740845397
4.7124999999999995 -106.8727256160503
4.717499999999999 81.59575697760378
4.7225 -1.2921788611854685
4.7275 -229.80049119544444
4.7325 -225.94880868430587
4.7375 309.7349710134452
4.7425 196.16874485375783
4.7475 -66.57477395852366
4.7524999999999995 -13.363210875423409
4.757499999999999 25.004110048630157
4.7625 -50.23638233213352
4.7675 70.73516354201698
4.7725 -128.3985122891918
4.7775 129.32029121822686
4.7825 -69.9657807641418
4.7875 -127.83654047803707
4.7924999999999995 146.78444141173816
4.797499999999999 -10.481226020734029
4.8025 65.73840901927997
4.8075 -89.99326213712709
4.8125 -112.79570714977794
4.8175 41.02034995783632
4.8225 104.57978897531292
4.8275 48.649618966693104
4.8325 -106.00000914677936
4.8374999999999995 7.5988856247642085
4.842499999999999 -25.73164527567817
4.8475 -68.14715053421699
4.8525 -31.08537377073327
4.8575 13.675616261333984
4.8625 83.92159993757085
4.8675 -25.067398172938596
4.8725 61.40991170227736
4.8774999999999995 -56.475380522190285
4.882499999999999 -68.68182928871873
4.8875 -154.87663421415795
4.8925 95.67062454990953
4.8975 -89.38651304657044
4.9025 -28.194281230071972
4.9075 86.04288688650821
4.9125 -15.666424132911668
4.9174999999999995 -38.97127269292424
4.922499999999999 33.03029742487094
4.9275 31.396908708822693
4.9325 153.27394981676298
4.9375 -155.50800529499568
4.9425 -249.49168933540102
4.9475 267.9260995774535
4.9525 -47.08677871343395
4.9575 -73.7220442591167
4.9624999999999995 105.96230334922498
4.967499999999999 427.698668676137
4.9725 -79.1601587072723
4.9775 48.01270209322375
4.9825 -70.91566521823701
4.9875 93.6908160557667
4.9925 -322.5990544333442
4.9975 142.53615391811636
5.0024999999999995 134.85114756328792
5.007499999999999 -170.25479243113097
5.0125 -12.121291629653212
5.0175 -57.633252480430116
5.0225 96.19166684229792
5.0275 -5.397448493114169
5.0325 -14.99477652131801
5.0375 -131.66225794894487
5.0424999999999995 282.95058853357136
5.047499999999999 -440.28294074647437
5.0525 3.7411435164733278
5.0575 84.28260585590837
5.0625 111.16234827051183
5.0675 59.10610960421547
5.0725 -56.85844684272912
5.0775 70.8083293847078
5.0825 -25.118731846718624
5.0874999999999995 -81.07639722313827
5.092499999999999 -10.170893616811615
5.0975 304.54933709345084
5.1025 -295.22876216108745
5.1075 85.20006999807192
5.1125 35.90632470972867
5.1175 59.84786503505163
5.1225 -24.363714673488342
5.1274999999999995 12.013296426266024
5.132499999999999 181.52399951253744
5.1375 75.96502129706627
5.1425 -260.5975505942522
5.1475 -3.3040813048392086
5.1525 -97.95204238345464
5.1575 162.78545344316444
5.1625 144.54947102657619
5.1674999999999995 -57.16717575810845
5.172499999999999 -219.87585952268694
5.177499999999999 20.684502974236803
5.1825 -88.58865762291997
5.1875 177.18421816796123
5.1925 -77.3794317174227
5.1975 -142.4468612453353
5.2025 84.34304339971024
5.2075 82.81177631746361
5.2124999999999995 360.97477439512176
5.217499999999999 -118.258446943619
5.2225 85.77416705641755
5.2275 22.045614210453767
5.2325 21.129006420123332
5.2375 -162.09243072137116
5.2425 -57.644784939512796
5.2475 -2.9275453249503287
5.2524999999999995 -70.27844063444778
5.257499999999999 -154.72013594955158
5.2625 92.91634339260683
5.2675 -59.8845827975988
5.2725 -105.92025029632723
5.2775 223.26070093722632
5.2825 48.125754417358685
5.2875 -207.32245587330465
5.2924999999999995 268.7997573527912
5.297499999999999 -20.931753019090337
5.302499999999999 133.28778113656648
5.3075 -293.78836801550324
5.3125 58.52264300677132
5.3175 -243.69828141329066
5.3225 106.60154657060978
5.3275 151.25602892900488
5.3325 111.01344900995629
5.3374999999999995 -31.50991782390213
5.342499999999999 -86.74596374858314
5.3475 -135.72065087100188
5.3525 218.17748290683974
5.3575 7.822397088229656
5.3625 -56.23202060817669
5.3675 160.58082280538997
5.3725 -175.8261677184668
5.3774999999999995 86.02517722663914
5.382499999999999 8.055050836162735
5.3875 -78.09504564500868
5.3925 196.575650861914
5.3975 -140.22010148831737
5.4025 -51.1452115766509
5.4075 95.14200018674885
5.4125 123.07256904255858
5.4174999999999995 -177.3210279065138
5.422499999999999 167.590109156824
5.427499999999999 64.18212917372577
5.4325 10.28758254137862
5.4375 178.25828791477537
5.4425 -290.3738976400722
5.4475 118.28597749793272
5.4525 -92.06689915697052
5.4575 1.3116773463457605
5.4624999999999995 -77.28455867818639
5.467499999999999 5.618763071350079
5.4725 -65.40637188602119
5.4775 183.78384502363497
5.4825 76.96636633817798
5.4875 18.49765527244187
5.4925 20.678957346085788
5.4975 -102.17827434350107
5.5024999999999995 -43.80017524949607
5.507499999999999 -86.86199679028103
5.5125 26.585152646969064
5.5175 36.41513796766307
5.5225 81.95397666024827
5.5275 2.5589811279603185
5.5325 -160.38969721161703
5.5375 -39.599949515624445
5.5424999999999995 76.4970798097037
5.547499999999999 90.37363982476516
5.552499999999999 -170.4192899797937
5.5575 159.40774785528612
5.5625 155.54297490008173
5.5675 -224.2219436736652
5.5725 -7.445777601536521
5.5775 170.55291642646753
5.5825 -287.6373634303922
5.5874999999999995 125.1093708236932
5.592499999999999 -57.178129245453924
5.5975 168.53113711973054
5.6025 68.50944591472242
5.6075 -260.1161445425122
5.6125 270.4221701627872
5.6175 -150.82808726572614
5.6225 140.94797536153195
5.6274999999999995 -69.22942042880499
5.632499999999999 -3.9151289973756187
5.6375 -15.104479691329951
5.6425 7.493093277252596
5.6475 121.84416944477452
5.6525 -77.21733637513141
5.6575 -166.3461004152127
5.6625 80.97501006103987
5.6674999999999995 424.48100709420976
5.672499999999999 -175.33547167044986
5.677499999999999 107.21732248847185
5.6825 -464.05996269988975
5.6875 220.1160577904697
5.6925 -229.08694537299664
5.6975 115.44763784785829
5.7025 -156.00442487338833
5.7075 249.8373774379627
5.7124999999999995 84.75458519509084
5.717499999999999 -74.92025521784706
5.7225 -233.85706088286724
5.7275 69.33312926756957
5.7325 -16.765785404766405
5.7375 98.95013662984641
5.7425 45.429100521100054
5.7475 -116.27027668305774
5.7524999999999995 -82.9031701642089
5.757499999999999 65.95759456053679
5.7625 -216.25339705410232
5.7675 -210.9404271166705
5.7725 223.54149986124946
5.7775 114.18175798832843
5.7825 29.970285126390845
5.7875 -157.3229227370712
5.7924999999999995 81.8465012155797
5.797499999999999 34.86467139310385
5.802499999999999 32.45836261213898
5.8075 -176.5657264778982
5.8125 342.57311868959465
5.8175 16.270939708407564
5.8225 -1.2652554911451153
5.8275 19.858398072098797
5.8325 7.731119348344954
5.8374999999999995 154.2088574562771
5.842499999999999 -73.2012423386876
5.8475 10.91035210886491
5.8525 -30.742633160651895
5.8575 68.87046137293518
5.8625 -99.39371345778446
5.8675 -36.2354959328883
5.8725 175.31998970302809
5.8774999999999995 149.1522934424886
5.882499999999999 -113.33127627070235
5.8875 -29.23010502501782
5.8925 -157.92882613413803
5.8975 49.5309131654197
5.9025 155.49712088950523
5.9075 62.72983712604591
5.9125 -98.41610152085663
5.9174999999999995 -229.04016735148926
5.922499999999999 86.22228789140125
5.927499999999999 -73.46580409902926
5.9325 152.67501233788994
5.9375 -144.59037972209765
5.9425 -234.57007878835833
5.9475 29.255579781454795
5.9525 -75.28568244069731
5.9575 -73.91445288386579
5.9624999999999995 191.610172458213
5.967499999999999 -212.14521887870106
5.9725 324.39336785030645
5.9775 95.1137454202098
5.9825 227.97482093236422
5.9875 159.4493601330528
5.9925 -156.2600808970475
5.9975 -153.76214339103032
6.0024999999999995 -145.903369196039
6.007499999999999 -5.12835900930699
6.012499999999999 48.647427295498815
6.0175 -57.55137363943231
6.0225 -126.76293647451016
6.0275 370.00928807670874
6.0325 -215.84256502543772
6.0375 82.68101055040566
6.0424999999999995 -89.00606150713976
6.047499999999999 15.805268397886426
6.052499999999999 133.06186501596852
6.0575 169.27975257614565
6.0625 -114.73086373163763
6.0675 101.71175997117987
6.0725 -109.57035652711548
6.0775 88.08853815195764
6.0825 85.4201337341865
6.0874999999999995 64.59952661030576
6.092499999999999 92.40663989983426
6.0975 -74.36047034084511
6.1025 37.37848035662061
6.1075 -139.03630371551603
6.1125 -80.14233975098645
6.1175 -12.057619739192155
6.1225 -87.27761954690197
6.1274999999999995 -99.88208316610998
6.132499999999999 224.21547701990636
6.137499999999999 -168.53387360877795
6.1425 13.527955861001534
6.1475 57.57596809565976
6.1525 -289.09581034239204
6.1575 1.4119686399509013
6.1625 57.88642537325913
6.1674999999999995 281.0643786171284
6.172499999999999 -195.54197005190272
6.177499999999999 143.46512341295852
6.1825 417.62384663584993
6.1875 -303.19435743109983
6.1925 -40.27498463821869
6.1975 97.38470600440124
6.2025 151.09355764983786
6.2075 -95.76089028996255
6.2124999999999995 -42.033424966343794
6.217499999999999 -74.43129016373989
6.2225 -151.49877865286203
6.2275 174.89106480757587
6.2325 -216.83547260615558
6.2375 5.898072722163762
6.2425 243.4876533374787
6.2475 -138.7073997404469
6.2524999999999995 53.092614655536565
6.257499999999999 -224.30955455691014
6.262499999999999 78.48755089079017
6.2675 16.787902388296565
6.2725 93.01474944238885
6.2775 -85.47505473000871
6.2825 -103.24246709564748
6.2875 -202.97319855422901
6.2924999999999995 3.7618185972088796
6.297499999999999 190.92312406682524
6.302499999999999 -127.26296173098072
6.3075 234.9215901623359
6.3125 -7.172316354775511
6.3175 -88.11922496987428
6.3225 154.18054731734162
6.3275 -40.81290991094456
6.3325 -68.11255078844822
6.3374999999999995 -10.569690928411502
6.342499999999999 -81.83947407770388
6.3475 225.0404140686134
6.3525 -35.84950712092144
6.3575 -97.43313396377518
6.3625 -21.880241115071055
6.3675 -81.40587183077778
6.3725 35.1279166835619
6.3774999999999995 95.86705423206188
6.382499999999999 7.276350733557796
6.387499999999999 -56.026910264604744
6.3925 264.0354008188672
6.3975 -15.78838005548116
6.4025 -161.7150133885969
6.4075 -12.286534242570266
6.4125 96.67933289436199
6.4174999999999995 -19.442079101963838
6.422499999999999 66.52026297995899
6.427499999999999 -203.86068215820305
6.4325 319.3564725591067
6.4375 -232.97079436959396
6.4425 82.13031474017089
6.4475 16.245520875377025
6.4525 -100.28635523939128
6.4575 255.63254846059732
6.4624999999999995 105.41133542227374
6.467499999999999 4.045834235570146
6.4725 -78.42665806466768
6.4775 -146.43938675689077
6.4825 44.25128173646093
6.4875 -103.47751126491652
6.4925 91.26719733570431
6.4975 156.29258121234648
6.5024999999999995 -48.846760422224875
6.507499999999999 -63.111071593166685
6.512499999999999 -146.9158654959782
6.5175 100.18124739437442
6.5225 313.43444501290054
6.5275 -267.50156723530387
6.5325 144.4217873629274
6.5375 -178.53226306474542
6.5424999999999995 -10.840950766726277
6.547499999999999 -16.977143248136237
6.552499999999999 11.329633177358097
6.5575 62.34969217846695
6.5625 51.521263254571544
6.5675 -188.5598369650537
6.5725 128.11142254117885
6.5775 104.45862180304704
6.5825 27.44574465855605
6.5874999999999995 -29.759850216603912
6.592499999999999 -28.669892235268286
6.5975 -123.71122144960243
6.6025 -55.03580749669315
6.6075 19.592572015122165
6.6125 134.16743918090143
6.6175 115.28301920857258
6.6225 -36.74517041128179
6.6274999999999995 -122.64356256472522
6.632499999999999 13.3981847158851
6.637499999999999 -26.35769544177039
6.6425 -124.1300972378796
6.6475 286.1997118673479
6.6525 93.78054009538812
6.6575 -288.6791959650866
6.6625 -86.49386419040421
6.6674999999999995 28.73558970440652
6.672499999999999 30.77383661215565
6.677499999999999 19.763615003754605
6.6825 18.775838428473232
6.6875 -231.25745830831778
6.6925 160.33665642651138
6.6975 152.0391350805462
6.7025 -128.2273639013863
6.7075 200.55062902306358
6.7124999999999995 -68.86765520219254
6.717499999999999 254.51371847457222
6.722499999999999 -18.970291086623625
6.7275 103.56706095509433
6.7325 2.8309546805256858
6.7375 -76.64555125620004
6.7425 49.23169872944992
6.7475 -0.22250620733866472
6.7524999999999995 -165.1578527705727
6.757499999999999 -2.113563959404889
6.762499999999999 -44.2722691987656
6.7675 8.552291016528523
6.7725 -22.18966369451496
6.7775 -1.8506926320552821
6.7825 -176.87443539243571
6.7875 -37.70723656231225
6.7924999999999995 45.08454470303806
6.797499999999999 175.17450647441038
6.802499999999999 -19.98372689979096
6.8075 -4.984741122358988
6.8125 230.03131617397088
6.8175 201.09639409944913
6.8225 -219.77756380649623
6.8275 -183.53764531904258
6.8325 198.21863376467402
6.8374999999999995 -76.69470148281613
6.842499999999999 31.52586112653089
6.847499999999999 -303.4284421520912
6.8525 25.15713056817484
6.8575 49.49265602887013
6.8625 -7.343251444129651
6.8675 10.501685566081957
6.8725 -62.90124223518306
6.8774999999999995 89.16560243270574
6.882499999999999 79.07170245127477
6.887499999999999 8.83415630122402
6.8925 34.821477996156666
6.8975 105.26442423881694
6.9025 234.8404242460818
6.9075 15.589949993080664
6.9125 -25.728564224944844
6.9174999999999995 148.19385612840557
6.922499999999999 52.94613822722061
6.927499999999999 -125.52100466242157
6.9325 -75.86500004772196
6.9375 57.607072562734125
6.9425 -43.48374153613941
6.9475 192.03986343854112
6.9525 16.27844094518547
6.9575 -359.1690668143714
6.9624999999999995 85.33065470487753
6.967499999999999 -28.819171939468198
6.972499999999999 -28.507658564786375
6.9775 41.096296575464045
6.9825 -288.79899679694887
6.9875 -7.464172323134403
6.9925 194.73562400772616
6.9975 21.018414923248244
7.0024999999999995 99.09513503542645
7.007499999999999 103.82193510373934
7.012499999999999 -134.68639760268545
7.0175 15.106156932977285
7.0225 63.597462295498936
7.0275 -4.010604627764323
7.0325 163.51019236830624
7.0375 -15.115474298827209
7.0424999999999995 -213.47955767228282
7.047499999999999 314.99758843681485
7.052499999999999 -115.34850683335219
7.0575 99.88178794809221
7.0625 -325.2028566583401
7.0675 -87.54831646678683
7.0725 162.4685014185185
7.0775 102.44829018208779
7.0825 -20.57783407667351
7.0874999999999995 -93.99435481848322
7.092499999999999 128.04420640614663
7.097499999999999 30.164053857728607
7.1025 -258.84632688566245
7.1075 312.05063466338856
7.1125 -133.77833517202717
7.1175 114.45105511245407
7.1225 -168.30389466041257
7.1274999999999995 168.80752006841266
7.132499999999999 46.464438308747866
7.137499999999999 8.887917248220033
7.1425 -294.80784128673315
7.1475 311.6568388780912
7.1525 -13.143653476409911
7.1575 70.44688640850092
7.1625 7.402452356934638
7.1674999999999995 -191.03321475314763
7.172499999999999 123.04913384565039
7.177499999999999 -230.4381744498548
7.1825 188.3849465447469
7.1875 19.51818256829855
7.1925 -64.90960624043109
7.1975 3.3624338924647046
7.2025 -105.04793144247606
7.2075 226.82295508218323
7.2124999999999995 -116.67457330506966
7.217499999999999 119.6484658439211
7.222499999999999 148.21429962044624
7.2275 3.040448498070692
7.2325 -260.9111519515536
7.2375 192.76947125282382
7.2425 -16.778518309112375
7.2475 97.63822641185703
7.2524999999999995 -121.71310261241322
7.257499999999999 176.52547307311565
7.262499999999999 -6.461316165788589
7.2675 101.64629379467144
7.2725 -121.38928108810536
7.2775 -70.90332219872225
7.2825 -302.0833869864073
7.2875 53.929575146162655
7.2924999999999995 194.5221981825786
7.297499999999999 -133.6866126272365
7.302499999999999 130.06524415206624
7.3075 158.89528891759016
7.3125 -225.10846634081207
7.3175 -117.78136765293871
7.3225 17.133990244525894
7.3275 80.39597108416373
7.3325 -151.4520497123678
7.3374999999999995 9.235553459092921
7.342499999999999 -154.05264917098114
7.347499999999999 84.56893626275034
7.3525 -24.75237063718867
7.3575 203.3390313204643
7.3625 -82.55092981218039
7.3675 -121.67863221419393
7.3725 40.33744621458001
7.3774999999999995 -27.20368525980715
7.382499999999999 68.07337242891407
7.387499999999999 -74.54222970157973
7.3925 207.3547864610651
7.3975 144.6441061939584
7.4025 -55.643788349620685
7.4075 242.9917272009075
7.4125 -26.17794366553452
7.4174999999999995 -210.76223027430242
7.422499999999999 329.99623446310466
7.427499999999999 -172.94653598913567
7.4325 -132.3636777346949
7.4375 243.4062378054551
7.4425 -177.19436438448676
7.4475 -109.45607934879514
7.4525 317.4763693470618
7.4575 77.72106178734064
7.4624999999999995 -47.96698602430843
7.467499999999999 -286.12302100786894
7.472499999999999 27.532677528066188
7.4775 84.94674565149984
7.4825 -32.29574458337426
7.4875 77.62484457968651
7.4925 91.7331473421662
7.4975 39.78452195528721
7.5024999999999995 -212.0194886525352
7.507499999999999 -40.10987532038568
7.512499999999999 236.1024061783909
7.5175 -223.9310859956794
7.5225 -56.51425893488923
7.5275 165.35314572724894
7.5325 -80.6169385425263
7.5375 69.97313028400767
7.5424999999999995 176.05138653997872
7.547499999999999 -63.013180104516124
7.552499999999999 71.47297775433661
7.557499999999999 -98.55473314530244
7.5625 -12.454159718939374
7.5675 -149.64332950481665
7.5725 -43.51332041268625
7.5775 126.61524631089783
7.5825 -44.2802895363397
7.5874999999999995 -69.18513514379524
7.592499999999999 115.57191452600259
7.597499999999999 -143.84914312888873
7.6025 42.88207252782328
7.6075 53.43170761208906
7.6125 101.55042712808728
7.6175 115.98387436529435
7.6225 18.108305068994838
7.6274999999999995 -83.96673519256615
7.632499999999999 -55.63976660139889
7.637499999999999 -4.677794255669875
7.6425 -163.34826002629666
7.6475 123.86002981817448
7.6525 -3.928294288341693
7.6575 -2.120280821063369
7.6625 -269.28751135263593
7.6674999999999995 182.52572193795424
7.672499999999999 -81.79353372303264
7.677499999999999 -122.59556080750056
7.682499999999999 -59.812073791764604
7.6875 240.80093735950464
7.6925 47.785044945399015
7.6975 76.42889161073123
7.7025 -105.69450405130037
7.7075 185.9199917756495
7.7124999999999995 7.735762175339388
7.717499999999999 223.9158079842105
7.722499999999999 123.84664820231387
7.7275 -15.264831703665946
7.7325 -102.19885363073101
7.7375 -132.38511712391582
7.7425 -50.88902314866991
7.7475 165.3391638147404
7.7524999999999995 -135.63534043820079
7.757499999999999 -285.6384177162946
7.762499999999999 66.20671899349341
7.7675 -7.85996135022157
7.7725 168.22405366834525
7.7775 -60.264140450721825
7.7825 105.9138639420008
7.7875 -139.9717603255046
7.7924999999999995 -156.01827993022857
7.797499999999999 129.82519536425926
7.802499999999999 -4.8725016613846375
7.807499999999999 -83.85311435766063
7.8125 169.64688855512756
7.8175 83.40232459455292
7.8225 -44.600048258066224
7.8275 9.4336665344673
7.8325 -183.93579997201422
7.8374999999999995 -22.072632452908334
7.842499999999999 -81.10043507699109
7.847499999999999 317.0212226900471
7.8525 -57.14045068588809
7.8575 -87.81025591280851
7.8625 121.05542519408482
7.8675 -60.091187085629464
7.8725 135.74376233717905
7.8774999999999995 -120.18901846407353
7.882499999999999 56.21574452838352
7.887499999999999 -272.3341295840734
7.8925 232.55675483750522
7.8975 -325.1135781637874
7.9025 171.23219212228332
7.9075 20.816221412971434
7.9125 12.819038234484138
7.9174999999999995 93.49434673378805
7.922499999999999 -167.27850597573067
7.927499999999999 81.8889680029967
7.932499999999999 -58.11588766285133
7.9375 87.77418334189099
7.9425 -190.91375393559653
7.9475 218.08007051730172
7.9525 -111.35944840851506
7.9575 357.09880257217816
7.9624999999999995 -61.16006184405093
7.967499999999999 -5.586596454306915
7.972499999999999 -269.1616742140754
7.9775 21.40361771528961
7.9825 -75.37472592535853
7.9875 -98.94476087726648
7.9925 427.3152442813163
7.9975 -191.56453106349332
8.0025 -63.88614395262024
8.0075 5.706502027419788
8.0125 -67.38912428696709
8.0175 -53.97571419340735
8.022499999999999 54.525543388219106
8.0275 255.86566406185128
8.032499999999999 -59.673939030336896
8.0375 220.3971817281726
8.0425 -112.39589150584301
8.0475 -99.60707322752016
8.0525 102.84053616531223
8.0575 18.60583245717282
8.0625 78.44955969471029
8.067499999999999 175.12451260208806
8.0725 -162.76517109277464
8.077499999999999 -68.6144374390539
8.0825 -50.92208698275304
8.0875 -39.39629107526802
8.0925 -239.87440073021912
8.0975 125.83186886504305
8.1025 38.54414862984759
8.1075 -75.37515015374052
8.112499999999999 235.8214806700925
8.1175 -337.2225686177923
8.1225 240.05086815769124
8.1275 -167.94429794612495
8.1325 -73.4821585702798
8.1375 32.38177208583034
8.1425 304.02652350940394
8.147499999999999 -185.58455726255366
8.1525 261.2778244982008
8.157499999999999 52.59945599564521
8.1625 101.16488458490376
8.1675 91.91294833099973
8.1725 236.6969943623611
8.1775 -53.15810478042141
8.1825 17.45056764814096
8.1875 -118.59006432236833
8.192499999999999 -69.53684099964272
8.1975 116.74589670179132
8.202499999999999 -301.7951906457654
8.2075 140.63660988781209
8.2125 85.48402510756978
8.2175 -24.047590052088662
8.2225 -156.97471729171303
8.2275 -139.42999462797826
8.2325 31.086318678925288
8.237499999999999 -150.75136614181542
8.2425 163.1286623624305
8.2475 -19.65895980936865
8.2525 176.05263975062084
8.2575 115.09210893636248
8.2625 105.14688060722288
8.2675 33.58300797451086
8.272499999999999 -89.8188691390725
8.2775 -12.218282422498955
8.282499999999999 218.5649998752316
8.2875 -239.02483260367745
8.2925 81.81190633843691
8.2975 7.955086669813144
8.3025 -128.73926886839737
8.3075 126.1756542559411
8.3125 -73.30178630740147
8.317499999999999 41.560308885237184
8.3225 -30.242923197057205
8.327499999999999 -252.51108260515687
8.3325 298.82861525699633
8.3375 -92.95705017173498
8.3425 225.73980684470493
8.3475 -39.17929034636417
8.3525 -180.89579938753295
8.3575 168.43936799403195
8.362499999999999 -50.463719565177335
8.3675 155.62428785377463
8.3725 -234.6081064415648
8.3775 38.58843253322024
8.3825 16.941337333179046
8.3875 35.47020924846937
8.3925 -72.21231413598714
8.397499999999999 277.04280856072654
8.4025 -335.80340072745827
8.407499999999999 189.2242012437778
8.4125 32.460036235212954
8.4175 -351.1721000923631
8.4225 83.11452037567857
8.4275 138.72494718954118
8.4325 -131.40540108526895
8.4375 233.60503764369003
8.442499999999999 -339.5381655544014
8.4475 135.86884052932203
8.452499999999999 252.51530857250054
8.4575 -88.05232583831626
8.4625 197.36371962364623
8.4675 -10.65120462246141
8.4725 -108.40177155217785
8.4775 236.76985374478465
8.4825 -79.01325380697469
8.487499999999999 -130.56197295400034
8.4925 -127.36021371903063
8.4975 23.61293307326916
8.5025 -100.84304919682346
8.5075 337.73936642232076
8.5125 -343.5966153209563
8.5175 -132.5675934227209
8.522499999999999 -171.1394947996224
8.5275 63.80863542714693
8.532499999999999 -128.89349667559858
8.5375 305.5987998177191
8.5425 145.72404230610755
8.5475 -467.4641806536672
8.5525 320.08501381534035
8.5575 152.14412489427937
8.5625 109.40638923103411
8.567499999999999 -57.82072602904197
8.5725 -50.902976704721766
8.577499999999999 174.99031885357613
8.5825 -180.43653939949442
8.5875 263.95299498200404
8.5925 -83.93395118111596
8.5975 8.188213850501844
8.6025 82.5892566885074
8.6075 -82.984442532312
8.612499999999999 115.91818291614634
8.6175 -272.89796936858755
8.6225 -85.1844427613779
8.6275 -20.155736508055554
8.6325 122.43733993749542
8.6375 -153.60296998093298
8.6425 6.313443494494565
8.647499999999999 142.63256994992844
8.6525 158.84117769269312
8.657499999999999 -103.28513066766287
8.6625 87.1020750530128
8.6675 -41.102863430808796
8.6725 28.305598481178095
8.6775 -194.38157489535683
8.6825 53.71057119149613
8.6875 -192.94857563338994
8.692499999999999 298.5163567193718
8.6975 99.21584939258085
8.702499999999999 235.4729200782074
8.7075 -134.68022865882554
8.7125 22.375000442663076
8.7175 260.9850705890873
8.7225 -374.81421952565813
8.7275 -4.457699597201151
8.7325 108.7585440686483
8.737499999999999 1.2630102321690142
8.7425 -34.273437198986564
8.747499999999999 120.4226558307095
8.7525 166.8122523216199
8.7575 -63.736100976162795
8.7625 -181.68318650873292
8.7675 -261.20688354356287
8.772499999999999 4.243267282322281
8.7775 272.41227050458514
8.782499999999999 -57.68412580588683
8.7875 -33.53995405711855
8.7925 -144.76528576806209
8.7975 196.52170418341638
8.8025 -56.662773870058096
8.8075 -80.93840562563102
8.8125 -4.1218979633901665
8.817499999999999 60.284345248505375
8.8225 -32.74134013937218
8.827499999999999 50.56526718633206
8.8325 -87.49055719360747
8.8375 258.46501373101916
8.8425 80.82846862998794
8.8475 -157.04337787898925
8.8525 26.39233801828926
8.8575 -84.74904706725552
8.862499999999999 152.90148315288747
8.8675 32.394872242475984
8.872499999999999 -44.37146718977495
8.8775 -165.38967108038185
8.8825 22.363089941352907
8.8875 362.3342352987187
8.8925 -243.24086650291105
8.897499999999999 -68.6886988541729
8.9025 -103.39790054569922
8.907499999999999 124.97818569687922
8.9125 8.655319859566996
8.9175 86.0352813032331
8.9225 -46.030021734783794
8.9275 -100.5201295525808
8.9325 -193.5744296070139
8.9375 93.33661009469039
8.942499999999999 134.34367133531302
8.9475 44.72016541903215
8.952499999999999 -189.0445342079507
8.9575 106.77029735750082
8.9625 -250.40141828357105
8.9675 153.68168500455596
8.9725 -98.45192223906845
8.9775 82.90779983275478
8.9825 73.97074420052236
8.987499999999999 66.54514586937917
8.9925 -174.92175109915456
8.997499999999999 412.59491470614194
9.0025 -180.8681326720606
9.0075 216.86006230066948
9.0125 -152.62791828334397
9.0175 28.625499314149206
9.022499999999999 12.76162239681254
9.0275 250.107489070055
9.032499999999999 -440.8143314020545
9.0375 -24.224191432567228
9.0425 169.11482958194443
9.0475 -4.649456747161401
9.0525 180.62648989446564
9.0575 31.23929195963959
9.0625 -16.362749230543272
9.067499999999999 19.48951530906884
9.0725 78.76269431361672
9.077499999999999 -71.55816318187628
9.0825 -156.4255968109414
9.0875 -188.7102175050612
9.0925 241.21065539391304
9.0975 -202.23494623136412
9.1025 99.06444538844333
9.1075 -47.55965019542965
9.112499999999999 89.82480333620987
9.1175 -112.59057312099856
9.122499999999999 185.48537506168262
9.1275 133.6677665790766
9.1325 -136.41596326975926
9.1375 -78.06921594764549
9.1425 173.5247740112472
9.147499999999999 34.07228830504583
9.1525 173.2234719874113
9.157499999999999 -187.51846037060236
9.1625 111.43745682344965
9.1675 -194.42226371320268
9.1725 62.76795530937855
9.1775 -112.24800896571256
9.1825 85.066593327439
9.1875 -218.4149230322172
9.192499999999999 106.97183952457328
9.1975 -54.76107593330691
9.202499999999999 182.649842162145
9.2075 -140.05083312734425
9.2125 -5.243410957079295
9.2175 154.97202773582757
9.2225 -58.477040758436154
9.2275 40.611670914527224
9.2325 101.13188977510741
9.237499999999999 61.37685412668134
9.2425 -86.90711395240956
9.247499999999999 90.6389241813102
9.2525 34.996664843413654
9.2575 -186.00153402353277
9.2625 29.419405887382986
9.2675 100.63327974267699
9.272499999999999 168.68279228575517
9.2775 -238.25033632110245
9.282499999999999 -178.66837589896537
9.2875 -81.0954082864673
9.2925 207.73950028515748
9.2975 -104.08648544912683
9.3025 328.2085923795688
9.3075 -161.22547725782164
9.3125 -137.58249423554673
9.317499999999999 -54.363062602073
9.3225 249.1906423222985
9.327499999999999 -43.90740963138678
9.3325 -4.408072376824289
9.3375 173.02091030374342
9.3425 -78.21931407445051
9.3475 25.842863772627755
9.3525 -73.66269755070152
9.3575 32.0818413697125
9.362499999999999 -36.61179611337875
9.3675 235.1554508936364
9.372499999999999 -135.03956143930688
9.3775 64.19581146836029
9.3825 170.83743246417995
9.3875 -44.5143906067034
9.3925 2.771213975264121
9.397499999999999 -38.24326307090905
9.4025 64.45033779808936
9.407499999999999 -207.86145801701363
9.4125 16.457233865273835
9.4175 -7.674883955094824
9.4225 -169.93727288259805
9.4275 234.0372947846588
9.4325 106.14966360359465
9.4375 -148.94441257934562
9.442499999999999 37.848853962099696
9.4475 -42.11950543155538
9.452499999999999 -6.222992450589513
9.4575 -129.4223281445158
9.4625 -98.19570303381036
9.4675 212.72423114392657
9.4725 57.1822054696528
9.4775 -6.0438967545994835
9.4825 -55.85899951307058
9.487499999999999 84.94900916782335
9.4925 -189.65107000005602
9.497499999999999 -83.38131344704081
9.5025 71.89297227391141
9.5075 524.7566687256149
9.5125 -428.1353051132715
9.5175 107.4206368353981
9.522499999999999 10.281504061852651
9.5275 -46.18107059239433
9.532499999999999 -255.9703271513064
9.5375 751.9467568919213
9.5425 -373.67889173998134
9.5475 34.17637919936474
9.5525 -58.96442094320498
9.5575 -120.67263381932891
9.5625 39.325073867226344
9.567499999999999 368.8554603018456
9.5725 -597.660979355991
9.577499999999999 219.19632460543426
9.5825 38.602573720524724
9.5875 -116.87171568169283
9.5925 292.0176562169275
9.5975 -127.2854637307161
9.6025 46.36693940241048
9.6075 243.9570555287159
9.612499999999999 -78.56796848607397
9.6175 -187.15762031450905
9.622499999999999 68.1048920450409
9.6275 17.54255836211352
9.6325 152.74077803358404
9.6375 -263.04996013137645
9.6425 114.78076004228781
9.647499999999999 32.57560531001417
9.6525 -122.91137936338643
9.657499999999999 -354.84546009794985
9.6625 104.0703342430106
9.6675 279.3296084958029
9.6725 240.31273444273884
9.6775 -178.3925724483584
9.6825 -53.31296340364723
9.6875 -106.14110140110829
9.692499999999999 177.7593078996672
9.6975 -266.9398580667827
9.702499999999999 69.10505308895004
9.7075 -50.57773459430599
9.7125 44.311258800354985
9.7175 94.2950666859006
9.7225 65.16558411974236
9.7275 218.39832259666667
9.7325 -59.46965885328541
9.737499999999999 32.1929444670681
9.7425 -36.15561467596833
9.747499999999999 -101.69339077697224
9.7525 9.435619511404477
9.7575 -99.00923122238694
9.7625 200.23753979258063
9.7675 -50.429538356761554
9.772499999999999 -222.69135065761884
9.7775 35.53077311337753
9.782499999999999 390.98476119254656
9.7875 -185.82062061945692
9.7925 259.80349862016175
9.7975 -48.88706817140004
9.8025 98.8742110657364
9.8075 -58.687255001040526
9.8125 -245.83505187576753
9.817499999999999 37.39489052100473
9.8225 -130.8017080443933
9.827499999999999 86.84027456020803
9.8325 184.09338969703356
9.8375 -127.4792484002247
9.8425 80.96805187343455
9.8475 -85.96907025984709
9.8525 20.348288033556145
9.8575 -101.66473667619108
9.862499999999999 -261.03897654218656
9.8675 384.7796802853233
9.872499999999999 -348.8472821097476
9.8775 137.56224812023467
9.8825 -106.58254652748143
9.8875 210.69944615147048
9.8925 110.85741569913024
9.897499999999999 -102.04289575071142
9.9025 57.62792475618747
9.907499999999999 49.0492257860492
9.9125 -129.66567365002822
9.9175 -93.27625702812836
9.9225 311.33480703437374
9.9275 44.972325111321055
9.9325 94.70518848730345
9.9375 -182.4085253604413
9.942499999999999 -145.03997660605
9.9475 159.0337744832568
9.952499999999999 -89.06438185656626
9.9575 290.50242402011173
9.9625 -231.82826996522377
9.9675 -265.26093213803136
9.9725 -319.1455196011994
9.9775 152.98811107535195
9.9825 -68.82844249910761
9.987499999999999 330.23683064237224
9.9925 -43.081108799949526
9.997499999999999 301.59368742770073
10.0025 -69.39485212862803
