0.0075 -20.072757752341545
0.012499999999999999 -116.24312054006214
0.017499999999999998 20.50213108772111
0.0225 266.8277846654293
0.0275 -289.5184839220962
0.0325 127.85812546549141
0.0375 164.33661030993582
0.042499999999999996 50.55701451167631
0.0475 -83.52223674689007
0.0525 153.11678570176272
0.057499999999999996 -175.99509653916704
0.0625 -113.60981312583135
0.06749999999999999 -148.3740350278821
0.0725 -23.947958753367814
0.0775 204.7751478846903
0.08249999999999999 147.14878503634844
0.0875 25.319212521744706
0.0925 27.92466744788141
0.09749999999999999 -125.04244169087242
0.1025 152.12596715634027
0.1075 204.55163479286685
0.11249999999999999 -519.4577759596352
0.1175 353.78537337388826
0.1225 -63.03241459830192
0.1275 30.316892872923287
0.1325 -110.32375797444551
0.13749999999999998 41.49982829686043
0.1425 258.8733139425939
0.1475 -179.4327605717347
0.1525 85.1070426615208
0.1575 190.8674833038661
0.1625 -77.89891795747512
0.16749999999999998 142.093331464035
0.1725 -265.23196197131546
0.1775 216.74183655977345
0.1825 -262.83058721381195
0.1875 -138.74844462591113
0.1925 286.432014802818
0.19749999999999998 -227.14741110688126
0.20249999999999999 89.96640771735727
0.2075 -103.03335138612223
0.2125 -55.90286820159853
0.2175 27.666440263371094
0.2225 -156.11715672350826
0.22749999999999998 90.92264559676137
0.23249999999999998 -49.740400140571445
0.2375 -37.7020508177297
0.2425 63.765001748510485
0.2475 -146.35006826065438
0.2525 38.38542300175519
0.2575 226.79603237006532
0.2625 -339.4660196230595
0.2675 -92.82701890927636
0.27249999999999996 115.20949361389776
0.27749999999999997 -105.7446276083574
0.2825 -22.305257770368463
0.2875 95.49483935509981
0.2925 -110.50116280979393
0.2975 -95.69070049358544
0.3025 103.26372950373509
0.3075 -118.7238744280881
0.3125 379.261950676974
0.3175 -242.3851916719712
0.3225 -93.86569762701681
0.32749999999999996 -139.3121901959335
0.33249999999999996 399.91738848049624
0.33749999999999997 -254.07099010339812
0.34249999999999997 87.1375060179779
0.3475 120.33585859190802
0.3525 -195.16397072094807
0.3575 291.6272471531238
0.3625 230.4571230434493
0.3675 -221.87445101134892
0.3725 -11.349784815009423
0.3775 288.5609865159947
0.3825 -67.87351441167445
0.38749999999999996 21.442069333709092
0.39249999999999996 68.00876247265425
0.39749999999999996 -211.70631198416152
0.40249999999999997 114.99101994470873
0.4075 -135.55751834689798
0.4125 -7.325901634932935
0.4175 -119.30034711273906
0.4225 35.24194964107673
0.4275 260.8455741914012
0.4325 100.27188515666472
0.4375 -69.52937252740176
0.4425 98.11802226424523
0.44749999999999995 -186.69213401177487
0.45249999999999996 -161.24040988468764
0.45749999999999996 77.29441497502572
0.46249999999999997 80.35831818151662
0.46749999999999997 35.54147474801731
0.4725 -306.311344397367
0.4775 5.033166482939331
0.4825 251.83723096987535
0.4875 -27.56405226967424
0.4925 230.28074772511718
0.4975 -489.91954717628795
0.5025 380.7217447509387
0.5075 -118.46983241973084
0.5125 -65.79360976371882
0.5175 101.1050269339305
0.5225 -68.31488191964905
0.5275 58.51718359935458
0.5325 145.95165045515938
0.5375 -192.28903761043335
0.5425 82.49878393316222
0.5475 104.88530670290255
0.5525 60.071778933218624
0.5575 -169.00661923792308
0.5625 25.44833269322415
0.5675 103.05501335050074
0.5725 -150.1518590665998
0.5775 78.10209782505694
0.5825 1.7115367750183212
0.5875 79.57900156653191
0.5925 -118.44584535748952
0.5974999999999999 308.9784621984847
0.6024999999999999 -29.311935837678334
0.6074999999999999 -142.926512848231
0.6124999999999999 25.13357207660353
0.6174999999999999 109.82938795600256
0.6224999999999999 161.9070483134065
0.6275 -186.50411438754722
0.6325 -147.8305421523961
0.6375 190.52434728240513
0.6425 -252.6423670782576
0.6475 127.08700985152369
0.6525 -144.5661855458758
0.6575 -11.809215204956958
0.6625 15.442680241900245
0.6675 -244.8813112067336
0.6725 238.63754156584758
0.6775 125.74011526631377
0.6825 0.5547878245719345
0.6875 23.44800007864703
0.6925 -171.0755413183619
0.6975 -78.30131463109763
0.7025 -124.21989154361637
0.7075 72.60906162446837
0.7125 196.04919955896693
0.7174999999999999 65.75101902371627
0.7224999999999999 -10.597399199909221
0.7274999999999999 1.3869454814689484
0.7324999999999999 -70.60526596939584
0.7374999999999999 0.8126728894193589
0.7424999999999999 -216.4675026447031
0.7474999999999999 -135.32603347217565
0.7525 74.7982916633774
0.7575 114.47210705115673
0.7625 -135.4349730574169
0.7675 112.17521353334902
0.7725 249.20765014341677
0.7775 52.14542268318833
0.7825 -382.6466823500522
0.7875 293.0864104110639
0.7925 160.16698165336157
0.7975 -19.474242824148316
0.8025 339.7512668922072
0.8075 -142.65926423137915
0.8125 -87.9559502029413
0.8175 -2.4051701804098693
0.8225 -110.11819984886863
0.8275 57.70849656848854
0.8325 -14.106450316089617
0.8374999999999999 -190.1344861364
0.8424999999999999 209.41370891009547
0.8474999999999999 -164.0031728545799
0.8524999999999999 248.92880794648866
0.8574999999999999 -85.8969039987021
0.8624999999999999 121.03614504048247
0.8674999999999999 44.92325054578424
0.8724999999999999 -65.16011033672056
0.8775 -94.49985826605584
0.8825 -89.14587647086573
0.8875 -53.858601632588545
0.8925 -61.087991179034816
0.8975 248.67853260982767
0.9025 -310.3376883553591
0.9075 184.2418812759562
0.9125 -81.38600367545293
0.9175 -28.938545911258732
0.9225 -18.971200072251037
0.9275 254.1283988355075
0.9325 12.302932301181709
0.9375 -128.98129405517997
0.9425 -72.72467991186723
0.9475 -184.61233607883716
0.9524999999999999 -130.08343623355609
0.9574999999999999 65.1016061637675
0.9624999999999999 -71.07839904134917
0.9674999999999999 32.92784066183222
0.9724999999999999 82.79583011997616
0.9774999999999999 -60.11133165061468
0.9824999999999999 68.40996225379457
0.9874999999999999 -48.26622388231668
0.9924999999999999 -22.012856779069683
0.9974999999999999 68.39033800676204
1.0025 7.469635710981836
1.0075 -250.57241732298522
1.0125 238.2197716135885
1.0174999999999998 -57.6770655087206
1.0225 -153.71377418412925
1.0274999999999999 221.69063577460926
1.0325 -18.703537424814854
1.0374999999999999 -140.32671562733103
1.0425 390.25869244169587
1.0474999999999999 -115.17113292035792
1.0525 -309.26033300972864
1.0574999999999999 100.41967216645853
1.0625 192.16811252072503
1.0675 -211.22788658419222
1.0725 4.896308979218462
1.0775 -90.15531461577214
1.0825 306.23318322929254
1.0875 -81.21785265064781
1.0925 -10.010572395245278
1.0975 -45.40188229901129
1.1025 -332.7995588729486
1.1075 101.44846691555351
1.1125 8.65992186247473
1.1175 271.68182976050775
1.1225 89.3865319947364
1.1275 13.509571772560902
1.1324999999999998 85.98891662149153
1.1375 -325.19872701084
1.1424999999999998 -65.6350125620845
1.1475 156.1354688100491
1.1524999999999999 -303.64912841440776
1.1575 232.90961942633407
1.1624999999999999 284.0063356012936
1.1675 4.488376283112414
1.1724999999999999 -119.42720344715782
1.1775 232.05927278840667
1.1824999999999999 -162.44229057846837
1.1875 46.88744137600436
1.1925 55.48588775625381
1.1975 -17.02723640917706
1.2025 -25.41582474602501
1.2075 -26.35319262066877
1.2125 76.9087465445535
1.2175 33.03488885167563
1.2225 159.39812587135174
1.2275 -172.82430939727908
1.2325 -7.447380300572689
1.2375 126.28950944281571
1.2425 -370.09243552373346
1.2475 195.29193031726336
1.2525 174.3035882387214
1.2574999999999998 -157.08795126823054
1.2625 18.3852011971713
1.2674999999999998 11.704959237900706
1.2725 15.504378365075379
1.2774999999999999 -15.663472956065759
1.2825 -76.84752896792025
1.2874999999999999 476.72395256631955
1.2925 -115.23039975699024
1.2974999999999999 -238.20453702499987
1.3025 187.9071073865576
1.3074999999999999 -120.88796946170231
1.3125 -56.18778572002497
1.3175 -216.8911725821333
1.3225 56.98866179712982
1.3275 6.502693960001695
1.3325 169.87603951582656
1.3375 10.262272989263481
1.3425 -150.87683458064694
1.3475 -160.46342860442752
1.3525 138.20506122871726
1.3575 137.7910427501463
1.3625 -288.99316891697566
1.3675 64.70832645282317
1.3724999999999998 -29.2227339252963
1.3775 -229.78583821028275
1.3824999999999998 149.40851988489342
1.3875 -20.92334381646479
1.3924999999999998 -280.6070367361383
1.3975 490.04216128445506
1.4024999999999999 167.60953543499775
1.4075 -16.124461306324317
1.4124999999999999 -90.30145971435304
1.4175 -258.4275521542703
1.4224999999999999 47.63262668804551
1.4275 64.58864431016707
1.4324999999999999 85.77400283897937
1.4375 37.620691867035006
1.4425 -144.56635397401752
1.4475 -200.59297659493646
1.4525 74.10008543393783
1.4575 83.54602222169927
1.4625 49.735287030625024
1.4675 99.0647177683288
1.4725 -54.68394505530763
1.4775 242.3127538862399
1.4825 -266.59383014728655
1.4874999999999998 114.98400392572195
1.4925 -240.5926130648688
1.4974999999999998 143.05193865368915
1.5025 -62.852395968729006
1.5074999999999998 159.26109668277311
1.5125 -97.214518578095
1.5174999999999998 -48.04192417843753
1.5225 19.83729257851043
1.5274999999999999 157.14161694805887
1.5325 -142.80145574250187
1.5374999999999999 206.60736789713215
1.5425 -93.49810426036251
1.5474999999999999 -88.22860720532553
1.5525 -0.7116320576873891
1.5574999999999999 218.63355328694422
1.5625 -96.75728485955219
1.5675 -176.2628859682552
1.5725 172.04473105869621
1.5775 -268.17076145416115
1.5825 8.792025580583577
1.5875 327.14808774318067
1.5925 5.1591989915650425
1.5975 -75.43014325786089
1.6025 -108.52973772771745
1.6075 -191.26438264084388
1.6124999999999998 -219.2620692147145
1.6175 -6.790184218293098
1.6224999999999998 62.5424645027346
1.6275 96.65723170097012
1.6324999999999998 82.25240935278833
1.6375 -189.48894949223182
1.6424999999999998 233.0884903760225
1.6475 -92.86919305279709
1.6524999999999999 24.492268768510186
1.6575 67.29043802802273
1.6624999999999999 -17.757856897661938
1.6675 -172.19329231160404
1.6724999999999999 213.04517096799702
1.6775 142.11766485664276
1.6824999999999999 82.3726920470373
1.6875 69.98979506437168
1.6925 -231.84790842338072
1.6975 -272.2785338230084
1.7025 268.02186439764574
1.7075 2.5067781412753276
1.7125 -390.5892590196382
1.7175 322.99770673884075
1.7225 -82.62819464318615
1.7274999999999998 -86.14944285168662
1.7325 10.617794005690172
1.7374999999999998 245.87572569298203
1.7425 2.7476711751427314
1.7474999999999998 -120.36021066951277
1.7525 -43.49737210984703
1.7574999999999998 -35.76482980687341
1.7625 55.930748322434596
1.7674999999999998 72.62516572333868
1.7725 188.65066131414474
1.7774999999999999 -99.29025831390834
1.7825 123.76052352471507
1.7874999999999999 -113.09932874492821
1.7925 243.27634470670648
1.7974999999999999 -133.64433690049282
1.8025 52.682483445842976
1.8074999999999999 22.52665840485804
1.8125 -94.97242789324129
1.8175 -53.157349090719876
1.8225 -119.9625409053711
1.8275 -83.82764341717375
1.8325 -81.05937084860747
1.8375 88.31693960742588
1.8425 232.34268530105354
1.8475 -101.2819184582001
1.8524999999999998 -153.64053274615137
1.8575 32.09381647900516
1.8624999999999998 206.67664633936113
1.8675 -100.66317313904082
1.8724999999999998 -220.1913616836769
1.8775 241.99191801391322
1.8824999999999998 -24.297171609548695
1.8875 -12.316896309976155
1.8924999999999998 80.19263344678352
1.8975 166.28903196058343
1.9024999999999999 -176.7522484075093
1.9075 -210.82436565272366
1.9124999999999999 381.9000811889446
1.9175 -153.49293732336878
1.9224999999999999 -8.840823687115865
1.9275 -18.79668588488509
1.9324999999999999 302.22587982600226
1.9375 4.327261080759195
1.9425 -39.21108749061947
1.9475 70.15116922499281
1.9525 -476.5053044161025
1.9575 89.5183483323284
1.9625 361.04642083175594
1.9674999999999998 -178.31160877745887
1.9725 -138.21568457058802
1.9774999999999998 -10.413323820641295
1.9825 -11.56657578179497
1.9874999999999998 -111.19673313881539
1.9925 19.608146091683977
1.9974999999999998 63.6536902213295
2.0025 -91.93180465097356
2.0075 28.486507411381456
2.0124999999999997 -40.101717608608475
2.0175 -50.47140275040288
2.0225 56.245195241641255
2.0275 -14.380256840541179
2.0324999999999998 -2.463447370125044
2.0375 -90.33740096395381
2.0425 -75.53901362966265
2.0475 271.6521611433417
2.0524999999999998 -2.828801958339173
2.0575 -73.5310878007521
2.0625 169.31981978888092
2.0675 -51.09785595977489
2.0725 -91.84809454868788
2.0775 -159.86742430822198
2.0825 331.18554715257216
2.0875 -56.455784105276486
2.0925 -302.2313066333627
2.0974999999999997 353.11689707998516
2.1025 -138.3660940591824
2.1075 19.261840726299745
2.1125 52.85438357581544
2.1174999999999997 76.1531810587712
2.1225 29.938478787669606
2.1275 23.925665183457806
2.1325 -25.004556909543698
2.1374999999999997 -210.16150985854398
2.1425 161.90654092362954
2.1475 -54.81530926860669
2.1525 -140.7505073133066
2.1574999999999998 76.97690178161228
2.1625 6.704426924578454
2.1675 -35.523551230462814
2.1725 112.60901363399746
2.1774999999999998 -172.06593247737467
2.1825 7.648316126334908
2.1875 -19.110955954542916
2.1925 77.04377143824551
2.1975 150.48228955328784
2.2024999999999997 -87.4527169167087
2.2075 -65.63395830718484
2.2125 50.35636053988252
2.2175 -118.86260316188437
2.2224999999999997 -155.33480300495245
2.2275 167.04999083126674
2.2325 78.97226969709482
2.2375 65.62686170914861
2.2424999999999997 -1.2268108467033751
2.2475 122.83153784498117
2.2525 -63.82797360950748
2.2575 -227.1215881778951
2.2624999999999997 145.21795587347086
2.2675 31.488049535049996
2.2725 -28.869058776035402
2.2775 -62.95701089826232
2.2824999999999998 -43.66018712058688
2.2875 -126.28676116924679
2.2925 264.1214628622508
2.2975 167.55294700057243
2.3024999999999998 148.25829686701672
2.3075 -363.9556890716386
2.3125 81.18847470361068
2.3175 104.92425939504368
2.3225 -93.7460449592855
2.3274999999999997 73.37690446910705
2.3325 57.73302654831799
2.3375 -6.648205874037267
2.3425 -204.65015104465562
2.3474999999999997 372.6343533019225
2.3525 -271.07630743211155
2.3575 296.3356703295367
2.3625 -16.673857325009052
2.3674999999999997 -59.05977239073526
2.3725 -107.53770149946409
2.3775 -293.6732287943208
2.3825 346.365778453322
2.3874999999999997 -52.967406490817815
2.3925 -132.6019024983607
2.3975 154.89079747475992
2.4025 -137.05108607923
2.4074999999999998 -57.01338783784301
2.4125 10.374701405559337
2.4175 103.3461227084876
2.4225 -63.24506460132161
2.4274999999999998 -2.052341382561176
2.4325 177.5804222125164
2.4375 17.811023872289375
2.4425 -212.27764050492743
2.4475 -6.110543243944911
2.4524999999999997 19.714188186549507
2.4575 -35.9616251952077
2.4625 233.6832146183509
2.4675 156.76317286154242
2.4724999999999997 -262.52467091681507
2.4775 4.6692231054385145
2.4825 159.01830277942486
2.4875 56.85644491636326
2.4924999999999997 -55.92858270496849
2.4975 31.201371153035534
2.5025 75.28855650903459
2.5075 -162.01354726960648
2.5124999999999997 12.14833434682212
2.5175 54.72043251210865
2.5225 -161.59601732744937
2.5275 319.5105736504481
2.5324999999999998 -102.74487870161232
2.5375 151.35004323143926
2.5425 68.73527114333685
2.5475 206.53180840106143
2.5524999999999998 -379.8985193121019
2.5574999999999997 89.18063253900354
2.5625 110.3006409488238
2.5675 -294.51843357931574
2.5725 -60.579783736072706
2.5774999999999997 -219.1817347808257
2.5825 -60.107773079782646
2.5875 -21.453150852759176
2.5925 -185.25077795070385
2.5974999999999997 -52.52109402142149
2.6025 267.96110605086767
2.6075 153.00260668546872
2.6125 183.71045443464251
2.6174999999999997 -36.906489273522794
2.6225 2.2247424217746925
2.6275 -191.32130240500425
2.6325 -163.22279829827391
2.6374999999999997 -20.161282530960026
2.6425 0.5087252279134483
2.6475 150.38787347407435
2.6525 -151.92887228171648
2.6574999999999998 99.73990750269377
2.6625 260.63136175419805
2.6675 -48.59296921389742
2.6725 13.429531561582175
2.6774999999999998 244.7275347343184
2.6824999999999997 -4.734926923528186
2.6875 -48.75434890106695
2.6925 20.85417011548647
2.6975 -48.61115418982506
2.7024999999999997 7.904508488357925
2.7075 20.426854235125745
2.7125 -47.13831561945219
2.7175 -115.87951523600128
2.7224999999999997 21.17941038371945
2.7275 242.13209733508015
2.7325 -96.20191674739822
2.7375 -217.21170949450837
2.7424999999999997 81.48690765931973
2.7475 27.63257357477232
2.7525 129.1628185376076
2.7575 -116.46460617812949
2.7624999999999997 15.917887085348646
2.7675 38.205352791063866
2.7725 -161.63160382527658
2.7775 180.76160216025616
2.7824999999999998 13.311172369345577
2.7875 -35.030027300263114
2.7925 89.1799127718666
2.7975 -66.9479386123037
2.8024999999999998 21.72853375934976
2.8074999999999997 102.61918369074445
2.8125 -56.22698815952001
2.8175 106.85638887580922
2.8225 -13.599061591797712
2.8274999999999997 -215.2796581749274
2.8325 198.3324956623574
2.8375 -441.07127958536347
2.8425 242.3877190151886
2.8474999999999997 -81.20122076640524
2.8525 62.62553510441965
2.8575 190.75241267109683
2.8625 -223.77187008379317
2.8674999999999997 110.94874868805087
2.8725 28.632891138427222
2.8775 -50.70949448215361
2.8825 -96.9373028312027
2.8874999999999997 -149.805932269781
2.8925 84.50476094649495
2.8975 57.0417394094434
2.9025 74.21934874317586
2.9074999999999998 -168.40180980137444
2.9125 39.70904456793559
2.9175 -34.3931309704216
2.9225 208.2676663477784
2.9274999999999998 -77.39419391770757
2.9324999999999997 -91.24380648276781
2.9375 -94.56726005034936
2.9425 223.06338651388802
2.9475 -41.4858332999196
2.9524999999999997 -130.93163746046
2.9575 28.149654812282968
2.9625 113.1878635239676
2.9675 -79.03212012736942
2.9724999999999997 57.53586640778924
2.9775 19.075920795710882
2.9825 -176.2347583370015
2.9875 -61.37565736578363
2.9924999999999997 275.255822689021
2.9975 -54.37810645894957
3.0025 -201.21832245506883
3.0075 157.02325236085835
3.0124999999999997 67.74486597057634
3.0175 -43.26297829689871
3.0225 -87.1484409519109
3.0275 143.92475749569
3.0324999999999998 -199.91551755453062
3.0374999999999996 -144.26329858690931
3.0425 174.32984039630003
3.0475 57.0992193452076
3.0524999999999998 -67.53498753157956
3.0574999999999997 115.79860077769938
3.0625 108.22183371547915
3.0675 31.677029462854463
3.0725 -50.37428484694393
3.0774999999999997 -72.94026503842557
3.0825 117.52968890194514
3.0875 166.1273756828249
3.0925 23.17200135666324
3.0974999999999997 -75.90282788988685
3.1025 -156.42741951923773
3.1075 134.57265728906688
3.1125 -136.9268919045583
3.1174999999999997 174.81193884560398
3.1225 43.513310675434305
3.1275 21.826825560902016
3.1325 64.57097794159381
3.1374999999999997 -78.74023317086414
3.1425 -79.67868549904703
3.1475 -139.03321292753077
3.1525 261.46095877700276
3.1574999999999998 80.3835006908668
3.1624999999999996 32.07597171476537
3.1675 -284.12731753549974
3.1725 90.14877559054614
3.1774999999999998 -134.0426766928358
3.1824999999999997 147.39304242234692
3.1875 -136.47640498314448
3.1925 167.65974248241096
3.1975 -48.27379906957556
3.2024999999999997 54.98553524916724
3.2075 76.54291667317692
3.2125 -193.80651016470313
3.2175 54.359213229527505
3.2224999999999997 -182.4416952433959
3.2275 102.31440994183713
3.2325 -14.187302436241408
3.2375 119.65007068120516
3.2424999999999997 -449.09234903237603
3.2475 88.12935763319778
3.2525 318.09624438482325
3.2575 95.97417518812587
3.2624999999999997 -149.35564555416224
3.2675 79.06835296819057
3.2725 21.799595434529312
3.2775 -71.29870120855188
3.2824999999999998 95.30672327944414
3.2874999999999996 -81.05344994150316
3.2925 -87.69645849152315
3.2975 81.49496773540852
3.3024999999999998 -62.96259981770913
3.3074999999999997 -261.4888573196668
3.3125 411.1001894250889
3.3175 39.12560915601457
3.3225 146.27124046912715
3.3274999999999997 -90.91899386411343
3.3325 -50.78516095641123
3.3375 -155.1151106002566
3.3425 7.335449536801857
3.3474999999999997 138.97929276330703
3.3525 23.61895043180151
3.3575 173.57642894854908
3.3625 -1.718986035924364
3.3674999999999997 -168.6176778674732
3.3725 -7.135917717502357
3.3775 -82.94601933614142
3.3825 34.73314743623912
3.3874999999999997 274.0896124192973
3.3924999999999996 -6.350632954526944
3.3975 -272.7020325690226
3.4025 40.48888245691653
3.4074999999999998 85.35840639925554
3.4124999999999996 57.96354598766852
3.4175 -9.044613251412313
3.4225 144.77808281984488
3.4274999999999998 -160.06671249884616
3.4324999999999997 -71.06101916509746
3.4375 153.78182658791243
3.4425 -392.89972942468336
3.4475 144.8693551483176
3.4524999999999997 -83.2235404906251
3.4575 28.78041793990051
3.4625 -68.4230670158972
3.4675 -158.4281118857988
3.4724999999999997 207.64429364635376
3.4775 -52.301048443965946
3.4825 -185.39133965638632
3.4875 161.10172573335993
3.4924999999999997 80.58515628376595
3.4975 -52.200526581445686
3.5025 206.92296039087157
3.5075 265.5032183884336
3.5124999999999997 -53.95311797918016
3.5174999999999996 -139.1062254742957
3.5225 158.06299888670048
3.5275 -37.446236366349694
3.5324999999999998 -211.44878903981885
3.5374999999999996 1.9814936637554186
3.5425 -231.72589170877885
3.5475 251.91161895282156
3.5524999999999998 -206.0788780215399
3.5574999999999997 213.5935293114273
3.5625 -58.72855476565359
3.5675 -0.05115294248888013
3.5725 -47.633696996252425
3.5774999999999997 -4.988282060869933
3.5825 6.851449954848131
3.5875 431.499731721188
3.5925 -182.4511853796756
3.5974999999999997 49.387618186799685
3.6025 -39.37289430102967
3.6075 238.76756545957502
3.6125 -405.1213898840999
3.6174999999999997 -132.6135674630205
3.6225 -134.5553347178587
3.6275 189.75341562354848
3.6325 58.594778345562176
3.6374999999999997 206.39865700727725
3.6424999999999996 -144.66726953731907
3.6475 97.39722784723209
3.6525 -103.61508455534364
3.6574999999999998 -196.57359531487018
3.6624999999999996 136.14436686300206
3.6675 -30.107369580453476
3.6725 8.933577788482376
3.6774999999999998 -22.560123662086976
3.6824999999999997 -221.0994975055821
3.6875 283.3704365996135
3.6925 -0.8233904457819177
3.6975 6.233723691738587
3.7024999999999997 106.661095655964
3.7075 -241.72300906402046
3.7125 115.4419465556816
3.7175 17.707578992003153
3.7224999999999997 92.51732508486317
3.7275 108.3761812645624
3.7325 -103.43361454889312
3.7375 23.867518525552473
3.7424999999999997 62.03274068015896
3.7474999999999996 62.17320422381508
3.7525 259.11678142692455
3.7575 -135.86376584204544
3.7624999999999997 -139.99537816167899
3.7674999999999996 -58.2024689386156
3.7725 -202.00940226458795
3.7775 390.9294620229124
3.7824999999999998 -179.05102937318028
3.7874999999999996 -83.3221617468335
3.7925 -92.5940934476043
3.7975 159.94875575775916
3.8024999999999998 -62.25820832793342
3.8074999999999997 -123.26859492482033
3.8125 7.12705971309211
3.8175 22.69498943723962
3.8225 241.17766111045466
3.8274999999999997 -71.40365246803073
3.8325 -48.24538247879116
3.8375 100.80400255335954
3.8425 14.357925900637223
3.8474999999999997 69.94231385537256
3.8525 11.473405807661317
3.8575 -55.295239731923765
3.8625 -262.38608376792536
3.8674999999999997 424.5870412940061
3.8724999999999996 -104.42443125213276
3.8775 4.328211383915124
3.8825 -11.385314205169854
3.8874999999999997 -137.8141826714685
3.8924999999999996 -14.946636205629877
3.8975 102.25019237051376
3.9025 -7.906539363310653
3.9074999999999998 -165.4568337756648
3.9124999999999996 38.93784888480831
3.9175 97.92728456508813
3.9225 -35.75113021710303
3.9274999999999998 -132.6469525524015
3.9324999999999997 8.87502512664633
3.9375 7.149891595133231
3.9425 -499.5296828488256
3.9475 372.277816453266
3.9524999999999997 -50.126566920555256
3.9575 163.68860593032224
3.9625 -163.00152832717865
3.9675 -32.67873820348473
3.9724999999999997 -9.817496900322519
3.9775 167.17615864163992
3.9825 -252.81972664854294
3.9875 283.61025708833785
3.9924999999999997 53.434920378892606
3.9974999999999996 -41.89328301517078
4.0024999999999995 -43.3007946254211
4.007499999999999 23.730087741123405
4.0125 193.42262874406745
4.0175 -99.16675048391419
4.0225 -37.555887823658736
4.0275 206.2535282672641
4.0325 -64.05330019871323
4.0375 -360.99026741564035
4.0424999999999995 249.68835879738248
4.047499999999999 199.69566988014162
4.0525 -15.433680389414382
4.0575 86.24386340477263
4.0625 94.32006385644661
4.0675 6.608499202792909
4.0725 -99.8679684190631
4.0775 51.19941707656343
4.0825 -50.089205348015554
4.0874999999999995 -112.87102624099322
4.0925 13.70894069026707
4.0975 -131.37368132913932
4.1025 1.9120812685199844
4.1075 228.96766219450126
4.1125 9.56154270621867
4.1175 -271.9897337727461
4.1225 45.681527198310505
4.1274999999999995 -146.89865661376572
4.132499999999999 -7.331342785002281
4.1375 52.034938822422575
4.1425 40.93895705834431
4.1475 -420.2529312407648
4.1525 77.79503674303422
4.1575 142.9546082412857
4.1625 106.8150426618727
4.1674999999999995 89.56850465392237
4.172499999999999 69.71151940444685
4.1775 -93.10840154207821
4.1825 79.74643650856567
4.1875 53.167807820399005
4.1925 -72.69687321517418
4.1975 188.363524491782
4.2025 -65.20070138729349
4.2075 103.7200742374923
4.2124999999999995 -21.31140593938103
4.2175 209.74840826066952
4.2225 -288.8936922300255
4.2275 216.77341920486896
4.2325 -218.37178003212802
4.2375 23.429091651216865
4.2425 226.11528845455774
4.2475 -157.88652751888986
4.2524999999999995 -0.9068050021166306
4.257499999999999 -41.5561343509794
4.2625 -116.33619156266252
4.2675 -145.87571697953217
4.2725 198.02590486328668
4.2775 -51.93372903621092
4.2825 98.2783320379613
4.2875 133.41529489174803
4.2924999999999995 -153.80905668138902
4.297499999999999 -12.900694829285548
4.3025 75.38848360967935
4.3075 40.40952135346865
4.3125 286.92599098889514
4.3175 -229.6880765297274
4.3225 -101.35901097932178
4.3275 -38.973823556868446
4.3325 68.38383878584295
4.3374999999999995 -53.53972110571977
4.342499999999999 326.93547103103583
4.3475 -203.5992962881128
4.3525 17.965025288382915
4.3575 -94.90897357772738
4.3625 241.2003629870239
4.3675 -44.35009905355307
4.3725 -140.86956416648653
4.3774999999999995 104.58256159201173
4.382499999999999 -137.21878708509394
4.3875 -202.17496002234833
4.3925 80.63442256789847
4.3975 71.95255083419045
4.4025 -202.44532429665324
4.4075 12.683517267280932
4.4125 -74.63332682530972
4.4174999999999995 161.88431156694858
4.422499999999999 -85.28102682657824
4.4275 239.23750734458045
4.4325 15.92297308889101
4.4375 -259.9519152617197
4.4425 216.31920745562545
4.4475 -70.64970810311259
4.4525 325.9493512360143
4.4575 -361.95093127080645
4.4624999999999995 96.60576242937753
4.467499999999999 -194.6259875510485
4.4725 74.87936428623115
4.4775 -51.20514073852363
4.4825 50.71174576111994
4.4875 79.76444410860654
4.4925 -9.37557711581326
4.4975 42.151589281957015
4.5024999999999995 75.2531981787056
4.507499999999999 89.79862749763294
4.5125 -145.7196196199577
4.5175 88.90888136421904
4.5225 30.641286592367337
4.5275 -255.34897974894184
4.5325 202.10119402281813
4.5375 -220.9191642903999
4.5424999999999995 82.58760996623673
4.547499999999999 31.722063734981017
4.5525 29.2563292866855
4.5575 -127.75424793541612
4.5625 31.783266434343354
4.5675 85.39123357041707
4.5725 49.06580122054739
4.5775 -167.54159046994715
4.5825 39.597852980013336
4.5874999999999995 -110.666935313435
4.592499999999999 85.30576365721925
4.5975 322.7388268952813
4.6025 -99.97431736894936
4.6075 -68.69775423531173
4.6125 117.35106493633644
4.6175 33.973722051152464
4.6225 -69.19174042180981
4.6274999999999995 -215.19981652493763
4.632499999999999 -60.898754924652145
4.6375 454.19889686049777
4.6425 -117.36982822607884
4.6475 -139.0918527640886
4.6525 -99.85328148510405
4.6575 25.401055177008935
4.6625 156.49181065049777
4.6674999999999995 14.02072276046875
4.672499999999999 -236.50473048054627
4.6775 163.82720913251916
4.6825 14.729791552374154
4.6875 208.9731132602661
4.6925 -115.3408054565715
4.6975 -203.46612120912116
4.7025 0.2572250370670118
4.7075 -71.6056083367263
4.7124999999999995 259.27121950613395
4.717499999999999 -215.38054452647313
4.7225 340.91110018299906
4.7275 -65.06828403756292
4.7325 38.7762776764198
4.7375 -63.65482632177928
4.7425 73.36338521587436
4.7475 -387.7459017118258
4.7524999999999995 -50.68424828796836
4.757499999999999 412.48840601269006
4.7625 -17.713633720529447
4.7675 95.18047954482272
4.7725 -63.33071715378561
4.7775 171.39716669760296
4.7825 -163.34374404674648
4.7875 -1.1312581407021558
4.7924999999999995 55.185543272720594
4.797499999999999 50.00160166079717
4.8025 -67.7612344226785
4.8075 -107.75225921435786
4.8125 55.833896614390284
4.8175 -8.080073641011383
4.8225 -7.340727916862356
4.8275 -110.44615904733023
4.8325 -83.4138524481786
4.8374999999999995 -32.063678236809494
4.842499999999999 169.25816719393782
4.8475 -11.88040872779121
4.8525 -1.3773727101322244
4.8575 -17.718896047282687
4.8625 14.101766434735639
4.8675 -194.798735348278
4.8725 180.9331612232416
4.8774999999999995 97.70002217072059
4.882499999999999 -104.71352026192574
4.8875 -52.28378245408665
4.8925 27.488539091342503
4.8975 -37.57656369390121
4.9025 -50.439582990064096
4.9075 68.69812543514598
4.9125 256.88631070483655
4.9174999999999995 -363.43146700725646
4.922499999999999 87.8723387890199
4.9275 -16.528187772759576
4.9325 15.843070515284355
4.9375 -9.934336818086898
4.9425 11.622743409034953
4.9475 -52.2128552582515
4.9525 97.32120122623705
4.9575 -10.009796836286398
4.9624999999999995 148.90732010530326
4.967499999999999 -244.2958341957242
4.9725 161.46429230949042
4.9775 -168.57251412443674
4.9825 140.12075264918766
4.9875 -40.777498683652304
4.9925 -75.13917943231523
4.9975 142.39371173854835
5.0024999999999995 15.862973458257654
5.007499999999999 144.4700130769468
5.0125 -194.65030699570076
5.0175 -101.24445003905797
5.0225 85.32146773925295
5.0275 -13.724382919174184
5.0325 -226.5355516696524
5.0375 529.8683446643143
5.0424999999999995 -132.45506921291945
5.047499999999999 -157.14448627935468
5.0525 142.37152751534597
5.0575 -29.37597405934766
5.0625 29.65955099503351
5.0675 -4.084770380962201
5.0725 79.70059454619361
5.0775 13.4013484674677
5.0825 138.70920123074492
5.0874999999999995 -232.22419909689208
5.092499999999999 76.07428053391948
5.0975 78.9810834726698
5.1025 26.063621616904552
5.1075 -386.56452540903047
5.1125 181.00321364541563
5.1175 0.4220463164607647
5.1225 -75.27827976069922
5.1274999999999995 -1.4865930966660283
5.132499999999999 30.016925905279624
5.1375 -112.00555612935133
5.1425 283.50021745679584
5.1475 9.202193633933174
5.1525 58.338670460779
5.1575 -117.9243126168267
5.1625 -199.14210158058341
5.1674999999999995 160.15171258963767
5.172499999999999 -309.2966521699724
5.177499999999999 110.66508286704492
5.1825 154.2426830905163
5.1875 172.40367103481557
5.1925 -142.57412170038182
5.1975 95.73803617014335
5.2025 45.91472385560766
5.2075 -72.56334956887986
5.2124999999999995 71.64442247040397
5.217499999999999 -116.67768146220706
5.2225 -43.4761658225426
5.2275 126.75433887579715
5.2325 -246.80623051560366
5.2375 10.957534357912456
5.2425 -58.02041311803463
5.2475 79.02427677092862
5.2524999999999995 12.273294080031816
5.257499999999999 -28.03619358935863
5.2625 176.7678323200114
5.2675 -330.04361576658295
5.2725 184.04481640259513
5.2775 16.540006822852167
5.2825 -99.0031254390802
5.2875 73.81731445322707
5.2924999999999995 121.41248790369049
5.297499999999999 288.3979797702112
5.302499999999999 -197.80769186296382
5.3075 -143.97048853234054
5.3125 109.79035736584588
5.3175 167.30907568345503
5.3225 99.24830339014083
5.3275 -259.95722206402917
5.3325 52.753146288446274
5.3374999999999995 62.58406546423549
5.342499999999999 -103.48709969480704
5.3475 48.89319658723833
5.3525 93.81684886045751
5.3575 -177.86840235984815
5.3625 81.09280699276893
5.3675 -45.45096907312116
5.3725 249.45969233075994
5.3774999999999995 -36.82243379485819
5.382499999999999 -32.35427309945717
5.3875 -56.015348725350734
5.3925 -68.78852318733432
5.3975 -65.1728178452608
5.4025 141.00904740572398
5.4075 -93.54779950991848
5.4125 184.40737166245987
5.4174999999999995 -209.9435867388432
5.422499999999999 -37.24753563466205
5.427499999999999 -56.0704976255022
5.4325 87.90132158784638
5.4375 181.91095553626664
5.4425 -55.99891119139357
5.4475 -229.64533782297065
5.4525 -66.88206478705847
5.4575 189.3119336206232
5.4624999999999995 -164.10560979770545
5.467499999999999 77.61407017882611
5.4725 91.80831919034198
5.4775 -76.3376290853027
5.4825 6.615556078762511
5.4875 -23.551010730130354
5.4925 267.4873745326733
5.4975 -251.29900948402405
5.5024999999999995 -66.852104578672
5.507499999999999 390.1055299753872
5.5125 -514.1466834696457
5.5175 -20.7849633539061
5.5225 86.31238138736245
5.5275 539.1571145738013
5.5325 -80.58162771419666
5.5375 -158.8477508640932
5.5424999999999995 -42.60696226428713
5.547499999999999 215.68442573781374
5.552499999999999 195.25065647479403
5.5575 0.9668127981841282
5.5625 60.920738349929294
5.5675 -230.45275391218513
5.5725 14.808543814406573
5.5775 -5.870534720990571
5.5825 46.95479973741758
5.5874999999999995 -43.70365094832433
5.592499999999999 -139.17701198164352
5.5975 -56.42626917878972
5.6025 58.28081302557329
5.6075 -46.334740744545044
5.6125 102.23061102002356
5.6175 73.57048103775146
5.6225 45.0590127073498
5.6274999999999995 -243.9242652670026
5.632499999999999 108.5336539205096
5.6375 171.4646795638745
5.6425 -119.00405674721114
5.6475 -7.092504837632979
5.6525 -49.05064847750888
5.6575 -46.80165829173052
5.6625 -232.81670393659581
5.6674999999999995 232.47655751465058
5.672499999999999 122.75091787275831
5.677499999999999 9.67420665874398
5.6825 -234.55273542680143
5.6875 55.58225654923552
5.6925 130.22624803394453
5.6975 -95.0101565864962
5.7025 38.04607266594861
5.7075 172.28181116892068
5.7124999999999995 -344.2919378763911
5.717499999999999 314.8412468564349
5.7225 -355.99674934491435
5.7275 81.87709355583561
5.7325 -293.1164195688791
5.7375 262.6758362266955
5.7425 75.2898360365738
5.7475 27.834061529036656
5.7524999999999995 144.42999902434377
5.757499999999999 15.586680513363774
5.7625 -362.03989475210034
5.7675 -78.97968107811703
5.7725 121.84444366684278
5.7775 247.03364995605492
5.7825 -294.06815304816774
5.7875 32.377139325049065
5.7924999999999995 114.19165129947237
5.797499999999999 -104.9218235030439
5.802499999999999 -3.5572713036513663
5.8075 -256.7701334465423
5.8125 -27.248310559128033
5.8175 196.549210341144
5.8225 369.54214815174237
5.8275 -279.0934030276551
5.8325 181.05514898925668
5.8374999999999995 -93.48994391689558
5.842499999999999 -52.92009160460866
5.8475 -92.94932274122611
5.8525 2.756241272698207
5.8575 91.75845919700983
5.8625 232.1667547382832
5.8675 -137.53233238740438
5.8725 -100.96459957600794
5.8774999999999995 31.298951575961823
5.882499999999999 -129.89807198425046
5.8875 264.7206274888423
5.8925 34.06243782465198
5.8975 -168.96874948609948
5.9025 -8.28393761633451
5.9075 0.5751202593066501
5.9125 331.9355655627741
5.9174999999999995 -310.8933275315537
5.922499999999999 348.55128070375036
5.927499999999999 -47.997281904718
5.9325 20.575135739416922
5.9375 -25.215542237234427
5.9425 70.71233626543285
5.9475 -218.1462604084817
5.9525 41.14457466010874
5.9575 -116.76589333291848
5.9624999999999995 106.83983554750462
5.967499999999999 -141.98295734473035
5.9725 -277.74116795450743
5.9775 353.66741104046065
5.9825 -106.71501634652569
5.9875 -123.30658073416035
5.9925 -211.65869866433871
5.9975 9.759267081022207
6.0024999999999995 250.29745759210076
6.007499999999999 227.6587005216681
6.012499999999999 -87.90356378748321
6.0175 23.810600077236924
6.0225 -56.57113132863477
6.0275 -4.131007030999184
6.0325 81.88233114470555
6.0375 -94.28946625281127
6.0424999999999995 239.28987665405543
6.047499999999999 153.6375802534606
6.052499999999999 -62.88071031836798
6.0575 -142.22363642222396
6.0625 97.74782734072356
6.0675 -295.2952940403458
6.0725 34.77198249185002
6.0775 219.8322308689331
6.0825 -38.29350613135122
6.0874999999999995 -121.87206114504536
6.092499999999999 97.4229584039093
6.0975 -58.61392257239076
6.1025 -23.340060798666276
6.1075 173.9589653125717
6.1125 -50.433394571700305
6.1175 13.297508373178596
6.1225 34.80276727441631
6.1274999999999995 164.9146558897369
6.132499999999999 -21.474920716415987
6.137499999999999 -149.80294990741197
6.1425 243.31326257636033
6.1475 -196.64261243031052
6.1525 -150.80085927760132
6.1575 284.2686364029851
6.1625 7.498071883182515
6.1674999999999995 -131.03871407255232
6.172499999999999 83.57187988898971
6.177499999999999 69.11904894119003
6.1825 -161.35245891823905
6.1875 168.38133476195333
6.1925 -37.69762747365746
6.1975 28.96183952326027
6.2025 3.971221095120791
6.2075 -82.78740713387573
6.2124999999999995 122.5627423209151
6.217499999999999 -59.26634213783842
6.2225 -7.397033707812351
6.2275 -50.15550971769809
6.2325 60.587129308404
6.2375 79.7108668535526
6.2425 -139.9390278951728
6.2475 -14.735777067460955
6.2524999999999995 -150.01746683111517
6.257499999999999 2.2014729226301597
6.262499999999999 -234.6602417938241
6.2675 86.5531101051033
6.2725 97.50223542487083
6.2775 123.06481055811106
6.2825 -2.5148811139064677
6.2875 40.538212559524624
6.2924999999999995 -44.62273816044725
6.297499999999999 8.960012124781521
6.302499999999999 210.9955257515484
6.3075 -272.3228312137909
6.3125 115.90097350759588
6.3175 -140.609282948154
6.3225 1.2042498971183675
6.3275 -110.64480490828731
6.3325 152.412311313761
6.3374999999999995 85.2890632174596
6.342499999999999 25.47846975115944
6.3475 -61.9966287654802
6.3525 102.87521749346215
6.3575 18.23708443665625
6.3625 -10.329484502390626
6.3675 103.75429567786459
6.3725 -87.66811729864907
6.3774999999999995 231.73637293940504
6.382499999999999 -182.8953424951957
6.387499999999999 48.718858459914294
6.3925 33.76183313279823
6.3975 87.2082132045529
6.4025 -103.01518167399496
6.4075 92.23975050707831
6.4125 79.40062063746834
6.4174999999999995 -46.95060903471611
6.422499999999999 211.83829148651583
6.427499999999999 -234.72456160629287
6.4325 -90.61725984841092
6.4375 57.29810719003395
6.4425 293.9938304462629
6.4475 -218.6313202982214
6.4525 -137.01557353188375
6.4575 -19.127479807922718
6.4624999999999995 99.65380493128856
6.467499999999999 -182.17158492714844
6.4725 9.622438164030864
6.4775 -37.75898058231102
6.4825 176.5335642031431
6.4875 -212.30169230673573
6.4925 222.4375270795079
6.4975 -35.234939346015075
6.5024999999999995 -2.216535135542491
6.507499999999999 -138.7064465424323
6.512499999999999 84.51716125460517
6.5175 -189.09313335874057
6.5225 -3.2708574064532185
6.5275 30.587742167642595
6.5325 201.04987345719582
6.5375 58.32542253475588
6.5424999999999995 -58.75593986565437
6.547499999999999 162.89322903204496
6.552499999999999 49.408334058725806
6.5575 -139.00387767965924
6.5625 54.477886275434656
6.5675 -120.303375604641
6.5725 -103.82512194839919
6.5775 156.32435820772739
6.5825 -10.645153709885202
6.5874999999999995 217.52860599050132
6.592499999999999 -25.749092325809837
6.5975 -78.95583639028928
6.6025 50.57264372213765
6.6075 -241.48424384997566
6.6125 33.53657597085676
6.6175 -82.68564836074157
6.6225 -56.79526852567403
6.6274999999999995 88.53952423911805
6.632499999999999 -86.56203509012882
6.637499999999999 -187.8969650312144
6.6425 164.55068686970947
6.6475 79.74011558462475
6.6525 -9.074477693021276
6.6575 -24.580691920729524
6.6625 -98.39910161125552
6.6674999999999995 -53.06064192823312
6.672499999999999 36.01132732005307
6.677499999999999 55.05578759751926
6.6825 27.699338736875816
6.6875 165.11707019878077
6.6925 -22.401182844016233
6.6975 -53.41197471739147
6.7025 -142.12210383459674
6.7075 -59.48681990453734
6.7124999999999995 23.46503487458491
6.717499999999999 288.9415263157193
6.722499999999999 -141.56769258015086
6.7275 100.40166994493353
6.7325 -220.21448742677077
6.7375 -2.7762166858270203
6.7425 -76.39696947766255
6.7475 338.7211616932188
6.7524999999999995 128.91300104916465
6.757499999999999 2.0585634865533176
6.762499999999999 119.34053781751417
6.7675 -157.74363768170537
6.7725 -27.359861372696315
6.7775 -51.116521548036644
6.7825 69.91505501068583
6.7875 -126.56389954446149
6.7924999999999995 -226.92495296077598
6.797499999999999 104.49119317396828
6.802499999999999 103.46395191131182
6.8075 -173.37604610658818
6.8125 146.97566348983526
6.8175 -173.1288969547173
6.8225 64.2763781576687
6.8275 -82.76316710046058
6.8325 296.69611701380984
6.8374999999999995 -63.71390321620647
6.842499999999999 66.13983756004873
6.847499999999999 -127.01729808513517
6.8525 -26.58998924856679
6.8575 59.46367162760029
6.8625 -168.31000662819017
6.8675 -194.72606877002218
6.8725 307.39985052483127
6.8774999999999995 -131.14746957109804
6.882499999999999 218.13526974851902
6.887499999999999 -99.0070731052365
6.8925 -3.8885393913833153
6.8975 86.31349226471113
6.9025 36.79312406615289
6.9075 192.4386264065902
6.9125 -121.76089885111922
6.9174999999999995 -67.55215402713958
6.922499999999999 118.18406354968172
6.927499999999999 -379.82971069227926
6.9325 348.2724650210961
6.9375 -112.3608164769118
6.9425 44.79883629606014
6.9475 -56.86285354136391
6.9525 39.23788993451743
6.9575 148.35669028468809
6.9624999999999995 94.18806870376253
6.967499999999999 -66.13332069036049
6.972499999999999 -35.299581236184764
6.9775 -95.31823132960473
6.9825 -62.23442574798292
6.9875 -2.2591048220273233
6.9925 230.70043131055223
6.9975 -209.3563000464016
7.0024999999999995 -142.50727665004743
7.007499999999999 245.63999366581385
7.012499999999999 -70.35089815785193
7.0175 41.82075627832713
7.0225 214.85441106585128
7.0275 -89.6137528741987
7.0325 -52.24580980319521
7.0375 49.683064043098206
7.0424999999999995 120.48201237506498
7.047499999999999 -198.47693411015842
7.052499999999999 -46.77434556319689
7.0575 45.70188706841049
7.0625 255.88558503189913
7.0675 56.354581654899924
7.0725 -212.2946739973565
7.0775 -457.8973183608839
7.0825 284.26120551867496
7.0874999999999995 88.15065278526227
7.092499999999999 91.20970570536892
7.097499999999999 -3.3963461092955387
7.1025 -128.16673694171723
7.1075 69.95570619536875
7.1125 58.62410892218445
7.1175 449.1242126432447
7.1225 -42.68364654454184
7.1274999999999995 -253.71879702309613
7.132499999999999 28.63760610661596
7.137499999999999 40.34784196463467
7.1425 36.545751919120626
7.1475 -63.25319249276473
7.1525 5.0463651305725366
7.1575 38.938992666502436
7.1625 70.22115511476123
7.1674999999999995 -133.65925956805805
7.172499999999999 -187.67518953308502
7.177499999999999 -71.68214591672749
7.1825 227.35476044271817
7.1875 3.325844358998882
7.1925 -294.3514839373134
7.1975 158.07662332528147
7.2025 -164.7030118501106
7.2075 17.097486701521493
7.2124999999999995 39.72903603437167
7.217499999999999 89.34820962517801
7.222499999999999 -90.68076808066785
7.2275 34.97430554705302
7.2325 86.39465685689638
7.2375 39.417455485809874
7.2425 -233.4471426097677
7.2475 -107.32685130904021
7.2524999999999995 45.19285792967919
7.257499999999999 -88.8038474532351
7.262499999999999 177.84226788814394
7.2675 136.21213576903875
7.2725 29.933416777221815
7.2775 -7.331920626449313
7.2825 -158.85589461969087
7.2875 123.99506916971185
7.2924999999999995 -94.00696954351295
7.297499999999999 102.36610900928596
7.302499999999999 -47.16960239683153
7.3075 -45.96781974171668
7.3125 154.937460820388
7.3175 81.43281150084633
7.3225 153.06772718953317
7.3275 -211.49440609140862
7.3325 163.49409491445243
7.3374999999999995 -256.38805868089565
7.342499999999999 8.214946883583591
7.347499999999999 87.26999580496788
7.3525 223.00846814975557
7.3575 -362.1905856670136
7.3625 41.995946086235044
7.3675 24.17612062638368
7.3725 33.17766254190739
7.3774999999999995 -151.53055575515532
7.382499999999999 120.96019512501857
7.387499999999999 -57.13935035997038
7.3925 248.09557970176772
7.3975 -174.70739819551284
7.4025 -382.6182513548787
7.4075 42.66789657203323
7.4125 261.25838425189704
7.4174999999999995 -56.72461214715858
7.422499999999999 -227.65941976246708
7.427499999999999 186.61552664265204
7.4325 -3.407197700904872
7.4375 124.01352004498901
7.4425 -3.9389247439987303
7.4475 -141.36549062379487
7.4525 225.84637555713041
7.4575 -132.1618501608729
7.4624999999999995 -84.66503668917339
7.467499999999999 -37.52639145058446
7.472499999999999 70.4323182953325
7.4775 17.4980188723254
7.4825 -98.05716182435428
7.4875 154.0672400482656
7.4925 -141.20765589668713
7.4975 81.68504428831706
7.5024999999999995 -71.9243543678026
7.507499999999999 178.3160715146365
7.512499999999999 27.05934934099262
7.5175 -149.88953758969592
7.5225 39.086600277298025
7.5275 -208.2841997903776
7.5325 -30.296850220122266
7.5375 160.8475362516903
7.5424999999999995 170.07100041905306
7.547499999999999 -28.477939156008787
7.552499999999999 -84.31451844910185
7.557499999999999 -139.9044024575332
7.5625 -83.28321503047842
7.5675 135.22559287643935
7.5725 137.99295155271614
7.5775 38.15721645580642
7.5825 -0.5088525359033904
7.5874999999999995 -68.58531654230964
7.592499999999999 -14.37618634026742
7.597499999999999 87.726957900236
7.6025 68.07748837517958
7.6075 -155.56334060101926
7.6125 75.44155010310388
7.6175 240.65976946054448
7.6225 83.68319983757779
7.6274999999999995 -81.81621573034451
7.632499999999999 -136.9816218397072
7.637499999999999 103.37421731203544
7.6425 -114.49799287752714
7.6475 -46.90836094071439
7.6525 -46.68548366512597
7.6575 -46.8594844098286
7.6625 -95.38465155942693
7.6674999999999995 -1.9107762135905324
7.672499999999999 -5.718348315500924
7.677499999999999 -83.99026460396614
7.682499999999999 393.1215638932224
7.6875 -181.68587501004922
7.6925 3.005825856601412
7.6975 224.24801117709026
7.7025 -367.7475628812326
7.7075 93.97099548003105
7.7124999999999995 -246.8645023103549
7.717499999999999 145.06264565229003
7.722499999999999 246.34474964461498
7.7275 66.47981943559456
7.7325 -191.53188811061182
7.7375 160.51576396510515
7.7425 -197.04213266707498
7.7475 92.38625772616393
7.7524999999999995 -44.14805686543484
7.757499999999999 -20.659728247263903
7.762499999999999 296.48547321365186
7.7675 -225.30486434399947
7.7725 331.90892970483503
7.7775 -9.833836449069981
7.7825 -152.46517737522964
7.7875 0.44352662845672997
7.7924999999999995 -158.5459315816439
7.797499999999999 -12.221189650126632
7.802499999999999 51.303831734509465
7.807499999999999 15.979454150375997
7.8125 -151.0934465925319
7.8175 101.50526443772668
7.8225 -5.500013599528812
7.8275 60.8743135011816
7.8325 140.32734634466723
7.8374999999999995 -125.60176312731564
7.842499999999999 279.8755054198432
7.847499999999999 -355.0454982543503
7.8525 295.70706150311946
7.8575 78.90643983751588
7.8625 -133.67196122108865
7.8675 67.50703714462809
7.8725 -23.551997876942284
7.8774999999999995 -100.35052294019455
7.882499999999999 -143.05846511259676
7.887499999999999 50.98450908376864
7.8925 190.4992512261181
7.8975 57.08525546799764
7.9025 -39.633940551562226
7.9075 95.6010938273253
7.9125 -217.43362225581646
7.9174999999999995 -160.69507309113104
7.922499999999999 244.966213201291
7.927499999999999 -77.17758522833088
7.932499999999999 34.67717797523465
7.9375 10.204688986619121
7.9425 -46.32698594446314
7.9475 -65.06180817289004
7.9525 176.0891526032276
7.9575 56.82363300900208
7.9624999999999995 -53.925203383208824
7.967499999999999 -9.782047250360437
7.972499999999999 -4.052224241366077
7.9775 -19.09780776955999
7.9825 151.9120199934603
7.9875 -383.27598738998347
7.9925 84.4702899396974
7.9975 27.470011008868333
8.0025 83.039418201488
8.0075 -73.02102870090683
8.0125 17.07096377596733
8.0175 -50.136894723671084
8.022499999999999 145.53287386513642
8.0275 -216.71519175408943
8.032499999999999 178.48628297155943
8.0375 -182.85953967247391
8.0425 128.9059832537873
8.0475 -271.57751615944676
8.0525 -47.430410545237166
8.0575 224.99611898055946
8.0625 -290.3427020342934
8.067499999999999 -191.68387819204875
8.0725 75.69305353421828
8.077499999999999 196.74437539770014
8.0825 112.08889990042874
8.0875 48.0839183143818
8.0925 -66.01364139321888
8.0975 43.35661565912567
8.1025 500.5285721286802
8.1075 -387.4769117058898
8.112499999999999 -98.54611883535976
8.1175 103.97502049443547
8.1225 10.435069472752732
8.1275 187.64257256813946
8.1325 -102.55687054168301
8.1375 127.61564920709172
8.1425 -261.17625547811906
8.147499999999999 86.46360107453158
8.1525 210.76061770642983
8.157499999999999 -134.55446152321142
8.1625 88.95169685052322
8.1675 -46.981787452271455
8.1725 365.4189819770788
8.1775 -136.72419047816655
8.1825 -179.92716809175607
8.1875 -306.79109460638665
8.192499999999999 111.83217777926619
8.1975 206.08489722225505
8.202499999999999 -76.29956748329892
8.2075 -75.47480408499291
8.2125 -8.83464763769373
8.2175 -7.5764546806511
8.2225 -71.77188717746847
8.2275 111.16247248626635
8.2325 10.136138469765207
8.237499999999999 108.04148507201602
8.2425 -22.57721658547143
8.2475 81.5026830601447
8.2525 45.67072365148652
8.2575 25.952840967331227
8.2625 -69.34960048715509
8.2675 -85.45763768113979
8.272499999999999 23.48998289832552
8.2775 110.25004960892001
8.282499999999999 -162.0003459244913
8.2875 36.0972993267523
8.2925 82.12442080788617
8.2975 -20.59497815352679
8.3025 184.75269646025646
8.3075 -74.2909884690012
8.3125 160.17127367611704
8.317499999999999 -141.18087121669473
8.3225 -160.87891951339378
8.327499999999999 -73.01246781426535
8.3325 -153.05242404542747
8.3375 163.0414429019105
8.3425 63.121325972139466
8.3475 -164.22982081519132
8.3525 78.37905158723815
8.3575 34.48002204540946
8.362499999999999 198.973971872465
8.3675 43.48527107420153
8.3725 -284.7619360885491
8.3775 229.9279710347248
8.3825 -88.74206513243718
8.3875 76.20223049167122
8.3925 30.231659811799787
8.397499999999999 159.0841213391861
8.4025 -210.3995217185118
8.407499999999999 -260.42709815679177
8.4125 148.86561571839655
8.4175 -183.5780599148202
8.4225 91.76544133299156
8.4275 123.0262926211108
8.4325 -116.91416983699919
8.4375 55.966950898824024
8.442499999999999 81.99227024570038
8.4475 -66.96862290395325
8.452499999999999 -70.77024159739136
8.4575 1.723910716887226
8.4625 -108.59110583700237
8.4675 13.39478957298434
8.4725 118.86575224179683
8.4775 -16.53846188940523
8.4825 -148.7427558104101
8.487499999999999 236.0447482252656
8.4925 53.78590409908241
8.4975 17.44703249934739
8.5025 -176.4339945517538
8.5075 215.78184806198044
8.5125 -136.34361985477628
8.5175 -10.117453078038352
8.522499999999999 -166.0128774425685
8.5275 -37.92931590957921
8.532499999999999 39.44763836804233
8.5375 -159.0126518836853
8.5425 259.777242383464
8.5475 121.75291034054261
8.5525 -339.7538412110859
8.5575 605.1404839034026
8.5625 -499.7378572687322
8.567499999999999 137.3668970032157
8.5725 -202.74752780580084
8.577499999999999 -20.787001498901667
8.5825 83.12660720019963
8.5875 -237.32664981177777
8.5925 105.71555533208063
8.5975 -108.21083430514817
8.6025 158.5071870561592
8.6075 -49.77570504759923
8.612499999999999 80.12465716462533
8.6175 -87.47249880195511
8.6225 -78.39543280303542
8.6275 145.43877437819557
8.6325 -207.69529342450122
8.6375 91.87652258732253
8.6425 91.36498632004047
8.647499999999999 -0.33437775809091946
8.6525 272.9118886386569
8.657499999999999 100.45284303629678
8.6625 148.7039928630974
8.6675 -266.39765129806017
8.6725 -10.286428742815513
8.6775 -31.54784599923738
8.6825 18.287407607378128
8.6875 134.23027840473677
8.692499999999999 -136.20092108546112
8.6975 -12.005712159677623
8.702499999999999 101.8572650428222
8.7075 -65.51934650951729
8.7125 285.96994759136095
8.7175 -118.06591515579127
8.7225 3.6479631471653016
8.7275 -12.320722918405615
8.7325 -139.5578036916419
8.737499999999999 88.34160380343077
8.7425 83.82652665964338
8.747499999999999 190.447352989102
8.7525 -299.40665063899985
8.7575 -163.84188711873318
8.7625 136.5797378192411
8.7675 -128.41396359742845
8.772499999999999 7.203559840859048
8.7775 57.01545154312492
8.782499999999999 -132.36049523232307
8.7875 -53.13116680450315
8.7925 -16.316387279179754
8.7975 -99.04838760731198
8.8025 162.23212594321515
8.8075 68.01852248871417
8.8125 146.24984364748738
8.817499999999999 -88.76048656568565
8.8225 225.35194343081022
8.827499999999999 -202.49676350119083
8.8325 26.531340053062404
8.8375 68.92826406899482
8.8425 279.3886362434247
8.8475 -250.91321515392707
8.8525 32.219643025014584
8.8575 63.68079873074127
8.862499999999999 -9.611591918041263
8.8675 99.01915729806784
8.872499999999999 -198.96417685493188
8.8775 482.10537749026867
8.8825 -72.4827044557962
8.8875 50.44979829666866
8.8925 -179.96780616733457
8.897499999999999 187.0045023895488
8.9025 -187.83261661968004
8.907499999999999 138.13966025232148
8.9125 -288.0857773040256
8.9175 80.27250970349301
8.9225 141.01558557565085
8.9275 -197.12641753039432
8.9325 -78.50372209774821
8.9375 189.91523059219676
8.942499999999999 -321.7329092932905
8.9475 164.28258066741992
8.952499999999999 -64.28020132787522
8.9575 91.06037481480405
8.9625 -52.495413466848845
8.9675 141.43564115042702
8.9725 -65.98995381726706
8.9775 -17.375757394131988
8.9825 10.33820092189423
8.987499999999999 155.32927566704495
8.9925 86.10749003327088
8.997499999999999 -214.68418653272005
9.0025 -79.18817722209126
9.0075 -106.43969396879854
9.0125 -23.228977438983534
9.0175 -58.577877371046284
9.022499999999999 203.68962430052372
9.0275 -76.32538646475057
9.032499999999999 -73.4140444533728
9.0375 -243.6149360631994
9.0425 89.23915158100348
9.0475 320.90187951281285
9.0525 39.10045026813558
9.0575 -49.65022529250194
9.0625 5.217574343306571
9.067499999999999 -133.60052558280063
9.0725 39.299558056429824
9.077499999999999 -217.32364762701044
9.0825 47.33391622065607
9.0875 44.62918474757204
9.0925 -149.78846613989893
9.0975 229.8893778313987
9.1025 -177.054533499038
9.1075 76.66972069453858
9.112499999999999 73.46260070762031
9.1175 -35.57662162207773
9.122499999999999 -12.715542562586421
9.1275 12.656834038927034
9.1325 92.81803747861849
9.1375 323.845656113039
9.1425 -102.87184537784638
9.147499999999999 -183.57294575219788
9.1525 -106.40059706006103
9.157499999999999 -120.7832771604914
9.1625 99.19838497329708
9.1675 43.94564992512219
9.1725 103.2765755707388
9.1775 -63.86321982985463
9.1825 17.429673084483216
9.1875 -19.615675092788372
9.192499999999999 42.48385366162266
9.1975 -53.20092316158427
9.202499999999999 86.08958638497374
9.2075 -160.33776147302254
9.2125 218.23994856232014
9.2175 -99.42318917209448
9.2225 209.11506555079376
9.2275 13.055055273648398
9.2325 -6.549076175376014
9.237499999999999 -59.06885172025051
9.2425 -322.6956177081958
9.247499999999999 207.04376731771166
9.2525 77.68520948885224
9.2575 -66.27507923918097
9.2625 149.76838055765944
9.2675 -148.87658565380275
9.272499999999999 -146.51608235341124
9.2775 -23.677804751071093
9.282499999999999 199.51366748286188
9.2875 -130.28409125802577
9.2925 -77.21204325760851
9.2975 0.31890579109003075
9.3025 105.30255110672564
9.3075 30.726539325371462
9.3125 -57.53745805372861
9.317499999999999 60.30299708618838
9.3225 157.61374734623092
9.327499999999999 -398.02968218528156
9.3325 312.73163569498126
9.3375 -30.225744562828357
9.3425 -158.71413945094687
9.3475 63.29567383671546
9.3525 42.673450062742766
9.3575 -59.030210357002616
9.362499999999999 -377.8710131853771
9.3675 336.44897658380324
9.372499999999999 -137.8199947582031
9.3775 -101.2875194834196
9.3825 238.212096290536
9.3875 -73.62451620681573
9.3925 -56.95877790774507
9.397499999999999 77.67088914927044
9.4025 166.1734473588129
9.407499999999999 -72.41784357614613
9.4125 253.68574151995574
9.4175 -373.2530364474123
9.4225 -335.99099704439533
9.4275 554.939766296073
9.4325 -105.01246159429542
9.4375 -55.360664064565746
9.442499999999999 -162.64949666814454
9.4475 -66.53522439915525
9.452499999999999 329.8843881765737
9.4575 -95.43067454915521
9.4625 -9.115789997224635
9.4675 -74.33863152691778
9.4725 38.094694186101044
9.4775 -78.0887304203208
9.4825 206.20725895137855
9.487499999999999 -86.66985370302412
9.4925 -61.18070823936859
9.497499999999999 297.6837236477279
9.5025 -441.4046573013628
9.5075 227.53691934329566
9.5125 -127.84216189885184
9.5175 -90.10285451300206
9.522499999999999 267.9446261467061
9.5275 -40.848926953209094
9.532499999999999 -246.18457158696916
9.5375 216.42204573143243
9.5425 -53.18191078241038
9.5475 15.10919410028462
9.5525 -3.390132163541512
9.5575 -268.56341298077064
9.5625 300.44172183647953
9.567499999999999 147.59840185535035
9.5725 245.37510883266364
9.577499999999999 -131.20974732393282
9.5825 -249.68141639991546
9.5875 12.247817612996526
9.5925 161.23704800798967
9.5975 13.377079090712243
9.6025 -179.21767086076508
9.6075 -234.33764163671276
9.612499999999999 255.6404548460068
9.6175 5.4122075353713806
9.622499999999999 207.527678474891
9.6275 -28.153114431581734
9.6325 -239.60608470001907
9.6375 -25.850449618229987
9.6425 -146.92444296226486
9.647499999999999 -18.2721259115436
9.6525 182.77318340618024
9.657499999999999 -69.37241750014931
9.6625 -79.00607376792644
9.6675 1.3280308965049066
9.6725 23.924894887878352
9.6775 152.228384098624
9.6825 -145.4427378344902
9.6875 217.62264356694166
9.692499999999999 191.90279641942286
9.6975 -151.16608136023834
9.702499999999999 -16.870017686615224
9.7075 23.610261908208884
9.7125 -64.42097172655207
9.7175 89.08656831670488
9.7225 -93.0802440411462
9.7275 -17.279131748234143
9.7325 153.21144942297835
9.737499999999999 19.371830092568143
9.7425 -78.03240410219102
9.747499999999999 235.7166636267891
9.7525 -246.32453774126924
9.7575 -52.38835106588098
9.7625 -227.7148392003212
9.7675 184.09546458699677
9.772499999999999 -169.03444672496488
9.7775 177.2771741857211
9.782499999999999 -112.43410758803304
9.7875 -91.38191308511556
9.7925 66.71949452346206
9.7975 87.80503595625967
9.8025 -13.984862040573251
9.8075 10.945549906121308
9.8125 94.3174721684157
9.817499999999999 66.6758768981329
9.8225 -4.426879221031472
9.827499999999999 144.33632350261595
9.8325 -3.2358764604293015
9.8375 6.710286118558957
9.8425 -40.37555071312615
9.8475 17.640446692736415
9.8525 1.5253478857406293
9.8575 -174.82675815355563
9.862499999999999 65.03005394162516
9.8675 -60.73306150328698
9.872499999999999 -73.68265444331398
9.8775 177.04666948383297
9.8825 -169.0991699754669
9.8875 219.7426823383435
9.8925 -135.98746710123362
9.897499999999999 -49.47246070516954
9.9025 63.294562737317975
9.907499999999999 107.06139408337707
9.9125 -83.33005997400484
9.9175 60.56320645939171
9.9225 143.1658226575661
9.9275 173.51115988560028
9.9325 -235.38298826668301
9.9375 130.47942290054084
9.942499999999999 -233.59813945861023
9.9475 -15.382144009734091
9.952499999999999 190.88799706202218
9.9575 47.72216045650055
9.9625 -159.3695844068904
9.9675 21.697910628324188
9.9725 65.99343343740766
9.9775 -226.48049040476846
9.9825 147.0388993586548
9.987499999999999 -145.33129195954928
9.9925 -78.96055079924393
9.997499999999999 86.11100412854674
10.0025 96.8629050945565
