0.0075 -257.5731282970363
0.012499999999999999 206.1339806039524
0.017499999999999998 173.1578784371207
0.0225 -19.42890617909759
0.0275 -80.98712793949954
0.0325 4.190681647952792
0.0375 -24.01284516863214
0.042499999999999996 -109.7216673694371
0.0475 180.64497356717584
0.0525 28.987347702156615
0.057499999999999996 -64.35022164343472
0.0625 -193.4789792737426
0.06749999999999999 318.973360512959
0.0725 35.89359048953784
0.0775 -135.47183118771423
0.08249999999999999 12.459288092686142
0.0875 -135.26439693053982
0.0925 116.82560663571088
0.09749999999999999 149.57565560380664
0.1025 -81.1798042070926
0.1075 299.2203949048034
0.11249999999999999 -202.48779897913937
0.1175 56.92855005651463
0.1225 -68.94142830728501
0.1275 110.64511413182876
0.1325 -134.1545886400252
0.13749999999999998 -52.106304984102096
0.1425 13.075532714486386
0.1475 -2.4030321956857583
0.1525 171.6020624268787
0.1575 84.98140605771651
0.1625 -279.66601791835353
0.16749999999999998 -85.4387571496206
0.1725 280.85810967215957
0.1775 26.099974331192183
0.1825 -79.3396933362106
0.1875 16.518992385727923
0.1925 -20.520724765061416
0.19749999999999998 -58.878186853106286
0.20249999999999999 -84.45610210569274
0.2075 7.49534297720509
0.2125 -194.71767351535206
0.2175 70.12292519698141
0.2225 21.633505000154624
0.22749999999999998 -58.346859185374676
0.23249999999999998 -88.49436662298419
0.2375 -9.356131618080564
0.2425 84.17798670744749
0.2475 113.07802330871378
0.2525 70.41992787250675
0.2575 -70.41953996144282
0.2625 -1.2153995111398148
0.2675 -155.74860654026597
0.27249999999999996 133.38557462767128
0.27749999999999997 -74.5577869682235
0.2825 -2.4316920902962815
0.2875 -174.80120644897863
0.2925 348.1872638692103
0.2975 71.04245680486477
0.3025 -252.0725352405525
0.3075 75.84894151820384
0.3125 25.762175508056817
0.3175 -107.73321459698496
0.3225 47.230667467045826
0.32749999999999996 -2.411258068226569
0.33249999999999996 -59.52030309015247
0.33749999999999997 72.73633092857155
0.34249999999999997 82.66904478361147
0.3475 -93.4408471135807
0.3525 82.19523563057048
0.3575 75.20919974787473
0.3625 87.83576856557737
0.3675 -69.34575137777857
0.3725 73.91013178093895
0.3775 -51.124262465955304
0.3825 -18.221811688566753
0.38749999999999996 -121.66734937088069
0.39249999999999996 89.11067867360933
0.39749999999999996 37.12530167407422
0.40249999999999997 194.06601608724574
0.4075 -88.18287817533837
0.4125 231.75215840644316
0.4175 -205.48276349043144
0.4225 121.22035710313496
0.4275 192.45315951828545
0.4325 29.625307711636584
0.4375 -222.14774961968556
0.4425 -68.2328850638156
0.44749999999999995 -317.6694706325437
0.45249999999999996 36.05482832863176
0.45749999999999996 -114.04893910853963
0.46249999999999997 3.8406641526416805
0.46749999999999997 134.9460285304895
0.4725 104.36803387838069
0.4775 -368.99012333820184
0.4825 54.736973339887115
0.4875 7.874972771522409
0.4925 -59.706007222184724
0.4975 11.503760506336004
0.5025 159.84596629979634
0.5075 12.186235284168832
0.5125 198.18883935273956
0.5175 21.6909808629678
0.5225 -245.73157120450122
0.5275 -76.29979565079718
0.5325 33.55119242487562
0.5375 132.94856208918054
0.5425 206.87214798903173
0.5475 -154.55888337299527
0.5525 62.331741554508405
0.5575 -133.32516425606573
0.5625 165.78377043108776
0.5675 89.89981096694743
0.5725 183.50016018867083
0.5775 -238.22332057875306
0.5825 -62.72895235196386
0.5875 386.8164252219601
0.5925 -450.57690125366844
0.5974999999999999 -82.16041732297091
0.6024999999999999 26.06668740383753
0.6074999999999999 -27.12147712863381
0.6124999999999999 -47.183511271726445
0.6174999999999999 -84.03771584459861
0.6224999999999999 -35.9723187045055
0.6275 264.2223600695166
0.6325 93.3904034114699
0.6375 -56.47140982874895
0.6425 330.02443025512207
0.6475 -92.18881112620977
0.6525 -127.70061962558172
0.6575 38.678074069369096
0.6625 -81.27955511611097
0.6675 42.707366885030595
0.6725 31.522990676766977
0.6775 -78.77720749026236
0.6825 89.93351554345979
0.6875 -153.9970679500018
0.6925 143.8839422909456
0.6975 -23.553883285246037
0.7025 -309.9363421206862
0.7075 179.20220330184446
0.7125 185.59268345984657
0.7174999999999999 -275.3870907798532
0.7224999999999999 202.5298116356
0.7274999999999999 -78.80088189954155
0.7324999999999999 -137.22888965669034
0.7374999999999999 178.40361429468607
0.7424999999999999 -43.031466907902505
0.7474999999999999 7.4614327341415425
0.7525 69.64797212449378
0.7575 92.01176059750924
0.7625 -294.78643569724903
0.7675 215.46845740433685
0.7725 -97.15457432808206
0.7775 -121.11338014984253
0.7825 1.9503838675093808
0.7875 56.26675299110707
0.7925 232.37336731613647
0.7975 12.892077624484182
0.8025 -66.26985994055457
0.8075 209.41360114240166
0.8125 17.729553140574055
0.8175 -243.6282238593217
0.8225 142.2264476589693
0.8275 -298.66168454671185
0.8325 -20.069679859635883
0.8374999999999999 147.33268399371713
0.8424999999999999 -229.75611738697194
0.8474999999999999 78.52166305024706
0.8524999999999999 88.03630904575222
0.8574999999999999 -135.64080070091669
0.8624999999999999 179.37341777795794
0.8674999999999999 98.40301235151554
0.8724999999999999 -34.19522719661983
0.8775 -138.70372901028887
0.8825 32.753268560844504
0.8875 174.58541654817637
0.8925 50.469764655140054
0.8975 33.2261369012606
0.9025 -84.19033618282609
0.9075 -89.60874128168302
0.9125 95.31361113514183
0.9175 -21.756845214130056
0.9225 90.5212460703717
0.9275 -292.82904444701273
0.9325 80.94859355443853
0.9375 137.34874808143718
0.9425 110.69990578010149
0.9475 237.08516504247802
0.9524999999999999 223.30599146191477
0.9574999999999999 -550.3952427813158
0.9624999999999999 -248.0260481732285
0.9674999999999999 386.2081623176874
0.9724999999999999 -200.7983963100824
0.9774999999999999 329.5139611051231
0.9824999999999999 -54.89149551803099
0.9874999999999999 -121.25887540199258
0.9924999999999999 39.024278344972174
0.9974999999999999 -177.08376298587913
1.0025 138.42013409687266
1.0075 -127.71763889455028
1.0125 -57.13826888353024
1.0174999999999998 251.29822076661657
1.0225 59.4357132139952
1.0274999999999999 -307.3004460448677
1.0325 46.549787690556755
1.0374999999999999 84.60989331557033
1.0425 -288.6612776451193
1.0474999999999999 368.8452319766009
1.0525 -40.61486999654424
1.0574999999999999 76.54303148064072
1.0625 209.71848012600145
1.0675 -112.26411474228506
1.0725 184.97734716575127
1.0775 -326.89417478630776
1.0825 -23.86688247904458
1.0875 -206.7213982558534
1.0925 173.4625212923608
1.0975 -80.47016039098456
1.1025 26.573184807719237
1.1075 -79.23084457716061
1.1125 58.169058308994316
1.1175 228.13777596184698
1.1225 -402.42893780943183
1.1275 104.12875341238588
1.1324999999999998 150.66467867737117
1.1375 31.190365607577895
1.1424999999999998 87.6008129691153
1.1475 -204.0635860931183
1.1524999999999999 35.24476502273336
1.1575 109.97671678861708
1.1624999999999999 -216.27822652022127
1.1675 -91.13615300429005
1.1724999999999999 307.1994152135567
1.1775 -0.33920532970331424
1.1824999999999999 -152.02628322382515
1.1875 -69.2823063389709
1.1925 241.89011793969863
1.1975 146.21773742772314
1.2025 -138.17242959210154
1.2075 163.01195402915187
1.2125 -41.03105461891928
1.2175 -284.5134597091847
1.2225 257.7981207109925
1.2275 -60.39827061925506
1.2325 141.60396915636545
1.2375 66.47986601650251
1.2425 42.47912346252971
1.2475 18.18515514570157
1.2525 28.456838531046387
1.2574999999999998 -220.49121384385674
1.2625 -151.38242165016024
1.2674999999999998 -42.18325179883535
1.2725 109.27643205064093
1.2774999999999999 -8.954118455665757
1.2825 47.15564398037773
1.2874999999999999 215.44951400832957
1.2925 3.5604703856683892
1.2974999999999999 97.54602884707293
1.3025 -348.76741585345894
1.3074999999999999 2.3412153833044966
1.3125 -22.403828498134345
1.3175 -72.03247630349762
1.3225 -20.541304052291355
1.3275 -13.545054318644416
1.3325 141.60768391798203
1.3375 10.76734714245143
1.3425 -251.0940942802444
1.3475 246.36403440367434
1.3525 136.8760681864527
1.3575 253.05425941470816
1.3625 -277.30763418085814
1.3675 -156.36569402648956
1.3724999999999998 -46.135734473681545
1.3775 231.4823575111139
1.3824999999999998 7.82033389283762
1.3875 54.25863215398867
1.3924999999999998 -196.47837104374537
1.3975 135.00309185332384
1.4024999999999999 -141.37451265649062
1.4075 226.1351352109556
1.4124999999999999 -226.27617259455403
1.4175 20.065290118951683
1.4224999999999999 -138.00734145937074
1.4275 18.647292606825932
1.4324999999999999 178.6727064430791
1.4375 165.32811019982535
1.4425 77.34920232007455
1.4475 -90.57219229363352
1.4525 -108.52651298672572
1.4575 32.17835293186121
1.4625 -183.01379123067483
1.4675 -100.73370952895336
1.4725 216.9743536489941
1.4775 -115.6927467828562
1.4825 -203.39456293409248
1.4874999999999998 216.91618639811676
1.4925 109.94192098196457
1.4974999999999998 3.0472911544975285
1.5025 -32.80315043009737
1.5074999999999998 -159.56528185427578
1.5125 184.26944511703277
1.5174999999999998 86.51860336380159
1.5225 -75.30311949753984
1.5274999999999999 -133.27936690083433
1.5325 -64.29017811292732
1.5374999999999999 220.31677099173012
1.5425 -279.9293730818572
1.5474999999999999 99.81794105026515
1.5525 -175.3642928835279
1.5574999999999999 -74.69588051081105
1.5625 71.89089534438868
1.5675 -93.60113228099794
1.5725 238.45512573011368
1.5775 -157.43228312949782
1.5825 186.21234184375228
1.5875 -108.23432318852652
1.5925 72.85448063830687
1.5975 90.80140286210452
1.6025 52.35171268167483
1.6075 84.27734221331028
1.6124999999999998 -28.473293697324635
1.6175 -94.84223557137213
1.6224999999999998 -94.12947320295235
1.6275 197.79208449552715
1.6324999999999998 -195.37011413431742
1.6375 314.9517936145848
1.6424999999999998 -318.3726273335054
1.6475 -94.50061514001777
1.6524999999999999 264.7806158690021
1.6575 -162.14079920455757
1.6624999999999999 275.38784890386773
1.6675 -79.46553336962981
1.6724999999999999 89.75424773496242
1.6775 38.81974022943254
1.6824999999999999 -170.83257503933737
1.6875 -27.28415285719552
1.6925 -96.19972481303495
1.6975 118.3625964588263
1.7025 -115.5693900776439
1.7075 194.4466598716101
1.7125 -188.67243907287067
1.7175 -31.83696395761724
1.7225 215.86691420818377
1.7274999999999998 -230.9639160518782
1.7325 81.41487341031004
1.7374999999999998 459.3862651955985
1.7425 -142.70502220995317
1.7474999999999998 -146.7067966963221
1.7525 180.07549459794132
1.7574999999999998 -47.325262172198705
1.7625 -319.2414391647468
1.7674999999999998 29.023725812250003
1.7725 -85.20429912344323
1.7774999999999999 103.18868371349669
1.7825 77.20174150822085
1.7874999999999999 -15.016358613913686
1.7925 88.97364514274268
1.7974999999999999 -59.067646932699176
1.8025 188.9721216864407
1.8074999999999999 -153.9061686635461
1.8125 -31.843303698139625
1.8175 53.50150870789535
1.8225 -69.22610792096127
1.8275 -59.53128723668311
1.8325 -67.44707409448176
1.8375 -63.433211204577965
1.8425 170.38424380076097
1.8475 -146.82973792352072
1.8524999999999998 -181.55281651491197
1.8575 -0.43626428331266404
1.8624999999999998 365.0958487712158
1.8675 16.86064321309849
1.8724999999999998 20.081426011923377
1.8775 84.04922063804317
1.8824999999999998 -171.3717135210216
1.8875 15.987273163686933
1.8924999999999998 -133.6677139370583
1.8975 12.190715472738903
1.9024999999999999 59.00250603303946
1.9075 -106.40853713109885
1.9124999999999999 50.29401449469966
1.9175 135.1970293582126
1.9224999999999999 -156.04506197853127
1.9275 93.15987489278984
1.9324999999999999 101.81360820531627
1.9375 -181.73362254604746
1.9425 88.7024821506094
1.9475 1.5066197290559113
1.9525 112.51015499937682
1.9575 -112.62366188211769
1.9625 -134.15778903788708
1.9674999999999998 25.33201937657165
1.9725 212.63806093809572
1.9774999999999998 85.92999782582393
1.9825 14.940881752900012
1.9874999999999998 85.89337760027682
1.9925 11.787553766916389
1.9974999999999998 -37.93855156146349
2.0025 -41.54316801575575
2.0075 -74.52634622054781
2.0124999999999997 208.98619797218274
2.0175 -147.31894640892648
2.0225 53.029139352297186
2.0275 -98.6379695434395
2.0324999999999998 109.57530426825946
2.0375 -94.88346983980743
2.0425 89.88920114538256
2.0475 78.9543067535388
2.0524999999999998 -162.14988327111428
2.0575 166.2975299498407
2.0625 -35.05971933946768
2.0675 30.97412185132431
2.0725 -28.96915904186339
2.0775 -71.94605003425752
2.0825 59.23474580795641
2.0875 -64.22699247648521
2.0925 -125.69006319252861
2.0974999999999997 94.47723020838312
2.1025 168.94578509848122
2.1075 -0.9967616903048292
2.1125 -41.89223665534026
2.1174999999999997 16.054470399897376
2.1225 96.17705708263978
2.1275 -298.15032802383735
2.1325 304.58213400018064
2.1374999999999997 -289.8656243226269
2.1425 -155.55900954701568
2.1475 239.7657319458495
2.1525 87.32923435093578
2.1574999999999998 -1.67997228858185
2.1625 169.71670228304447
2.1675 16.313986125484185
2.1725 -56.00584885181909
2.1774999999999998 14.665080670813786
2.1825 -58.507272557201176
2.1875 14.253766779762469
2.1925 -16.535410182012225
2.1975 13.178460730912668
2.2024999999999997 -25.864692849303143
2.2075 37.761967550137044
2.2125 -105.64355282782812
2.2175 -47.514909891268246
2.2224999999999997 -101.00683951177155
2.2275 164.95494607238322
2.2325 103.6806796846481
2.2375 -17.52384783774989
2.2424999999999997 73.77091105275053
2.2475 -80.86660444564168
2.2525 179.0470971024088
2.2575 -173.14923333640834
2.2624999999999997 -76.32346769977967
2.2675 35.177536929961015
2.2725 36.63329701834674
2.2775 -60.70401857035052
2.2824999999999998 -63.69171761136699
2.2875 157.42354223527985
2.2925 -63.666725769992645
2.2975 213.34019996464477
2.3024999999999998 -232.2954519972255
2.3075 103.09529504594772
2.3125 -234.2839735883637
2.3175 241.621705589655
2.3225 35.31697227244566
2.3274999999999997 -365.53387470762345
2.3325 -17.217810746195102
2.3375 251.54845366728097
2.3425 -123.61854070658673
2.3474999999999997 99.12908389853655
2.3525 145.5611008426769
2.3575 -174.4775950363104
2.3625 -80.41284692604286
2.3674999999999997 -99.86828080063222
2.3725 90.36271018710772
2.3775 -14.363032957697301
2.3825 53.701932143670135
2.3874999999999997 -8.224709860294436
2.3925 85.38750499242947
2.3975 -300.7961149106946
2.4025 143.85916236638553
2.4074999999999998 28.1744771728397
2.4125 122.83245262032595
2.4175 -121.14247570012522
2.4225 101.1526511752656
2.4274999999999998 -96.0554490036583
2.4325 126.92713470136398
2.4375 -52.02695559167344
2.4425 69.98279766458963
2.4475 150.41354508090197
2.4524999999999997 -377.2379691722839
2.4575 -71.80733235355804
2.4625 69.54983865197397
2.4675 151.3206464184765
2.4724999999999997 -95.78566843813206
2.4775 31.953850982627518
2.4825 64.39547275856972
2.4875 -70.62251011625051
2.4924999999999997 98.24332530137816
2.4975 -12.703420999761144
2.5025 315.75490241724344
2.5075 -121.67026501991543
2.5124999999999997 -142.71036375056684
2.5175 -78.96566285651447
2.5225 77.77429008033843
2.5275 -62.98679294125511
2.5324999999999998 -57.073351545911756
2.5375 18.87786601226368
2.5425 -181.45733407502607
2.5475 126.1602183430893
2.5524999999999998 104.6231347470946
2.5574999999999997 52.193091334287374
2.5625 -91.97810719194177
2.5675 62.536759262602395
2.5725 71.55563518073646
2.5774999999999997 -54.61791385501748
2.5825 175.31656376935766
2.5875 293.8769905284985
2.5925 -193.2038300611987
2.5974999999999997 -276.3381707447935
2.6025 60.16260565083043
2.6075 0.08987641445587806
2.6125 -1.205713906106579
2.6174999999999997 306.0406969696969
2.6225 -248.96931090124843
2.6275 56.26953995051479
2.6325 -120.65828018887223
2.6374999999999997 87.46760866191977
2.6425 167.86694271657748
2.6475 -267.3367249681847
2.6525 -64.36301178703198
2.6574999999999998 -185.2623776494587
2.6625 -64.08223510078692
2.6675 44.6213546811643
2.6725 -89.85979638800647
2.6774999999999998 425.77167168113345
2.6824999999999997 66.92297756169901
2.6875 -7.028571620383266
2.6925 -138.962070459477
2.6975 -137.79797541036135
2.7024999999999997 -102.25745557095696
2.7075 157.86256334515298
2.7125 146.95493424563574
2.7175 -133.47245861354497
2.7224999999999997 -76.52182986458553
2.7275 131.97977453682682
2.7325 -5.150246180532827
2.7375 106.84064387100044
2.7424999999999997 -41.02217398197749
2.7475 -59.82578028972048
2.7525 -14.452977796085761
2.7575 5.792433802162507
2.7624999999999997 26.661091632696614
2.7675 -79.729395264988
2.7725 -6.3493105304453765
2.7775 -111.60529938132412
2.7824999999999998 154.0452620508485
2.7875 126.3331993738198
2.7925 -105.87352250719728
2.7975 -54.02382174455854
2.8024999999999998 83.07478344000249
2.8074999999999997 -136.2495508296439
2.8125 -9.160660931884244
2.8175 17.56039460625785
2.8225 24.007626593720403
2.8274999999999997 32.13774266995336
2.8325 -10.377204142477888
2.8375 150.19852787298404
2.8425 126.39243351170742
2.8474999999999997 -94.97430928821825
2.8525 161.05363870938848
2.8575 12.496962573132915
2.8625 -66.38075921354177
2.8674999999999997 -166.43933486574434
2.8725 126.95160836303353
2.8775 -159.68731251683317
2.8825 362.530477242706
2.8874999999999997 -84.44647643739275
2.8925 -231.15362643805904
2.8975 53.58039031747723
2.9025 183.88854429882366
2.9074999999999998 -90.17195373716145
2.9125 -64.08795948029378
2.9175 184.0274968516621
2.9225 -386.41103130458566
2.9274999999999998 27.394144217791283
2.9324999999999997 93.29618967629932
2.9375 261.65508451349837
2.9425 -38.49767409150847
2.9475 -87.76796085959346
2.9524999999999997 -70.28156320008635
2.9575 -42.48765882178095
2.9625 -48.56015862238111
2.9675 75.27373466808156
2.9724999999999997 81.10420303163603
2.9775 20.51520940134212
2.9825 -134.88637930934166
2.9875 264.4023874165616
2.9924999999999997 -54.614911212189575
2.9975 -188.66037326897123
3.0025 -130.5111518511364
3.0075 107.67252830916091
3.0124999999999997 125.63255430817755
3.0175 -41.03210967977391
3.0225 -148.1556247659671
3.0275 -38.58672765883091
3.0324999999999998 51.9782013027749
3.0374999999999996 73.94399570626354
3.0425 132.81318494382023
3.0475 136.48463750070184
3.0524999999999998 -91.22477739236422
3.0574999999999997 -128.7891092556411
3.0625 139.86480381715162
3.0675 -210.55287994552714
3.0725 332.04921498029717
3.0774999999999997 -47.71709563806039
3.0825 -69.70798037391094
3.0875 39.811225973989856
3.0925 39.33990166237735
3.0974999999999997 -164.19353297205515
3.1025 44.421393238518895
3.1075 -142.85333582085886
3.1125 61.988864096561876
3.1174999999999997 -52.838311451975144
3.1225 184.17646115401777
3.1275 120.0613069045138
3.1325 -150.30710270603086
3.1374999999999997 213.8141099114018
3.1425 -29.370731207098306
3.1475 -69.3592653676318
3.1525 -30.396246081302024
3.1574999999999998 55.10967126349628
3.1624999999999996 -28.658905193878955
3.1675 -153.67285423813425
3.1725 -137.47949333776342
3.1774999999999998 138.32389782591613
3.1824999999999997 -3.083405865346601
3.1875 -69.68765305452311
3.1925 -33.168633263840896
3.1975 -125.6747162390132
3.2024999999999997 -168.56168446631636
3.2075 158.97027171175606
3.2125 -11.151708714875534
3.2175 161.8189655928678
3.2224999999999997 171.10514289940056
3.2275 2.8140022749799374
3.2325 -7.867174359407518
3.2375 -69.39083398253152
3.2424999999999997 -163.0964120247583
3.2475 26.881384260024117
3.2525 142.67926389460348
3.2575 -162.78569229110815
3.2624999999999997 242.94908713317088
3.2675 -37.62174613838272
3.2725 -58.79908446120541
3.2775 102.02201284872875
3.2824999999999998 -174.81741159856597
3.2874999999999996 -217.6452304736225
3.2925 66.91750595804525
3.2975 -36.837212673476635
3.3024999999999998 156.6570177684998
3.3074999999999997 7.340978864924701
3.3125 199.66499235537927
3.3175 -94.46892778656773
3.3225 -45.01405124256401
3.3274999999999997 -54.39380009646473
3.3325 -218.34930133929464
3.3375 157.9502735500126
3.3425 -22.48092536154406
3.3474999999999997 160.80878406140928
3.3525 -120.69932504144032
3.3575 114.99141029008564
3.3625 9.940384473947086
3.3674999999999997 157.38118298528383
3.3725 78.90264056576335
3.3775 165.35973023958687
3.3825 -253.33134129905832
3.3874999999999997 34.4769503042785
3.3924999999999996 21.678996049319313
3.3975 40.47228713671292
3.4025 -237.00629770981286
3.4074999999999998 256.4851106769753
3.4124999999999996 -147.66068375309644
3.4175 181.30028989928456
3.4225 -24.182215159216913
3.4274999999999998 -45.147801345758275
3.4324999999999997 225.09790293567454
3.4375 -206.9946747251003
3.4425 -56.72474437311868
3.4475 286.0811627329062
3.4524999999999997 -142.38879495265462
3.4575 -173.48767626560132
3.4625 41.66013989631125
3.4675 13.194474887674986
3.4724999999999997 239.04790354594505
3.4775 -183.93169606572914
3.4825 217.40685514235287
3.4875 -76.96471587397349
3.4924999999999997 -215.84931983277227
3.4975 95.12397017622524
3.5025 32.22010830775612
3.5075 7.171675488985832
3.5124999999999997 -278.8884677407934
3.5174999999999996 288.23142590144573
3.5225 158.720640579841
3.5275 -150.2679680983382
3.5324999999999998 -29.52029434428048
3.5374999999999996 -366.6257909292756
3.5425 168.18126055140365
3.5475 -57.066749031171376
3.5524999999999998 -162.35556403343188
3.5574999999999997 7.400329109672927
3.5625 126.69444227581613
3.5675 364.82024572378054
3.5725 -231.61899049880597
3.5774999999999997 50.71856170589617
3.5825 15.406366739789359
3.5875 -95.25850717109223
3.5925 76.49942444786265
3.5974999999999997 25.84384934042586
3.6025 -210.61044270138905
3.6075 -3.244266418823815
3.6125 49.89200033717718
3.6174999999999997 -222.71048822298283
3.6225 281.187478321392
3.6275 20.576758241918196
3.6325 103.5787570065889
3.6374999999999997 -130.02248795690892
3.6424999999999996 236.92353716640832
3.6475 -147.08013287047928
3.6525 104.07411765883263
3.6574999999999998 -25.800400003429907
3.6624999999999996 -76.06901346190072
3.6675 173.4339145455465
3.6725 -81.91423804687
3.6774999999999998 141.8764037809688
3.6824999999999997 -416.11739151898564
3.6875 149.6348467793597
3.6925 37.276130522424616
3.6975 -89.8570633782379
3.7024999999999997 25.20154046369258
3.7075 77.49712644090249
3.7125 15.878931629933309
3.7175 41.64319469296008
3.7224999999999997 -19.915117679808347
3.7275 -87.484144012494
3.7325 -355.25959874605235
3.7375 269.33177893953234
3.7424999999999997 -34.44434324106548
3.7474999999999996 -38.79396680910909
3.7525 318.56416019770967
3.7575 261.41875509276497
3.7624999999999997 -333.2060760119412
3.7674999999999996 154.1481359202589
3.7725 -127.60515300873028
3.7775 153.94973944479835
3.7824999999999998 4.527559774441518
3.7874999999999996 -242.24373568522765
3.7925 89.59104793829017
3.7975 112.20230016684006
3.8024999999999998 189.01491046109427
3.8074999999999997 -144.923653124496
3.8125 -197.27527988150163
3.8175 110.96703008251045
3.8225 -187.47759325577837
3.8274999999999997 -111.09755764875311
3.8325 300.8283006732804
3.8375 -135.37163345067844
3.8425 90.8639532826658
3.8474999999999997 27.22146057211056
3.8525 3.6870208272779887
3.8575 -2.3338914237249884
3.8625 -144.93356675310693
3.8674999999999997 163.513606200316
3.8724999999999996 -164.4090489345182
3.8775 38.18758549719005
3.8825 47.4405501825384
3.8874999999999997 -29.55458822191217
3.8924999999999996 76.23135369114398
3.8975 -77.09104487534167
3.9025 -51.900724016280904
3.9074999999999998 259.68582730638434
3.9124999999999996 -145.7598205554266
3.9175 155.30012536116814
3.9225 -157.01123346682806
3.9274999999999998 85.83386493092902
3.9324999999999997 -370.60395892863204
3.9375 271.561381861937
3.9425 -33.068704919311536
3.9475 7.250639147662596
3.9524999999999997 138.68864074364836
3.9575 -94.41375446104611
3.9625 137.06873775968506
3.9675 -41.10941344333937
3.9724999999999997 136.65528154162158
3.9775 -113.56627434839324
3.9825 -167.47808755452587
3.9875 -18.59079182411615
3.9924999999999997 -2.4185996272310426
3.9974999999999996 110.79017088279217
4.0024999999999995 -129.06562507586972
4.007499999999999 76.21153696890495
4.0125 112.11008094818399
4.0175 12.345377796584106
4.0225 -117.46932047289441
4.0275 136.51612298710268
4.0325 85.73488772223867
4.0375 -67.57531712377934
4.0424999999999995 31.387998119962333
4.047499999999999 -28.013564873763467
4.0525 80.62326394033974
4.0575 -289.32819301806046
4.0625 163.3922881952213
4.0675 90.59573538981999
4.0725 -69.13643237022285
4.0775 81.08320652289797
4.0825 199.28268394503013
4.0874999999999995 -290.23949532192637
4.0925 192.1224616519224
4.0975 125.37463093579672
4.1025 2.731060212833379
4.1075 -68.96378240605846
4.1125 -45.9481307880133
4.1175 -1.687823145338335
4.1225 -151.09172112517055
4.1274999999999995 -31.916531056577533
4.132499999999999 169.800768847702
4.1375 50.96295600555208
4.1425 14.08336539708244
4.1475 -581.5532533593151
4.1525 484.9862500613002
4.1575 -1.9476359229016769
4.1625 -39.82756159576282
4.1674999999999995 -1.3894495342323554
4.172499999999999 35.66405319678878
4.1775 9.074290092608772
4.1825 -265.48882646689157
4.1875 394.96432474406254
4.1925 -30.141107579425206
4.1975 -64.2379292854971
4.2025 -11.285264204615418
4.2075 -212.03958759059998
4.2124999999999995 232.96814938984633
4.2175 -61.602079264248594
4.2225 -183.02808781925694
4.2275 183.4065913819609
4.2325 -77.93645611639468
4.2375 -72.80669520597675
4.2425 -34.29123936274909
4.2475 355.67501896125367
4.2524999999999995 -482.1987511571863
4.257499999999999 177.22584919651715
4.2625 -290.39118861455574
4.2675 219.69647460399727
4.2725 169.44286312564046
4.2775 -14.92624403153864
4.2825 -154.54000349939852
4.2875 77.45919760764481
4.2924999999999995 8.423281639186062
4.297499999999999 -111.48675027977848
4.3025 65.59343760496759
4.3075 87.445084078997
4.3125 -116.07010259988341
4.3175 20.42732780768988
4.3225 60.18751498873222
4.3275 9.754442404268499
4.3325 30.942665527335105
4.3374999999999995 170.9801615143749
4.342499999999999 201.1690008396601
4.3475 -232.9587020185245
4.3525 104.83347531080526
4.3575 -167.6230281081643
4.3625 47.06717051970869
4.3675 3.395513047916393
4.3725 249.4085108344377
4.3774999999999995 -163.49894978984562
4.382499999999999 -99.53904483790562
4.3875 -29.100358363353767
4.3925 165.60722416806067
4.3975 -90.58752886019859
4.4025 85.05967435201043
4.4075 -303.32661168186036
4.4125 138.4235448983272
4.4174999999999995 172.39544654391187
4.422499999999999 -12.154782052415044
4.4275 -463.24868013214655
4.4325 102.0384805648773
4.4375 167.65481497238167
4.4425 76.44008602927008
4.4475 -7.97988797685216
4.4525 -23.239895003764396
4.4575 -8.380442204505487
4.4624999999999995 154.24803305253704
4.467499999999999 -68.55227324363031
4.4725 -82.37682748425478
4.4775 126.25062043756569
4.4825 17.965628274288765
4.4875 -93.5897589075585
4.4925 91.18825065759421
4.4975 -169.2378762741084
4.5024999999999995 10.17637516331808
4.507499999999999 227.97445854869054
4.5125 20.91470292645599
4.5175 -141.65336794607506
4.5225 26.163968866812247
4.5275 -192.73215678753002
4.5325 135.60701529863397
4.5375 152.77403943354847
4.5424999999999995 -167.55562237633623
4.547499999999999 156.53998557290564
4.5525 -65.3917186376905
4.5575 -316.796742847007
4.5625 165.61011706942745
4.5675 238.82008082782914
4.5725 -304.5416241372354
4.5775 40.81806591743333
4.5825 -286.13897167922886
4.5874999999999995 48.08306827860399
4.592499999999999 131.97649828050893
4.5975 64.75661664324055
4.6025 -43.17792445384477
4.6075 -149.26055260435416
4.6125 102.25308538701695
4.6175 147.16414884090204
4.6225 146.08178960044827
4.6274999999999995 -44.41209824203154
4.632499999999999 167.39115913832813
4.6375 -346.80275684563867
4.6425 247.4643536105852
4.6475 -84.98687076140882
4.6525 196.84143658824576
4.6575 -286.54633198282204
4.6625 93.33786435800835
4.6674999999999995 -170.14850572070645
4.672499999999999 252.71143077460584
4.6775 293.2622722867327
4.6825 -209.88174387273375
4.6875 -87.12872749059706
4.6925 -96.06476965912039
4.6975 -0.5235372987184105
4.7025 215.67790046316648
4.7075 -73.78321946554556
4.7124999999999995 185.22301178203244
4.717499999999999 -92.1085197204478
4.7225 60.74739210645867
4.7275 169.64388763934608
4.7325 -5.248649203871647
4.7375 -253.93866328379372
4.7425 77.51532766751411
4.7475 -31.054469904207398
4.7524999999999995 -47.285914956873235
4.757499999999999 87.3668938883194
4.7625 -240.34181799416123
4.7675 -17.524418256495522
4.7725 328.9781929297679
4.7775 -3.000825839408456
4.7825 -120.21581354335228
4.7875 177.2494797305944
4.7924999999999995 43.796304955017355
4.797499999999999 -146.64966047568268
4.8025 -63.33450244468656
4.8075 -45.286985328979064
4.8125 -307.5152040313488
4.8175 309.8425214612706
4.8225 -156.96105211128568
4.8275 -48.069027556054365
4.8325 -60.609691573833864
4.8374999999999995 95.66356171974194
4.842499999999999 227.40724428003992
4.8475 -241.7310692059015
4.8525 149.1001094697618
4.8575 1.9220483985604355
4.8625 -105.6737485066518
4.8675 85.69604232079757
4.8725 -46.42416615317609
4.8774999999999995 -8.160878094683218
4.882499999999999 111.13436011881295
4.8875 318.00838641058624
4.8925 -95.23373484553619
4.8975 -83.21229383304542
4.9025 90.99459434875143
4.9075 -81.46262091341215
4.9125 -145.12250609943362
4.9174999999999995 -13.807641949842793
4.922499999999999 356.0295752002311
4.9275 -484.5293158619431
4.9325 217.93120589636206
4.9375 -90.73021213544058
4.9425 291.8561894866206
4.9475 -121.8613606288737
4.9525 -127.6927570249099
4.9575 -338.2902071893146
4.9624999999999995 318.62066519112307
4.967499999999999 -162.06826957285523
4.9725 -217.62399039994534
4.9775 136.76685358963627
4.9825 152.4097865364411
4.9875 -375.71087937112117
4.9925 183.74036102235107
4.9975 -108.52331831278897
5.0024999999999995 111.66341626823954
5.007499999999999 84.4590067016307
5.0125 -80.61938167167283
5.0175 170.24839676720217
5.0225 6.941699806074504
5.0275 -58.08546164538537
5.0325 24.19285879799461
5.0375 -93.91120112119543
5.0424999999999995 -12.832336952118741
5.047499999999999 203.73783580341865
5.0525 -164.18352149804304
5.0575 38.319838662378565
5.0625 81.6770861902047
5.0675 -137.38540541380925
5.0725 169.7257081884167
5.0775 -48.60432942888827
5.0825 -34.08562255049158
5.0874999999999995 -34.21880684039723
5.092499999999999 -78.77331081309426
5.0975 121.9769413489019
5.1025 -196.81695805795025
5.1075 255.64937660310036
5.1125 -70.10269146089102
5.1175 295.6224779759136
5.1225 -50.58315353949336
5.1274999999999995 13.05274557117041
5.132499999999999 -122.30112025667299
5.1375 198.3476878807416
5.1425 -71.55008994733892
5.1475 -93.34121449901498
5.1525 27.83447207263213
5.1575 136.1709692984817
5.1625 -20.212957863857245
5.1674999999999995 -110.911741406739
5.172499999999999 -107.32782108670001
5.177499999999999 144.00783467659932
5.1825 89.74181431690597
5.1875 -64.44415533392355
5.1925 110.05096491370303
5.1975 -1.878438273546951
5.2025 -68.4930007488651
5.2075 125.1392376070948
5.2124999999999995 -178.3831131028484
5.217499999999999 88.12024185478
5.2225 -197.03159696047172
5.2275 168.09293841289318
5.2325 -77.2682514128701
5.2375 146.1249261528976
5.2425 -125.09282170609215
5.2475 124.84134717422042
5.2524999999999995 -65.33961855007334
5.257499999999999 -102.2557228664489
5.2625 52.9302224915416
5.2675 129.4873141034436
5.2725 -149.16896217038718
5.2775 -39.88348868656289
5.2825 -216.35879570083262
5.2875 237.2805776094518
5.2924999999999995 -133.3156135909226
5.297499999999999 168.50735427661107
5.302499999999999 -142.43778194871618
5.3075 168.20931831129545
5.3125 -18.70773036445258
5.3175 35.47588185564911
5.3225 -51.676493998723
5.3275 3.015002953389552
5.3325 114.00177041269411
5.3374999999999995 74.83795333272764
5.342499999999999 32.81699968077219
5.3475 -19.511632818936945
5.3525 -233.6706983020684
5.3575 318.6952982830701
5.3625 -262.81207301350105
5.3675 97.51919837567951
5.3725 -164.4620029561035
5.3774999999999995 338.2731869170143
5.382499999999999 -147.3533298298007
5.3875 -97.18358109173302
5.3925 207.99787366003147
5.3975 -242.6882418285961
5.4025 90.57505461805543
5.4075 -242.22525342705057
5.4125 -1.9078121414650198
5.4174999999999995 -76.33614612814854
5.422499999999999 134.64629038826652
5.427499999999999 47.455190272420516
5.4325 40.395792880903656
5.4375 -95.31100530177872
5.4425 -88.60427038532059
5.4475 103.29132908644759
5.4525 166.5969830800676
5.4575 -122.69959492311386
5.4624999999999995 171.44239386436155
5.467499999999999 25.907572812005323
5.4725 -53.19235280085982
5.4775 -210.29586025016212
5.4825 180.86888825484976
5.4875 161.2355200489414
5.4925 -76.4643234309955
5.4975 -3.447501354512919
5.5024999999999995 -75.58634877988261
5.507499999999999 -120.3257410608004
5.5125 -31.53890378075627
5.5175 -129.55525847636397
5.5225 30.621557275122957
5.5275 150.1791102135941
5.5325 -88.82931327837511
5.5375 267.44001096020435
5.5424999999999995 -0.9618462733548043
5.547499999999999 -249.44042283550095
5.552499999999999 98.68144032048261
5.5575 47.255623977985756
5.5625 -127.39171057104143
5.5675 29.752312794092436
5.5725 99.45491577061738
5.5775 -76.88559478062757
5.5825 -53.988582629773624
5.5874999999999995 88.49314623444725
5.592499999999999 23.18806992772242
5.5975 125.5714107971617
5.6025 215.3658233805478
5.6075 -424.2595296143804
5.6125 16.42153275735953
5.6175 -86.49989576006101
5.6225 84.30389754154405
5.6274999999999995 224.44387626311044
5.632499999999999 144.24993256381026
5.6375 -78.59868129192655
5.6425 4.844606079371481
5.6475 -282.17899477447867
5.6525 -74.13086702558034
5.6575 48.83359078897077
5.6625 -0.5487928354021595
5.6674999999999995 -91.48698934985583
5.672499999999999 54.81478714136732
5.677499999999999 241.00937955383972
5.6825 -56.3939804513438
5.6875 29.696059373767756
5.6925 -79.72501876499267
5.6975 -57.14567156352833
5.7025 77.1459149479679
5.7075 61.73526789644228
5.7124999999999995 256.269828967793
5.717499999999999 -103.93404061170722
5.7225 -15.871881991110422
5.7275 -123.48009987964522
5.7325 25.96199615530249
5.7375 62.27246392794824
5.7425 -46.2012522313084
5.7475 243.99238695001756
5.7524999999999995 58.20917843154288
5.757499999999999 -82.3624866174932
5.7625 8.35498823841726
5.7675 265.8321630231088
5.7725 -392.1379549933576
5.7775 77.88068061092217
5.7825 -94.01081426125724
5.7875 -229.476435450752
5.7924999999999995 0.20089503457164284
5.797499999999999 214.67413295167248
5.802499999999999 7.488393079422385
5.8075 17.492557310212703
5.8125 100.83926930088646
5.8175 -49.469813751654634
5.8225 -248.86248982622737
5.8275 92.75611881984528
5.8325 80.17223258811623
5.8374999999999995 -29.793186093387256
5.842499999999999 65.54018857096524
5.8475 100.6889535004459
5.8525 -354.65382966384925
5.8575 310.99066518110385
5.8625 -232.01292786900996
5.8675 141.75610608608847
5.8725 -166.49240795484124
5.8774999999999995 77.615428722849
5.882499999999999 -105.77573720722671
5.8875 73.66337442129611
5.8925 -30.202583587988432
5.8975 113.30936390104749
5.9025 40.540583448788475
5.9075 -15.51761155363609
5.9125 2.9507960404095237
5.9174999999999995 2.4138237025292963
5.922499999999999 -67.76126784513787
5.927499999999999 157.86722117277878
5.9325 -96.58679136773216
5.9375 -377.44666295615565
5.9425 207.7533871854433
5.9475 127.25389003336565
5.9525 78.44579992297554
5.9575 -46.123120784879646
5.9624999999999995 4.083279364258294
5.967499999999999 22.520111155601665
5.9725 -63.427344641866256
5.9775 0.03598546198796633
5.9825 -183.56332613678424
5.9875 116.6474370313314
5.9925 -33.02807830186331
5.9975 -179.3379753980387
6.0024999999999995 47.71221319571745
6.007499999999999 66.8630097745112
6.012499999999999 -122.93570143972842
6.0175 210.81507894605892
6.0225 31.000360060947475
6.0275 -112.00607667757684
6.0325 29.90336757300482
6.0375 20.941342995098573
6.0424999999999995 12.475355611069435
6.047499999999999 120.40908588455369
6.052499999999999 -94.28662481742644
6.0575 64.57598088242956
6.0625 232.13772470062636
6.0675 -71.55454895080678
6.0725 -215.2351368273502
6.0775 120.20348591511035
6.0825 124.96091115400833
6.0874999999999995 46.71585494344586
6.092499999999999 -93.64463595416247
6.0975 -87.2661748546713
6.1025 30.539601983538944
6.1075 88.23305423460522
6.1125 -35.06303184731139
6.1175 -469.4949430358681
6.1225 355.4959898470134
6.1274999999999995 -109.59172663710464
6.132499999999999 -68.82279305079736
6.137499999999999 -7.949313795255278
6.1425 52.67319015995393
6.1475 256.3923338608369
6.1525 -141.05134760718204
6.1575 51.053869634716705
6.1625 -115.94214681951816
6.1674999999999995 148.4481526211582
6.172499999999999 167.16855318994928
6.177499999999999 41.03244494059548
6.1825 35.35074606239751
6.1875 7.511700639379416
6.1925 -231.30276837330237
6.1975 -15.488435588784556
6.2025 9.065838157921482
6.2075 -208.51784686136943
6.2124999999999995 254.90476217035058
6.217499999999999 138.64215080992443
6.2225 50.621602098573554
6.2275 30.673878848213697
6.2325 8.483574608646242
6.2375 -295.1271836258026
6.2425 279.18531118881094
6.2475 11.982442693429213
6.2524999999999995 -171.77198010498915
6.257499999999999 -0.18801383451025588
6.262499999999999 -200.14422810195586
6.2675 -12.122195878239138
6.2725 9.769759891083142
6.2775 79.28068045763571
6.2825 140.21794871383116
6.2875 -221.67726350124715
6.2924999999999995 226.6003912408398
6.297499999999999 -7.727242474641945
6.302499999999999 149.831277810253
6.3075 -143.00378452163
6.3125 132.46124342015878
6.3175 -221.68019072971668
6.3225 -41.256603454321436
6.3275 -20.227489528123122
6.3325 128.30771761240229
6.3374999999999995 -111.8381220426167
6.342499999999999 273.3620915349582
6.3475 28.254461920957684
6.3525 -88.82882273141233
6.3575 -112.94959810069571
6.3625 -64.60242347565519
6.3675 77.35850651102784
6.3725 52.33062079063267
6.3774999999999995 -101.3419456228871
6.382499999999999 157.20435192408542
6.387499999999999 12.506576069867974
6.3925 -111.81561033852547
6.3975 108.00108919413154
6.4025 -3.84117067067143
6.4075 -171.95464438868018
6.4125 -86.33139175987294
6.4174999999999995 172.18411047777445
6.422499999999999 -312.8492687300093
6.427499999999999 65.37941929600098
6.4325 206.88807092896135
6.4375 -328.8520534594033
6.4425 173.15821348411745
6.4475 200.00782917427975
6.4525 12.766453138788636
6.4575 58.62343192000536
6.4624999999999995 -1.0931760937589003
6.467499999999999 -68.37810076472574
6.4725 -80.45941914941457
6.4775 -9.579994667067844
6.4825 -73.29026069071206
6.4875 7.714439962103024
6.4925 -203.4768942941367
6.4975 378.1763094562772
6.5024999999999995 -164.61531440894615
6.507499999999999 178.2175695562125
6.512499999999999 -196.25453556993187
6.5175 -136.19324128853606
6.5225 236.52029718837687
6.5275 119.58166053210141
6.5325 -295.30645806286844
6.5375 4.792007747099119
6.5424999999999995 172.69635429950836
6.547499999999999 -174.2292196069186
6.552499999999999 52.021362198354105
6.5575 168.55411835016295
6.5625 130.936607143317
6.5675 28.46198558979013
6.5725 -224.96546584827112
6.5775 77.55979815768754
6.5825 224.3960595136727
6.5874999999999995 -73.84631422645221
6.592499999999999 69.66057015474188
6.5975 -66.82687114818184
6.6025 -215.64825237318013
6.6075 57.42572466668637
6.6125 25.59321721243177
6.6175 -8.220379941207064
6.6225 23.027701862079162
6.6274999999999995 55.13367082626375
6.632499999999999 1.0587274563239355
6.637499999999999 -88.07856983765681
6.6425 289.10757978513345
6.6475 -235.60148877910714
6.6525 211.28539242565205
6.6575 -344.23644856717505
6.6625 -159.07923823892077
6.6674999999999995 262.3953367889618
6.672499999999999 5.574201195751322
6.677499999999999 8.426849157763124
6.6825 -68.66341134245913
6.6875 5.494233093070774
6.6925 153.79235716272078
6.6975 -219.4947058484404
6.7025 115.82667366980706
6.7075 178.95270628741656
6.7124999999999995 -104.01544851183058
6.717499999999999 76.69537914291763
6.722499999999999 -155.6536201080991
6.7275 52.84213227068722
6.7325 -97.17911129833732
6.7375 -226.09500839044833
6.7425 165.54154181469025
6.7475 57.52030575284498
6.7524999999999995 44.31120820612022
6.757499999999999 -178.91917566559428
6.762499999999999 4.249076474198207
6.7675 -59.94027155599909
6.7725 162.7554440221803
6.7775 -90.6365019740969
6.7825 -34.37692849570013
6.7875 41.20858156467046
6.7924999999999995 174.43207469931755
6.797499999999999 -298.8930229679016
6.802499999999999 171.68546041076422
6.8075 -33.497802809298335
6.8125 234.53210482162203
6.8175 97.32910234826709
6.8225 -130.18990466215539
6.8275 -245.17088786863067
6.8325 95.41158427196576
6.8374999999999995 82.02045853740206
6.842499999999999 -175.66097471290084
6.847499999999999 162.4301624364188
6.8525 144.10167533685672
6.8575 52.558773995520546
6.8625 99.1487902871843
6.8675 -178.32479143757703
6.8725 378.6395373744828
6.8774999999999995 -128.48862746369704
6.882499999999999 103.19410413900951
6.887499999999999 4.1668260386127045
6.8925 158.37434317531816
6.8975 -300.0211054486252
6.9025 24.335187551735935
6.9075 4.773422227996932
6.9125 -57.860917194362784
6.9174999999999995 -63.783809513809075
6.922499999999999 -34.674307328094
6.927499999999999 -227.41451734931954
6.9325 -0.744397384140616
6.9375 88.20551432545697
6.9425 -10.322447824639584
6.9475 71.23362373261428
6.9525 -150.26919979491686
6.9575 61.244266967171924
6.9624999999999995 -32.96336373593734
6.967499999999999 120.0508218579375
6.972499999999999 23.62424065446573
6.9775 -35.73845685473685
6.9825 -255.51314804032515
6.9875 171.7299658366186
6.9925 -68.64801674713584
6.9975 11.05526478715248
7.0024999999999995 -42.11085717281538
7.007499999999999 -43.99448250678974
7.012499999999999 239.85703763098934
7.0175 -131.63344699945674
7.0225 -37.023331724288525
7.0275 83.90299803620017
7.0325 18.25312590131137
7.0375 -197.53364230196715
7.0424999999999995 75.37462197361481
7.047499999999999 48.22506872905342
7.052499999999999 -12.33636660316038
7.0575 173.7165219502934
7.0625 -92.11759273390771
7.0675 -5.6503609802459245
7.0725 108.16325309193988
7.0775 -96.10051432149946
7.0825 133.73695237760361
7.0874999999999995 59.6759027972019
7.092499999999999 129.823722670695
7.097499999999999 177.63175437307484
7.1025 -214.73290779391272
7.1075 -1.4639958297629592
7.1125 -104.44325928144214
7.1175 35.7089574552194
7.1225 118.85556747101698
7.1274999999999995 -34.72746298645566
7.132499999999999 -213.34317561620503
7.137499999999999 92.39593813360999
7.1425 -30.664370129737414
7.1475 7.187009078451917
7.1525 58.50983424396934
7.1575 214.89684285179507
7.1625 -75.78233834482631
7.1674999999999995 220.80994699610153
7.172499999999999 -106.67992750122347
7.177499999999999 -65.41705128288288
7.1825 -146.36978724851662
7.1875 -192.82448488412396
7.1925 99.92197306052668
7.1975 175.93286615674714
7.2025 -61.738191045792725
7.2075 125.06522554457625
7.2124999999999995 -317.5071843282676
7.217499999999999 259.56175199773537
7.222499999999999 -145.2945414653613
7.2275 -205.17551736772566
7.2325 93.7326891339841
7.2375 29.34098758677534
7.2425 87.71684908660053
7.2475 43.19657102814833
7.2524999999999995 49.69289287784415
7.257499999999999 218.55586659607724
7.262499999999999 -222.60377960335293
7.2675 380.35615738976935
7.2725 -73.32875625834977
7.2775 -55.2047094741583
7.2825 -15.679071375757431
7.2875 -108.18544481545794
7.2924999999999995 -89.48049687074834
7.297499999999999 -142.494796914252
7.302499999999999 284.20401892173754
7.3075 -323.05786611303984
7.3125 108.65352175354717
7.3175 145.53182447886275
7.3225 -154.47276461669836
7.3275 -193.15326365655494
7.3325 -81.0991345617264
7.3374999999999995 66.9192131927313
7.342499999999999 80.857990135699
7.347499999999999 91.15431508451715
7.3525 187.4650185159842
7.3575 -65.3393138004044
7.3625 111.76069108619772
7.3675 -162.9293042346522
7.3725 163.6732979175906
7.3774999999999995 -223.47183561330834
7.382499999999999 -79.52163678364076
7.387499999999999 49.86144813018942
7.3925 14.865589636504303
7.3975 227.3289645378957
7.4025 -226.87485410870616
7.4075 117.43550572727136
7.4125 -46.8227912864764
7.4174999999999995 4.5457071172062316
7.422499999999999 -215.48527893471947
7.427499999999999 473.19716438780097
7.4325 -278.4740206422082
7.4375 58.9962065573697
7.4425 -157.88252892234152
7.4475 97.92440529916367
7.4525 -11.115699436095651
7.4575 -14.165026202587395
7.4624999999999995 -140.75227422978097
7.467499999999999 313.0572246621014
7.472499999999999 129.63907410940723
7.4775 -132.30213724973368
7.4825 62.848913190560744
7.4875 -376.5371312531297
7.4925 252.39279210002184
7.4975 394.2719871826864
7.5024999999999995 -204.12419338090677
7.507499999999999 -20.739804512391718
7.512499999999999 -55.97858796757284
7.5175 18.770677421774007
7.5225 -89.31395525578816
7.5275 -47.955240398358875
7.5325 -21.736423170360563
7.5375 70.2840082372079
7.5424999999999995 -186.85384042322244
7.547499999999999 116.65128535120101
7.552499999999999 65.02786727064134
7.557499999999999 -17.812047073250394
7.5625 -106.07904471020956
7.5675 131.59683940602025
7.5725 116.32542597796268
7.5775 -119.33922677549063
7.5825 56.01163422690311
7.5874999999999995 -32.81763089155023
7.592499999999999 -171.79159527269218
7.597499999999999 73.31089688823207
7.6025 -211.53843932633595
7.6075 131.94405750718974
7.6125 36.21715965125014
7.6175 205.3763091578202
7.6225 10.631016930660996
7.6274999999999995 -31.513348757783
7.632499999999999 -1.089796658756126
7.637499999999999 -169.5137468985953
7.6425 33.89296917859903
7.6475 29.890949681917682
7.6525 153.31161811273893
7.6575 163.81719028977582
7.6625 -211.07109156367446
7.6674999999999995 -117.4334209026795
7.672499999999999 398.4910929217392
7.677499999999999 -214.49830028775955
7.682499999999999 -164.66566258072032
7.6875 -91.17363168702205
7.6925 517.8051029779693
7.6975 -351.8601399728508
7.7025 46.175789580644114
7.7075 -336.27324445043735
7.7124999999999995 -32.4751397656538
7.717499999999999 80.78411255252486
7.722499999999999 -38.43427690010943
7.7275 33.639412980163094
7.7325 3.538087864646029
7.7375 -61.570474644543985
7.7425 199.46433935402106
7.7475 -64.92416369525617
7.7524999999999995 120.16011145791082
7.757499999999999 -215.45387840255222
7.762499999999999 -313.5059530226557
7.7675 40.49209535530455
7.7725 42.66935489037794
7.7775 157.99416098932974
7.7825 87.13057493677667
7.7875 197.37049675099917
7.7924999999999995 123.86311152683024
7.797499999999999 -160.68846504984222
7.802499999999999 98.48110491472876
7.807499999999999 -133.09437875288506
7.8125 -45.06058685255257
7.8175 123.54127219121537
7.8225 -47.4045456408
7.8275 -27.235723450392246
7.8325 18.369849761559333
7.8374999999999995 -93.9682918136028
7.842499999999999 58.93656062583399
7.847499999999999 -87.33306898601887
7.8525 -50.789664040681814
7.8575 217.41269321702342
7.8625 -20.36846835662536
7.8675 -113.93447073796153
7.8725 -76.40312526307389
7.8774999999999995 142.53490136539673
7.882499999999999 158.27124712550358
7.887499999999999 -214.42366477794764
7.8925 64.66251768263766
7.8975 15.047612824132813
7.9025 -36.200433667652206
7.9075 86.16186732199803
7.9125 1.7753506451394798
7.9174999999999995 -149.0457155355972
7.922499999999999 -65.26169184910438
7.927499999999999 182.23747006865946
7.932499999999999 -205.7688157605667
7.9375 154.59984575498692
7.9425 76.60414293438623
7.9475 -177.72875845595365
7.9525 162.0214826036028
7.9575 -187.69297732124247
7.9624999999999995 -7.39169348304356
7.967499999999999 74.94071476319499
7.972499999999999 -2.871860941734185
7.9775 136.65113842315978
7.9825 -87.40350616122916
7.9875 93.72707742574916
7.9925 -102.82391690495625
7.9975 -201.50048763725536
8.0025 257.6183555295872
8.0075 -76.07021927745583
8.0125 147.26401133356433
8.0175 -69.25239955388562
8.022499999999999 252.3424152428298
8.0275 94.2212849620243
8.032499999999999 13.88763031653414
8.0375 -21.14335491878508
8.0425 -115.79492851787168
8.0475 -122.34069034322115
8.0525 16.642678907453707
8.0575 178.80226890291118
8.0625 256.8970432618305
8.067499999999999 -276.32986750057506
8.0725 67.09610142738876
8.077499999999999 3.9127299490318226
8.0825 6.030233021601471
8.0875 -202.37030008627048
8.0925 -89.38949369834116
8.0975 116.28153702542393
8.1025 -75.01208776315575
8.1075 82.9353877990244
8.112499999999999 153.37454444550383
8.1175 -170.55900967635202
8.1225 -71.87985530734773
8.1275 -156.40836368428742
8.1325 212.29156043291914
8.1375 -63.883012899782344
8.1425 -17.091110808161655
8.147499999999999 12.208520169502783
8.1525 155.1455424074399
8.157499999999999 33.874329973026676
8.1625 -64.4657275576828
8.1675 78.12112362584838
8.1725 127.51733822710067
8.1775 -105.88045411473647
8.1825 -25.985272661320888
8.1875 90.9612948550784
8.192499999999999 -299.7917605323942
8.1975 336.19574250418833
8.202499999999999 -228.2829778499841
8.2075 88.90210555271096
8.2125 -50.362237629353075
8.2175 19.558787961580432
8.2225 -377.7160100823859
8.2275 177.70010646052427
8.2325 -96.15002245791673
8.237499999999999 122.73930712090663
8.2425 224.17167822741243
8.2475 45.285719223057384
8.2525 -393.64441103131315
8.2575 148.07228206401365
8.2625 170.71695596243157
8.2675 18.148852828271973
8.272499999999999 -262.25240629936724
8.2775 -54.046929559266225
8.282499999999999 79.0688827273301
8.2875 260.29351516589435
8.2925 -217.0389640657996
8.2975 159.27831582857553
8.3025 -247.7563937972241
8.3075 85.61009883503563
8.3125 349.23970599519674
8.317499999999999 -379.0139962932645
8.3225 96.31121687413037
8.327499999999999 -113.87151993048226
8.3325 172.6188075898621
8.3375 10.83804222325374
8.3425 11.448548971969325
8.3475 -155.91049697261687
8.3525 -83.58302667394472
8.3575 100.6106778374208
8.362499999999999 -98.78151295356857
8.3675 217.56717642971148
8.3725 8.33270105035481
8.3775 60.840732416709095
8.3825 12.068335774109098
8.3875 59.96295442683415
8.3925 -526.810753602612
8.397499999999999 357.1835348227489
8.4025 -242.94100875039052
8.407499999999999 159.65561197203843
8.4125 -89.4492906888665
8.4175 96.23838249275907
8.4225 101.96324213495177
8.4275 8.333114423016724
8.4325 35.857187378392176
8.4375 -155.89023533033546
8.442499999999999 145.05892233768185
8.4475 -106.78974159695687
8.452499999999999 93.11526998906426
8.4575 150.95694426823414
8.4625 46.19406192867027
8.4675 -244.27493910572855
8.4725 173.84793248133147
8.4775 68.60049448377717
8.4825 -156.16338156383765
8.487499999999999 -207.88726860995433
8.4925 126.13646958035163
8.4975 -19.49109774409421
8.5025 178.59996854603196
8.5075 -166.05623005674343
8.5125 126.3138859951348
8.5175 5.830948054797197
8.522499999999999 0.22205013551113092
8.5275 -13.934350967205754
8.532499999999999 -92.80770914916471
8.5375 189.24401576197667
8.5425 -126.69227876370176
8.5475 -90.38543430145505
8.5525 6.689901050029952
8.5575 31.436617107113427
8.5625 93.32317426602165
8.567499999999999 41.4820830762841
8.5725 -5.450177291404128
8.577499999999999 -66.5305818353298
8.5825 174.69147956497517
8.5875 -61.92169758532886
8.5925 -222.00172373664873
8.5975 218.1504474268176
8.6025 97.12334052990629
8.6075 -90.8197191593489
8.612499999999999 83.28629313186885
8.6175 -77.32548671662728
8.6225 -169.76938476359544
8.6275 111.36965962777654
8.6325 -7.52548595644224
8.6375 -57.78699408295659
8.6425 -159.73343814246033
8.647499999999999 97.5112894901648
8.6525 6.518587260525885
8.657499999999999 81.539882520598
8.6625 233.25787645281062
8.6675 -249.6034554869802
8.6725 83.04564431880696
8.6775 -205.96868733100834
8.6825 147.2436235017611
8.6875 43.240917894697404
8.692499999999999 -191.43464901784154
8.6975 -266.96798082941046
8.702499999999999 22.305445409845113
8.7075 149.85188933568193
8.7125 -111.55853889344944
8.7175 170.89330627971137
8.7225 -148.32062593780094
8.7275 163.80240124625587
8.7325 -1.6440236702498874
8.737499999999999 -8.039546277329537
8.7425 -86.9837379669698
8.747499999999999 20.374331234971464
8.7525 226.06500712770233
8.7575 -145.23045324158738
8.7625 -36.06947262921742
8.7675 -249.01318248463502
8.772499999999999 93.39548283578797
8.7775 244.56744773313665
8.782499999999999 -237.43141027375228
8.7875 45.084192648746495
8.7925 -67.51929193674516
8.7975 -88.92872272565302
8.8025 124.82460462742534
8.8075 -27.402334673545354
8.8125 178.79096447974229
8.817499999999999 6.065329761972829
8.8225 -58.738606767687344
8.827499999999999 -118.23185792975688
8.8325 -91.58971577884999
8.8375 87.17584368423275
8.8425 38.15848897647177
8.8475 159.1337823767758
8.8525 -43.81942171747008
8.8575 27.663085122153994
8.862499999999999 -112.12687913054447
8.8675 150.603695452707
8.872499999999999 12.983461733977535
8.8775 -90.47904824164355
8.8825 -151.5751537095753
8.8875 -4.138720776721541
8.8925 8.892861403686782
8.897499999999999 128.2845039379758
8.9025 76.71624344214366
8.907499999999999 82.24147810322097
8.9125 37.4793522338729
8.9175 -272.1450303091404
8.9225 18.632941887675994
8.9275 -26.7083823073604
8.9325 -6.109269769292034
8.9375 78.94612466573562
8.942499999999999 -95.60472292744168
8.9475 99.3347207116359
8.952499999999999 76.31458706283787
8.9575 -100.79377080691827
8.9625 0.2713632637205599
8.9675 -132.68840034956102
8.9725 122.86066249188326
8.9775 15.013952460007664
8.9825 -231.37954081516256
8.987499999999999 146.46700397192436
8.9925 142.09804580719745
8.997499999999999 -200.57430863815395
9.0025 184.80880671666068
9.0075 -80.28297645982579
9.0125 163.87379425117047
9.0175 198.2533512785575
9.022499999999999 114.59284686990914
9.0275 -218.0386477211945
9.032499999999999 6.3901197480956515
9.0375 -188.4753123548013
9.0425 145.42476773602777
9.0475 -163.71082844460997
9.0525 113.72187652676381
9.0575 -60.604656888240925
9.0625 77.64023733282698
9.067499999999999 -62.7633485365332
9.0725 -93.53166093591288
9.077499999999999 -77.25292991272865
9.0825 -52.57878019941902
9.0875 159.38332656424188
9.0925 240.561365170705
9.0975 61.80490372213447
9.1025 -137.44587953809815
9.1075 -121.10553914547441
9.112499999999999 -70.49158855316146
9.1175 77.3788944908636
9.122499999999999 76.28643324627149
9.1275 19.759670890379386
9.1325 132.5765616949302
9.1375 -96.86907930179582
9.1425 -95.19014258311664
9.147499999999999 111.81758611247481
9.1525 -4.084477441000849
9.157499999999999 10.93785589807181
9.1625 64.27282259625353
9.1675 -66.23498570954857
9.1725 -146.37067445691164
9.1775 34.918710838663905
9.1825 53.494695000055366
9.1875 102.34379709978825
9.192499999999999 -156.0964219034162
9.1975 137.00474860258086
9.202499999999999 -137.56391529566883
9.2075 -27.617405567933464
9.2125 29.834276507083533
9.2175 21.10222634558794
9.2225 -128.6293005556467
9.2275 12.905762937337855
9.2325 218.34226681623957
9.237499999999999 -181.1759746010937
9.2425 43.21902697331373
9.247499999999999 252.40685979739104
9.2525 -176.7062814727719
9.2575 -320.22136567277863
9.2625 -156.43419612025272
9.2675 107.57597284713813
9.272499999999999 -77.48938124648805
9.2775 8.208698791655518
9.282499999999999 92.51863816644627
9.2875 161.71834694995832
9.2925 197.62399794712007
9.2975 -15.841246227974219
9.3025 120.2155478701636
9.3075 -256.862007181907
9.3125 183.38431031257707
9.317499999999999 45.99198750235304
9.3225 43.51238425486253
9.327499999999999 -2.8927953096988643
9.3325 -297.9723708626101
9.3375 171.61822159385628
9.3425 53.7188652905928
9.3475 -96.31514361835346
9.3525 85.38976864033746
9.3575 0.6282195995084213
9.362499999999999 -24.325787353452245
9.3675 -41.15879387701325
9.372499999999999 156.653382056263
9.3775 -7.9600535236036825
9.3825 29.293033528926756
9.3875 169.80900406274128
9.3925 -199.56443501439205
9.397499999999999 -248.96330999077676
9.4025 66.29942776400459
9.407499999999999 197.218739047764
9.4125 -262.6496227549556
9.4175 -68.58405352862339
9.4225 166.25335493262997
9.4275 7.67417221461152
9.4325 -231.76781452593184
9.4375 148.0350441808905
9.442499999999999 181.21792794584744
9.4475 67.79499294883
9.452499999999999 -335.16474792566095
9.4575 127.77926135664612
9.4625 -89.95217777631717
9.4675 357.06345766346664
9.4725 -101.67990573570583
9.4775 -127.22472301625913
9.4825 -193.55369662910462
9.487499999999999 206.21925814063206
9.4925 331.582505570984
9.497499999999999 -223.60780370459406
9.5025 -83.5836352521912
9.5075 47.580880957448436
9.5125 -74.53946063766207
9.5175 27.10694118787215
9.522499999999999 48.449391591802055
9.5275 -40.711787102077984
9.532499999999999 97.56016404728331
9.5375 -141.0729677276941
9.5425 238.1950687317448
9.5475 -124.82248164333261
9.5525 68.0708274533756
9.5575 -19.146534820469984
9.5625 -214.0806525774877
9.567499999999999 73.25049770130781
9.5725 29.395048809567786
9.577499999999999 334.66755423573875
9.5825 -272.40060869795303
9.5875 95.54603624680693
9.5925 -153.8349630349392
9.5975 2.4137442254999164
9.6025 -89.43318001077188
9.6075 80.43361464225636
9.612499999999999 -328.2548130091947
9.6175 126.79869455850677
9.622499999999999 18.194415272300205
9.6275 -1.4933191692385088
9.6325 71.23708308874407
9.6375 73.39720453405828
9.6425 169.5581885059741
9.647499999999999 -111.64206082992054
9.6525 84.59303997463826
9.657499999999999 -238.2235867741677
9.6625 64.81791132838244
9.6675 -59.895773367291426
9.6725 29.555014489853686
9.6775 -80.73322804238687
9.6825 -108.58009721575739
9.6875 -79.21490571550824
9.692499999999999 210.4944999266484
9.6975 -139.64474208770045
9.702499999999999 280.54521834474326
9.7075 -24.808361283295348
9.7125 6.875070685881194
9.7175 26.147277374797632
9.7225 146.57575802304075
9.7275 -19.92147164790325
9.7325 -220.9391940150252
9.737499999999999 -128.9174795271364
9.7425 -9.903479729845701
9.747499999999999 57.93876783949899
9.7525 99.52223439351592
9.7575 116.09243603989259
9.7625 -310.5309064878644
9.7675 -64.79621015182718
9.772499999999999 149.16919612760282
9.7775 324.0121647002932
9.782499999999999 -47.97987577736139
9.7875 -93.32829685005105
9.7925 180.57870367262856
9.7975 -210.67103656755998
9.8025 5.481707565874311
9.8075 -77.86085161842985
9.8125 86.95971327156555
9.817499999999999 -15.703552274573699
9.8225 177.0720318671191
9.827499999999999 -69.23919373489795
9.8325 113.84405009007268
9.8375 -19.963646054592957
9.8425 149.51112815101936
9.8475 -187.03517858201826
9.8525 -187.93441853607743
9.8575 -25.660094237796194
9.862499999999999 155.4493215092196
9.8675 21.915366886269577
9.872499999999999 -152.82437839440863
9.8775 204.43196437973404
9.8825 -146.97128376807603
9.8875 -26.41944988310542
9.8925 24.995047298760117
9.897499999999999 149.25944229446358
9.9025 19.967670171335495
9.907499999999999 -5.21218569544703
9.9125 -324.4075558158956
9.9175 160.50492482467777
9.9225 -66.25808141848358
9.9275 403.5194877235765
9.9325 -137.51668830789615
9.9375 92.1276423674207
9.942499999999999 -44.77486772143906
9.9475 -69.24516161766367
9.952499999999999 -34.239611926604674
9.9575 2.7174709566542887
9.9625 -72.80309584395413
9.9675 -304.327551705925
9.9725 204.68299321644852
9.9775 196.37122232335486
9.9825 -40.418530416868514
9.987499999999999 -77.57133285370647
9.9925 310.5839092450537
9.997499999999999 -472.50916543008833
10.0025 -151.4554528819222
