0.0075 403.2212854354709
0.012499999999999999 -189.99926465548631
0.017499999999999998 -163.72269999691235
0.0225 52.02539999988316
0.0275 7.13587297877721
0.0325 -145.52617437263007
0.0375 -2.224423099123951
0.042499999999999996 198.0483826514767
0.0475 -128.99020969359498
0.0525 25.93676193530543
0.057499999999999996 -22.472706397188755
0.0625 10.931622477813896
0.06749999999999999 -51.03367088981949
0.0725 28.095469373735995
0.0775 188.67268776754872
0.08249999999999999 117.76099574285826
0.0875 -96.936336606324
0.0925 -82.51412905271886
0.09749999999999999 -154.56004618509567
0.1025 139.473247237944
0.1075 11.88492997072083
0.11249999999999999 -105.70074049800147
0.1175 144.25920946743085
0.1225 130.61239323407267
0.1275 -174.67806768468284
0.1325 -165.0980599907509
0.13749999999999998 50.634039069411116
0.1425 118.07392707195831
0.1475 197.07421085934374
0.1525 -3.631292577083915
0.1575 72.99009239880522
0.1625 18.060550953772317
0.16749999999999998 -184.9942329422591
0.1725 12.278856550997
0.1775 -83.8698469040348
0.1825 71.01362473606667
0.1875 -1.2142713715514244
0.1925 -340.1694518619342
0.19749999999999998 -21.698952514282183
0.20249999999999999 188.1496373314275
0.2075 -144.93253043892952
0.2125 58.08776279487179
0.2175 -70.08270792242021
0.2225 202.82066298930647
0.22749999999999998 46.15109117267294
0.23249999999999998 -66.3361910218877
0.2375 184.05990361655975
0.2425 68.84611745356857
0.2475 82.52092197021008
0.2525 -228.9513769037941
0.2575 192.3549286732462
0.2625 -101.80517390295009
0.2675 5.278264792489999
0.27249999999999996 133.7913149288684
0.27749999999999997 83.72480211492355
0.2825 -80.50659324022399
0.2875 -148.99574698506436
0.2925 101.04236942826992
0.2975 26.25188019855826
0.3025 -149.3063426895427
0.3075 167.6974112389326
0.3125 -83.73878020325797
0.3175 -59.36485273149433
0.3225 -44.98983117709457
0.32749999999999996 404.50969249316523
0.33249999999999996 -494.54542635212755
0.33749999999999997 134.0724257081227
0.34249999999999997 417.9688953693955
0.3475 -130.96981117244562
0.3525 -225.5678827828041
0.3575 12.209563897643578
0.3625 -142.0469731970371
0.3675 -152.2078966573651
0.3725 353.1713288446894
0.3775 -92.62303663950055
0.3825 101.25577209454798
0.38749999999999996 -243.6687709606764
0.39249999999999996 101.406000259721
0.39749999999999996 5.297414282698018
0.40249999999999997 -137.4027498280421
0.4075 218.99076963788505
0.4125 -102.434329331321
0.4175 84.37084957006535
0.4225 -33.43716552024714
0.4275 -9.797265785641814
0.4325 -169.2142190283805
0.4375 231.7585204505359
0.4425 -171.4647000663822
0.44749999999999995 227.80009752566596
0.45249999999999996 78.5458109745222
0.45749999999999996 -253.95691714419965
0.46249999999999997 101.84668486066273
0.46749999999999997 -108.90522011062912
0.4725 94.60555060935833
0.4775 -15.145389307942835
0.4825 -51.053102760333886
0.4875 -108.85378452466487
0.4925 -25.803567644978866
0.4975 27.684055741644492
0.5025 57.548579311293395
0.5075 234.85966834553503
0.5125 61.59487777692918
0.5175 -41.50537958314433
0.5225 -138.25240637935815
0.5275 230.641015520282
0.5325 55.88595775299966
0.5375 -286.43120792675154
0.5425 -84.18812924783144
0.5475 -218.28671816242044
0.5525 10.255853245373775
0.5575 -93.14437016125201
0.5625 126.97694916646402
0.5675 31.940882542052087
0.5725 237.18767554133115
0.5775 -60.85753812405732
0.5825 6.444069703869367
0.5875 -246.0995097707178
0.5925 333.0574661385659
0.5974999999999999 168.7741023460792
0.6024999999999999 40.66203250791894
0.6074999999999999 -115.0179700263997
0.6124999999999999 81.14408112456918
0.6174999999999999 -12.65821593919615
0.6224999999999999 -143.25450349538468
0.6275 -83.06642571980697
0.6325 48.43642130904382
0.6375 -53.37425650977529
0.6425 25.78532477187752
0.6475 234.0086691061266
0.6525 110.78123854548353
0.6575 -275.4431912332132
0.6625 -143.91204538169276
0.6675 45.17242129647985
0.6725 -73.3929390913689
0.6775 -89.10699365008651
0.6825 -127.84686209668205
0.6875 135.00856563634565
0.6925 10.166307897483989
0.6975 4.080811497228463
0.7025 -96.88243591660417
0.7075 -152.14227757968425
0.7125 188.11998766242738
0.7174999999999999 29.53336489441683
0.7224999999999999 -37.84890989373016
0.7274999999999999 143.06518921140196
0.7324999999999999 44.75336550062622
0.7374999999999999 -221.10510415603835
0.7424999999999999 -113.61219138382641
0.7474999999999999 13.378276246363399
0.7525 58.6081239072737
0.7575 150.60517919936808
0.7625 -70.22280460853014
0.7675 104.61422108244687
0.7725 -20.428460355358546
0.7775 -316.3507235478449
0.7825 177.40392715230226
0.7875 118.61704993187043
0.7925 20.06993737047445
0.7975 72.74050742014856
0.8025 -226.45779471267002
0.8075 329.9450433611149
0.8125 -64.19681755511415
0.8175 -256.51749228662004
0.8225 -172.251082901891
0.8275 114.55201488814282
0.8325 71.2079471255762
0.8374999999999999 -76.11047347174532
0.8424999999999999 165.3494958367838
0.8474999999999999 1.9875157593292536
0.8524999999999999 84.59815545310542
0.8574999999999999 71.29132484545094
0.8624999999999999 -2.932212100321164
0.8674999999999999 71.61476240622945
0.8724999999999999 209.36682983170306
0.8775 -131.5627698141445
0.8825 80.6306031966157
0.8875 174.4207642232623
0.8925 -264.44262716945383
0.8975 113.60064326618992
0.9025 -71.55938533857972
0.9075 -16.475877676303202
0.9125 74.56737931275246
0.9175 352.4379511348906
0.9225 80.66881322591941
0.9275 -530.6147776604491
0.9325 82.64390609395106
0.9375 -359.5332305629896
0.9425 74.82102051476619
0.9475 -26.520549664686996
0.9524999999999999 155.261914937111
0.9574999999999999 -260.99160928535207
0.9624999999999999 2.7503326029510693
0.9674999999999999 125.26705061829304
0.9724999999999999 104.18126443835197
0.9774999999999999 149.69241130750015
0.9824999999999999 77.4039523876498
0.9874999999999999 -206.70115421299695
0.9924999999999999 -140.06693275234207
0.9974999999999999 198.1885603936298
1.0025 83.94127727894336
1.0075 -56.111785415927066
1.0125 7.941905325539811
1.0174999999999998 -192.93758964467648
1.0225 -146.49804080457307
1.0274999999999999 143.51515972950153
1.0325 -23.803445302409944
1.0374999999999999 -204.13380168005463
1.0425 187.18316402121656
1.0474999999999999 3.6984380347992243
1.0525 149.17933129103153
1.0574999999999999 -345.2921493171583
1.0625 273.5619654739206
1.0675 282.46482782486066
1.0725 -260.04842169207353
1.0775 -199.05780645367415
1.0825 310.2693110036885
1.0875 -381.30946764595046
1.0925 141.49779666127455
1.0975 225.66063642362494
1.1025 -259.67035420035523
1.1075 54.801024456836046
1.1125 92.53022194347837
1.1175 79.35715722915643
1.1225 69.460875960187
1.1275 219.90670082078987
1.1324999999999998 -220.0113894376352
1.1375 -172.61106976417884
1.1424999999999998 97.87703777916022
1.1475 40.41345632172211
1.1524999999999999 -139.60489876596768
1.1575 -19.641633389314276
1.1624999999999999 195.5309099482277
1.1675 -129.45937417745876
1.1724999999999999 -183.87087855527668
1.1775 -78.40642431829728
1.1824999999999999 172.14341810714748
1.1875 186.66854236091314
1.1925 33.839231916810455
1.1975 -267.90559424070454
1.2025 274.29573056844544
1.2075 -128.87125968701747
1.2125 110.21507603162729
1.2175 -164.54162393891076
1.2225 91.49368515799661
1.2275 -12.583396474273174
1.2325 -66.18110502067054
1.2375 -81.58352698916225
1.2425 74.01983021390943
1.2475 -168.67435946371444
1.2525 191.01357918984934
1.2574999999999998 148.6188305944272
1.2625 -71.55231898852715
1.2674999999999998 -127.04454464312052
1.2725 302.2559276696562
1.2774999999999999 -97.64708191616207
1.2825 209.04494575736302
1.2874999999999999 -153.09816445747262
1.2925 -198.94978452218834
1.2974999999999999 44.685619683040755
1.3025 -109.81201164332602
1.3074999999999999 66.52484781109135
1.3125 229.5366512417993
1.3175 -234.17022334011642
1.3225 174.52287411314862
1.3275 -75.73661854579922
1.3325 103.41080643789776
1.3375 69.24720347992094
1.3425 88.5301738455622
1.3475 -54.39087969394041
1.3525 -319.65668805694776
1.3575 145.34529518052045
1.3625 -158.3287395124498
1.3675 -71.69629360101595
1.3724999999999998 116.55518959602719
1.3775 -72.41257059104956
1.3824999999999998 -98.34067742522174
1.3875 72.54472944305792
1.3924999999999998 81.32097514894402
1.3975 85.44638904979281
1.4024999999999999 188.79706484465564
1.4075 21.00134078354913
1.4124999999999999 -227.00073361747116
1.4175 -3.9328331635924005
1.4224999999999999 12.419716163955169
1.4275 -23.66033480523891
1.4324999999999999 25.92448431328008
1.4375 -84.27794776511361
1.4425 -20.453759841260524
1.4475 -116.75743087147231
1.4525 29.722652598333422
1.4575 -192.6988038047635
1.4625 136.64206386358214
1.4675 81.44295159869327
1.4725 -41.75739045337987
1.4775 -28.748276587078607
1.4825 131.7584283125221
1.4874999999999998 -219.8629970076225
1.4925 87.06908011163198
1.4974999999999998 311.4928111847309
1.5025 -102.97393460896839
1.5074999999999998 -118.91279366254852
1.5125 -88.01789619839144
1.5174999999999998 187.2341476144723
1.5225 111.33082167730697
1.5274999999999999 73.15419141095681
1.5325 -151.72388569335337
1.5374999999999999 28.005647237880478
1.5425 -78.39350291917549
1.5474999999999999 -212.1432449140384
1.5525 125.33758766612799
1.5574999999999999 -142.4776755357225
1.5625 15.111225369990805
1.5675 -67.80260155854825
1.5725 -50.979988169800244
1.5775 -12.579079384673161
1.5825 66.92204910156771
1.5875 -65.78623366378685
1.5925 297.0706824502327
1.5975 -129.47969963821572
1.6025 -59.019519380706164
1.6075 -14.82793792017356
1.6124999999999998 -13.13794639409491
1.6175 -226.12554467571331
1.6224999999999998 30.22306445002305
1.6275 255.91575334114978
1.6324999999999998 256.1846370072892
1.6375 88.05746150163796
1.6424999999999998 -42.12096644699653
1.6475 -210.24803244762754
1.6524999999999999 -48.151689291846125
1.6575 -117.11223221945043
1.6624999999999999 382.99291364981906
1.6675 -425.0583775304626
1.6724999999999999 258.5042561886459
1.6775 6.909422361998238
1.6824999999999999 157.9007325997142
1.6875 -271.6780525620527
1.6925 200.80423213136868
1.6975 173.69559745116516
1.7025 -156.22130334385687
1.7075 232.15364708132188
1.7125 -366.2660764139771
1.7175 -63.776712076921754
1.7225 61.93113475885303
1.7274999999999998 -0.8919837440417548
1.7325 -40.73117847746689
1.7374999999999998 248.08463654380438
1.7425 -169.86813222577373
1.7474999999999998 -83.40725498299285
1.7525 24.219759292894526
1.7574999999999998 22.255665646041155
1.7625 137.35418187099935
1.7674999999999998 -63.049359908565485
1.7725 -73.40901522853602
1.7774999999999999 -44.437357331496415
1.7825 22.617409987728497
1.7874999999999999 -89.49312917875496
1.7925 216.96717604425885
1.7974999999999999 -195.981317359716
1.8025 221.67360828161034
1.8074999999999999 -303.8824370501023
1.8125 130.94601082858955
1.8175 134.76510117845814
1.8225 -241.50619967540692
1.8275 147.9621853248049
1.8325 -12.948978966816584
1.8375 225.03226339660617
1.8425 -15.605495778978044
1.8475 5.00710943225689
1.8524999999999998 -144.85770334210636
1.8575 -143.6945996505062
1.8624999999999998 30.82231098795693
1.8675 177.0373798823095
1.8724999999999998 -142.44478994104932
1.8775 -0.6991791651270473
1.8824999999999998 -93.63780698252215
1.8875 -9.210430296401814
1.8924999999999998 -14.961784211626904
1.8975 138.61878522120918
1.9024999999999999 42.94267507857024
1.9075 -224.4570131318276
1.9124999999999999 131.26273929119424
1.9175 33.66114284213624
1.9224999999999999 100.11711258969257
1.9275 74.76877700005959
1.9324999999999999 -157.37473491783354
1.9375 16.612223678231924
1.9425 65.4404262140966
1.9475 -18.768391272918965
1.9525 139.0665488043141
1.9575 37.70376194238211
1.9625 75.69862876887856
1.9674999999999998 -81.85675322603176
1.9725 17.068964218122204
1.9774999999999998 -81.92581034315573
1.9825 -20.190165588746325
1.9874999999999998 -152.4715867033849
1.9925 61.960113412768216
1.9974999999999998 -29.038066942180542
2.0025 -153.90308642855243
2.0075 -100.43180425604268
2.0124999999999997 77.0595855249093
2.0175 -19.23313425489329
2.0225 29.03247223301635
2.0275 215.8975423394198
2.0324999999999998 160.73342207365164
2.0375 -117.26769129558076
2.0425 42.85643118542738
2.0475 -7.677778945365329
2.0524999999999998 -212.5701193942418
2.0575 171.39976101732356
2.0625 100.87763933692477
2.0675 -112.71641841779719
2.0725 -111.38772775668085
2.0775 243.85157970768472
2.0825 -241.32284327376902
2.0875 103.1533048559879
2.0925 38.094543127111436
2.0974999999999997 -53.367752551814725
2.1025 66.10536735920616
2.1075 -114.49957926008707
2.1125 125.19233642095864
2.1174999999999997 -4.656915482150417
2.1225 -22.11393734931634
2.1275 47.09549223807887
2.1325 -108.90488299117668
2.1374999999999997 215.77927420364733
2.1425 -166.73581418659379
2.1475 150.25200670284266
2.1525 -6.112401743221336
2.1574999999999998 59.19312326659984
2.1625 18.186366512477186
2.1675 -267.15350837506287
2.1725 51.96099939454014
2.1774999999999998 -21.812259388604758
2.1825 -82.21859345580106
2.1875 -19.67373385225724
2.1925 70.6653356029756
2.1975 -86.0250652482418
2.2024999999999997 170.4876978919612
2.2075 -323.3639524171923
2.2125 316.18196539222265
2.2175 -172.9284979930786
2.2224999999999997 127.67408350868287
2.2275 -76.05029409670446
2.2325 -228.08936206916297
2.2375 86.53146498353897
2.2424999999999997 181.32518535502314
2.2475 -25.64001260309128
2.2525 -65.9482567990916
2.2575 210.8433232927515
2.2624999999999997 -86.42317963636074
2.2675 -122.13247236884979
2.2725 66.8692774067354
2.2775 37.597748796103446
2.2824999999999998 -27.329679247074665
2.2875 74.51465656734885
2.2925 12.88245669322568
2.2975 149.9471033432169
2.3024999999999998 -195.27640334794745
2.3075 -240.8660274675529
2.3125 288.22258306214746
2.3175 -51.42473208633445
2.3225 -90.37526703141182
2.3274999999999997 -1.2074902966639092
2.3325 139.6913785243012
2.3375 23.85019911237196
2.3425 117.15413046320073
2.3474999999999997 -123.3113830415515
2.3525 156.9842447979867
2.3575 -320.73021761655184
2.3625 115.21960403944317
2.3674999999999997 -58.0712684164168
2.3725 -68.49252520253367
2.3775 62.86739186306052
2.3825 -20.77581787029066
2.3874999999999997 120.8334763786277
2.3925 169.56836261841062
2.3975 -228.29031289555655
2.4025 23.869403604895012
2.4074999999999998 -140.7263293219765
2.4125 101.2919174316861
2.4175 -58.57423942187323
2.4225 -11.824179157154571
2.4274999999999998 -61.498383452348094
2.4325 -42.09333196149919
2.4375 206.35714012826273
2.4425 -10.970650831034325
2.4475 -96.16271891336017
2.4524999999999997 -28.346301773317357
2.4575 -52.82320752678083
2.4625 284.8488934327736
2.4675 -121.23971334546619
2.4724999999999997 82.93055710639248
2.4775 -37.41432673380716
2.4825 76.5016103951318
2.4875 -65.64774329528646
2.4924999999999997 4.946633071031741
2.4975 -132.38107412479957
2.5025 -78.36062225892053
2.5075 246.86271947215778
2.5124999999999997 -144.57705106899255
2.5175 118.82050961386115
2.5225 -105.01292056098161
2.5275 7.969501519951814
2.5324999999999998 4.248107650525912
2.5375 -112.3079786608754
2.5425 -72.43838286169242
2.5475 141.49195753392814
2.5524999999999998 -79.78736691552729
2.5574999999999997 -10.678101280851163
2.5625 150.74925143109724
2.5675 14.68441176406017
2.5725 74.85982570069882
2.5774999999999997 53.18534763759312
2.5825 -170.78849226285115
2.5875 1.2807117995922022
2.5925 73.05237574398063
2.5974999999999997 -44.543637396904366
2.6025 23.69976837288314
2.6075 68.48458138133802
2.6125 -81.10741234434681
2.6174999999999997 -20.43759600303368
2.6225 133.90018530067013
2.6275 -81.25251325424122
2.6325 170.25971967799128
2.6374999999999997 -67.41685637525673
2.6425 16.613283591264466
2.6475 -20.25539076826916
2.6525 -159.06139252069346
2.6574999999999998 11.764633032451279
2.6625 -105.74684651754025
2.6675 -256.41104964858
2.6725 179.38484079164462
2.6774999999999998 -72.15496941973008
2.6824999999999997 66.28977268657204
2.6875 39.474374361775
2.6925 -103.7154982554166
2.6975 158.62729059813088
2.7024999999999997 -156.95811228360165
2.7075 218.90948618378906
2.7125 3.2533136088284187
2.7175 -32.584950769151796
2.7224999999999997 -18.67183875509906
2.7275 83.18680052319596
2.7325 106.81049424674677
2.7375 -123.96750131530847
2.7424999999999997 179.39347720778093
2.7475 62.29000808743038
2.7525 -0.7474461966749374
2.7575 -259.0447344635639
2.7624999999999997 100.49905868216022
2.7675 -65.29608224395635
2.7725 210.660027419977
2.7775 -300.93757698322065
2.7824999999999998 -127.52597280105418
2.7875 227.67203259596982
2.7925 -90.53592543822283
2.7975 -5.685556408981579
2.8024999999999998 -188.81415812989735
2.8074999999999997 173.9571532626187
2.8125 74.26943493023894
2.8175 -12.47299538014893
2.8225 102.74353359565502
2.8274999999999997 17.560217592228426
2.8325 97.37235147124397
2.8375 -127.93505469026631
2.8425 -154.66592912852568
2.8474999999999997 254.88901736291848
2.8525 -95.88804412867952
2.8575 72.2427766681479
2.8625 -127.69726711605433
2.8674999999999997 -190.37366337436578
2.8725 415.1042185458287
2.8775 -142.78500136573052
2.8825 -123.50529746158703
2.8874999999999997 -183.08804618992997
2.8925 266.59114750147995
2.8975 56.005470595766816
2.9025 22.894931158660228
2.9074999999999998 -75.94000955353845
2.9125 251.1370645756961
2.9175 -143.77243312386705
2.9225 115.45669428167304
2.9274999999999998 154.20792096949214
2.9324999999999997 -83.02261400736137
2.9375 153.71998484027114
2.9425 -72.3696418762954
2.9475 -142.00165638834758
2.9524999999999997 94.71043222774809
2.9575 -211.2340158059855
2.9625 150.91833397537292
2.9675 -177.8961284281476
2.9724999999999997 103.70496158351777
2.9775 -168.1915340975072
2.9825 74.61200066453878
2.9875 155.84329884821116
2.9924999999999997 -47.75318630184471
2.9975 25.449386487578103
3.0025 -150.98890503779745
3.0075 -426.3586499230924
3.0124999999999997 231.52295231184465
3.0175 -60.955193097818814
3.0225 321.38717382853804
3.0275 -56.24144534696697
3.0324999999999998 -66.30305255472908
3.0374999999999996 227.9527002192363
3.0425 -25.027691719631036
3.0475 -115.88084766050376
3.0524999999999998 -47.645599577821365
3.0574999999999997 -25.339819795349957
3.0625 243.25618772343546
3.0675 144.07476486209598
3.0725 -381.23542082867954
3.0774999999999997 201.40408667186688
3.0825 -127.33199781103502
3.0875 5.796626478631263
3.0925 -95.7065802902518
3.0974999999999997 227.91834166371788
3.1025 -164.9938311300987
3.1075 105.86620483077698
3.1125 -347.83967950262485
3.1174999999999997 -57.996960354597604
3.1225 262.99151115811515
3.1275 -201.66033925024018
3.1325 16.13762564330287
3.1374999999999997 58.049486052233846
3.1425 106.94898323361006
3.1475 -138.00988130311424
3.1525 81.51412689707624
3.1574999999999998 37.58149330928228
3.1624999999999996 -30.592914819568808
3.1675 103.52443309181876
3.1725 71.72678437449694
3.1774999999999998 -9.718155350639243
3.1824999999999997 162.9945875087255
3.1875 -109.46767082351967
3.1925 56.43531049683666
3.1975 -66.5775301477218
3.2024999999999997 -17.242530614773496
3.2075 31.955311455282676
3.2125 -31.933193600005293
3.2175 -53.23204387934262
3.2224999999999997 -5.7672728747239965
3.2275 216.01322668223054
3.2325 56.94699701715334
3.2375 -116.11609716736277
3.2424999999999997 -76.29775622285285
3.2475 -50.74647064373463
3.2525 -59.55551996715929
3.2575 126.49111773109226
3.2624999999999997 -45.86847223783543
3.2675 41.53573125537584
3.2725 -66.97513107261736
3.2775 -50.18920495171195
3.2824999999999998 46.99772378092248
3.2874999999999996 121.75406446806693
3.2925 239.53260608100567
3.2975 -148.10946112887166
3.3024999999999998 -7.364020213019041
3.3074999999999997 199.38591894806163
3.3125 -66.66262535353643
3.3175 -40.28937162534251
3.3225 92.46991848426747
3.3274999999999997 -69.54826174349701
3.3325 -75.9665441243196
3.3375 119.92464398135118
3.3425 -152.0299616023314
3.3474999999999997 -5.283802525571869
3.3525 -58.10843618556911
3.3575 128.60889866486357
3.3625 11.97865279707127
3.3674999999999997 -51.84161963303224
3.3725 -36.387080405147984
3.3775 -93.26305581459768
3.3825 78.77086077576223
3.3874999999999997 37.71579804108391
3.3924999999999996 238.12858974944973
3.3975 -252.39635764483162
3.4025 57.48807505415727
3.4074999999999998 -72.52208506890896
3.4124999999999996 83.26015321585652
3.4175 71.29044535942043
3.4225 -86.35948711180751
3.4274999999999998 -102.28660548208033
3.4324999999999997 131.63994773359744
3.4375 -152.94105521320293
3.4425 -59.38254610778328
3.4475 407.6484732221214
3.4524999999999997 -208.5573940522171
3.4575 -159.608138526524
3.4625 328.69065082718913
3.4675 -246.0589255090819
3.4724999999999997 175.209616833776
3.4775 -25.833812207439003
3.4825 108.16849732582635
3.4875 -17.89345563129621
3.4924999999999997 85.42043552320452
3.4975 19.5987476039986
3.5025 -28.401350800844163
3.5075 -0.6585848249419664
3.5124999999999997 -246.7365736199457
3.5174999999999996 22.69187478311825
3.5225 -166.2709455167635
3.5275 91.20849936347585
3.5324999999999998 -176.97449758100316
3.5374999999999996 -26.223962773520476
3.5425 -102.36774856842618
3.5475 33.39081014810791
3.5524999999999998 157.46817276508403
3.5574999999999997 -98.74608031090128
3.5625 233.2264057861125
3.5675 -36.840889308488485
3.5725 54.800178500177296
3.5774999999999997 -17.16299031381613
3.5825 -76.54735695875169
3.5875 38.42988816275694
3.5925 93.25385819062977
3.5974999999999997 95.68464793620315
3.6025 -166.28007000442943
3.6075 -63.26251145407655
3.6125 228.15722811641822
3.6174999999999997 -50.927372122966496
3.6225 -159.7107278938282
3.6275 140.40011777931014
3.6325 102.27702377944664
3.6374999999999997 -185.74237038513368
3.6424999999999996 225.04406895928898
3.6475 -181.15737057792325
3.6525 38.28433373048441
3.6574999999999998 111.16331002151801
3.6624999999999996 1.357154885484578
3.6675 -103.8004278498199
3.6725 7.639890344064156
3.6774999999999998 -154.4416889008341
3.6824999999999997 252.96994020783802
3.6875 101.81383657019127
3.6925 -85.98637727941384
3.6975 -43.86031088091946
3.7024999999999997 30.300740630579245
3.7075 -52.39690655755854
3.7125 -292.99625480722545
3.7175 -40.36011137907772
3.7224999999999997 199.08646608100375
3.7275 64.4981251054984
3.7325 -365.93040909503
3.7375 -13.372644167205262
3.7424999999999997 236.81735521779459
3.7474999999999996 -156.63631739064687
3.7525 24.082956622896067
3.7575 -366.0675640290327
3.7624999999999997 135.16896153210763
3.7674999999999996 89.94364965421263
3.7725 77.22891998768291
3.7775 -129.8825784044978
3.7824999999999998 76.09138135237308
3.7874999999999996 -187.37727011872767
3.7925 158.00820174477548
3.7975 314.9088558862934
3.8024999999999998 -317.7994207073747
3.8074999999999997 272.48007204254634
3.8125 -147.0223302402119
3.8175 100.77941388684944
3.8225 304.753246333837
3.8274999999999997 7.410801260969603
3.8325 -284.6710260779578
3.8375 117.15048596769952
3.8425 271.7667080698577
3.8474999999999997 -187.83805132210955
3.8525 100.26421941049557
3.8575 36.73306445355412
3.8625 22.109724162115874
3.8674999999999997 -188.39097132135464
3.8724999999999996 56.800637861454284
3.8775 98.05200618177886
3.8825 -49.665419435309275
3.8874999999999997 -165.08941171556282
3.8924999999999996 41.39520685389506
3.8975 -94.22046828291363
3.9025 199.94876395386368
3.9074999999999998 15.492177218308328
3.9124999999999996 -113.70099356721289
3.9175 -58.82114353111379
3.9225 -100.54751965279203
3.9274999999999998 153.6094597277691
3.9324999999999997 95.09470882949051
3.9375 167.85608041728062
3.9425 -264.6074479225096
3.9475 -196.8755265757168
3.9524999999999997 76.55185415461655
3.9575 127.08522392109116
3.9625 -3.0118994675014106
3.9675 -64.83361139708934
3.9724999999999997 -48.284374251524554
3.9775 90.79133581009522
3.9825 328.9341779028437
3.9875 -276.7450832663817
3.9924999999999997 210.88211032002508
3.9974999999999996 -77.45886746217012
4.0024999999999995 -12.640340713147921
4.007499999999999 -218.61380535049514
4.0125 249.06322952531363
4.0175 -303.77527813191415
4.0225 66.74731385226575
4.0275 -162.90542138732354
4.0325 123.84370452578364
4.0375 -211.93312192527492
4.0424999999999995 174.5633828576257
4.047499999999999 -89.64992663358574
4.0525 94.526048249965
4.0575 68.93238049225411
4.0625 -184.4857724623309
4.0675 172.5532454882635
4.0725 90.36947310333622
4.0775 -92.55542839914895
4.0825 231.7056853319815
4.0874999999999995 -147.6252137733313
4.0925 5.38198047364785
4.0975 1.455438890656057
4.1025 -57.58575245484954
4.1075 35.84074142302793
4.1125 -132.3319526493936
4.1175 19.722625449566635
4.1225 153.01361109601018
4.1274999999999995 -15.254812334584663
4.132499999999999 -306.33199344082243
4.1375 69.73711995565218
4.1425 167.86571792818435
4.1475 6.057058426992199
4.1525 18.601870119346334
4.1575 154.5028400930943
4.1625 172.58513789968646
4.1674999999999995 35.187354991227195
4.172499999999999 -259.036143131562
4.1775 140.09542401732213
4.1825 235.28522235897603
4.1875 -206.79423114045113
4.1925 -69.52675445668146
4.1975 -74.63454431076391
4.2025 -38.67253238875266
4.2075 137.85606325000157
4.2124999999999995 -164.80198463427266
4.2175 184.10063296242717
4.2225 -14.480963579263884
4.2275 180.09189134070792
4.2325 137.7671974043961
4.2375 -143.84410252199393
4.2425 -200.25136155854602
4.2475 137.820639736008
4.2524999999999995 -174.56368828166515
4.257499999999999 -16.015763622712008
4.2625 -277.5204342559838
4.2675 31.93089832247655
4.2725 414.143344846304
4.2775 245.81865285494456
4.2825 -434.9757527218097
4.2875 -115.4029661650062
4.2924999999999995 -100.4140485087075
4.297499999999999 86.55877093547159
4.3025 -195.7856846518976
4.3075 81.42602253088967
4.3125 333.0414803999405
4.3175 -162.87570224171495
4.3225 -80.77833520409447
4.3275 85.61104834868465
4.3325 168.94065540888963
4.3374999999999995 75.17097656012248
4.342499999999999 14.877083804501629
4.3475 -158.5864403919133
4.3525 84.73141264081617
4.3575 -47.62029695856381
4.3625 -72.65892188096944
4.3675 22.01126381728546
4.3725 -167.9694750584552
4.3774999999999995 177.15250262253514
4.382499999999999 -207.75347508387978
4.3875 237.38187976797244
4.3925 72.6259170707522
4.3975 -127.97041677075315
4.4025 -35.869906597951626
4.4075 -3.4216361211145476
4.4125 -139.28222130297095
4.4174999999999995 365.5357539972485
4.422499999999999 -174.03066148814142
4.4275 -217.1664244305761
4.4325 -0.5313239422458601
4.4375 293.9211013324802
4.4425 -176.31138564117384
4.4475 293.5743062096401
4.4525 62.73401545980571
4.4575 -96.00272678459261
4.4624999999999995 314.85224889845557
4.467499999999999 -197.6519770194894
4.4725 294.05898845190575
4.4775 -167.85421204916776
4.4825 24.757108336597312
4.4875 117.16537198898546
4.4925 -114.34336268496853
4.4975 -25.088109373615477
4.5024999999999995 -23.115567402424144
4.507499999999999 77.2182003588647
4.5125 -223.7199556618854
4.5175 74.00735560990893
4.5225 -122.32581655929239
4.5275 -10.727749686330226
4.5325 78.50340866350321
4.5375 -144.49996710086245
4.5424999999999995 253.85445151565622
4.547499999999999 -271.29222875703095
4.5525 317.8453611936304
4.5575 266.88098400984023
4.5625 -139.99499682983935
4.5675 -9.534681312471095
4.5725 -292.2747934213503
4.5775 64.03787487841254
4.5825 -367.4973487231334
4.5874999999999995 160.74478058626823
4.592499999999999 -67.00805990924218
4.5975 53.168473933961884
4.6025 138.5923885591931
4.6075 -45.94925590938255
4.6125 -61.17766006419662
4.6175 29.227338214484472
4.6225 -104.36210860020425
4.6274999999999995 202.04274725359696
4.632499999999999 -65.61699788937753
4.6375 -95.77000645490978
4.6425 54.45543055231808
4.6475 -178.6012294132463
4.6525 152.9104117852704
4.6575 78.63884285073809
4.6625 76.46661221154027
4.6674999999999995 -396.8817296577061
4.672499999999999 83.89441876062682
4.6775 -16.683903109675846
4.6825 57.1715683854273
4.6875 325.3465372781917
4.6925 -64.40152654133253
4.6975 -155.9738415466697
4.7025 74.570068422647
4.7075 -44.54012048078611
4.7124999999999995 -128.73181627675902
4.717499999999999 251.03451238923313
4.7225 -160.7239605323255
4.7275 289.3684435937766
4.7325 -209.76780157692957
4.7375 -72.90837415667225
4.7425 -24.287874178748357
4.7475 212.45919209375907
4.7524999999999995 -184.07177582678455
4.757499999999999 -84.68922876004349
4.7625 -146.86715370886856
4.7675 152.4370731454543
4.7725 137.98384876004226
4.7775 -37.93570144150262
4.7825 -23.67080064048027
4.7875 -16.070658383877355
4.7924999999999995 -104.58448996265005
4.797499999999999 115.13381450752952
4.8025 236.88951470233854
4.8075 -134.81916963839728
4.8125 -150.51498040292216
4.8175 12.624073186346319
4.8225 -52.333886405055296
4.8275 195.40957711109425
4.8325 87.89068087682351
4.8374999999999995 -182.8595562521191
4.842499999999999 -44.21015868981219
4.8475 78.22112994035356
4.8525 99.98530256815586
4.8575 105.15564413397237
4.8625 86.83959426841685
4.8675 123.29102613210242
4.8725 -277.54976726691905
4.8774999999999995 312.0364053802709
4.882499999999999 -292.62399331645935
4.8875 48.0013053635381
4.8925 10.526499110478145
4.8975 79.9022972792348
4.9025 -70.5084311041657
4.9075 38.68658462494478
4.9125 182.7822137862668
4.9174999999999995 -150.47851544706822
4.922499999999999 -82.09428401311983
4.9275 -0.3607616975320304
4.9325 -21.519554766105163
4.9375 34.28940007480758
4.9425 -209.49477863809057
4.9475 186.03656865602687
4.9525 -198.79425588720923
4.9575 126.90248313746973
4.9624999999999995 145.9823954169707
4.967499999999999 97.11241428054937
4.9725 -219.35745322940502
4.9775 -141.1578884730407
4.9825 319.22414162748703
4.9875 288.33944747518626
4.9925 -160.18458146074514
4.9975 -481.08718483215
5.0024999999999995 311.1461450804791
5.007499999999999 142.28655354407488
5.0125 -76.30014540236023
5.0175 -18.41393370585787
5.0225 -63.179049076033294
5.0275 169.5479703127349
5.0325 -349.52169023226736
5.0375 347.98436552663577
5.0424999999999995 106.81847675378124
5.047499999999999 -80.95043613199218
5.0525 -110.94730987749168
5.0575 -110.97429706600764
5.0625 269.5603086240819
5.0675 33.23463225882818
5.0725 -72.85378324053251
5.0775 64.73603156629324
5.0825 -287.02840358889085
5.0874999999999995 173.84277173780123
5.092499999999999 -0.5076545249530784
5.0975 -52.4882444808974
5.1025 190.53155153299875
5.1075 -215.59032572453495
5.1125 103.61445044970691
5.1175 -92.48986063941751
5.1225 -34.25000535748276
5.1274999999999995 107.48196780496193
5.132499999999999 -144.0862412661877
5.1375 146.12824023975514
5.1425 -236.04538377833165
5.1475 34.31648910971547
5.1525 226.91702904173385
5.1575 12.584479677759688
5.1625 280.75408239893954
5.1674999999999995 -154.11958211975198
5.172499999999999 239.07785194051195
5.177499999999999 -26.588557790290736
5.1825 -230.60456003851107
5.1875 24.019665718865372
5.1925 -71.48051859804471
5.1975 -153.11858972506204
5.2025 164.38207669728945
5.2075 71.03078756370918
5.2124999999999995 -148.46057603879373
5.217499999999999 -78.53759194437465
5.2225 475.18128526739844
5.2275 -117.25555183726541
5.2325 -243.63995672157614
5.2375 209.08830745086746
5.2425 -36.60148739001335
5.2475 -13.153874959261277
5.2524999999999995 -35.24390603921053
5.257499999999999 -49.60766902763465
5.2625 23.424093546110967
5.2675 156.08623463253113
5.2725 111.84269532721044
5.2775 -220.05686108836827
5.2825 -139.6241104298452
5.2875 93.49066342086354
5.2924999999999995 -77.61116479338123
5.297499999999999 -97.95465209856006
5.302499999999999 -79.88446021268743
5.3075 70.77387911891482
5.3125 20.347363784128394
5.3175 -129.30285574752995
5.3225 153.19698289303292
5.3275 -119.70435240669958
5.3325 6.299759102732293
5.3374999999999995 -103.85891429176353
5.342499999999999 302.2746500366236
5.3475 -142.42833056406755
5.3525 16.926283475881558
5.3575 157.38884051153468
5.3625 -166.7072314046039
5.3675 -160.91186458425454
5.3725 75.04717819158381
5.3774999999999995 -160.48062880206396
5.382499999999999 308.4903200737513
5.3875 50.73235504961262
5.3925 -23.87266453162033
5.3975 -17.68926927398305
5.4025 167.63206006726472
5.4075 -24.146113672608653
5.4125 1.774584691848056
5.4174999999999995 -5.8047727425582085
5.422499999999999 51.66819391253223
5.427499999999999 143.02168080119594
5.4325 -27.801620525444626
5.4375 -453.94818357777206
5.4425 359.89871384083085
5.4475 7.760475583941936
5.4525 -212.01505024203934
5.4575 -127.99245138239525
5.4624999999999995 -56.562461490039105
5.467499999999999 229.03832648453394
5.4725 -58.40749598920809
5.4775 228.40764625514237
5.4825 17.03127842140966
5.4875 158.56903729099986
5.4925 -165.40386444093488
5.4975 -98.22912654586119
5.5024999999999995 -92.22765052410868
5.507499999999999 75.8080038987676
5.5125 106.73718280582247
5.5175 -59.36912777985115
5.5225 -74.78246257608224
5.5275 58.92644098937458
5.5325 -11.310585796711003
5.5375 162.0392888793805
5.5424999999999995 23.850059632817086
5.547499999999999 -67.86758337256474
5.552499999999999 -81.95080323720597
5.5575 129.56494677887918
5.5625 -61.75331444549092
5.5675 -5.025951541106248
5.5725 74.74773795663651
5.5775 -269.3140301003827
5.5825 67.69407370116284
5.5874999999999995 46.41013154930505
5.592499999999999 -65.57459501912446
5.5975 140.2532982279996
5.6025 -260.20007912793056
5.6075 257.79351099394427
5.6125 11.622489977315439
5.6175 -7.479736136106331
5.6225 -134.61014465637496
5.6274999999999995 -72.52200480237266
5.632499999999999 86.68621018093808
5.6375 -76.6791089844263
5.6425 13.020331706878563
5.6475 274.66200809024247
5.6525 -147.76667551689616
5.6575 -207.91299758761772
5.6625 -151.28698302790818
5.6674999999999995 333.6963824382959
5.672499999999999 -196.98747010318277
5.677499999999999 80.0787139150954
5.6825 -161.6798532245034
5.6875 251.72966418912563
5.6925 -13.743854001865323
5.6975 5.251459190564372
5.7025 -209.5930846178711
5.7075 -6.221576601523078
5.7124999999999995 18.68563331597201
5.717499999999999 -141.92485832040884
5.7225 167.48567864294742
5.7275 -98.85691639043922
5.7325 122.66805701674352
5.7375 -67.53652259619005
5.7425 105.9150745192695
5.7475 -227.37421696887557
5.7524999999999995 406.0371079001379
5.757499999999999 -50.8272822029687
5.7625 31.028169126161266
5.7675 -190.4617446474751
5.7725 -179.05783676496495
5.7775 204.29819175708863
5.7825 -0.9451203062049263
5.7875 299.3765035806436
5.7924999999999995 -73.78775228790992
5.797499999999999 -128.2694846216058
5.802499999999999 78.13720298683539
5.8075 -70.36716831634325
5.8125 32.066500197690424
5.8175 172.8961318939551
5.8225 177.8903681528042
5.8275 -133.82498187221782
5.8325 -62.008213858357166
5.8374999999999995 -56.7533239970809
5.842499999999999 94.0551058623223
5.8475 -74.98975630102586
5.8525 88.93867840784323
5.8575 -8.930536410471497
5.8625 176.81167064541927
5.8675 66.0809518578793
5.8725 -335.03643318281866
5.8774999999999995 -32.033779346793374
5.882499999999999 133.27970707962606
5.8875 -149.8024638343217
5.8925 186.27155775718865
5.8975 -222.12199248294223
5.9025 -8.486040596485136
5.9075 168.21425851922763
5.9125 -97.79905660221418
5.9174999999999995 170.19509689224412
5.922499999999999 -205.214016619729
5.927499999999999 -45.20681984956993
5.9325 -34.06009831828798
5.9375 210.2834807817448
5.9425 88.04009571829025
5.9475 19.221758644517603
5.9525 31.70087150254446
5.9575 -141.5253418831464
5.9624999999999995 -18.450376045628342
5.967499999999999 -69.93783998285781
5.9725 169.79351867412288
5.9775 -68.26093571814519
5.9825 -16.797253571359324
5.9875 10.90270257637159
5.9925 -68.97501235240844
5.9975 85.74331338937299
6.0024999999999995 -38.77273140873718
6.007499999999999 218.75511235070474
6.012499999999999 -98.3172768350333
6.0175 -152.39291339204394
6.0225 250.77438661329836
6.0275 149.40754852821976
6.0325 -394.8546959192849
6.0375 234.38017605855543
6.0424999999999995 -84.27232779172815
6.047499999999999 -200.51847293277928
6.052499999999999 364.6950736132109
6.0575 71.17621394782903
6.0625 12.324098981555943
6.0675 -309.94507577775744
6.0725 60.54276073041478
6.0775 -181.36410594054976
6.0825 146.89299098056372
6.0874999999999995 -135.25320382784585
6.092499999999999 224.25627205110425
6.0975 -40.21827356705265
6.1025 -51.1585658834622
6.1075 -382.2218186781676
6.1125 80.32239206618772
6.1175 93.43992812753237
6.1225 114.01953589728124
6.1274999999999995 -196.60932655563175
6.132499999999999 -215.7240989865987
6.137499999999999 234.31758974010165
6.1425 -179.60247574132163
6.1475 259.123433549016
6.1525 142.334486351029
6.1575 163.10840993106314
6.1625 -206.11917103325266
6.1674999999999995 90.14747928598497
6.172499999999999 -81.53054818034941
6.177499999999999 36.28077349650493
6.1825 -64.5098519148665
6.1875 65.03188901886313
6.1925 64.07101594436476
6.1975 -72.89757455738285
6.2025 43.55069830170219
6.2075 -51.26111072586605
6.2124999999999995 2.5269521482892268
6.217499999999999 126.72070417064673
6.2225 -74.00500432673346
6.2275 2.479281194461685
6.2325 32.86078731325693
6.2375 -91.5063901664316
6.2425 247.2778207594618
6.2475 51.97712744178688
6.2524999999999995 -121.69170697503381
6.257499999999999 54.39140465024623
6.262499999999999 -283.7249484617231
6.2675 -96.53019303157427
6.2725 99.4049141923786
6.2775 -47.51746565673455
6.2825 46.53119861867345
6.2875 -83.36621439047248
6.2924999999999995 129.0563756363985
6.297499999999999 -65.17404546272039
6.302499999999999 0.6983814341823203
6.3075 151.37537214292186
6.3125 -83.20638687389659
6.3175 -85.27333123951492
6.3225 317.8862418616564
6.3275 -139.39476103974175
6.3325 -147.0401817810527
6.3374999999999995 -83.44485796371968
6.342499999999999 233.82541086651506
6.3475 25.34236375933269
6.3525 -70.07400781939285
6.3575 69.71566773694391
6.3625 -132.06836004168548
6.3675 3.926040509270141
6.3725 -76.20577564088572
6.3774999999999995 318.4319229871401
6.382499999999999 -156.1148505738114
6.387499999999999 -71.9406824399157
6.3925 11.438615922310678
6.3975 103.69940494647412
6.4025 110.02175973709566
6.4075 -273.3470872192196
6.4125 -138.91365526379815
6.4174999999999995 49.331236340016936
6.422499999999999 -70.28640228534124
6.427499999999999 84.83071260980196
6.4325 82.35406468406866
6.4375 379.4821504056546
6.4425 4.295192165196685
6.4475 -76.45879681680267
6.4525 -62.747530502334854
6.4575 -349.3149255427486
6.4624999999999995 89.4769156015925
6.467499999999999 -198.89408890494673
6.4725 240.2803504481253
6.4775 26.730973389792645
6.4825 94.70374079479146
6.4875 -115.91867491053846
6.4925 94.52013346153929
6.4975 -15.223672997621577
6.5024999999999995 70.7683216481601
6.507499999999999 -6.009573204666263
6.512499999999999 -14.901198240525142
6.5175 51.199597873646816
6.5225 -137.92820589173135
6.5275 15.663300317220484
6.5325 -105.87734266798694
6.5375 101.0421133648607
6.5424999999999995 154.3872747026587
6.547499999999999 -228.87920373446363
6.552499999999999 69.41430057878762
6.5575 95.18087482461785
6.5625 17.71846918721099
6.5675 28.56275298896076
6.5725 -68.86385820027238
6.5775 -5.581743355304289
6.5825 214.40394763226817
6.5874999999999995 13.482566162216967
6.592499999999999 -211.08236624874957
6.5975 9.153874494928935
6.6025 -119.69275152368432
6.6075 22.399229883527113
6.6125 -71.44548159702987
6.6175 -222.71859496221987
6.6225 124.5876001782802
6.6274999999999995 207.40015363371649
6.632499999999999 140.04299542903635
6.637499999999999 81.23257063854548
6.6425 17.157894803294667
6.6475 0.6779740620829826
6.6525 48.1402230526559
6.6575 -305.32842146387424
6.6625 16.574748416696544
6.6674999999999995 54.222258254598835
6.672499999999999 -94.06907381865132
6.677499999999999 201.27751988088494
6.6825 60.67012753862189
6.6875 249.3628278590205
6.6925 -142.47309547452778
6.6975 -295.92087471299294
6.7025 -137.4321002739217
6.7075 89.0417651151593
6.7124999999999995 19.94727615506146
6.717499999999999 58.48867282697453
6.722499999999999 66.36643808445307
6.7275 90.19687715460323
6.7325 -108.3893612929909
6.7375 -232.5723578626539
6.7425 238.94310705860553
6.7475 -312.6823470414862
6.7524999999999995 136.09067539261451
6.757499999999999 141.27386934149
6.762499999999999 -284.3883553646252
6.7675 359.22916908090355
6.7725 7.330065362814832
6.7775 -299.13998230973004
6.7825 233.95569937664328
6.7875 172.29708891722063
6.7924999999999995 -163.19935928541565
6.797499999999999 146.99659731501393
6.802499999999999 -260.48384028189645
6.8075 313.18930943204435
6.8125 -265.09486909584575
6.8175 -75.29708607856846
6.8225 -77.99234610036977
6.8275 287.7504231890506
6.8325 -306.3572087126536
6.8374999999999995 -139.7157061271916
6.842499999999999 106.51292073510626
6.847499999999999 -17.406787121218457
6.8525 172.78985478919807
6.8575 26.056400391912277
6.8625 -125.94777374345185
6.8675 222.6859238502584
6.8725 194.54296089858164
6.8774999999999995 -48.017746055522935
6.882499999999999 291.68238421067156
6.887499999999999 -106.03073257807918
6.8925 99.59892002251159
6.8975 -68.03958350674635
6.9025 -152.09419555592328
6.9075 -105.38042570023828
6.9125 -217.8062797829885
6.9174999999999995 20.133683474585457
6.922499999999999 -17.474427073431137
6.927499999999999 242.76545925629088
6.9325 -158.3421940590116
6.9375 -134.91602963626423
6.9425 155.80378537588794
6.9475 -71.01931155437089
6.9525 59.73176751695574
6.9575 57.95332845235173
6.9624999999999995 221.82212380890942
6.967499999999999 -120.07523788560232
6.972499999999999 -70.9870944088852
6.9775 124.52713105420173
6.9825 121.8939946998024
6.9875 -296.070319160969
6.9925 71.77370120118871
6.9975 67.51982373544423
7.0024999999999995 100.8538454407085
7.007499999999999 38.63808337301229
7.012499999999999 -8.208395752584886
7.0175 -61.36011236939317
7.0225 -49.844148191512794
7.0275 -126.60156915628228
7.0325 -162.5263064830989
7.0375 311.13445478580576
7.0424999999999995 -62.26403969179519
7.047499999999999 -36.9291219037564
7.052499999999999 -1.2156609037207136
7.0575 208.98327316157815
7.0625 207.89587028778638
7.0675 -463.29820800623673
7.0725 151.28073408068096
7.0775 -103.9278661412989
7.0825 -63.702867159596195
7.0874999999999995 -150.5910254457452
7.092499999999999 203.8915985910473
7.097499999999999 61.57872657081296
7.1025 -250.87728910233443
7.1075 8.70908498437043
7.1125 224.61204176220897
7.1175 -83.47099380061296
7.1225 69.4878707806031
7.1274999999999995 -21.03983371949713
7.132499999999999 -294.3039000759673
7.137499999999999 227.2479342852464
7.1425 20.473604952852348
7.1475 64.74038860823273
7.1525 -237.37067451016162
7.1575 87.09814054530504
7.1625 199.6505079134957
7.1674999999999995 -7.280549199743924
7.172499999999999 109.56732054406852
7.177499999999999 -132.48145628571612
7.1825 -222.35677166572907
7.1875 74.09087392780667
7.1925 -279.3737904869914
7.1975 23.638446712921674
7.2025 348.7362771744183
7.2075 -483.4791703128822
7.2124999999999995 320.88544020246525
7.217499999999999 186.7220243487994
7.222499999999999 69.21657067743568
7.2275 -33.9778374875281
7.2325 163.0309171957281
7.2375 -472.28175138460097
7.2425 207.89324333511328
7.2475 -99.42181648273937
7.2524999999999995 7.633024693248437
7.257499999999999 -227.53797701939192
7.262499999999999 197.24388852735223
7.2675 28.925796427267557
7.2725 -60.25311524983162
7.2775 142.98461687276296
7.2825 252.7373066005553
7.2875 -59.44869303662864
7.2924999999999995 -2.3014836452156064
7.297499999999999 -129.57918895727644
7.302499999999999 14.398698143047008
7.3075 172.44867516587087
7.3125 -39.92791739866209
7.3175 146.57123493792832
7.3225 -52.47498208058086
7.3275 -40.2839444890209
7.3325 -91.07972431343038
7.3374999999999995 -38.30771709955329
7.342499999999999 84.86912922674823
7.347499999999999 -23.948798393971245
7.3525 88.5562090203239
7.3575 17.013355824946572
7.3625 -11.428722676958962
7.3675 67.59587706808989
7.3725 94.53776005870172
7.3774999999999995 -87.74790828861182
7.382499999999999 -48.12869388318537
7.387499999999999 139.1965490128341
7.3925 -118.05051345490577
7.3975 -228.17748183073434
7.4025 -97.51393670684868
7.4075 186.33573019503342
7.4125 -26.246254435455437
7.4174999999999995 20.46165662100253
7.422499999999999 -78.04185989491994
7.427499999999999 145.76749900361065
7.4325 107.11964048232258
7.4375 -364.30805942913895
7.4425 149.07608036627727
7.4475 227.65335792837857
7.4525 -69.75414356690878
7.4575 -252.57758856227156
7.4624999999999995 197.12780574671874
7.467499999999999 184.67326101157417
7.472499999999999 8.621637882690065
7.4775 -159.04878116751615
7.4825 92.65279052341343
7.4875 457.0140600868912
7.4925 -206.41253653883183
7.4975 -1.3789033008702143
7.5024999999999995 -227.86173933068125
7.507499999999999 156.32981356892122
7.512499999999999 -246.232304385505
7.5175 -32.7616131390395
7.5225 309.7443662773107
7.5275 -241.6232111793407
7.5325 72.6211723973658
7.5375 187.90443464248352
7.5424999999999995 -46.03034714321699
7.547499999999999 -287.61926003684573
7.552499999999999 -393.0988874124589
7.557499999999999 482.06106891480493
7.5625 -75.65812364297481
7.5675 102.71805785233441
7.5725 161.45593879999845
7.5775 -213.3323743721095
7.5825 16.35062832564042
7.5874999999999995 2.922964737417646
7.592499999999999 39.09240854808255
7.597499999999999 42.03895480435651
7.6025 22.16067629023147
7.6075 11.42637382809647
7.6125 -81.64726835623178
7.6175 9.966500277102403
7.6225 71.25001310664966
7.6274999999999995 -154.91478532650814
7.632499999999999 -3.8528555868288805
7.637499999999999 -53.873603053468464
7.6425 -62.418828772620294
7.6475 87.69159374729352
7.6525 135.67411082003693
7.6575 -105.37381068497173
7.6625 117.63600311352715
7.6674999999999995 -137.4844606356516
7.672499999999999 167.74468138641663
7.677499999999999 -98.20792407450683
7.682499999999999 -15.570407986351716
7.6875 121.21209599884808
7.6925 -224.28897395383538
7.6975 -111.10790755806255
7.7025 86.66544457007635
7.7075 -75.71613292667705
7.7124999999999995 112.01205561343936
7.717499999999999 -73.52321878533658
7.722499999999999 126.82505040466019
7.7275 237.76623541909467
7.7325 -38.58479349847519
7.7375 -128.82741652587976
7.7425 151.4022597219821
7.7475 -86.86445755174861
7.7524999999999995 20.698600409699775
7.757499999999999 69.44854280950865
7.762499999999999 26.58300834618964
7.7675 -357.7393532170131
7.7725 5.435032969772704
7.7775 209.32982064241614
7.7825 149.82226572040997
7.7875 47.61526885219517
7.7924999999999995 -138.10702341811856
7.797499999999999 -165.34061809470072
7.802499999999999 -70.20054814544511
7.807499999999999 -30.583591729793756
7.8125 74.95875183816067
7.8175 143.47900320768213
7.8225 86.61131544968926
7.8275 -162.66159586160722
7.8325 74.184224501647
7.8374999999999995 119.01530958926163
7.842499999999999 90.7775255413243
7.847499999999999 40.89859022773505
7.8525 -125.55465430241112
7.8575 -128.7574469361395
7.8625 -116.15010234863277
7.8675 197.59394352424178
7.8725 -83.6660933280952
7.8774999999999995 -39.09741823262319
7.882499999999999 188.0626563019956
7.887499999999999 -163.26577655458695
7.8925 83.44713174363308
7.8975 -30.064156182664462
7.9025 -14.991777052965839
7.9075 -58.95959975344013
7.9125 80.49432482911264
7.9174999999999995 -24.618105907070717
7.922499999999999 -2.8815997068996553
7.927499999999999 2.04707089756982
7.932499999999999 0.2726654237913258
7.9375 -84.86857709824612
7.9425 79.08657320876037
7.9475 107.46021508018438
7.9525 168.26053546701337
7.9575 -176.33583719664983
7.9624999999999995 -0.29741436020502143
7.967499999999999 228.35225945024075
7.972499999999999 -246.58455789598207
7.9775 -4.516009551453272
7.9825 -1.5307231119826248
7.9875 159.9935190892056
7.9925 -2.8303043899972167
7.9975 -81.48170217706432
8.0025 -111.69978168043004
8.0075 32.98242006432947
8.0125 66.38602206663296
8.0175 99.87855623312275
8.022499999999999 -229.18263282151125
8.0275 -149.63495046793443
8.032499999999999 123.5461613443671
8.0375 -0.3355149112165822
8.0425 82.94325158806862
8.0475 145.05366711649086
8.0525 -15.599531843746902
8.0575 -124.87886980617067
8.0625 11.890271248165506
8.067499999999999 29.826728820982165
8.0725 -294.8915174402215
8.077499999999999 128.72774969934775
8.0825 -1.4030201054144718
8.0875 -20.28555802484393
8.0925 336.2137835266886
8.0975 63.22792888008317
8.1025 -101.03408855341407
8.1075 -4.3341118954241455
8.112499999999999 -130.1732405397138
8.1175 -35.550125506862535
8.1225 5.250172294293951
8.1275 18.32468207098829
8.1325 -56.7031097783132
8.1375 -62.62191995225875
8.1425 32.846060114445265
8.147499999999999 -93.7733266338805
8.1525 79.85648482468368
8.157499999999999 239.93005465162682
8.1625 22.311172756170915
8.1675 -205.34151488083734
8.1725 26.649459827327217
8.1775 277.49417354541356
8.1825 -351.4308881557438
8.1875 -0.6554623250956371
8.192499999999999 0.5565434247805197
8.1975 60.64798792256018
8.202499999999999 53.739115024478224
8.2075 -177.6934577596294
8.2125 298.48961440958385
8.2175 -302.94563025170567
8.2225 68.34217900607693
8.2275 393.0844528575435
8.2325 -12.789580020910718
8.237499999999999 -193.34500337157078
8.2425 73.34501812701848
8.2475 -0.4688181534973257
8.2525 147.88656924740533
8.2575 187.02513921209513
8.2625 -191.02945564755936
8.2675 140.2502307304683
8.272499999999999 -121.42012633374283
8.2775 109.55860892739864
8.282499999999999 -67.18378774966418
8.2875 -213.43616058255174
8.2925 182.89743863605332
8.2975 64.41629389808443
8.3025 101.6809415687775
8.3075 -62.79156893484938
8.3125 20.268610206251115
8.317499999999999 30.05772828053664
8.3225 16.757490581955075
8.327499999999999 -109.00253289071144
8.3325 -30.805365801053828
8.3375 43.960740823452404
8.3425 -389.86911055086557
8.3475 214.62406689703576
8.3525 -164.67381923982165
8.3575 310.645633158788
8.362499999999999 128.40576509446066
8.3675 -152.88064892071642
8.3725 -196.6633483030785
8.3775 164.86156319455168
8.3825 -29.385545251670557
8.3875 80.77819809306037
8.3925 -77.56596183816801
8.397499999999999 6.9326738998604664
8.4025 40.76709771956242
8.407499999999999 -282.2238213651666
8.4125 35.950740000210324
8.4175 -12.317105529308463
8.4225 44.18115352162314
8.4275 114.52833125972559
8.4325 -312.6046371917497
8.4375 141.7494690962128
8.442499999999999 -223.59255253636022
8.4475 15.624842119576714
8.452499999999999 54.680905190518345
8.4575 -2.4114230751716716
8.4625 181.80998997086056
8.4675 53.58028991851462
8.4725 85.92744140243522
8.4775 -108.19707504181352
8.4825 -18.51504797818093
8.487499999999999 3.2413693232015377
8.4925 -165.24388007565204
8.4975 165.9946753606577
8.5025 -317.97114096135516
8.5075 57.356809660806995
8.5125 61.097250252957565
8.5175 12.776362227734836
8.522499999999999 138.0753889287357
8.5275 -79.1397733426782
8.532499999999999 -131.34291398151734
8.5375 335.514176185645
8.5425 -82.83184584639585
8.5475 -121.45190240803237
8.5525 -42.48627244763931
8.5575 199.7211417417199
8.5625 -0.35614972709950116
8.567499999999999 -280.29664209275415
8.5725 -1.5233428013471035
8.577499999999999 372.56350268825804
8.5825 -80.4367187202747
8.5875 -240.28703730852098
8.5925 142.90375004804488
8.5975 -75.46156036967335
8.6025 10.539019111126208
8.6075 -9.108714962596002
8.612499999999999 -217.25701324343768
8.6175 122.78295658968133
8.6225 -201.36914900069073
8.6275 59.21604133647912
8.6325 264.10109858407054
8.6375 19.896853243299393
8.6425 -76.65459189987648
8.647499999999999 26.71147901664753
8.6525 149.05454288082225
8.657499999999999 -51.16061649608779
8.6625 -249.50710143146088
8.6675 80.44379007053773
8.6725 153.51740545848992
8.6775 -19.941671182307378
8.6825 -155.32506312131883
8.6875 11.162770101499303
8.692499999999999 169.36403138657866
8.6975 37.38670096578199
8.702499999999999 -72.00716102745734
8.7075 237.424672884914
8.7125 70.7254620810532
8.7175 8.268119318967184
8.7225 -294.5074991717206
8.7275 52.09082959590458
8.7325 -0.14470924867263196
8.737499999999999 89.2256525917816
8.7425 -240.21075620313056
8.747499999999999 73.81927256195918
8.7525 179.39538465648604
8.7575 -97.42576207454672
8.7625 -133.76629137563293
8.7675 -185.76070415021854
8.772499999999999 240.8432359819489
8.7775 -221.93945716849527
8.782499999999999 -17.39815833698235
8.7875 311.9605829783977
8.7925 -15.418512382575525
8.7975 58.84261798760014
8.8025 -70.5240014963619
8.8075 62.89794735966043
8.8125 22.307447073042006
8.817499999999999 80.94683545412471
8.8225 83.45871670492555
8.827499999999999 -248.86313432703847
8.8325 366.4458086170207
8.8375 -409.2290754071866
8.8425 140.92628181687684
8.8475 -271.40509942878333
8.8525 220.4091345996872
8.8575 -75.34562627950872
8.862499999999999 181.92298893748654
8.8675 13.543415828628127
8.872499999999999 -134.87707168074368
8.8775 227.63022484944963
8.8825 -292.31015984412517
8.8875 183.1927034320995
8.8925 226.4890610204378
8.897499999999999 -114.87790885987688
8.9025 -219.8025361733667
8.907499999999999 -136.69551571862118
8.9125 146.91517165098497
8.9175 -269.7230923177142
8.9225 -12.79054006131859
8.9275 208.7727114701392
8.9325 -24.566825788176377
8.9375 -53.33604990166824
8.942499999999999 -153.28733340639087
8.9475 -21.043978630797568
8.952499999999999 213.26462099407016
8.9575 -24.04892273976012
8.9625 13.453968116426752
8.9675 -86.99028297928993
8.9725 338.1314831895802
8.9775 -73.84027173528308
8.9825 -10.778620116928249
8.987499999999999 -166.3458964592598
8.9925 304.28982524960634
8.997499999999999 -61.75325536405683
9.0025 -212.55630091788854
9.0075 30.066121002205353
9.0125 9.002806031230033
9.0175 235.92602112280693
9.022499999999999 -219.30822984181484
9.0275 -127.94510491590951
9.032499999999999 162.03897241869234
9.0375 102.12377678655398
9.0425 41.407304928889644
9.0475 -203.14206349066143
9.0525 -50.25698727833819
9.0575 222.83855540606328
9.0625 -167.62673418520484
9.067499999999999 -17.152357201797287
9.0725 81.5211767990681
9.077499999999999 -60.45757747401912
9.0825 329.0174030011631
9.0875 -189.60725105046367
9.0925 -229.29015261015152
9.0975 162.68900464681542
9.1025 236.61768444527812
9.1075 206.54255385333497
9.112499999999999 -137.33256003166494
9.1175 -294.33918261363254
9.122499999999999 144.4603358275284
9.1275 277.9145070924158
9.1325 -405.57798673373185
9.1375 -45.9214678236702
9.1425 170.49139173164457
9.147499999999999 -240.7146964270127
9.1525 68.07473689423884
9.157499999999999 28.599969029059256
9.1625 87.33584752401951
9.1675 -43.823395305770084
9.1725 103.74193384176839
9.1775 -27.559263120731675
9.1825 163.50800359197066
9.1875 -247.18297808334557
9.192499999999999 98.62184333837558
9.1975 284.95507395451807
9.202499999999999 -283.45353628147
9.2075 9.026475711691786
9.2125 88.53459245259295
9.2175 -198.59865923353993
9.2225 135.77324203191978
9.2275 64.18461677842845
9.2325 72.85653519846703
9.237499999999999 18.39371497656688
9.2425 -64.51928060119135
9.247499999999999 -26.698236617172814
9.2525 -123.85574490098124
9.2575 213.81034212123745
9.2625 -64.88606524959638
9.2675 -51.97840302179152
9.272499999999999 -102.69678958873719
9.2775 183.46241978439667
9.282499999999999 -237.4567313395099
9.2875 101.77295254676085
9.2925 34.133026585189825
9.2975 180.06926624368612
9.3025 -21.97821347883615
9.3075 -299.1665642180299
9.3125 242.886846997051
9.317499999999999 -6.688272297265607
9.3225 -46.82341420743183
9.327499999999999 -141.31842121666787
9.3325 307.60808399327584
9.3375 -101.99004299983591
9.3425 -82.16194633469509
9.3475 165.70586373096063
9.3525 -11.02069596373786
9.3575 -126.52528884039876
9.362499999999999 -231.0790400092603
9.3675 364.11352597811435
9.372499999999999 -131.53129217346861
9.3775 104.05379012562
9.3825 21.22034605406051
9.3875 91.56357678392907
9.3925 86.52289330696966
9.397499999999999 -240.7542364465059
9.4025 126.45756520045316
9.407499999999999 160.9758209603737
9.4125 210.39580682531079
9.4175 -208.19145509730185
9.4225 171.0551338804703
9.4275 -37.376249210080594
9.4325 -200.78827402548524
9.4375 -160.4523368875798
9.442499999999999 -31.668847078986186
9.4475 81.40593267215438
9.452499999999999 -106.32261601469946
9.4575 32.25918932766697
9.4625 -173.002145371251
9.4675 366.1360263369931
9.4725 108.2969171388805
9.4775 -166.44835998245145
9.4825 -32.88094395111871
9.487499999999999 73.69817351756076
9.4925 52.606549723494844
9.497499999999999 126.5874532989913
9.5025 -347.2944714891596
9.5075 14.933995147254944
9.5125 -124.70032439649995
9.5175 -150.84232812827858
9.522499999999999 113.10532136557724
9.5275 1.863514750682577
9.532499999999999 -31.161156828845233
9.5375 213.93626742140341
9.5425 -54.28876868558602
9.5475 99.4762466684298
9.5525 -17.09171070183209
9.5575 -49.388575595517835
9.5625 -84.71487299729809
9.567499999999999 -115.87750541456627
9.5725 23.2129683441119
9.577499999999999 -3.7415919564006903
9.5825 149.55866173064382
9.5875 83.55982043404171
9.5925 -240.95551751706256
9.5975 -127.1368656670484
9.6025 -8.880335613321346
9.6075 165.01765344856392
9.612499999999999 9.243249046156247
9.6175 18.595113190211947
9.622499999999999 52.77936015493958
9.6275 -133.23033737008777
9.6325 -122.36731067419089
9.6375 177.35735782378927
9.6425 -135.63760948107267
9.647499999999999 -11.27792415883253
9.6525 -75.83415078875767
9.657499999999999 93.67795393545575
9.6625 298.00560456404025
9.6675 -294.2181737046068
9.6725 137.589678616883
9.6775 81.88515396088563
9.6825 -22.35615129404373
9.6875 -13.531237158136042
9.692499999999999 162.32819130237274
9.6975 -1.242577562952295
9.702499999999999 -88.52444834141919
9.7075 -8.840141289972879
9.7125 71.08386453454837
9.7175 -153.3552965301005
9.7225 8.209930027688477
9.7275 113.01931011380513
9.7325 -164.4507272183525
9.737499999999999 -128.6093218200096
9.7425 -14.227101446898626
9.747499999999999 319.0101810100934
9.7525 -67.11434772168674
9.7575 78.59342350483809
9.7625 94.0868335135211
9.7675 -339.6208779831163
9.772499999999999 27.442949014572267
9.7775 190.4932828170144
9.782499999999999 -212.43660009023546
9.7875 255.3445926563954
9.7925 -11.293853250336838
9.7975 144.61480811870413
9.8025 -33.980400490141115
9.8075 257.20052156147574
9.8125 -62.90763513583767
9.817499999999999 -356.48169765101017
9.8225 -23.056085425157644
9.827499999999999 -44.58085245011924
9.8325 65.54797758301342
9.8375 158.5625246484632
9.8425 -43.281582764166835
9.8475 143.85896656867075
9.8525 16.698204928741276
9.8575 174.86443895005775
9.862499999999999 -238.21150284450536
9.8675 244.7752741120785
9.872499999999999 -64.64386295009598
9.8775 219.42184962404448
9.8825 -468.36732873274474
9.8875 -112.16459861288536
9.8925 164.06176189952623
9.897499999999999 -231.5257922340079
9.9025 101.74274627538607
9.907499999999999 308.6592011292832
9.9125 -68.74848202832723
9.9175 144.06386229794649
9.9225 -72.37770872898521
9.9275 106.8806593710328
9.9325 -146.1310000927588
9.9375 55.321812692478616
9.942499999999999 -140.7206165815286
9.9475 70.35231532276322
9.952499999999999 -144.54306088835392
9.9575 18.89007461822627
9.9625 -46.21946358992541
9.9675 153.65773925984314
9.9725 -167.03382909839166
9.9775 -167.64331264614623
9.9825 53.368030195079605
9.987499999999999 52.092517561687494
9.9925 59.24568074188939
9.997499999999999 105.29056823394832
10.0025 48.06216792522888
