0.0075 -291.99172670450787
0.012499999999999999 177.7842355278125
0.017499999999999998 -14.262186344666269
0.0225 53.21105569332328
0.0275 -156.7225616785432
0.0325 60.649230869612374
0.0375 41.639750501942274
0.042499999999999996 268.8849773048103
0.0475 -52.5322168580001
0.0525 -200.4234478805658
0.057499999999999996 -109.79350960378598
0.0625 245.85429110659481
0.06749999999999999 -109.72826422604457
0.0725 38.23644909990011
0.0775 100.41058125750857
0.08249999999999999 -89.29621845661892
0.0875 68.71766204691102
0.0925 33.579889948537044
0.09749999999999999 494.6027032365823
0.1025 -190.42679922926234
0.1075 -83.23145056040016
0.11249999999999999 -294.87816477294774
0.1175 218.44344791703332
0.1225 -221.5015634744958
0.1275 -81.25653080409552
0.1325 261.76116899090437
0.13749999999999998 118.57468683302818
0.1425 -48.798933935535196
0.1475 186.287975027135
0.1525 -330.60696201058727
0.1575 104.93812918934637
0.1625 147.81233796513357
0.16749999999999998 32.23111975806755
0.1725 -112.7942977483513
0.1775 -68.8418520108792
0.1825 -146.64980456069455
0.1875 185.82406392227946
0.1925 88.66033327130992
0.19749999999999998 -32.373761288131455
0.20249999999999999 -295.22707419530457
0.2075 536.9882885515873
0.2125 -382.40065936342427
0.2175 281.6667547604708
0.2225 -102.99655957440571
0.22749999999999998 -115.92439923042112
0.23249999999999998 -65.63018841166874
0.2375 185.1846009548035
0.2425 -27.213867267312793
0.2475 -123.18783915740822
0.2525 -88.39558265433514
0.2575 51.742745997780204
0.2625 -129.903068641927
0.2675 -17.91073964825006
0.27249999999999996 -138.830078588181
0.27749999999999997 166.69754626011635
0.2825 -4.323317756890893
0.2875 83.73504044058909
0.2925 -182.07366606892487
0.2975 -3.3093666588774515
0.3025 36.782655804822575
0.3075 -153.6397642927547
0.3125 -103.36626750374569
0.3175 89.29657241888553
0.3225 274.168278888245
0.32749999999999996 1.2914488304586489
0.33249999999999996 -7.991991907356351
0.33749999999999997 -128.00154281768317
0.34249999999999997 360.021456375456
0.3475 -132.21240847307078
0.3525 -143.80307526885082
0.3575 99.34356134689402
0.3625 -142.39047002315795
0.3675 -32.4740389298462
0.3725 301.7107013001552
0.3775 8.960043836642582
0.3825 -68.82968110387176
0.38749999999999996 -206.76344012406983
0.39249999999999996 70.49761551736125
0.39749999999999996 237.51647885426863
0.40249999999999997 -176.609103172034
0.4075 81.0470786207042
0.4125 123.69841248942372
0.4175 -198.5022046474735
0.4225 10.783671776919837
0.4275 51.73469697478822
0.4325 -70.91265917066055
0.4375 24.69983197848059
0.4425 31.218750568741534
0.44749999999999995 22.169922337290135
0.45249999999999996 -0.7020669182508377
0.45749999999999996 220.61360452156708
0.46249999999999997 -77.39030944500051
0.46749999999999997 163.7662697254887
0.4725 -89.17222744839317
0.4775 -53.30275771093415
0.4825 139.78407979449668
0.4875 -45.724054251421954
0.4925 -239.46425373038724
0.4975 -14.237874795083135
0.5025 -69.40607417990887
0.5075 256.2535409138116
0.5125 -308.2804838733744
0.5175 3.2284366736062315
0.5225 317.6818264157537
0.5275 -358.8783643156143
0.5325 -58.73883414567869
0.5375 -13.652901489485162
0.5425 -240.30025628595726
0.5475 198.19783420501497
0.5525 48.89177073775099
0.5575 261.1055330277438
0.5625 -97.1475849714017
0.5675 401.2465333712573
0.5725 -369.52461794021576
0.5775 39.01551583800244
0.5825 -91.96835408406734
0.5875 331.192417178572
0.5925 -252.6808921208201
0.5974999999999999 -212.6063290761934
0.6024999999999999 283.12570221985436
0.6074999999999999 -449.9660944923254
0.6124999999999999 245.4295329654677
0.6174999999999999 -237.5072666244228
0.6224999999999999 -88.02396780262802
0.6275 200.5906325489077
0.6325 162.36957936017575
0.6375 -165.64255317149744
0.6425 170.40627078050292
0.6475 33.98363299461751
0.6525 86.35608075955338
0.6575 131.48489943133544
0.6625 -147.54137656043238
0.6675 -457.8586119496679
0.6725 209.90155418022908
0.6775 226.99008237968934
0.6825 -231.24009784077774
0.6875 23.20285739222855
0.6925 11.438437493748031
0.6975 -81.3831051324013
0.7025 -52.15004629884785
0.7075 358.6005352534341
0.7125 -189.83689703199792
0.7174999999999999 -105.57190902288369
0.7224999999999999 293.189303689186
0.7274999999999999 -144.9130675144765
0.7324999999999999 -88.79868541030804
0.7374999999999999 241.3069039186748
0.7424999999999999 -40.99702160753054
0.7474999999999999 96.79400666832231
0.7525 -220.959691456705
0.7575 -193.34535259679595
0.7625 562.0318449973489
0.7675 -310.36255650731687
0.7725 -84.22814987965876
0.7775 88.16045854749103
0.7825 -210.77196186811346
0.7875 -13.882365358091187
0.7925 322.73339367317715
0.7975 -207.13835593708205
0.8025 57.38194098173621
0.8075 -142.21651217499766
0.8125 -39.853226886535126
0.8175 200.93886904820448
0.8225 49.249202360910445
0.8275 -81.27118568489622
0.8325 86.49463974936309
0.8374999999999999 62.042769786492194
0.8424999999999999 -230.19341115440483
0.8474999999999999 28.433691767330917
0.8524999999999999 35.83211816534021
0.8574999999999999 -91.08444188041271
0.8624999999999999 -122.80037969143663
0.8674999999999999 281.69919507324425
0.8724999999999999 236.81288634549028
0.8775 -172.58647991340837
0.8825 -93.73425498936426
0.8875 91.50880211005502
0.8925 -25.210008978025076
0.8975 -107.84942277763336
0.9025 174.31151751983134
0.9075 -257.4197052605498
0.9125 92.79221560230818
0.9175 66.02314047724362
0.9225 138.84324045795046
0.9275 -89.41795489626621
0.9325 -63.58132770192403
0.9375 36.56548903274578
0.9425 208.01440764541664
0.9475 -203.77919122826916
0.9524999999999999 33.15092084069764
0.9574999999999999 -198.98266908063368
0.9624999999999999 55.08922474501244
0.9674999999999999 -14.603153853802455
0.9724999999999999 70.43619148466989
0.9774999999999999 -150.7371152788421
0.9824999999999999 149.8807047590426
0.9874999999999999 -56.274407786979815
0.9924999999999999 82.10201828602197
0.9974999999999999 -97.78057477168674
1.0025 -83.1153333046314
1.0075 178.81992622505103
1.0125 -177.6094526449267
1.0174999999999998 144.89084368434393
1.0225 136.20471098181903
1.0274999999999999 55.75313979430228
1.0325 7.6127451554769845
1.0374999999999999 -200.89429217197434
1.0425 -81.55890279484103
1.0474999999999999 86.52022872113366
1.0525 -1.8397363814356122
1.0574999999999999 10.560565807495225
1.0625 -200.27082014071098
1.0675 428.14734904125015
1.0725 -87.82853668224175
1.0775 -5.42939641674205
1.0825 -201.33361434715087
1.0875 132.98835350083368
1.0925 329.6650636820999
1.0975 -68.31434638724019
1.1025 -348.1016315149648
1.1075 149.95679269840798
1.1125 -141.35674388229134
1.1175 135.34015459284606
1.1225 -112.77597066117907
1.1275 295.15096362340756
1.1324999999999998 234.51448039560358
1.1375 -434.98895358170716
1.1424999999999998 -139.54538106351328
1.1475 218.50357992165934
1.1524999999999999 -27.345707290112237
1.1575 -220.38846320331723
1.1624999999999999 119.6688307800238
1.1675 -143.6869106426672
1.1724999999999999 82.03270273696802
1.1775 -9.087121158981097
1.1824999999999999 188.64053536163
1.1875 75.75560432486093
1.1925 -206.79072798313567
1.1975 -33.01154129003494
1.2025 -66.90611843104958
1.2075 129.18841303592657
1.2125 -67.24396686153607
1.2175 -134.58959800209746
1.2225 149.81374588812804
1.2275 185.94129859350105
1.2325 -18.419220523773514
1.2375 -82.78558232022766
1.2425 -82.32623167047846
1.2475 -118.5172441521215
1.2525 -22.11009271381234
1.2574999999999998 322.79630089329555
1.2625 -51.53588334361182
1.2674999999999998 3.301343689613634
1.2725 2.6384744738163586
1.2774999999999999 -66.79398318498792
1.2825 154.68780603616165
1.2874999999999999 -178.05924841882924
1.2925 74.85458429587882
1.2974999999999999 -199.922290997518
1.3025 3.985375375081598
1.3074999999999999 -220.7710124626194
1.3125 179.64415249548628
1.3175 -2.8516294980922656
1.3225 170.9891242600358
1.3275 221.0344322341055
1.3325 155.74410417971006
1.3375 -163.65996498798967
1.3425 -150.6345578043276
1.3475 72.66787620522325
1.3525 -172.7552272791028
1.3575 -211.62968375889776
1.3625 174.19458944046158
1.3675 11.284052837839807
1.3724999999999998 -0.27221540485013546
1.3775 512.3304301818711
1.3824999999999998 -107.07112580877255
1.3875 -139.11380395116674
1.3924999999999998 66.32263571450592
1.3975 -56.0948804938766
1.4024999999999999 -390.5265629597234
1.4075 239.49070984391875
1.4124999999999999 -37.19053665664124
1.4175 -201.41429853260274
1.4224999999999999 168.15891592671318
1.4275 273.06654751663336
1.4324999999999999 -81.80934123047213
1.4375 -198.21465807102223
1.4425 178.84077210244908
1.4475 -47.66362378217953
1.4525 -135.10075556922962
1.4575 -222.94016455118913
1.4625 172.4425878043921
1.4675 -151.05902672275514
1.4725 145.83712219719223
1.4775 -215.60667904442127
1.4825 -72.85902293475421
1.4874999999999998 178.59018997655957
1.4925 -144.63547556753952
1.4974999999999998 115.32933793443253
1.5025 195.88416340210796
1.5074999999999998 -32.90917954744299
1.5125 -231.75135653058715
1.5174999999999998 -49.21087607671362
1.5225 85.48497225269804
1.5274999999999999 154.51597985667016
1.5325 291.6142868707865
1.5374999999999999 -133.58656025816134
1.5425 -30.74824313361643
1.5474999999999999 -82.96513435121419
1.5525 24.967531403780534
1.5574999999999999 -68.96139967419089
1.5625 33.151881407443454
1.5675 69.15284273198371
1.5725 -73.46596624401178
1.5775 105.81800806534446
1.5825 -229.34600614522407
1.5875 169.43444117576786
1.5925 92.27608211850405
1.5975 63.37749142513516
1.6025 -67.58887058897831
1.6075 -160.3592434298246
1.6124999999999998 -165.79093073246315
1.6175 -16.348440470396223
1.6224999999999998 -96.67113781259083
1.6275 29.829006811599093
1.6324999999999998 91.48520585373628
1.6375 -32.3388848201892
1.6424999999999998 -134.4515506127683
1.6475 157.21950654220288
1.6524999999999999 128.81471072793784
1.6575 -250.61794450237133
1.6624999999999999 204.03165895983915
1.6675 -71.15967825184552
1.6724999999999999 -274.95589967059556
1.6775 380.0658595133059
1.6824999999999999 148.82715725758385
1.6875 -268.4165744319499
1.6925 89.68056542316512
1.6975 165.43881854372376
1.7025 46.77301524404617
1.7075 -64.48101925393824
1.7125 64.44558249925575
1.7175 -303.25880277516796
1.7225 316.5263809412229
1.7274999999999998 5.2621588514368725
1.7325 -244.9811080387375
1.7374999999999998 65.94294868093732
1.7425 60.129790322272626
1.7474999999999998 38.95926241767776
1.7525 77.2448670075734
1.7574999999999998 -65.64248682404282
1.7625 132.47047801936722
1.7674999999999998 27.85407526614694
1.7725 -4.691857479166559
1.7774999999999999 -19.772827233600434
1.7825 -342.24508132994856
1.7874999999999999 98.30150853977054
1.7925 309.694788137947
1.7974999999999999 -317.80201068480727
1.8025 168.33897061043518
1.8074999999999999 -3.967721210969393
1.8125 -91.32892743390946
1.8175 -94.72413007402402
1.8225 9.859935002321622
1.8275 11.452514402031229
1.8325 -269.62255466505565
1.8375 351.30982602079365
1.8425 37.611285155319266
1.8475 72.50135261733763
1.8524999999999998 -17.84593797339454
1.8575 -154.73158261554957
1.8624999999999998 252.61450485291158
1.8675 76.05490718560512
1.8724999999999998 -98.39792996654654
1.8775 -17.817289267577323
1.8824999999999998 -242.64343037012407
1.8875 -12.778359351266975
1.8924999999999998 24.42991982846864
1.8975 47.0186913739698
1.9024999999999999 174.63714069891788
1.9075 -247.62209656573813
1.9124999999999999 -99.11020520920017
1.9175 192.57568072780563
1.9224999999999999 157.7208994878181
1.9275 171.45301971456158
1.9324999999999999 26.082741837788525
1.9375 -193.8789174392818
1.9425 -72.89618022237983
1.9475 -23.814078381532667
1.9525 -39.030565418804144
1.9575 71.6504860150908
1.9625 -9.184343672106206
1.9674999999999998 -52.87555288787938
1.9725 13.608444618306011
1.9774999999999998 20.140993782274574
1.9825 -24.16617951717528
1.9874999999999998 165.46676498314062
1.9925 -163.67340081665844
1.9974999999999998 29.53477784862458
2.0025 -29.525373768598556
2.0075 21.754666701384345
2.0124999999999997 18.922189588358783
2.0175 -241.67674237982462
2.0225 170.91195311718388
2.0275 -67.00440546266422
2.0324999999999998 240.4213179603617
2.0375 -163.79983850681182
2.0425 -102.48380588746171
2.0475 139.16527690712493
2.0524999999999998 86.64953468990696
2.0575 60.88949571914491
2.0625 170.38901426470656
2.0675 -83.1323219144148
2.0725 126.18656800477187
2.0775 -273.806740250117
2.0825 -176.4687335797007
2.0875 213.83111931153394
2.0925 2.7396942604489185
2.0974999999999997 104.30337141991107
2.1025 -245.24295353343638
2.1075 -7.475435428774791
2.1125 190.57635710306508
2.1174999999999997 52.25836559482338
2.1225 22.279254044298863
2.1275 -59.619453052824525
2.1325 15.153365959467678
2.1374999999999997 18.859950916116276
2.1425 -114.84719310159738
2.1475 -201.52349707611194
2.1525 301.0511556452985
2.1574999999999998 52.51066042437914
2.1625 10.43893805663314
2.1675 157.79186221146435
2.1725 -244.13133332455325
2.1774999999999998 234.17257416274623
2.1825 -166.07909417698355
2.1875 50.14984842678412
2.1925 -32.94155966031424
2.1975 6.825696765639357
2.2024999999999997 -69.20406015087059
2.2075 138.2623999578802
2.2125 -125.70184312913281
2.2175 9.797468425749836
2.2224999999999997 104.6474751136801
2.2275 -116.10461944742616
2.2325 178.83997470046558
2.2375 -52.86045462081797
2.2424999999999997 -24.99961933330123
2.2475 -158.75546987474513
2.2525 37.9719403352101
2.2575 -33.946313792282204
2.2624999999999997 170.02918675123098
2.2675 -151.21766734726975
2.2725 57.66272701047977
2.2775 13.800829821016647
2.2824999999999998 19.434158768598888
2.2875 136.55925300967192
2.2925 165.2333348949658
2.2975 -430.6860453680596
2.3024999999999998 256.1472719672927
2.3075 187.93635151217276
2.3125 -508.1345006814586
2.3175 259.6305898951062
2.3225 63.16445726120939
2.3274999999999997 36.26398686890713
2.3325 107.74664582019669
2.3375 -159.5633923010607
2.3425 -334.6202867199445
2.3474999999999997 132.4222552002065
2.3525 231.17475219565821
2.3575 -120.90841137472916
2.3625 -144.29821742505598
2.3674999999999997 -160.8608021718918
2.3725 -103.07569066817254
2.3775 82.96972145217892
2.3825 78.46403332199392
2.3874999999999997 153.79629936812097
2.3925 -224.73851866453913
2.3975 86.24473080970256
2.4025 -10.548228182944378
2.4074999999999998 -88.45410143316612
2.4125 75.35887328444043
2.4175 32.05788101912177
2.4225 240.45634048708314
2.4274999999999998 -66.55126336370515
2.4325 -124.66555576204375
2.4375 186.75258372714165
2.4425 -303.6132062445574
2.4475 438.99603013334394
2.4524999999999997 -103.80852559196775
2.4575 56.05152840603963
2.4625 198.39058147888616
2.4675 -388.0045459040194
2.4724999999999997 -122.78289487655753
2.4775 221.04528911376642
2.4825 -59.70265156285372
2.4875 -73.60474558437888
2.4924999999999997 -212.5945147672543
2.4975 77.53242452198508
2.5025 139.25344709845047
2.5075 -148.775509392948
2.5124999999999997 162.60202753202196
2.5175 -34.738794614716994
2.5225 -135.35703107619952
2.5275 233.07770092518655
2.5324999999999998 -47.89171038886956
2.5375 31.321438673754216
2.5425 110.56450399297623
2.5475 0.008678159772373762
2.5524999999999998 -201.81777710620295
2.5574999999999997 -126.29564542476194
2.5625 70.04769332366408
2.5675 -14.06126750975077
2.5725 -53.915353577185456
2.5774999999999997 264.2588449110759
2.5825 -375.47849605397835
2.5875 218.18574369038947
2.5925 58.11447060485243
2.5974999999999997 1.350092318485969
2.6025 -66.07317991891813
2.6075 381.6104478141342
2.6125 -230.51184218867036
2.6174999999999997 305.94358327694147
2.6225 -251.66185353893883
2.6275 -212.49540047631393
2.6325 28.045515429081068
2.6374999999999997 227.70795507833333
2.6425 -431.9108352086466
2.6475 257.06980448067753
2.6525 136.4860214734266
2.6574999999999998 -278.5804502862803
2.6625 12.41762721090005
2.6675 63.35248670492927
2.6725 74.12377751665828
2.6774999999999998 -13.785595232428008
2.6824999999999997 263.19735495361056
2.6875 7.983024950991919
2.6925 -52.393262522603024
2.6975 -315.57294350863623
2.7024999999999997 202.5332835909443
2.7075 -136.62250659305286
2.7125 -56.983301308350235
2.7175 213.3801315137752
2.7224999999999997 120.65166675261955
2.7275 -61.20344011720056
2.7325 -16.880311672518225
2.7375 -147.61024847239273
2.7424999999999997 -230.46372957151644
2.7475 39.33689620693108
2.7525 186.98255347230307
2.7575 -82.7381257833196
2.7624999999999997 93.47657496604172
2.7675 -164.93657598998033
2.7725 203.65842252672215
2.7775 185.67962817196042
2.7824999999999998 -235.37457824165443
2.7875 20.658448259178982
2.7925 105.72433721486588
2.7975 -30.298610590268453
2.8024999999999998 -86.10962071505604
2.8074999999999997 -1.400806459611067
2.8125 -26.52963274436008
2.8175 74.95393110894152
2.8225 -184.60503511364652
2.8274999999999997 135.65861888509033
2.8325 -58.04756227060443
2.8375 -9.794385425921316
2.8425 151.24070237108475
2.8474999999999997 -133.67064846846677
2.8525 65.32317851601096
2.8575 53.23182630439548
2.8625 152.7359728313342
2.8674999999999997 -237.01192985476322
2.8725 56.74831753636015
2.8775 -215.2429531925234
2.8825 32.112477280881244
2.8874999999999997 -118.62040839559579
2.8925 247.01439253367246
2.8975 -88.81894951979858
2.9025 343.35338982049484
2.9074999999999998 -125.74147979743077
2.9125 19.522057862987726
2.9175 -294.40204835174177
2.9225 -19.85945897201498
2.9274999999999998 179.7867979730848
2.9324999999999997 -229.61694320679533
2.9375 94.73304887046669
2.9425 79.23020425415694
2.9475 -77.9484684640968
2.9524999999999997 232.03618134774337
2.9575 -59.5775986596041
2.9625 -56.46129407403187
2.9675 123.28634698778991
2.9724999999999997 -14.506272670833324
2.9775 102.08307559976647
2.9825 -73.39591026905666
2.9875 -85.8307139101454
2.9924999999999997 71.03636174569358
2.9975 -137.09566874517753
3.0025 22.445538148420454
3.0075 255.77842012661688
3.0124999999999997 -363.43060144450936
3.0175 37.91078934032662
3.0225 212.40620025808212
3.0275 401.67438953751645
3.0324999999999998 -428.89089494218365
3.0374999999999996 -11.005328211649667
3.0425 293.34995781950124
3.0475 -204.0566750127589
3.0524999999999998 -161.2998461774655
3.0574999999999997 196.12964531333063
3.0625 94.22679835197631
3.0675 -124.08585037553966
3.0725 241.51102329948478
3.0774999999999997 -88.10072655970166
3.0825 -19.998014869589262
3.0875 -154.5206168939472
3.0925 -91.23125042797064
3.0974999999999997 -0.6662196199728858
3.1025 157.66661983477934
3.1075 -10.619951728087143
3.1125 -119.29255467949422
3.1174999999999997 47.58110096670857
3.1225 -44.96221731746535
3.1275 -23.68018116688334
3.1325 0.2889245291858404
3.1374999999999997 -85.8087348271563
3.1425 71.85276966074035
3.1475 -5.532060079936506
3.1525 -155.8082584588958
3.1574999999999998 158.06081063670283
3.1624999999999996 -16.010736519675067
3.1675 -146.59527989734337
3.1725 85.4135876691905
3.1774999999999998 37.69186959973097
3.1824999999999997 -49.80590789777739
3.1875 38.77599891468678
3.1925 50.549061019020954
3.1975 313.48213491489406
3.2024999999999997 -311.10782103321844
3.2075 -176.26666849588196
3.2125 113.75003981741317
3.2175 85.13758526284111
3.2224999999999997 -74.37573335168267
3.2275 173.4781232319375
3.2325 -93.60181178328226
3.2375 -154.41577616543637
3.2424999999999997 2.8434002043548268
3.2475 137.7031523403335
3.2525 482.9852945257677
3.2575 -343.7918057568701
3.2624999999999997 166.04828707439887
3.2675 -292.8928946344519
3.2725 -83.93235058743156
3.2775 140.90952532212629
3.2824999999999998 77.95174833898807
3.2874999999999996 -144.88694246751106
3.2925 172.99829672036412
3.2975 -134.02559821084867
3.3024999999999998 188.19710814525226
3.3074999999999997 -108.96102180141428
3.3125 13.153331252166248
3.3175 184.68447483882466
3.3225 -73.5105796349367
3.3274999999999997 104.92622658310533
3.3325 176.70474864509765
3.3375 -292.97809901015756
3.3425 -309.2137181529836
3.3474999999999997 166.07213809473004
3.3525 -78.59471237487577
3.3575 291.0534473441315
3.3625 33.41339649349866
3.3674999999999997 -13.698802368810684
3.3725 -69.6079636642314
3.3775 -75.6750804751049
3.3825 -100.89496125021053
3.3874999999999997 -136.64096079083828
3.3924999999999996 20.934394149991753
3.3975 171.67852656628875
3.4025 26.500761858138706
3.4074999999999998 -75.80282210171963
3.4124999999999996 65.99342159480395
3.4175 89.77657420099388
3.4225 -164.9960303016087
3.4274999999999998 51.73761380808336
3.4324999999999997 -60.275569879152165
3.4375 6.344845342506677
3.4425 213.6943725032617
3.4475 12.697372192536706
3.4524999999999997 7.707826262681355
3.4575 -215.41676934064063
3.4625 153.02457537328348
3.4675 -11.002724681015055
3.4724999999999997 -85.17622202063203
3.4775 146.63101916475853
3.4825 -21.962322941586155
3.4875 -29.021396898437093
3.4924999999999997 -158.90928608567498
3.4975 119.79200412225525
3.5025 220.17670547469527
3.5075 -427.2355042145496
3.5124999999999997 137.04852991901026
3.5174999999999996 124.45752628244819
3.5225 -17.603229205208578
3.5275 -143.76893396343033
3.5324999999999998 0.13761789756776985
3.5374999999999996 -198.3947674938903
3.5425 56.54080623646937
3.5475 57.04173126765333
3.5524999999999998 -2.1169933142719364
3.5574999999999997 163.5633082881532
3.5625 49.10894066785543
3.5675 31.99653370018559
3.5725 -74.42979299546128
3.5774999999999997 -216.18760533757614
3.5825 148.71690564343538
3.5875 -154.11734518349462
3.5925 249.33860657639457
3.5974999999999997 195.0149019466788
3.6025 -228.69311103344495
3.6075 -209.82883651429668
3.6125 -117.28882244814385
3.6174999999999997 146.41838929416517
3.6225 70.2937352255619
3.6275 -54.142427920874844
3.6325 -5.845900131494975
3.6374999999999997 73.4080984136317
3.6424999999999996 -252.8080711579661
3.6475 367.1896824593888
3.6525 -118.76658454811532
3.6574999999999998 105.94474313643559
3.6624999999999996 -76.02393719787517
3.6675 8.14267851287767
3.6725 -71.48444744761959
3.6774999999999998 88.34842119563635
3.6824999999999997 -161.79570757446967
3.6875 -165.08458718684167
3.6925 132.46323916205384
3.6975 177.55861603154153
3.7024999999999997 -313.08871125052235
3.7075 232.16221652095496
3.7125 -117.40653306045029
3.7175 252.5423239200964
3.7224999999999997 74.63054565561937
3.7275 5.048274191187602
3.7325 105.7288864194987
3.7375 -157.17028275985922
3.7424999999999997 6.573666157730949
3.7474999999999996 153.73413984394662
3.7525 94.11768797007258
3.7575 -69.98723390394147
3.7624999999999997 99.07420527291877
3.7674999999999996 3.510750135060117
3.7725 -39.55838566094852
3.7775 -158.90276620599167
3.7824999999999998 8.904721376554432
3.7874999999999996 -184.37107145038206
3.7925 120.01698767070673
3.7975 -83.83709092008004
3.8024999999999998 -21.06631404457404
3.8074999999999997 199.72285049785157
3.8125 -204.45706423346712
3.8175 -146.40813912589593
3.8225 96.41550968484262
3.8274999999999997 225.1772871321997
3.8325 -160.42733182196463
3.8375 -49.25398624647358
3.8425 30.50142669253949
3.8474999999999997 168.7636542747434
3.8525 18.854950179320664
3.8575 -85.21855367078217
3.8625 -107.85645228402993
3.8674999999999997 37.13888027190997
3.8724999999999996 -392.582929248534
3.8775 283.95581031680166
3.8825 -86.24901941126141
3.8874999999999997 85.1451871617506
3.8924999999999996 20.300013633277054
3.8975 201.83855165247368
3.9025 -167.27427481079982
3.9074999999999998 192.37117297538606
3.9124999999999996 -285.3128358547367
3.9175 -244.8066099046788
3.9225 230.58546476111113
3.9274999999999998 100.20777272134545
3.9324999999999997 -157.69236670793276
3.9375 99.27562059254697
3.9425 -241.0839926942891
3.9475 209.92403907398133
3.9524999999999997 45.962545078917906
3.9575 124.39403176787388
3.9625 63.74616306085777
3.9675 23.692593268253113
3.9724999999999997 -350.2386633042305
3.9775 -81.63775506108261
3.9825 -2.281429445875963
3.9875 148.20822018693272
3.9924999999999997 -10.789884110763914
3.9974999999999996 -14.630732781862722
4.0024999999999995 318.9118710868903
4.007499999999999 -116.05151622548208
4.0125 -422.738129616845
4.0175 316.7964755742444
4.0225 280.3274875193203
4.0275 227.7923211457284
4.0325 -211.17469138469258
4.0375 70.12464784555637
4.0424999999999995 -192.4360536667253
4.047499999999999 -4.179868429669108
4.0525 -242.61397156442044
4.0575 78.96194559479264
4.0625 96.44396025732046
4.0675 -118.55442918762554
4.0725 106.04746767390276
4.0775 -96.34553461789815
4.0825 59.49003780313583
4.0874999999999995 140.83034565723617
4.0925 74.30961714781472
4.0975 -97.02358054155839
4.1025 131.41934048776454
4.1075 57.97532908230039
4.1125 45.733942332082606
4.1175 9.969428953001255
4.1225 -31.33171020805434
4.1274999999999995 7.949210517882042
4.132499999999999 175.58195197895805
4.1375 -225.523425377063
4.1425 136.3222726322636
4.1475 -287.3321381822183
4.1525 -63.61463532093907
4.1575 256.7382151952159
4.1625 -54.67194705031445
4.1674999999999995 182.05724840422505
4.172499999999999 -431.15085624762855
4.1775 313.077924414928
4.1825 -189.65000811325618
4.1875 154.9606937719416
4.1925 -10.715321005315259
4.1975 -25.00762651242676
4.2025 122.00054171312378
4.2075 -3.757102374855517
4.2124999999999995 -0.24784753710710858
4.2175 -119.37567528328387
4.2225 82.23319617568922
4.2275 -59.0313472469593
4.2325 58.75589617960511
4.2375 -95.81171295539225
4.2425 -124.56435051549687
4.2475 195.3424845503422
4.2524999999999995 168.41124259971448
4.257499999999999 -233.12183967442337
4.2625 140.52745371450732
4.2675 -227.9684393479754
4.2725 60.08571425659518
4.2775 86.52046320468723
4.2825 -200.06878505815502
4.2875 252.66895135507824
4.2924999999999995 -51.67455707509307
4.297499999999999 3.5510031450892194
4.3025 306.59704170190395
4.3075 -181.67099622591
4.3125 301.44366269214265
4.3175 -249.70771855959865
4.3225 110.18059326446635
4.3275 -201.1948798236372
4.3325 -58.29984856361667
4.3374999999999995 -164.64771498320496
4.342499999999999 -103.036124002821
4.3475 382.7551033608353
4.3525 -27.74958902624066
4.3575 293.71386905749137
4.3625 -254.92123260042914
4.3675 -115.08563892719923
4.3725 163.66404068585064
4.3774999999999995 159.57071260917073
4.382499999999999 -219.20760244853705
4.3875 -90.27762213208752
4.3925 286.48235429001613
4.3975 -358.9262376463809
4.4025 236.42069668042572
4.4075 -20.754185907174893
4.4125 223.84575793055717
4.4174999999999995 33.92566397576791
4.422499999999999 -155.93561750361826
4.4275 -188.71304551882847
4.4325 -61.3842202261924
4.4375 91.78497689208069
4.4425 -0.5222343491407302
4.4475 -71.0983183007987
4.4525 -219.7955527215401
4.4575 -220.982335304516
4.4624999999999995 448.34584708597066
4.467499999999999 -17.841915896211532
4.4725 -54.83759833174806
4.4775 -98.53350708742903
4.4825 16.653980962101873
4.4875 173.5320815556621
4.4925 103.65460253443545
4.4975 -152.78228872812772
4.5024999999999995 41.799018258115865
4.507499999999999 -164.7823043322492
4.5125 10.408396244819748
4.5175 -55.97582785140022
4.5225 -60.86003158426963
4.5275 75.88588507150449
4.5325 -10.60048011905806
4.5375 204.8901640414825
4.5424999999999995 145.81345488525122
4.547499999999999 -276.300594952711
4.5525 -11.490493632146947
4.5575 161.31207142886552
4.5625 19.561286224626468
4.5675 -5.9075399627429315
4.5725 96.33473115331448
4.5775 -22.034818361322202
4.5825 -114.9148935826735
4.5874999999999995 4.619664966916659
4.592499999999999 -17.583626406447223
4.5975 -204.04015273839295
4.6025 194.26417337500735
4.6075 86.10445569503
4.6125 110.68947810436097
4.6175 -119.40808164726002
4.6225 -4.356708899158244
4.6274999999999995 133.02229966646183
4.632499999999999 33.23214610155483
4.6375 -244.78820097195648
4.6425 151.43335142536134
4.6475 15.121829632111153
4.6525 -46.45776355412482
4.6575 80.65566609361235
4.6625 -162.45589562478577
4.6674999999999995 -146.33280674464757
4.672499999999999 2.378775911586629
4.6775 47.44628173956775
4.6825 98.86558491319002
4.6875 -56.46596927080979
4.6925 12.200884979718406
4.6975 -66.9254789827727
4.7025 -114.57955611313592
4.7075 23.29180817561957
4.7124999999999995 247.3372611560308
4.717499999999999 -425.40820243543084
4.7225 248.8441061577263
4.7275 185.50613869877708
4.7325 183.0384587820841
4.7375 141.6800895970988
4.7425 -216.78824719739671
4.7475 138.1911893290628
4.7524999999999995 -50.13781265704353
4.757499999999999 80.94129127340305
4.7625 -206.90212530340136
4.7675 148.9282338802959
4.7725 -51.658737198711925
4.7775 78.95887520240267
4.7825 184.42379366944772
4.7875 -229.9039352862238
4.7924999999999995 -122.12803718217383
4.797499999999999 80.1720144210389
4.8025 -58.93862913394964
4.8075 74.03767464918799
4.8125 -183.19148285440988
4.8175 -26.630846675483024
4.8225 178.4125422362505
4.8275 -162.88262016446762
4.8325 10.337624845015712
4.8374999999999995 218.18025078649706
4.842499999999999 -135.376785608321
4.8475 91.48156412150928
4.8525 -158.66484290238265
4.8575 4.205987555332692
4.8625 -128.89993832830518
4.8675 -57.01631184249261
4.8725 114.11693736530694
4.8774999999999995 243.71198962184485
4.882499999999999 -51.77688611894032
4.8875 151.22345153809337
4.8925 -48.76970349470657
4.8975 -147.79061468238467
4.9025 3.1539785396810642
4.9075 124.88148202138133
4.9125 120.86744675580124
4.9174999999999995 -52.238823982847904
4.922499999999999 38.21283126372573
4.9275 -94.59225215489269
4.9325 -61.22256000089929
4.9375 -39.01269361395254
4.9425 -64.660034420223
4.9475 27.596180727216538
4.9525 -19.43349492486839
4.9575 19.683966848751105
4.9624999999999995 -148.82916326306875
4.967499999999999 -136.41229491634593
4.9725 118.90724583035738
4.9775 379.85271870015447
4.9825 -292.73352911100545
4.9875 -6.197273341762544
4.9925 -47.41185318521492
4.9975 303.43181887316393
5.0024999999999995 -85.45330940685847
5.007499999999999 -79.79114332447546
5.0125 258.9741817407271
5.0175 -144.75247378144022
5.0225 10.815343373127693
5.0275 132.6770714516778
5.0325 21.635199304608943
5.0375 105.5034874588258
5.0424999999999995 -121.68312292952285
5.047499999999999 -51.57173103664323
5.0525 -48.13453195785592
5.0575 -13.401360573240389
5.0625 -137.48726864857704
5.0675 151.52227595764748
5.0725 -1.2769371670346044
5.0775 218.980858957589
5.0825 -375.38324926545846
5.0874999999999995 30.74516300397451
5.092499999999999 10.110537655390909
5.0975 170.3351273913577
5.1025 -101.96458627047349
5.1075 32.574936071319755
5.1125 -0.4260663540842458
5.1175 14.233770148635328
5.1225 36.29441657073868
5.1274999999999995 -30.66044733304889
5.132499999999999 -116.09738361655597
5.1375 83.17085143084982
5.1425 -103.88463063731628
5.1475 147.39979586449243
5.1525 -198.41240902589186
5.1575 110.59320089418135
5.1625 249.87069594559392
5.1674999999999995 -186.51757890163387
5.172499999999999 -174.92606707028645
5.177499999999999 -32.12098538569588
5.1825 68.21730493436745
5.1875 203.57834724847797
5.1925 -148.30208147305828
5.1975 38.00016020718834
5.2025 149.18001704357889
5.2075 -49.25724197561171
5.2124999999999995 139.0000754801519
5.217499999999999 -36.06818231175036
5.2225 -145.9922444499352
5.2275 152.55336626388822
5.2325 -1.856629296401758
5.2375 145.2584386958043
5.2425 -116.75733570299302
5.2475 234.18741881715948
5.2524999999999995 -116.01984234299377
5.257499999999999 -96.15666648756238
5.2625 64.67164589578934
5.2675 -181.21871955811355
5.2725 208.0987496164028
5.2775 41.135188936118475
5.2825 -100.24022076470746
5.2875 -145.14852160231467
5.2924999999999995 156.06318728089462
5.297499999999999 -6.137735375297365
5.302499999999999 -15.430909582002284
5.3075 -89.85310278390585
5.3125 -5.217116824049693
5.3175 43.78226808131394
5.3225 9.40375767692638
5.3275 -177.24211032502313
5.3325 103.97838611306724
5.3374999999999995 0.8578878599409361
5.342499999999999 -172.68635272722878
5.3475 118.68209127141864
5.3525 -212.16842611371177
5.3575 162.7958658838887
5.3625 -157.21200986564978
5.3675 26.222755124006582
5.3725 -52.233792159217536
5.3774999999999995 0.056426355235043385
5.382499999999999 -36.467023473880126
5.3875 -67.87690238322074
5.3925 49.56762530273011
5.3975 -72.49545687576621
5.4025 407.203272773214
5.4075 -293.30415202641467
5.4125 69.43684611653974
5.4174999999999995 398.5494535360184
5.422499999999999 -176.50043830230283
5.427499999999999 99.25850368789001
5.4325 -146.26367389242805
5.4375 -38.45547395182778
5.4425 6.362378210395132
5.4475 280.0187126727314
5.4525 -165.97666526051162
5.4575 -68.82792379306487
5.4624999999999995 -149.19168256747278
5.467499999999999 123.7739122132418
5.4725 -78.3555693735484
5.4775 -18.771733913609918
5.4825 -173.3974210605312
5.4875 16.561550426985768
5.4925 -47.60353506884933
5.4975 181.5896412227499
5.5024999999999995 86.91461222853653
5.507499999999999 -39.647740211333996
5.5125 -109.69582305797196
5.5175 -189.90423033479064
5.5225 272.9982296987184
5.5275 111.96329081834205
5.5325 11.574755727238246
5.5375 -102.48429151645433
5.5424999999999995 -180.5020032568263
5.547499999999999 -19.434356934834394
5.552499999999999 151.5858089771319
5.5575 -136.27087103621685
5.5625 -132.32907195248785
5.5675 178.12249257747135
5.5725 285.23595306283727
5.5775 152.35119444860348
5.5825 4.588443883091817
5.5874999999999995 60.43373036832642
5.592499999999999 -295.39807946853375
5.5975 -24.685170621255967
5.6025 -45.471237886757024
5.6075 2.716976100299587
5.6125 102.88544338439378
5.6175 -216.41765955997744
5.6225 -68.14528983090044
5.6274999999999995 169.16680528932645
5.632499999999999 51.013966294010366
5.6375 100.92212014003228
5.6425 -152.21715341211126
5.6475 165.34156160480757
5.6525 241.5400046179858
5.6575 -313.853895463523
5.6625 -204.10735579721685
5.6674999999999995 157.71191868591302
5.672499999999999 -118.0002431684256
5.677499999999999 264.65626910567113
5.6825 -6.5091705483892355
5.6875 -89.62523263369484
5.6925 -28.54787848131732
5.6975 -195.00665442849007
5.7025 -3.118637288607125
5.7075 -36.01124448145128
5.7124999999999995 162.60502229622875
5.717499999999999 178.7746681873385
5.7225 93.96584866595221
5.7275 -61.96032945804571
5.7325 -86.98612111003888
5.7375 70.03624030871467
5.7425 30.70044183713175
5.7475 -29.33722896640485
5.7524999999999995 19.244593972427445
5.757499999999999 272.03652719786237
5.7625 -14.054817386292923
5.7675 -281.2723998233494
5.7725 52.74446649877389
5.7775 65.98712262902409
5.7825 -187.64405606807964
5.7875 144.68917644621777
5.7924999999999995 -266.96104020833394
5.797499999999999 239.67165900607864
5.802499999999999 -63.470838906740056
5.8075 140.10413109432722
5.8125 22.17217957045444
5.8175 147.78182490453028
5.8225 -181.59228784730357
5.8275 -21.106427912233514
5.8325 43.958302801428744
5.8374999999999995 184.67288543655573
5.842499999999999 -397.1588245442482
5.8475 406.11662012836763
5.8525 28.724506737927097
5.8575 -130.39004792166392
5.8625 144.71201066388352
5.8675 -171.0618759734539
5.8725 -14.516123085434932
5.8774999999999995 -4.236078657386344
5.882499999999999 -271.7728709279352
5.8875 246.8254652725584
5.8925 204.25374199147174
5.8975 -159.48314372604887
5.9025 -149.96081362422674
5.9075 239.1980935475052
5.9125 -180.74351009942347
5.9174999999999995 20.16972667029454
5.922499999999999 144.58411343758644
5.927499999999999 -164.9530528183545
5.9325 87.59396197352167
5.9375 -9.848686864416486
5.9425 38.12861482433897
5.9475 9.393268781503895
5.9525 -424.59026511390647
5.9575 210.04274828095
5.9624999999999995 156.02144776093024
5.967499999999999 99.57563920710129
5.9725 -49.56515065909925
5.9775 -106.75141629964371
5.9825 183.39719203897639
5.9875 -53.30730763928166
5.9925 -72.4062572990088
5.9975 -32.837193162289985
6.0024999999999995 6.229482460594597
6.007499999999999 201.07842123771246
6.012499999999999 -200.24673439010536
6.0175 -213.23300387383935
6.0225 10.778467347340317
6.0275 414.07045733769655
6.0325 -236.25581500375299
6.0375 108.27527043830233
6.0424999999999995 17.705407584819664
6.047499999999999 1.600378938516656
6.052499999999999 45.363751981121844
6.0575 -362.07630628465307
6.0625 165.2412831242417
6.0675 -23.378292407825626
6.0725 94.09905139618994
6.0775 -221.86331896385633
6.0825 -8.457195435030723
6.0874999999999995 -2.3876639172596232
6.092499999999999 -81.08851168040131
6.0975 238.91378582448178
6.1025 -249.7536389134281
6.1075 92.88684366412818
6.1125 70.16877667661258
6.1175 51.7654509007926
6.1225 134.0219830586878
6.1274999999999995 -51.35270458102964
6.132499999999999 105.59928728049123
6.137499999999999 -54.06746437094
6.1425 156.14199671638607
6.1475 -207.05088314353088
6.1525 -38.49697532854507
6.1575 79.56240665752979
6.1625 189.61267338395155
6.1674999999999995 -13.43957961608135
6.172499999999999 -344.6980098362845
6.177499999999999 44.44999825828686
6.1825 34.095648761966125
6.1875 -77.98934307923649
6.1925 196.1567411906318
6.1975 9.156908043662913
6.2025 85.60584523494998
6.2075 -260.93292444690013
6.2124999999999995 -47.05860094849115
6.217499999999999 221.47987519322018
6.2225 55.38810390371258
6.2275 -317.19316900617406
6.2325 350.20072697065706
6.2375 -173.41405816703306
6.2425 13.231794291499037
6.2475 135.89007747581164
6.2524999999999995 -23.0402276524446
6.257499999999999 50.096568026329976
6.262499999999999 -137.24926942071977
6.2675 125.83184517983563
6.2725 44.95275047163964
6.2775 -194.64187243016556
6.2825 176.9623476452731
6.2875 22.71352219096303
6.2924999999999995 -68.61617435426551
6.297499999999999 64.62099172429362
6.302499999999999 -62.62058831726318
6.3075 157.15967718189404
6.3125 45.60455001099056
6.3175 71.82461518625152
6.3225 63.31969168972645
6.3275 -233.81471041613565
6.3325 29.50172093095098
6.3374999999999995 167.85571684934655
6.342499999999999 -166.85724640291008
6.3475 266.907686449529
6.3525 -89.78603749403847
6.3575 -63.58637475645863
6.3625 -52.40645551210334
6.3675 42.0413252988669
6.3725 -115.95817723107649
6.3774999999999995 -7.430299581649288
6.382499999999999 174.18696017197905
6.387499999999999 -146.83290305674043
6.3925 197.89872687881657
6.3975 -6.126255484216739
6.4025 -165.02044882937872
6.4075 -137.29648088152317
6.4125 -221.06070781372262
6.4174999999999995 87.51542981943777
6.422499999999999 -145.91195192570507
6.427499999999999 372.09409161506807
6.4325 -126.56517736140238
6.4375 101.87439944821577
6.4425 72.78818337418656
6.4475 -144.6955973085756
6.4525 80.60113327202306
6.4575 73.7489211798336
6.4624999999999995 77.2725339615426
6.467499999999999 -108.60161917424308
6.4725 97.06828005452924
6.4775 -174.9021026405767
6.4825 -104.2065552396779
6.4875 237.3723393664192
6.4925 -233.43803061440383
6.4975 86.13813000711063
6.5024999999999995 -104.53462457435401
6.507499999999999 51.928036954527286
6.512499999999999 -130.27966363745773
6.5175 -64.20639170808796
6.5225 301.8134632569605
6.5275 176.4622377799782
6.5325 35.86054278277824
6.5375 -61.9592975889567
6.5424999999999995 47.921930443719226
6.547499999999999 -171.0141992628051
6.552499999999999 84.15052345448623
6.5575 -135.9070839810851
6.5625 -5.171870840709636
6.5675 62.66087238123092
6.5725 -57.102382636244506
6.5775 38.16545637499108
6.5825 -313.3522989238122
6.5874999999999995 184.5973107095808
6.592499999999999 -278.0058161987523
6.5975 333.51387883571
6.6025 -36.32507654542026
6.6075 14.300153205840331
6.6125 -63.0938108666668
6.6175 -63.546569133681004
6.6225 104.00951010398967
6.6274999999999995 5.6885754834221265
6.632499999999999 32.28039604262098
6.637499999999999 111.32948109456636
6.6425 1.6390966207662823
6.6475 27.404429630142637
6.6525 -169.97640913509682
6.6575 158.85446219920328
6.6625 -137.90608864503224
6.6674999999999995 -90.84651055015007
6.672499999999999 27.208386247144276
6.677499999999999 136.58971455494904
6.6825 31.021753592975106
6.6875 20.585319720689853
6.6925 -115.14635266683662
6.6975 85.07183960088499
6.7025 -122.11709435317171
6.7075 178.74560033764607
6.7124999999999995 80.222963436359
6.717499999999999 -146.39055026058475
6.722499999999999 0.546780382277433
6.7275 31.353483542251958
6.7325 155.22531188333923
6.7375 -110.33520082449338
6.7425 -139.8076040741017
6.7475 -47.78061660111632
6.7524999999999995 144.79738422434164
6.757499999999999 -260.79538628953065
6.762499999999999 -39.81834680001951
6.7675 421.3683927297475
6.7725 70.93865184363335
6.7775 6.954834832608862
6.7825 -11.700039557148303
6.7875 93.00486323680713
6.7924999999999995 -90.93085857402257
6.797499999999999 -40.379512721991425
6.802499999999999 -134.97335836500628
6.8075 98.36222162148552
6.8125 -138.37227037177354
6.8175 63.98325961914294
6.8225 11.885662369968394
6.8275 -49.76783840070446
6.8325 142.2564364869814
6.8374999999999995 25.20290815283724
6.842499999999999 128.70013353699005
6.847499999999999 -159.79801559735213
6.8525 -211.65414136726002
6.8575 -151.75469363478913
6.8625 222.1635181781173
6.8675 -93.63577110735896
6.8725 180.7905328516263
6.8774999999999995 30.272862598646874
6.882499999999999 -217.10736431317082
6.887499999999999 202.5958877390959
6.8925 -136.5492641681913
6.8975 95.02099309523385
6.9025 -62.948099470550865
6.9075 76.73173093611386
6.9125 -39.492224060433
6.9174999999999995 -95.2346815630149
6.922499999999999 -38.876410509408
6.927499999999999 157.16583401998125
6.9325 -88.82918143072042
6.9375 147.495299621065
6.9425 13.394933789580698
6.9475 -147.50338548771296
6.9525 -6.310920888318671
6.9575 -144.15787651814057
6.9624999999999995 -49.78827064227159
6.967499999999999 72.39662143291118
6.972499999999999 92.48370761728039
6.9775 -376.8921488273141
6.9825 296.13567270115766
6.9875 -2.465613513929101
6.9925 148.35133986212165
6.9975 -81.44878158091794
7.0024999999999995 51.75818454232172
7.007499999999999 -45.85931494451239
7.012499999999999 235.68184268749985
7.0175 -77.17771312845102
7.0225 -79.38938069069745
7.0275 -267.2564358651512
7.0325 29.266681827684646
7.0375 207.64499288631086
7.0424999999999995 304.5009561097383
7.047499999999999 -95.95358997959407
7.052499999999999 -77.14881296468155
7.0575 -74.21188592906779
7.0625 -94.75889759001208
7.0675 97.35985732694735
7.0725 94.38734695153398
7.0775 -22.906356228354486
7.0825 94.67050992242774
7.0874999999999995 -217.63635131495013
7.092499999999999 -7.193795943056804
7.097499999999999 103.80779766659269
7.1025 -203.7318042337618
7.1075 45.79422852082976
7.1125 -77.44694946054426
7.1175 40.33869416184267
7.1225 39.943808593834504
7.1274999999999995 16.071696453885266
7.132499999999999 -40.5650721110894
7.137499999999999 -44.411731121316365
7.1425 288.2347072566625
7.1475 -77.57470036386522
7.1525 18.033129799622454
7.1575 -42.49410988277825
7.1625 -146.19574360727165
7.1674999999999995 179.39767501604462
7.172499999999999 -230.172220196693
7.177499999999999 -22.227623252750064
7.1825 158.8027818660956
7.1875 -165.1913891821123
7.1925 84.78080485130153
7.1975 -23.26210554386391
7.2025 -109.80823482883036
7.2075 72.30981684182656
7.2124999999999995 -127.62420313620352
7.217499999999999 149.80887061713958
7.222499999999999 126.26809633759582
7.2275 -236.0711540735236
7.2325 349.7541279102508
7.2375 -297.3361363862837
7.2425 306.2376328902619
7.2475 -213.10590668224353
7.2524999999999995 91.01782723451282
7.257499999999999 72.50301031868884
7.262499999999999 114.01100316971971
7.2675 30.269202444591855
7.2725 -80.0485731727945
7.2775 15.524587373562484
7.2825 -136.82263383215027
7.2875 116.8115110424307
7.2924999999999995 -4.488311280376465
7.297499999999999 -419.1330398942777
7.302499999999999 244.00474536491714
7.3075 158.18517534486807
7.3125 -62.63108323267589
7.3175 106.33869445459509
7.3225 -133.06600229536878
7.3275 -20.4714050576277
7.3325 86.92139455347666
7.3374999999999995 273.6558681104708
7.342499999999999 -292.2410698308798
7.347499999999999 15.169757438854834
7.3525 107.67664945301361
7.3575 -177.1619053867163
7.3625 -2.189564000333818
7.3675 -139.8443141718526
7.3725 166.2345507201125
7.3774999999999995 81.41237952244815
7.382499999999999 46.13958305672012
7.387499999999999 120.22818169139181
7.3925 -62.238804353329996
7.3975 -1.348075950722792
7.4025 64.48151322209766
7.4075 201.73641156394794
7.4125 -127.97439483292568
7.4174999999999995 -78.39221424651451
7.422499999999999 -95.18468419547966
7.427499999999999 -2.4236046405224423
7.4325 231.00515479418598
7.4375 -250.5640340753995
7.4425 171.98302767214165
7.4475 -33.96105336003553
7.4525 -86.19233676234428
7.4575 -18.28483802554083
7.4624999999999995 -41.35667937701956
7.467499999999999 -77.09847005628681
7.472499999999999 -154.69377970864474
7.4775 80.02373502209947
7.4825 85.2072202990264
7.4875 -215.10228413034864
7.4925 236.0123073861542
7.4975 -71.20671470528288
7.5024999999999995 -141.65141549547585
7.507499999999999 -61.00431002533599
7.512499999999999 227.43580219256194
7.5175 93.006874110918
7.5225 2.1150566538109894
7.5275 135.89837071960915
7.5325 132.1264069585506
7.5375 -329.8452357391832
7.5424999999999995 -99.64871340119781
7.547499999999999 56.403991201641276
7.552499999999999 -327.8486994028116
7.557499999999999 394.516797749863
7.5625 -225.64160957015758
7.5675 91.29600394290439
7.5725 190.99770799551877
7.5775 4.135236156370488
7.5825 72.67882219225302
7.5874999999999995 -189.88167786418094
7.592499999999999 77.69048681623686
7.597499999999999 -72.67981328659953
7.6025 -2.726162111936634
7.6075 50.506705815247855
7.6125 64.75255410382819
7.6175 106.96962890521304
7.6225 -33.64968709680875
7.6274999999999995 -403.1072911637949
7.632499999999999 -143.9444262182787
7.637499999999999 379.7848397905157
7.6425 -66.89964289533792
7.6475 92.60137914899455
7.6525 -270.5945208380388
7.6575 112.16001026186802
7.6625 358.71643934233595
7.6674999999999995 -34.19238914953553
7.672499999999999 152.1641048141768
7.677499999999999 -41.69133188351669
7.682499999999999 -102.9835727120023
7.6875 -303.29277473135534
7.6925 14.047489676555571
7.6975 65.85483339323842
7.7025 46.27508665477121
7.7075 28.065777860869378
7.7124999999999995 -187.83140762142514
7.717499999999999 85.7017750620873
7.722499999999999 -163.1221580097165
7.7275 80.07238241710745
7.7325 120.41118812558587
7.7375 -9.014716795709175
7.7425 16.272073571921084
7.7475 109.82414405107733
7.7524999999999995 -123.06418924906559
7.757499999999999 -126.65381290126172
7.762499999999999 368.17561905591003
7.7675 25.819704903139595
7.7725 17.25963198012511
7.7775 -5.234422684028176
7.7825 56.46855885348892
7.7875 11.129418434577671
7.7924999999999995 21.153052958552212
7.797499999999999 -0.3797757215119927
7.802499999999999 -148.17603327298264
7.807499999999999 186.17072061824058
7.8125 -170.65688764469667
7.8175 -113.80124670954119
7.8225 43.07993796119552
7.8275 22.0304767312156
7.8325 46.52189599028593
7.8374999999999995 135.25665765742724
7.842499999999999 -230.01014344071032
7.847499999999999 -61.051523854660104
7.8525 101.23222268230619
7.8575 142.82157001015926
7.8625 39.216382976663105
7.8675 -219.384716482172
7.8725 205.49068247505542
7.8774999999999995 -227.1391699705401
7.882499999999999 165.76975178183565
7.887499999999999 152.66663297204653
7.8925 -90.80378112009957
7.8975 -47.278415463589766
7.9025 52.70447331875991
7.9075 45.89216369552957
7.9125 169.6394056085932
7.9174999999999995 -31.06679812046751
7.922499999999999 158.6448554821695
7.927499999999999 -499.0810759407516
7.932499999999999 24.60478718859428
7.9375 214.5233660796149
7.9425 -91.73972735595953
7.9475 16.032978245297695
7.9525 -99.19634225574062
7.9575 41.74875561625742
7.9624999999999995 11.022332085233407
7.967499999999999 -15.21869213008331
7.972499999999999 125.24868431894407
7.9775 33.94017011264355
7.9825 90.07544072758338
7.9875 49.000056348098184
7.9925 -276.504612487129
7.9975 -80.6470017815651
8.0025 85.95288484176459
8.0075 32.54131360352649
8.0125 -202.40109769832412
8.0175 173.02201587659255
8.022499999999999 -39.856578606555594
8.0275 -77.90170123251724
8.032499999999999 -226.76983100409814
8.0375 164.30499950576035
8.0425 -110.38092617011495
8.0475 160.98575637855313
8.0525 29.59936135640276
8.0575 -152.54267087951152
8.0625 93.70720714040041
8.067499999999999 -1.1947792353425688
8.0725 24.706081452045762
8.077499999999999 -43.88282622825612
8.0825 -142.99152505826368
8.0875 -93.66540946009333
8.0925 262.44813190583255
8.0975 -28.771000438256948
8.1025 -12.395384350361232
8.1075 28.042384507827652
8.112499999999999 -21.336337251891944
8.1175 131.39567699177363
8.1225 -142.370471549848
8.1275 -78.60365393543447
8.1325 108.96114641192226
8.1375 30.537597688652333
8.1425 -40.981569378202515
8.147499999999999 206.56071014384472
8.1525 -159.7931793411637
8.157499999999999 -76.11627397904519
8.1625 30.88496191439322
8.1675 -177.34090857881284
8.1725 298.59467409467896
8.1775 -8.980830369437545
8.1825 -20.99319649338947
8.1875 153.22978335254382
8.192499999999999 73.5551553926987
8.1975 19.784190343449975
8.202499999999999 -157.3840759688909
8.2075 169.5762393973108
8.2125 -66.19571274076917
8.2175 44.82998596240537
8.2225 120.14814463844075
8.2275 13.630639236682754
8.2325 -134.20297580820855
8.237499999999999 -149.04996821459142
8.2425 81.96870109578573
8.2475 -86.86327000176493
8.2525 69.61585274628099
8.2575 -49.06808171126955
8.2625 23.880920931761832
8.2675 157.62775767276437
8.272499999999999 -36.11237864564777
8.2775 -169.22133603846007
8.282499999999999 -48.2480015363951
8.2875 181.73323437181455
8.2925 -248.51138899584524
8.2975 -116.82200806319517
8.3025 210.04584932224512
8.3075 128.71336923593603
8.3125 -302.1385000955786
8.317499999999999 186.58306560532208
8.3225 -11.663187216568359
8.327499999999999 -120.6838177111089
8.3325 52.30874587321207
8.3375 -79.05700959601387
8.3425 -41.43711644680724
8.3475 142.65655674900083
8.3525 171.20292720631943
8.3575 -61.70440843968034
8.362499999999999 149.2290904906476
8.3675 64.36796396915236
8.3725 -55.518099375191085
8.3775 44.30466766767261
8.3825 -26.700809620206748
8.3875 51.886069924987105
8.3925 -291.39548924059363
8.397499999999999 -61.42668096072304
8.4025 -104.10433356877098
8.407499999999999 152.63709972242012
8.4125 -15.748515614438412
8.4175 -347.13676393023337
8.4225 542.9750394798798
8.4275 1.0704711085062026
8.4325 -117.2854604645335
8.4375 -49.752112475646115
8.442499999999999 104.77739689784661
8.4475 -88.6676641061788
8.452499999999999 64.87659906169308
8.4575 156.7779571680209
8.4625 -58.14462360918258
8.4675 -200.56802949228725
8.4725 336.76284663662443
8.4775 -201.2010885060118
8.4825 -1.457135014677093
8.487499999999999 75.75946869803778
8.4925 -132.4815482221515
8.4975 -170.85587180936656
8.5025 152.96481746335039
8.5075 338.8490055609789
8.5125 52.78615248030063
8.5175 142.7293800772753
8.522499999999999 -372.4355809882747
8.5275 183.38983593988624
8.532499999999999 84.88817529155047
8.5375 81.00386127538061
8.5425 -94.8362171601639
8.5475 31.63000945747782
8.5525 -202.13128739470412
8.5575 157.79750192252266
8.5625 -128.68997258300212
8.567499999999999 44.03377784493171
8.5725 -121.0334766386964
8.577499999999999 93.82655150568165
8.5825 216.14198604905013
8.5875 -242.37666104976145
8.5925 -25.836190333849565
8.5975 63.64927003528492
8.6025 8.030307467417591
8.6075 -87.31699304622849
8.612499999999999 -74.23894680489573
8.6175 -134.43770976705247
8.6225 -93.7924495440224
8.6275 377.52988409049243
8.6325 -150.12426632628055
8.6375 150.65417994600838
8.6425 -142.95170364534775
8.647499999999999 -106.07482992754719
8.6525 17.130874718657306
8.657499999999999 64.13146533077034
8.6625 -33.08168897937662
8.6675 -85.32854277388161
8.6725 10.621460738969475
8.6775 15.215958857145765
8.6825 91.75892369024446
8.6875 38.72338854243397
8.692499999999999 -124.74144060075542
8.6975 163.8573682061837
8.702499999999999 90.45158112338801
8.7075 -216.6086349007157
8.7125 -103.54591874943445
8.7175 7.285002676663393
8.7225 -15.67274334625428
8.7275 129.81108240182698
8.7325 79.10627061676696
8.737499999999999 36.319264721854616
8.7425 81.07580640879733
8.747499999999999 -138.2615270264019
8.7525 -86.4511881836549
8.7575 371.8691381994638
8.7625 -6.105511453210667
8.7675 -180.04522740294965
8.772499999999999 88.8636085376439
8.7775 -1.5228037983974396
8.782499999999999 -240.6422357126848
8.7875 132.26206286564394
8.7925 156.47840620472888
8.7975 10.192397416638283
8.8025 -161.05251129351478
8.8075 188.76560416193033
8.8125 -151.3167034729136
8.817499999999999 -94.6333503320736
8.8225 167.72050181607267
8.827499999999999 -18.68146998284357
8.8325 -50.9766458580705
8.8375 -10.637077448904664
8.8425 -233.94017806546023
8.8475 1.7755284157796984
8.8525 -62.935027341400684
8.8575 310.1183417546918
8.862499999999999 -161.2342957868862
8.8675 -230.67058308056306
8.872499999999999 347.66789102208855
8.8775 -54.58456021432855
8.8825 -68.41654253075686
8.8875 -25.414666802550602
8.8925 25.17306031760158
8.897499999999999 155.35130580481453
8.9025 424.99487030153745
8.907499999999999 0.2712648385252352
8.9125 162.46129743109387
8.9175 -152.73859846816242
8.9225 235.3923489238287
8.9275 99.03442728288313
8.9325 -79.03274568001457
8.9375 -144.61046004095772
8.942499999999999 114.88218404804223
8.9475 -93.28403472391079
8.952499999999999 -82.53619682365135
8.9575 -317.88572157659985
8.9625 -287.4529706693447
8.9675 66.25665714801005
8.9725 359.2045343598235
8.9775 -300.1391556804893
8.9825 73.90594726270832
8.987499999999999 160.11839671369614
8.9925 -79.27108242207774
8.997499999999999 -63.55188580482685
9.0025 -34.856556841037964
9.0075 58.30813549135886
9.0125 95.8411755112537
9.0175 -352.84967504319945
9.022499999999999 383.64156448756296
9.0275 -296.5613587760781
9.032499999999999 200.45306439027556
9.0375 -296.19986066597176
9.0425 207.0461658397175
9.0475 133.6501392499755
9.0525 -253.6265487653889
9.0575 -42.39276114334968
9.0625 100.5976833431172
9.067499999999999 -217.56299296415668
9.0725 -243.29548024895902
9.077499999999999 246.68351153460142
9.0825 -33.6036491064491
9.0875 221.83978665759767
9.0925 78.04495199875007
9.0975 -39.67857400912122
9.1025 -197.88281436695746
9.1075 79.14758143447683
9.112499999999999 351.71796293602154
9.1175 155.6708704394246
9.122499999999999 4.365072409071125
9.1275 29.13552393885922
9.1325 152.9466819631894
9.1375 -96.81951379454276
9.1425 -65.98511413988199
9.147499999999999 -190.8982767052162
9.1525 -173.10334666820728
9.157499999999999 221.144374756297
9.1625 45.224442170236586
9.1675 147.55336917046165
9.1725 -226.2400797596257
9.1775 -11.234048364742362
9.1825 44.232465418170776
9.1875 3.7476427373924137
9.192499999999999 -20.46173675595434
9.1975 91.04312672041482
9.202499999999999 -17.57823249520825
9.2075 -247.16546734632283
9.2125 167.02454976045811
9.2175 -127.34251876372784
9.2225 -79.54109997126275
9.2275 63.65668166302804
9.2325 -7.378529244753371
9.237499999999999 224.22456571659217
9.2425 -220.50650711912604
9.247499999999999 -53.953660370430335
9.2525 -164.47741044670641
9.2575 118.14392633400008
9.2625 -76.23062852904313
9.2675 -92.84999619217422
9.272499999999999 144.03793515404757
9.2775 -76.22706548433858
9.282499999999999 53.53720442084573
9.2875 -233.54090349693064
9.2925 192.9107190400149
9.2975 193.77960495332184
9.3025 192.38589352918123
9.3075 -364.4297219183053
9.3125 -36.170785577665875
9.317499999999999 -145.5623185255078
9.3225 -119.83685258886392
9.327499999999999 347.1199099313788
9.3325 152.69087935441308
9.3375 4.52728371019046
9.3425 206.87504205821085
9.3475 -270.9978286026405
9.3525 -95.23627162994045
9.3575 2.2486743830126232
9.362499999999999 149.7453009020317
9.3675 150.73649893711095
9.372499999999999 -105.38254526313436
9.3775 166.09350662570537
9.3825 63.590934685227055
9.3875 -14.882701409366335
9.3925 -12.186609510446242
9.397499999999999 -292.27942828748337
9.4025 94.48123853498738
9.407499999999999 -263.645060705334
9.4125 158.00546830735735
9.4175 -172.51203256941105
9.4225 60.54215978406845
9.4275 -181.24510672137458
9.4325 216.16519123627722
9.4375 42.739157828367006
9.442499999999999 -392.71431741020945
9.4475 93.30358186243465
9.452499999999999 -16.687519478993234
9.4575 -2.84431340068578
9.4625 251.90131799294085
9.4675 141.6431862017384
9.4725 -205.8658208961214
9.4775 177.17416567248566
9.4825 44.19296319632112
9.487499999999999 -70.98908238729558
9.4925 -26.519998983614226
9.497499999999999 192.13820481454835
9.5025 -262.31147273282784
9.5075 61.45198307831474
9.5125 200.83879536244262
9.5175 -129.0795510855319
9.522499999999999 4.215112939417939
9.5275 70.52171008412742
9.532499999999999 -60.40416002832309
9.5375 80.22633197040955
9.5425 -49.82675403834439
9.5475 93.14338327760905
9.5525 -67.15776612810451
9.5575 -59.79512755218561
9.5625 -126.63496214073241
9.567499999999999 75.4104919044243
9.5725 -170.49047537728595
9.577499999999999 -127.59245165176478
9.5825 205.37783693593983
9.5875 -77.90644643224158
9.5925 -268.2538323190152
9.5975 -67.23707762420128
9.6025 191.52939511094522
9.6075 124.83266391400721
9.612499999999999 -48.92800726293772
9.6175 182.52151360293172
9.622499999999999 48.03950907678648
9.6275 -3.0024579516892005
9.6325 -17.68302901133188
9.6375 -28.120276207323407
9.6425 6.426629179505786
9.647499999999999 96.25145330606439
9.6525 186.65707214129222
9.657499999999999 -5.410963535643307
9.6625 -128.90396343193137
9.6675 -34.01502931608122
9.6725 137.225074454991
9.6775 34.99633081619663
9.6825 -24.145454631711882
9.6875 -40.35502616504227
9.692499999999999 -99.87302521084962
9.6975 140.73438373993238
9.702499999999999 15.386254182730296
9.7075 -46.185288664668825
9.7125 -151.36991586063664
9.7175 94.58264096088614
9.7225 -15.3593643667338
9.7275 164.44626887280708
9.7325 -209.74246853698372
9.737499999999999 226.41197831058435
9.7425 -251.0895509311212
9.747499999999999 150.1715646328445
9.7525 -63.34149050197012
9.7575 6.018516475823263
9.7625 -83.07452777134672
9.7675 15.139642684489875
9.772499999999999 23.05206597966435
9.7775 204.39637273160778
9.782499999999999 -315.7694819782622
9.7875 -64.81939718039528
9.7925 -103.83755365585733
9.7975 44.65213045019331
9.8025 2.81538744635713
9.8075 90.99118006030801
9.8125 198.16128319290735
9.817499999999999 -90.57337352756188
9.8225 0.21563039162142533
9.827499999999999 -34.564541918620314
9.8325 26.22158234438141
9.8375 92.06512578874435
9.8425 144.63356680298952
9.8475 142.96302491133085
9.8525 -242.48037646775032
9.8575 -180.41637762983768
9.862499999999999 261.2949331048111
9.8675 -370.566774699083
9.872499999999999 299.12134231465075
9.8775 -151.42284624635877
9.8825 -4.613805509767184
9.8875 76.01259164221842
9.8925 -40.79480117589036
9.897499999999999 107.88428582395807
9.9025 -77.82271896080378
9.907499999999999 48.36222344923142
9.9125 46.15742696566074
9.9175 225.34767798812084
9.9225 -155.48341820749943
9.9275 -22.175793373874352
9.9325 -107.58508823080247
9.9375 118.57688587295367
9.942499999999999 -38.81678405237617
9.9475 303.68548994485593
9.952499999999999 -218.62346312540961
9.9575 -33.694929001029756
9.9625 6.556683864002873
9.9675 55.78919710141945
9.9725 156.8454357976541
9.9775 -23.60063801629946
9.9825 166.89343259703102
9.987499999999999 -64.70522869086015
9.9925 -21.712944682156575
9.997499999999999 -223.54507895926125
10.0025 55.627704777930134
