0.0075 -163.57704491895632
0.012499999999999999 46.3751177071597
0.017499999999999998 108.66640400628442
0.0225 -143.72034862901143
0.0275 107.17876007591539
0.0325 -382.12841290463547
0.0375 314.51602527319886
0.042499999999999996 43.91094320116652
0.0475 -360.2770271323684
0.0525 89.55747076845613
0.057499999999999996 214.42543379977377
0.0625 36.326792670283126
0.06749999999999999 222.92856011539274
0.0725 -94.9171271445933
0.0775 18.373338592613933
0.08249999999999999 -107.21468185101226
0.0875 -36.501590290631334
0.0925 83.18995670867064
0.09749999999999999 -99.17212676283206
0.1025 18.470802694854836
0.1075 -22.307382596644
0.11249999999999999 76.14605260084136
0.1175 -63.05699852777052
0.1225 195.11937331753816
0.1275 -142.47811818593252
0.1325 -67.00802693088043
0.13749999999999998 171.58454932133517
0.1425 -46.97090620480865
0.1475 -0.5414209461737249
0.1525 -15.821914888006924
0.1575 71.48351003974325
0.1625 2.3414909212176114
0.16749999999999998 162.93146222021812
0.1725 -112.32300712236713
0.1775 -157.68750518752304
0.1825 221.27493604106414
0.1875 34.57140062835441
0.1925 13.09002227171683
0.19749999999999998 -175.1509089022468
0.20249999999999999 103.01373082345529
0.2075 42.24674262904405
0.2125 -133.89767098431685
0.2175 -88.61167306531867
0.2225 -18.87647740118579
0.22749999999999998 -9.776518859777054
0.23249999999999998 74.60847972686966
0.2375 92.33398157850488
0.2425 -64.4795599819915
0.2475 -141.56415655961007
0.2525 212.01511392893045
0.2575 48.96967164816074
0.2625 -58.03665682804431
0.2675 -213.36124150817304
0.27249999999999996 176.2885125731887
0.27749999999999997 -51.40407384841307
0.2825 -83.320995381952
0.2875 -215.15615587148164
0.2925 166.82251467790215
0.2975 3.7248554624919534
0.3025 104.81581325162391
0.3075 15.989171927815992
0.3125 22.33868444044696
0.3175 -156.29948518714366
0.3225 25.265509998260356
0.32749999999999996 209.76832699378113
0.33249999999999996 -186.66457403599253
0.33749999999999997 169.55226365133524
0.34249999999999997 -301.4136597187983
0.3475 118.17676113706176
0.3525 -195.64796661853617
0.3575 261.6619511840939
0.3625 33.02731326966329
0.3675 -79.07135704199973
0.3725 -75.3414461035661
0.3775 -55.56527609769024
0.3825 78.2675811059984
0.38749999999999996 63.08503102344107
0.39249999999999996 -90.9425722249421
0.39749999999999996 31.84293499841062
0.40249999999999997 172.5389418599114
0.4075 47.24068019111058
0.4125 177.8876677759881
0.4175 -16.196241959133886
0.4225 -233.71355063202856
0.4275 92.72737050457235
0.4325 183.50084377007417
0.4375 -87.54280649803145
0.4425 -297.51595342842444
0.44749999999999995 300.54652493182743
0.45249999999999996 -146.5720141812528
0.45749999999999996 -293.08982976551005
0.46249999999999997 154.55093422262794
0.46749999999999997 65.71748919140096
0.4725 -137.9360812232022
0.4775 239.8892649084804
0.4825 -77.93303577506491
0.4875 275.26310937729494
0.4925 -221.33319507212028
0.4975 -214.88463523271614
0.5025 137.45571047819587
0.5075 -92.59528836631918
0.5125 45.39957848905106
0.5175 -3.9199399893428115
0.5225 197.03763932005634
0.5275 91.51408917469156
0.5325 -12.903214014264814
0.5375 -174.31979892102515
0.5425 100.51244880166821
0.5475 -23.468032994196108
0.5525 162.25885575247696
0.5575 88.40219661692579
0.5625 -136.12914201166535
0.5675 -78.8313272023587
0.5725 93.83272966045557
0.5775 -141.4740909266637
0.5825 101.52751616377023
0.5875 9.471055476580041
0.5925 -134.81007649251106
0.5974999999999999 -60.02606200900414
0.6024999999999999 263.437558813734
0.6074999999999999 -118.40351331258591
0.6124999999999999 13.374565300696892
0.6174999999999999 43.39663313292532
0.6224999999999999 -145.98639821702653
0.6275 -157.89417809686304
0.6325 166.4489931669968
0.6375 -4.522330080640738
0.6425 -78.49070865527867
0.6475 145.5965704934808
0.6525 2.988730794969067
0.6575 -29.904122604783925
0.6625 -65.03651816107104
0.6675 -26.424504306371208
0.6725 209.82751237961676
0.6775 29.6800394889683
0.6825 -77.36285539472922
0.6875 -101.25966989018421
0.6925 -55.76297047123102
0.6975 -120.79398090048295
0.7025 72.87414014998157
0.7075 -80.5810452554706
0.7125 27.792636101239715
0.7174999999999999 -66.12666180811603
0.7224999999999999 223.7133643318263
0.7274999999999999 6.059512082897572
0.7324999999999999 -167.1121204199706
0.7374999999999999 84.86220340892642
0.7424999999999999 66.8084456358143
0.7474999999999999 244.4390733825223
0.7525 -279.73221307291294
0.7575 65.12667800850917
0.7625 245.0729758528004
0.7675 -211.16513236393462
0.7725 -141.04135771302555
0.7775 139.33573052884577
0.7825 -188.4855243635697
0.7875 170.8383675199836
0.7925 -255.24114909195404
0.7975 141.16310915330425
0.8025 119.6688935458235
0.8075 -162.12135351767216
0.8125 307.2680363912794
0.8175 79.99572884332608
0.8225 -157.81200273022665
0.8275 38.02752366154121
0.8325 -76.46314673673187
0.8374999999999999 -162.3522186294667
0.8424999999999999 6.388876669458978
0.8474999999999999 -18.87683557415594
0.8524999999999999 -8.504075171345582
0.8574999999999999 6.715724768523074
0.8624999999999999 90.0401691114305
0.8674999999999999 -125.93993933475608
0.8724999999999999 121.67596947054074
0.8775 -243.6961769826104
0.8825 13.519133490800826
0.8875 57.94750754945657
0.8925 -12.602260162978189
0.8975 116.27630838429906
0.9025 -116.71560832169746
0.9075 30.207891574558218
0.9125 204.35019473535536
0.9175 -222.06063924270418
0.9225 -91.17982392133594
0.9275 134.9626183734889
0.9325 -96.7795606326605
0.9375 142.42324666587695
0.9425 -63.279956300168074
0.9475 47.110137065002476
0.9524999999999999 130.40315337458512
0.9574999999999999 11.342979791745504
0.9624999999999999 62.424572698591305
0.9674999999999999 -72.9246859616533
0.9724999999999999 1.043019953093593
0.9774999999999999 219.61182972552498
0.9824999999999999 -115.62726356615684
0.9874999999999999 87.29157092358582
0.9924999999999999 -57.735012421376595
0.9974999999999999 -227.6747000108723
1.0025 175.46138430560907
1.0075 277.43401133392405
1.0125 -277.130529317017
1.0174999999999998 129.21072726460082
1.0225 -300.02804600390937
1.0274999999999999 196.93694455552182
1.0325 62.259845765273816
1.0374999999999999 -4.986237698507417
1.0425 -148.06151812411989
1.0474999999999999 -3.4500703442200322
1.0525 123.6023342349865
1.0574999999999999 -70.21948236343448
1.0625 303.33313906185936
1.0675 -47.08326409182015
1.0725 -67.64642327451507
1.0775 -87.05730474758865
1.0825 134.36706889905827
1.0875 -314.39252469679946
1.0925 -174.80861368920154
1.0975 255.46071984679284
1.1025 -114.04626735134916
1.1075 83.0154692329553
1.1125 93.8344170341083
1.1175 -174.83470021480883
1.1225 -18.068237806915402
1.1275 101.38344602916882
1.1324999999999998 254.73624194415058
1.1375 -110.15899853976006
1.1424999999999998 -86.42500931863479
1.1475 -189.98289107158925
1.1524999999999999 90.74601941260724
1.1575 110.9302119867929
1.1624999999999999 -101.55367173833635
1.1675 -18.34465475373902
1.1724999999999999 288.3636963699941
1.1775 -53.248227257865594
1.1824999999999999 17.16792048843127
1.1875 11.216352356763695
1.1925 -152.6510766264942
1.1975 -45.29988192442528
1.2025 232.9106682862698
1.2075 -335.8121962292378
1.2125 119.16503273317845
1.2175 -201.96652124920988
1.2225 17.2364736369749
1.2275 328.09846537592836
1.2325 238.64788871188284
1.2375 -225.30290648610026
1.2425 -159.32592587112222
1.2475 101.6139266099759
1.2525 242.02504891496392
1.2574999999999998 -334.15089071317806
1.2625 294.3822714009135
1.2674999999999998 -188.29953725910087
1.2725 -156.1358252066287
1.2774999999999999 -112.09643877036956
1.2825 331.79501162057625
1.2874999999999999 122.63350102281626
1.2925 26.20573680902554
1.2974999999999999 -0.8489386263619262
1.3025 -36.999063334416704
1.3074999999999999 -129.30347629996464
1.3125 -55.305951761737916
1.3175 19.12447152341
1.3225 181.25744250374262
1.3275 17.333089940374258
1.3325 -166.22305799954455
1.3375 -59.019640372640794
1.3425 -11.44083871323584
1.3475 237.4095664596145
1.3525 -216.12377607207017
1.3575 0.8107899154285888
1.3625 -62.55557558089255
1.3675 177.04270694862973
1.3724999999999998 221.56424532328626
1.3775 -129.40049196227818
1.3824999999999998 197.56946249384103
1.3875 -135.43967667644375
1.3924999999999998 187.4982257031405
1.3975 -75.09517258007727
1.4024999999999999 -324.64364733187875
1.4075 -37.62924827980397
1.4124999999999999 199.6399588510671
1.4175 27.471659170344324
1.4224999999999999 -278.6274452577086
1.4275 68.16641042380854
1.4324999999999999 150.65777536049643
1.4375 -41.40348239957923
1.4425 -168.3583174773718
1.4475 -175.93340157401957
1.4525 187.64395025770503
1.4575 175.322451911925
1.4625 -138.1494133601959
1.4675 -89.85934005300997
1.4725 21.458422127257446
1.4775 -237.4707892996272
1.4825 413.19138086389245
1.4874999999999998 -4.431478098807671
1.4925 -337.5547323353264
1.4974999999999998 317.61197189664614
1.5025 -132.27700500771303
1.5074999999999998 -81.6722919423633
1.5125 314.1473151161181
1.5174999999999998 -72.91495495997248
1.5225 -45.648507288773516
1.5274999999999999 -40.719402883150714
1.5325 122.63778998623243
1.5374999999999999 -30.816529691991974
1.5425 138.68617226804028
1.5474999999999999 -116.79274124748028
1.5525 14.750695729923388
1.5574999999999999 -69.79012679196049
1.5625 -185.6697347950242
1.5675 86.89703484397174
1.5725 117.95546971769535
1.5775 -66.22100487438802
1.5825 113.10396579865333
1.5875 -97.73193982991677
1.5925 158.20784498323826
1.5975 -11.26136083010701
1.6025 -412.7424759169583
1.6075 -47.356909293692205
1.6124999999999998 286.9594201590789
1.6175 -98.7928321141999
1.6224999999999998 -147.13300746437943
1.6275 267.5734625639928
1.6324999999999998 -4.07684448815273
1.6375 138.63711388739523
1.6424999999999998 56.750756257426396
1.6475 96.49591964822623
1.6524999999999999 95.51464045168116
1.6575 109.85285868072191
1.6624999999999999 -196.5135262076284
1.6675 -146.24405221951704
1.6724999999999999 187.99659299509088
1.6775 -215.86670814687915
1.6824999999999999 82.87448237779944
1.6875 -9.229421358889017
1.6925 -27.55515057921473
1.6975 46.782163260662976
1.7025 173.2060513857613
1.7075 -119.51095637196957
1.7125 -63.57852942625055
1.7175 85.79223965919438
1.7225 -100.30043477936421
1.7274999999999998 172.47985463610212
1.7325 165.02306999233443
1.7374999999999998 -72.30348876297923
1.7425 95.69195265155163
1.7474999999999998 -215.3247521781864
1.7525 -9.345738359907111
1.7574999999999998 -210.95730361647202
1.7625 159.3805459208895
1.7674999999999998 72.60702495979825
1.7725 -162.7968976090572
1.7774999999999999 4.066377731819969
1.7825 96.38610871052049
1.7874999999999999 -40.30957504148896
1.7925 -37.766425106175575
1.7974999999999999 135.94293838492527
1.8025 -167.45885698771454
1.8074999999999999 -7.2592039592225595
1.8125 117.73254401901617
1.8175 188.18861476145196
1.8225 -584.088059653973
1.8275 521.1084988592224
1.8325 -313.50333422822075
1.8375 116.97904756768746
1.8425 -31.19580670830306
1.8475 -48.90785141458285
1.8524999999999998 -144.7438996047657
1.8575 -151.98598152753632
1.8624999999999998 214.86494098273718
1.8675 496.3914829995817
1.8724999999999998 -348.73080668100874
1.8775 99.6836780307455
1.8824999999999998 89.67889508970329
1.8875 6.253193195415898
1.8924999999999998 -412.42266219291673
1.8975 248.36619920063075
1.9024999999999999 44.87114730013944
1.9075 216.56711736377875
1.9124999999999999 23.400680718565354
1.9175 41.28919258914827
1.9224999999999999 -105.04333782807927
1.9275 -105.56524795304716
1.9324999999999999 -118.6204679704717
1.9375 298.60020748547277
1.9425 6.652643955571907
1.9475 -24.48001999638333
1.9525 -206.8963567382354
1.9575 188.19352312593858
1.9625 -212.20165756998165
1.9674999999999998 -138.12690083370165
1.9725 194.6570296470766
1.9774999999999998 -78.548523457111
1.9825 205.46337106236666
1.9874999999999998 -77.9753895972009
1.9925 -142.888194919649
1.9974999999999998 -247.60676670998186
2.0025 28.697856833344204
2.0075 3.4351648484302033
2.0124999999999997 114.2676966054644
2.0175 -119.28548938211755
2.0225 293.2425675099949
2.0275 -212.59060801976105
2.0324999999999998 -36.09525831979417
2.0375 272.4441250032282
2.0425 193.21399575222807
2.0475 -462.90750077198834
2.0524999999999998 302.0555892374592
2.0575 -181.58008318887556
2.0625 153.4329795366019
2.0675 90.52563599198459
2.0725 -157.821470562936
2.0775 43.51084004513027
2.0825 11.806187972278295
2.0875 59.86028792634923
2.0925 -114.50891781103921
2.0974999999999997 168.35902540190503
2.1025 -156.61568981191067
2.1075 67.39550955572153
2.1125 117.28352538308637
2.1174999999999997 -105.64714666330234
2.1225 86.90311983692975
2.1275 103.06628382487233
2.1325 -99.6810052866714
2.1374999999999997 -9.04575047033022
2.1425 -141.62111132524367
2.1475 0.7629218480414265
2.1525 -54.82307170058877
2.1574999999999998 72.14446470127318
2.1625 -64.9842520138329
2.1675 55.225512586598455
2.1725 -307.83242133031786
2.1774999999999998 4.504460644309882
2.1825 -28.34969928473886
2.1875 3.3717740224306616
2.1925 -32.3113423451435
2.1975 -131.32256049326494
2.2024999999999997 354.10983887266923
2.2075 -512.175076011472
2.2125 78.31489809755934
2.2175 375.02861644431033
2.2224999999999997 -243.94058608552098
2.2275 -79.83764245266535
2.2325 327.2739019860407
2.2375 127.7004804091958
2.2424999999999997 -40.46407601808257
2.2475 359.32461020326093
2.2525 -241.87776215648873
2.2575 -45.31351328763981
2.2624999999999997 -16.38422250276925
2.2675 83.46130628760469
2.2725 69.90609522567588
2.2775 88.4181159547301
2.2824999999999998 -321.28558755444055
2.2875 370.30648032230187
2.2925 -201.1137485141028
2.2975 84.54940050628446
2.3024999999999998 -59.77350216829414
2.3075 -52.87478496082067
2.3125 -57.67653417056723
2.3175 38.27844534119614
2.3225 -299.1187379945092
2.3274999999999997 4.143611245718114
2.3325 123.20447038372838
2.3375 -56.5110782747002
2.3425 -16.660352019731857
2.3474999999999997 -56.97245190433298
2.3525 54.93430796144393
2.3575 297.80786782029503
2.3625 156.5389765830691
2.3674999999999997 -246.32236975528238
2.3725 243.4572102140296
2.3775 -79.59886700792677
2.3825 -96.38288976747015
2.3874999999999997 268.9371248368586
2.3925 -77.83382584276349
2.3975 -255.89490815457032
2.4025 117.91359859679719
2.4074999999999998 -54.02667765423678
2.4125 -154.08048976712732
2.4175 -94.45545129829291
2.4225 412.8851499483902
2.4274999999999998 -88.37313855177347
2.4325 146.5592531178269
2.4375 -159.4248851555384
2.4425 -32.82729064023203
2.4475 -144.93520028814493
2.4524999999999997 321.001861681565
2.4575 211.38540426670565
2.4625 -302.6713043632889
2.4675 250.43543866284915
2.4724999999999997 -159.38275443489798
2.4775 -39.767983035483795
2.4825 94.16770954915317
2.4875 143.96096480912087
2.4924999999999997 -235.93395908849294
2.4975 -232.73499839236575
2.5025 41.27113867136843
2.5075 6.403103978809364
2.5124999999999997 2.699946534845013
2.5175 -53.150116023123886
2.5225 139.0124062623095
2.5275 -263.9991891631483
2.5324999999999998 117.22655337988513
2.5375 -104.6452227820379
2.5425 206.64499747437318
2.5475 223.89635338247618
2.5524999999999998 -5.010005738372252
2.5574999999999997 -133.41855950283895
2.5625 -17.76922711307371
2.5675 -179.61351067946376
2.5725 -134.45975016841194
2.5774999999999997 140.90669809786593
2.5825 252.2194708576035
2.5875 -290.4583300589442
2.5925 -82.18344539748026
2.5974999999999997 224.5797764568015
2.6025 -63.344924330709674
2.6075 17.53387852309695
2.6125 63.01263981861773
2.6174999999999997 -182.5649980647613
2.6225 170.94321232761345
2.6275 -126.074270691856
2.6325 158.26602537200412
2.6374999999999997 87.43350683184501
2.6425 -101.20003461699181
2.6475 15.354275073579297
2.6525 -229.54820827428472
2.6574999999999998 245.7534351510653
2.6625 -15.872672632940981
2.6675 -72.85014011022032
2.6725 98.24538933562131
2.6774999999999998 -221.00780242905282
2.6824999999999997 421.8996700252931
2.6875 -111.95655380369718
2.6925 49.70654003119697
2.6975 3.2214376948103505
2.7024999999999997 89.84508813736075
2.7075 30.303788110820644
2.7125 153.80097870981018
2.7175 -80.65263543973705
2.7224999999999997 215.7152967740104
2.7275 -237.27922597361442
2.7325 94.03012612672067
2.7375 -69.69316757939131
2.7424999999999997 43.3778578689947
2.7475 -155.4178828175515
2.7525 70.58349742158389
2.7575 -252.22490924439865
2.7624999999999997 126.70011698834765
2.7675 -138.1904795623468
2.7725 -270.74167150525966
2.7775 65.0321887683216
2.7824999999999998 63.77109647872045
2.7875 -49.45395255774495
2.7925 81.38085398501947
2.7975 113.73750507930271
2.8024999999999998 -45.23099849882247
2.8074999999999997 -151.3959006385403
2.8125 18.372206439698726
2.8175 -145.19302745581862
2.8225 151.44562667886598
2.8274999999999997 -258.8148692458284
2.8325 340.9762466092071
2.8375 -26.0490813996471
2.8425 -152.67037112280545
2.8474999999999997 160.3971231820691
2.8525 -126.42915821533622
2.8575 -60.61961672842336
2.8625 39.54544998491004
2.8674999999999997 71.10383221708865
2.8725 -38.73574222029208
2.8775 98.06791344465057
2.8825 -31.948995515104144
2.8874999999999997 117.63061788686424
2.8925 -203.00628027557815
2.8975 281.5153620725991
2.9025 -230.8614516404912
2.9074999999999998 -210.34870457963055
2.9125 283.7830588352065
2.9175 221.11711703007845
2.9225 241.7287953601959
2.9274999999999998 -76.80232180200348
2.9324999999999997 -236.76800787761886
2.9375 -55.05568807030387
2.9425 -52.58374613211815
2.9475 423.99563508606985
2.9524999999999997 -473.3080737927936
2.9575 140.08760414871202
2.9625 368.6735602772956
2.9675 -3.9678335841202053
2.9724999999999997 -390.1625134264387
2.9775 42.14464662132102
2.9825 -90.35453523776292
2.9875 95.26636342281263
2.9924999999999997 -204.61881183085873
2.9975 -81.30139458796073
3.0025 89.4030857835867
3.0075 174.85011433398014
3.0124999999999997 -17.17535251176968
3.0175 -55.32143083430104
3.0225 140.20500718228305
3.0275 -203.24622254574396
3.0324999999999998 237.931157623789
3.0374999999999996 -130.93872354818544
3.0425 314.9004318475171
3.0475 -52.49722341145003
3.0524999999999998 -86.06331883201025
3.0574999999999997 266.92781075050345
3.0625 -124.99389664597828
3.0675 46.418552290245195
3.0725 77.47140703601042
3.0774999999999997 -196.49189980395715
3.0825 8.744838594494542
3.0875 -201.24822489786607
3.0925 -40.41548186750316
3.0974999999999997 108.82250347121068
3.1025 -149.8169407594415
3.1075 67.48392564555479
3.1125 56.34540788062005
3.1174999999999997 6.62635863870285
3.1225 -55.49750903486434
3.1275 223.6686731086781
3.1325 -106.01815754221997
3.1374999999999997 -235.58385461583677
3.1425 167.60210670127145
3.1475 -50.426976933162365
3.1525 10.726620428273707
3.1574999999999998 -129.81088344608455
3.1624999999999996 286.16308322039373
3.1675 -258.8050754125556
3.1725 302.7491694827185
3.1774999999999998 220.52249647632476
3.1824999999999997 6.985762713303379
3.1875 -176.0628562332617
3.1925 -22.849951749040194
3.1975 321.91936582541217
3.2024999999999997 -288.9568459407818
3.2075 -81.28459506508334
3.2125 -150.3305918525782
3.2175 -76.35361002109438
3.2224999999999997 -11.227012542290478
3.2275 55.66639930131027
3.2325 -7.730225363348917
3.2375 13.956170043460226
3.2424999999999997 -40.674015643865225
3.2475 248.89914663226153
3.2525 99.06608203627682
3.2575 -232.65108222877535
3.2624999999999997 233.4605930114182
3.2675 -30.05350718181897
3.2725 310.0726577265987
3.2775 -9.468396680461419
3.2824999999999998 -360.6307467571855
3.2874999999999996 6.915962407004019
3.2925 61.34150053339384
3.2975 -99.82543583940324
3.3024999999999998 12.357401962217855
3.3074999999999997 51.62633083473576
3.3125 -154.3726969838228
3.3175 2.3293414624813584
3.3225 -79.70054615599899
3.3274999999999997 -0.27463761206341947
3.3325 110.78917387947983
3.3375 129.09572045030714
3.3425 -15.242076798548977
3.3474999999999997 -164.39293215419306
3.3525 81.16498937301344
3.3575 -65.29585170793736
3.3625 81.776399843977
3.3674999999999997 55.76539425745814
3.3725 88.99077060039123
3.3775 3.3736843659944626
3.3825 3.3887078930679904
3.3874999999999997 116.67552874002054
3.3924999999999996 -3.395723714678044
3.3975 -144.63795882995416
3.4025 -167.00952175951207
3.4074999999999998 197.79592860469324
3.4124999999999996 -7.587869108450076
3.4175 -86.08064574550646
3.4225 12.600681149149453
3.4274999999999998 297.52132049642836
3.4324999999999997 -158.78119227318422
3.4375 -32.88039945451677
3.4425 0.32506657671182326
3.4475 -203.73146711430937
3.4524999999999997 245.89811058252513
3.4575 -79.10888651634323
3.4625 -217.38846009179377
3.4675 4.7407479580078284
3.4724999999999997 1.566436720423077
3.4775 39.46220937606943
3.4825 -70.20382538864665
3.4875 -62.815843903945485
3.4924999999999997 99.95301857775144
3.4975 112.75273205149256
3.5025 -1.3067713174837505
3.5075 160.2570262327902
3.5124999999999997 82.54132440789121
3.5174999999999996 -78.1123719417026
3.5225 -152.66456929966074
3.5275 -142.09996305894674
3.5324999999999998 184.706605704518
3.5374999999999996 48.52974471068784
3.5425 -99.26881004273467
3.5475 -11.803089256327763
3.5524999999999998 80.10657207777042
3.5574999999999997 -81.55574363226738
3.5625 -15.004145501182464
3.5675 105.86952196052574
3.5725 -99.68988674601621
3.5774999999999997 -138.0493056701245
3.5825 -95.40924990356476
3.5875 310.35852822304696
3.5925 -160.93557197395148
3.5974999999999997 168.69461658894716
3.6025 -82.74764137091725
3.6075 80.066307603443
3.6125 -63.769354694882864
3.6174999999999997 -150.7950520594927
3.6225 -35.4720114295859
3.6275 11.238225908995258
3.6325 -67.66325082488792
3.6374999999999997 -43.77183142493229
3.6424999999999996 -28.524713756319542
3.6475 198.1007184069078
3.6525 -356.2021193046766
3.6574999999999998 90.23780032441813
3.6624999999999996 -178.2573484673395
3.6675 298.31067240427313
3.6725 233.6903143908628
3.6774999999999998 -82.78011498484564
3.6824999999999997 10.262378783190005
3.6875 -145.560813725329
3.6925 346.5211769676927
3.6975 126.29699725797606
3.7024999999999997 -177.69983197528703
3.7075 115.9934393731464
3.7125 -295.606813731083
3.7175 74.95191523462017
3.7224999999999997 66.64391634239438
3.7275 36.547432746445196
3.7325 -139.2856019715783
3.7375 4.738296539038712
3.7424999999999997 166.4305173893557
3.7474999999999996 -42.874469839406885
3.7525 59.61713821855159
3.7575 -43.486870352041066
3.7624999999999997 85.1788193667958
3.7674999999999996 -229.1665400389067
3.7725 75.09525100443076
3.7775 71.88411084830453
3.7824999999999998 -99.41589465454366
3.7874999999999996 -88.54198355315631
3.7925 -122.34150169316017
3.7975 -8.326995744430365
3.8024999999999998 101.34206598979542
3.8074999999999997 89.9100158701536
3.8125 177.0804156410428
3.8175 -212.7923676959884
3.8225 206.98981978391492
3.8274999999999997 100.37120775818207
3.8325 52.582075272318384
3.8375 -237.2975646402214
3.8425 -194.53756251347016
3.8474999999999997 -100.40546446319652
3.8525 174.6364501435367
3.8575 -31.553473078185064
3.8625 108.64295986163121
3.8674999999999997 -13.86359404169515
3.8724999999999996 64.3025764801664
3.8775 -218.22209149493096
3.8825 -145.62134100975015
3.8874999999999997 178.61876828467692
3.8924999999999996 -121.73588751879292
3.8975 96.8046307997
3.9025 175.18586642623228
3.9074999999999998 10.548383189468566
3.9124999999999996 -45.91159898724059
3.9175 284.9192208665228
3.9225 -108.64988436360818
3.9274999999999998 -293.2641484183302
3.9324999999999997 -22.299248043736284
3.9375 -21.356835483078676
3.9425 -68.97328227959008
3.9475 -78.71851692788528
3.9524999999999997 67.30968804877784
3.9575 80.6327753933061
3.9625 47.00589451956376
3.9675 160.46133877962518
3.9724999999999997 -6.7361261535283115
3.9775 -39.603251101955856
3.9825 -233.00215437373961
3.9875 234.2799528928178
3.9924999999999997 -64.33300986636354
3.9974999999999996 31.343691880123227
4.0024999999999995 260.2563049155132
4.007499999999999 44.912636677996446
4.0125 -232.81443173569625
4.0175 -160.82748813813313
4.0225 106.08433664347208
4.0275 221.59302627151166
4.0325 -48.82984681559834
4.0375 -168.83837163010546
4.0424999999999995 14.237016864236187
4.047499999999999 -244.38020353628343
4.0525 0.8637553026238886
4.0575 124.90003148633444
4.0625 -4.718802560647057
4.0675 3.504365129474644
4.0725 0.8053749506719036
4.0775 -69.83241922993388
4.0825 148.49031702742698
4.0874999999999995 -209.9338855410484
4.0925 112.69472697849389
4.0975 -49.54322947328385
4.1025 -41.956077500281
4.1075 -151.2873239633107
4.1125 -14.45894620518942
4.1175 336.30728535689525
4.1225 -157.3006749585622
4.1274999999999995 -81.02761780160296
4.132499999999999 70.87835088452768
4.1375 32.5568416255183
4.1425 -107.81535765963012
4.1475 59.64122252172787
4.1525 205.5890467467632
4.1575 -91.26310347918432
4.1625 317.012917340477
4.1674999999999995 -384.41362053585016
4.172499999999999 13.948500510125074
4.1775 107.4251258401287
4.1825 34.146691634032685
4.1875 -11.125782952613728
4.1925 -147.62563537002356
4.1975 -14.848761822962471
4.2025 -94.00448123154365
4.2075 24.841592418828053
4.2124999999999995 73.42149976716517
4.2175 65.97068471676153
4.2225 -112.63010083734231
4.2275 18.941469610376643
4.2325 23.036366174126417
4.2375 170.49126751589006
4.2425 -161.51111533289193
4.2475 -15.010970229223119
4.2524999999999995 91.60114494411137
4.257499999999999 -18.679326997909
4.2625 110.81137139271527
4.2675 -190.75515410227248
4.2725 13.990513067897334
4.2775 -16.674816312741036
4.2825 256.60907324650407
4.2875 -186.23111737085188
4.2924999999999995 -78.53215224173464
4.297499999999999 -129.06939671076825
4.3025 -23.308514997226776
4.3075 100.02990628762109
4.3125 14.366257830273529
4.3175 -63.666928146931696
4.3225 182.94499379553343
4.3275 245.54737871504096
4.3325 -186.4079911312159
4.3374999999999995 -138.10644076201578
4.342499999999999 -264.16957383459857
4.3475 95.49992220061452
4.3525 19.355988373162358
4.3575 150.97823016415245
4.3625 -128.71460861992705
4.3675 -62.27841128353418
4.3725 240.2755247186957
4.3774999999999995 50.554264922262526
4.382499999999999 -318.62100068221747
4.3875 84.08184977455367
4.3925 349.76719477602154
4.3975 -166.68778111226152
4.4025 274.3869241436035
4.4075 -2.264419519405884
4.4125 -50.667618903831006
4.4174999999999995 37.02413491598941
4.422499999999999 -61.10397685186798
4.4275 132.7517290676833
4.4325 -70.46127490884632
4.4375 6.993913056349383
4.4425 -23.679690093582607
4.4475 -106.58782362459318
4.4525 55.59203643455277
4.4575 277.52461673465484
4.4624999999999995 -337.1063800432323
4.467499999999999 -130.7846596952534
4.4725 112.7388217291683
4.4775 -72.20309532691704
4.4825 108.06379627424712
4.4875 96.69786762185268
4.4925 -48.315101071124886
4.4975 -223.2231531726393
4.5024999999999995 208.6909721744885
4.507499999999999 17.362412095589438
4.5125 49.84308998907857
4.5175 -122.97590734251165
4.5225 1.080190201791056
4.5275 -75.59951091282103
4.5325 -148.45661534577332
4.5375 74.02703078013744
4.5424999999999995 37.5734917224974
4.547499999999999 259.7538006566757
4.5525 -248.95727662828136
4.5575 309.7732531510471
4.5625 -160.3495225437011
4.5675 55.35881433210569
4.5725 -55.465799180467265
4.5775 -48.26387759935166
4.5825 -267.33849168728227
4.5874999999999995 4.2306159603574605
4.592499999999999 -26.66794823707894
4.5975 241.04310307851802
4.6025 -198.48306542085538
4.6075 -285.9393472244514
4.6125 364.9571685920947
4.6175 -341.2792985751187
4.6225 362.0443341494798
4.6274999999999995 -168.91696283272734
4.632499999999999 233.1858171040603
4.6375 130.87361738682992
4.6425 -164.586006070102
4.6475 -4.279238006847845
4.6525 112.87341370990227
4.6575 -21.002978747227473
4.6625 64.19733310312922
4.6674999999999995 58.964348374361094
4.672499999999999 118.78281217192162
4.6775 -25.369704646946257
4.6825 -177.48680590380715
4.6875 387.0471694076123
4.6925 -402.1499461325279
4.6975 6.244844159796446
4.7025 109.96566395498489
4.7075 -24.29066396722252
4.7124999999999995 -317.4093828434053
4.717499999999999 211.05869893680855
4.7225 -308.80342325218965
4.7275 12.956720608449913
4.7325 82.2421389205083
4.7375 -1.2571755457989773
4.7425 12.130464252568839
4.7475 -16.248425471314988
4.7524999999999995 73.65225316373133
4.757499999999999 152.93905085252408
4.7625 70.94447419395784
4.7675 45.3130090558905
4.7725 104.75840241416277
4.7775 -146.73320912380436
4.7825 -133.9059000148853
4.7875 23.51744826486258
4.7924999999999995 333.3648662480161
4.797499999999999 149.89588118728855
4.8025 -362.09132665369896
4.8075 -7.259303963431712
4.8125 -37.88769915794002
4.8175 57.34616763393923
4.8225 -187.18313349361588
4.8275 72.32755872344656
4.8325 -28.949848492244836
4.8374999999999995 -58.995516265157576
4.842499999999999 -136.29288521936752
4.8475 87.74919518488224
4.8525 225.48689911106274
4.8575 -307.47080216248463
4.8625 288.0204535019307
4.8675 -23.209676363447958
4.8725 -285.3279493855985
4.8774999999999995 80.64119969525139
4.882499999999999 -28.130539534041237
4.8875 344.9373859642004
4.8925 -59.21166220479409
4.8975 -160.1269549686479
4.9025 -76.46907698633468
4.9075 328.82554255738154
4.9125 -67.61090625329629
4.9174999999999995 -211.14755425565514
4.922499999999999 308.7956552936592
4.9275 -111.65304602912707
4.9325 101.5869984042057
4.9375 -78.70093803009888
4.9425 -235.76528698912435
4.9475 -3.968368343470205
4.9525 104.93253711187188
4.9575 -242.65743207787366
4.9624999999999995 280.10420136139055
4.967499999999999 -100.99366132552588
4.9725 88.31435976199869
4.9775 -57.831241208465485
4.9825 -22.514205249128725
4.9875 179.59718367647463
4.9925 163.22502141816028
4.9975 -104.86728120737163
5.0024999999999995 -110.68242728127773
5.007499999999999 -38.66146777830899
5.0125 -218.31939585360618
5.0175 177.1764631047104
5.0225 27.710567910166944
5.0275 -60.763746742189824
5.0325 17.147089348495644
5.0375 -220.90996752173115
5.0424999999999995 317.9387006485817
5.047499999999999 -164.78592843215515
5.0525 144.9208673164525
5.0575 44.73749325361975
5.0625 148.181700353614
5.0675 -32.931696087264065
5.0725 -264.4198998970789
5.0775 126.1106671785452
5.0825 -43.07123312112666
5.0874999999999995 -78.85075196731087
5.092499999999999 -46.50481869255915
5.0975 86.46387950730339
5.1025 221.37863856377345
5.1075 -97.62159808039559
5.1125 -147.2137125059723
5.1175 -72.4479485274669
5.1225 87.5591750817181
5.1274999999999995 -146.22447981677186
5.132499999999999 320.34649041293346
5.1375 -254.97600424786003
5.1425 -52.45294957429054
5.1475 218.34820022387
5.1525 58.434022105686026
5.1575 74.30978715497027
5.1625 -83.94788229378896
5.1674999999999995 152.41061768984517
5.172499999999999 -79.12771230871637
5.177499999999999 131.79040268463163
5.1825 -144.85507217872976
5.1875 -2.9507889348472944
5.1925 149.08648764642248
5.1975 -304.1568118879477
5.2025 12.906590603753084
5.2075 -105.55179264987456
5.2124999999999995 214.28784827198947
5.217499999999999 -331.43395155522285
5.2225 157.5887094502866
5.2275 209.29185299173514
5.2325 -86.11526799222229
5.2375 -14.36417432152651
5.2425 88.16029511955976
5.2475 -43.06206141930244
5.2524999999999995 168.3225507087991
5.257499999999999 53.06882918072737
5.2625 -0.1361238873168123
5.2675 -200.09134127069854
5.2725 26.52576777905303
5.2775 157.12129530325197
5.2825 -291.55329272461
5.2875 57.22027628257059
5.2924999999999995 139.36644958496146
5.297499999999999 113.67565510763104
5.302499999999999 -219.76901213076877
5.3075 63.97585062308953
5.3125 166.47769384868587
5.3175 -187.3892832230406
5.3225 -204.63888320197378
5.3275 -67.5554652355865
5.3325 28.304329217228762
5.3374999999999995 -113.0227431530378
5.342499999999999 314.9219634116703
5.3475 292.9397316058089
5.3525 6.570743929471899
5.3575 -142.82202029226943
5.3625 52.005829439320806
5.3675 -83.58961563548307
5.3725 8.038452283915193
5.3774999999999995 -246.81497469943378
5.382499999999999 83.51814341670806
5.3875 264.7123503641443
5.3925 -132.18417202144735
5.3975 47.14636490561315
5.4025 28.7700217128521
5.4075 -134.4816126675467
5.4125 54.10403222586179
5.4174999999999995 -122.83856603553286
5.422499999999999 -55.3132641747788
5.427499999999999 91.07240874236184
5.4325 -138.04927756655678
5.4375 -191.09219539352353
5.4425 154.82343674482595
5.4475 -241.95678995643428
5.4525 -4.207582096130746
5.4575 248.1802761120142
5.4624999999999995 153.7101230436115
5.467499999999999 -128.37265949052733
5.4725 62.75089643347978
5.4775 -159.992528784366
5.4825 124.60897397263494
5.4875 105.81195491583199
5.4925 40.334698993686985
5.4975 -4.271780850872658
5.5024999999999995 92.53804385164801
5.507499999999999 -383.7814377432161
5.5125 230.7412394755266
5.5175 187.98052126600402
5.5225 -209.56037350422605
5.5275 98.03989489693552
5.5325 -2.5372452131008263
5.5375 224.65731866790318
5.5424999999999995 114.96692366734423
5.547499999999999 -243.85282844445425
5.552499999999999 -94.01572499426463
5.5575 137.78500749612388
5.5625 -12.2534124537452
5.5675 -128.19667616237822
5.5725 -72.63214917516525
5.5775 182.363694328777
5.5825 -39.0969014345555
5.5874999999999995 -49.007754501058976
5.592499999999999 -32.13599075411038
5.5975 -110.50928078305645
5.6025 201.6433110664227
5.6075 -185.50123770302162
5.6125 -56.23500244420778
5.6175 11.116387359787039
5.6225 190.9646416037622
5.6274999999999995 348.72437035747373
5.632499999999999 -366.82284738122956
5.6375 0.34279100693940673
5.6425 -10.798536349934604
5.6475 133.28862824458946
5.6525 -18.695526627115967
5.6575 -46.7311900625816
5.6625 67.45030923064787
5.6674999999999995 -7.522978745651176
5.672499999999999 -10.457070398766481
5.677499999999999 -23.159034495101643
5.6825 94.63533344185802
5.6875 -71.64189407451072
5.6925 155.93283396540718
5.6975 -81.15678823835594
5.7025 45.359654177067306
5.7075 38.14926990423269
5.7124999999999995 81.77268179274826
5.717499999999999 -293.0246878131744
5.7225 150.00273489526202
5.7275 -48.36527015641398
5.7325 152.6399285256943
5.7375 -63.65726800349644
5.7425 -229.16169483497322
5.7475 -171.97764060329595
5.7524999999999995 221.1160827760206
5.757499999999999 23.959462921786052
5.7625 34.966085661606314
5.7675 108.22471383670279
5.7725 -399.100593575477
5.7775 -41.59192927863202
5.7825 173.18493878661067
5.7875 34.738328706949154
5.7924999999999995 -84.50444071920086
5.797499999999999 -273.78380086355105
5.802499999999999 36.80382459054858
5.8075 468.77474640717367
5.8125 -149.41081182346582
5.8175 -166.40773643051054
5.8225 -91.41684981875227
5.8275 121.65759238126392
5.8325 -36.62392122898515
5.8374999999999995 85.54627088537451
5.842499999999999 -65.39012962344084
5.8475 14.873322330392604
5.8525 162.1302116536669
5.8575 177.20141336538725
5.8625 -44.793881679626786
5.8675 32.58006286605269
5.8725 -199.58044029331356
5.8774999999999995 -70.40066262084741
5.882499999999999 177.09180059391696
5.8875 -213.59339877961742
5.8925 142.84766505586194
5.8975 -25.104913238780906
5.9025 -221.16311212389576
5.9075 126.32644126042503
5.9125 -2.358497952829005
5.9174999999999995 -74.19457598997025
5.922499999999999 -8.810550833991302
5.927499999999999 36.709003231119034
5.9325 -51.00328513720618
5.9375 -112.30354919812457
5.9425 86.74036772357408
5.9475 -61.133715471980494
5.9525 294.1026618690569
5.9575 -221.21625541331576
5.9624999999999995 67.26688124704972
5.967499999999999 67.26472431415968
5.9725 155.9878154900928
5.9775 -41.58541268856083
5.9825 3.358907954585133
5.9875 2.436094903076731
5.9925 30.62745673395609
5.9975 -161.00666699551812
6.0024999999999995 70.59468105019491
6.007499999999999 -223.07505549187468
6.012499999999999 66.04671304835487
6.0175 73.99460073095383
6.0225 -32.251049544275936
6.0275 137.27323779796413
6.0325 40.864627877215156
6.0375 -237.50392043095073
6.0424999999999995 -52.07708875439793
6.047499999999999 203.62505579337693
6.052499999999999 -46.28358332818365
6.0575 -2.500217601985893
6.0625 -227.04451651291438
6.0675 147.06055974401949
6.0725 18.58092101391925
6.0775 46.25541819535148
6.0825 -49.24363107378473
6.0874999999999995 48.055826605692666
6.092499999999999 34.550231316290464
6.0975 263.43149329527984
6.1025 74.94994488853088
6.1075 44.99489803509426
6.1125 -58.320134943781376
6.1175 51.72440864701811
6.1225 -68.4257131799052
6.1274999999999995 18.330947071522775
6.132499999999999 229.1443583158096
6.137499999999999 -153.50705423333565
6.1425 -221.27645084166386
6.1475 169.97852909274638
6.1525 -150.7847775480936
6.1575 41.66225276484664
6.1625 3.527391624970158
6.1674999999999995 -55.88611249635487
6.172499999999999 -72.16484898029528
6.177499999999999 78.77511431005564
6.1825 -64.8874913622527
6.1875 67.79912496485083
6.1925 18.887971306014148
6.1975 -213.70049881374823
6.2025 105.94442312296631
6.2075 -33.94497347271058
6.2124999999999995 -214.80737777044158
6.217499999999999 308.1949100084329
6.2225 41.638534134956195
6.2275 12.760080226639806
6.2325 -311.19292066767343
6.2375 -18.58276609157813
6.2425 48.27796121844363
6.2475 -64.07712488569918
6.2524999999999995 158.908364204768
6.257499999999999 -82.5133513884082
6.262499999999999 -142.2822631003332
6.2675 376.262081518457
6.2725 -80.76393301896258
6.2775 -9.154555576227065
6.2825 -39.698345893946744
6.2875 157.32592312651477
6.2924999999999995 -63.18686123050293
6.297499999999999 -69.5535373602833
6.302499999999999 241.49704455322788
6.3075 -161.41441547334415
6.3125 33.52390206570457
6.3175 94.50503322071059
6.3225 -83.60793009054467
6.3275 -187.86096202325763
6.3325 -85.89287415803442
6.3374999999999995 3.232880281689271
6.342499999999999 29.390440984046556
6.3475 -167.79961343533563
6.3525 91.01790250083866
6.3575 145.63309203066362
6.3625 90.86015559815111
6.3675 -86.66963974665035
6.3725 -128.6526452224287
6.3774999999999995 20.832811848101013
6.382499999999999 37.50872096999603
6.387499999999999 162.75206085346778
6.3925 19.047057344012952
6.3975 11.57914413974154
6.4025 -66.28061848548442
6.4075 -19.662694045489133
6.4125 59.54560033911819
6.4174999999999995 -56.95998236633519
6.422499999999999 11.581906558642673
6.427499999999999 -3.9105057764695603
6.4325 110.75363363359934
6.4375 -49.05192168899279
6.4425 -335.86818937544973
6.4475 162.22342623494123
6.4525 128.7163241197636
6.4575 -162.60712557554476
6.4624999999999995 -108.50912054415564
6.467499999999999 -92.80784704970576
6.4725 115.62290489585935
6.4775 257.8662492528488
6.4825 -44.32339144917319
6.4875 45.55126168257115
6.4925 168.69047961589203
6.4975 -145.3089956263651
6.5024999999999995 158.90428534887937
6.507499999999999 -109.02519516035044
6.512499999999999 172.51620327127068
6.5175 -13.618458658215626
6.5225 -101.55959573767608
6.5275 -22.933473027588857
6.5325 137.87065031133594
6.5375 -80.86745592884883
6.5424999999999995 8.906291968976085
6.547499999999999 -4.374161015292613
6.552499999999999 -91.979460406793
6.5575 73.33664514302262
6.5625 -70.09058904360843
6.5675 -127.80732806428297
6.5725 150.96526710209287
6.5775 -78.37283657030417
6.5825 -60.44091355101027
6.5874999999999995 -126.60562827449803
6.592499999999999 1.0889374120643214
6.5975 -47.95015163154231
6.6025 -23.797862699018438
6.6075 65.49987740059345
6.6125 -26.876934138509032
6.6175 10.414612032756574
6.6225 118.97357441158528
6.6274999999999995 64.04386006453812
6.632499999999999 74.5378109629645
6.637499999999999 180.29276821662054
6.6425 -30.622774694784916
6.6475 -63.84788181586021
6.6525 35.49353365124057
6.6575 -84.65076740437206
6.6625 -79.78693531841412
6.6674999999999995 177.3775589372072
6.672499999999999 -242.60959953829763
6.677499999999999 8.001971801091917
6.6825 139.47966408697505
6.6875 77.539030704643
6.6925 -155.8010642087231
6.6975 -92.5208662865431
6.7025 -43.00548535381875
6.7075 125.02157818115332
6.7124999999999995 166.53056844258603
6.717499999999999 -31.18098134746504
6.722499999999999 -240.45022944039692
6.7275 100.7097462177117
6.7325 -291.45703919963785
6.7375 261.76931649254783
6.7425 21.863644709295436
6.7475 -135.4192037094783
6.7524999999999995 -9.464583362065017
6.757499999999999 -41.51850934629926
6.762499999999999 158.63456768073735
6.7675 -44.44362193727744
6.7725 224.67703002386526
6.7775 -55.21840570852429
6.7825 -174.28758177553945
6.7875 180.54159605814633
6.7924999999999995 -205.1251813017242
6.797499999999999 157.9812470247314
6.802499999999999 69.79416367239814
6.8075 78.65910074286164
6.8125 18.50535967566574
6.8175 -43.94279059424731
6.8225 217.3892082811796
6.8275 -202.07186936749767
6.8325 48.28275773611739
6.8374999999999995 -22.276598537792385
6.842499999999999 -39.734313460444646
6.847499999999999 -99.0666709426427
6.8525 -100.35018851822409
6.8575 126.20446796870344
6.8625 -69.79427591396447
6.8675 88.75281032154173
6.8725 -305.3451673989698
6.8774999999999995 46.96613182622461
6.882499999999999 -33.26156931365505
6.887499999999999 96.6849628023761
6.8925 -84.90115254828643
6.8975 201.98389987540898
6.9025 -89.1082126487623
6.9075 498.9258949355358
6.9125 27.17115678542823
6.9174999999999995 -210.58439186807357
6.922499999999999 -28.979741592543586
6.927499999999999 -316.308320447319
6.9325 -7.852267342172072
6.9375 83.40640134508975
6.9425 -294.9803127565426
6.9475 72.97446910964575
6.9525 319.16548386254306
6.9575 -286.1134956069471
6.9624999999999995 158.55297714134775
6.967499999999999 11.20718986585347
6.972499999999999 224.30584203222983
6.9775 148.3236455385794
6.9825 -291.20799292786575
6.9875 -74.39544918151725
6.9925 -68.53741998688132
6.9975 255.7626391992435
7.0024999999999995 -0.7407148607230275
7.007499999999999 -19.094180774795376
7.012499999999999 86.85488070129283
7.0175 -363.38372183977896
7.0225 130.46362749887402
7.0275 -257.62516469776233
7.0325 316.93438916682373
7.0375 243.0619948953002
7.0424999999999995 -219.25822984258994
7.047499999999999 -14.413340864618839
7.052499999999999 -91.24239194954622
7.0575 180.31698292002218
7.0625 118.62543423213205
7.0675 -10.372249723421252
7.0725 -131.54629991040383
7.0775 -47.54969214471872
7.0825 -98.02727462890932
7.0874999999999995 -224.03142285041272
7.092499999999999 122.96348155635538
7.097499999999999 -417.91195428854843
7.1025 465.6075257311868
7.1075 -76.64940852381466
7.1125 30.296381220119006
7.1175 -54.111434905859895
7.1225 2.376995573494727
7.1274999999999995 318.1951643378142
7.132499999999999 -25.565246824638475
7.137499999999999 -159.59382937162346
7.1425 157.77237823349364
7.1475 153.41195233578253
7.1525 -200.6020798728281
7.1575 136.29017378945463
7.1625 -22.60046782726857
7.1674999999999995 120.43260187433611
7.172499999999999 -104.83128653446965
7.177499999999999 248.53288595327865
7.1825 -10.300088001941011
7.1875 -189.88927818407663
7.1925 74.8261052024637
7.1975 -61.829275800581044
7.2025 118.26864105689735
7.2075 -233.2173739585966
7.2124999999999995 -9.241470287078174
7.217499999999999 -174.12899220580533
7.222499999999999 -91.13196072257476
7.2275 408.46726768498587
7.2325 -305.26067663882645
7.2375 48.1894537102889
7.2425 -96.67545177705931
7.2475 79.00660490870308
7.2524999999999995 -122.68067965329045
7.257499999999999 289.9141429437115
7.262499999999999 -5.364937519471853
7.2675 -234.72872007079536
7.2725 232.03083163552756
7.2775 -144.27844381626812
7.2825 108.85248683846662
7.2875 -171.17033399237354
7.2924999999999995 2.84080404245141
7.297499999999999 -62.51248508301321
7.302499999999999 54.009427717664735
7.3075 30.313784847370385
7.3125 75.66964833857283
7.3175 25.52823052978932
7.3225 260.36102300728334
7.3275 -64.05804408259272
7.3325 -95.69494909346064
7.3374999999999995 60.96912643920405
7.342499999999999 -58.66516630817479
7.347499999999999 87.39973889740277
7.3525 70.22936883218517
7.3575 -203.01503538092058
7.3625 136.83092497059602
7.3675 -314.226345449065
7.3725 159.9680174895335
7.3774999999999995 -135.83731130752773
7.382499999999999 -108.4850237404532
7.387499999999999 73.50411956040213
7.3925 169.76635016218557
7.3975 -50.86158022551169
7.4025 -134.15206011254745
7.4075 35.322842256354
7.4125 163.10467582652717
7.4174999999999995 -170.7137931977326
7.422499999999999 -161.1513288737759
7.427499999999999 59.96978174544437
7.4325 62.23969070642587
7.4375 -80.97587509744903
7.4425 112.53288990365195
7.4475 139.65222134986925
7.4525 -141.70223447653996
7.4575 -79.32799679127423
7.4624999999999995 99.0703943230431
7.467499999999999 -109.18349656006086
7.472499999999999 152.9397127224873
7.4775 -149.5112128914282
7.4825 249.00731539558538
7.4875 23.93044564782431
7.4925 -159.4810719941133
7.4975 129.19142895233946
7.5024999999999995 -186.4167912384524
7.507499999999999 204.85519835925894
7.512499999999999 -190.71488477576716
7.5175 94.45464136288714
7.5225 18.55677815564682
7.5275 3.2914856431118515
7.5325 25.572231855478876
7.5375 126.54729055591942
7.5424999999999995 -276.41285625671003
7.547499999999999 71.18971135803709
7.552499999999999 -153.36946607386164
7.557499999999999 163.38942675899466
7.5625 -129.38111325189604
7.5675 11.754720806037497
7.5725 85.7715132605094
7.5775 -87.67721583949923
7.5825 8.83047719900306
7.5874999999999995 -20.259916156110084
7.592499999999999 49.94595721347244
7.597499999999999 186.5881720044597
7.6025 -6.08516362309112
7.6075 247.15880653965527
7.6125 -176.64742689033338
7.6175 -192.08009223702484
7.6225 66.8198174302399
7.6274999999999995 -150.45882882898943
7.632499999999999 169.66500642296748
7.637499999999999 -195.92950820539681
7.6425 -8.1779128906211
7.6475 -48.443952152331015
7.6525 -29.88390570122768
7.6575 -90.28107622483788
7.6625 60.34504885613738
7.6674999999999995 236.65221589869878
7.672499999999999 -235.5413496689189
7.677499999999999 -70.84550265984844
7.682499999999999 -44.89660205573458
7.6875 158.58120806642282
7.6925 -167.6559405460726
7.6975 -145.8148628392485
7.7025 4.977667666744185
7.7075 110.23657798927117
7.7124999999999995 338.9556870906529
7.717499999999999 -244.4538724264632
7.722499999999999 94.99547807394424
7.7275 23.477062617671866
7.7325 143.26971913580738
7.7375 -60.62380664161792
7.7425 -93.08444790229626
7.7475 224.0018042353512
7.7524999999999995 -130.95785014269293
7.757499999999999 153.20783400764847
7.762499999999999 154.8699992309457
7.7675 19.00237243692004
7.7725 -221.9723327627475
7.7775 118.56138837856255
7.7825 -84.41474194380072
7.7875 -32.33220401267981
7.7924999999999995 -21.378497447457185
7.797499999999999 15.78865848825296
7.802499999999999 149.45464524735158
7.807499999999999 -135.2469375114665
7.8125 278.8238393133614
7.8175 28.900906169116194
7.8225 106.38816285249769
7.8275 -87.81127937693849
7.8325 38.22882088409348
7.8374999999999995 -133.97345522668917
7.842499999999999 84.94534164503713
7.847499999999999 -100.00004187274023
7.8525 -199.97875784787848
7.8575 199.42726279347738
7.8625 66.53701421133013
7.8675 -124.298448271103
7.8725 -3.721496900078228
7.8774999999999995 200.258031970881
7.882499999999999 -46.728092300618584
7.887499999999999 171.09128645475516
7.8925 -107.60938793778189
7.8975 -72.40846291815856
7.9025 -5.3325828681985845
7.9075 -25.571871840325922
7.9125 -93.49289509374148
7.9174999999999995 -70.36446767635816
7.922499999999999 73.36029350679769
7.927499999999999 71.73806970146737
7.932499999999999 -23.21426024059278
7.9375 -25.36032056776207
7.9425 137.05718844134014
7.9475 0.33306533443026676
7.9525 -23.823601019180323
7.9575 -48.67143475333544
7.9624999999999995 -28.7598586535124
7.967499999999999 72.06277310499857
7.972499999999999 -214.867427534764
7.9775 161.04665959984996
7.9825 -59.8730882019519
7.9875 -28.56110831447364
7.9925 -253.72864437835844
7.9975 121.41889891365996
8.0025 65.45837493008013
8.0075 79.39033198073702
8.0125 -135.83972463278823
8.0175 -55.62679210793713
8.022499999999999 -10.054897221392999
8.0275 -77.04505715025556
8.032499999999999 96.5743791347779
8.0375 17.651520843055298
8.0425 1.9852998765895915
8.0475 -139.21814071109725
8.0525 67.60910986189714
8.0575 98.5717138600167
8.0625 -48.57491424344168
8.067499999999999 146.97364411207698
8.0725 63.533852808980235
8.077499999999999 -238.8842580027154
8.0825 -76.80437886226886
8.0875 97.56410079192733
8.0925 35.0066135516261
8.0975 -76.53997826002613
8.1025 -33.18276599684217
8.1075 -18.71727175288946
8.112499999999999 -52.04828477888754
8.1175 187.43648705194374
8.1225 -249.62435590614754
8.1275 318.9020262605173
8.1325 -193.00757745886796
8.1375 -153.3287835720711
8.1425 -139.38238163711668
8.147499999999999 137.05521054147897
8.1525 -6.58796993000359
8.157499999999999 -98.51010231943314
8.1625 97.41021523597345
8.1675 133.47187358892143
8.1725 -175.70801471911935
8.1775 207.3814299509043
8.1825 -261.5452794313022
8.1875 26.922091565490195
8.192499999999999 249.85036535304198
8.1975 7.266168462883179
8.202499999999999 -148.2188556016801
8.2075 73.49333542228979
8.2125 294.28476374420785
8.2175 69.18487750137217
8.2225 -15.186881317489556
8.2275 -97.47096805620312
8.2325 -57.771407111115174
8.237499999999999 -23.835777189567178
8.2425 190.02709082668326
8.2475 -16.98041470162041
8.2525 -233.52629590841647
8.2575 152.79604930730724
8.2625 75.37392904971296
8.2675 38.48599986659048
8.272499999999999 10.32287843486913
8.2775 190.9575434102641
8.282499999999999 -272.1236962533003
8.2875 214.87236997963242
8.2925 -62.417868995381404
8.2975 -65.57694248634986
8.3025 -9.819162759911839
8.3075 30.448193136162274
8.3125 86.8533661638621
8.317499999999999 4.182309716632823
8.3225 -31.540881758745734
8.327499999999999 -90.01035561974561
8.3325 -69.94560846772623
8.3375 -145.575870148524
8.3425 19.622336425793875
8.3475 98.45026716940697
8.3525 -52.72371702345972
8.3575 64.02611615980666
8.362499999999999 8.253866613811052
8.3675 151.37691194457386
8.3725 88.14238383936245
8.3775 -134.69946131042855
8.3825 -63.89973426147522
8.3875 -89.43951211939411
8.3925 51.79827359808161
8.397499999999999 -112.30273469015792
8.4025 83.36713206067594
8.407499999999999 -51.98492040136964
8.4125 42.647576078976094
8.4175 -256.878616696787
8.4225 26.104800060621777
8.4275 104.89828751241963
8.4325 219.20913014441632
8.4375 -274.04297493002065
8.442499999999999 104.55452514880659
8.4475 -228.42297058435028
8.452499999999999 43.156167485467556
8.4575 180.0209125637544
8.4625 -240.7461516325338
8.4675 46.38613896051532
8.4725 -111.59025154401684
8.4775 151.93208820654766
8.4825 106.65046652437584
8.487499999999999 -192.01829463597852
8.4925 175.96089167843996
8.4975 -42.16004003238393
8.5025 9.883466782242333
8.5075 63.159505737011436
8.5125 9.214861535543196
8.5175 137.3060652322946
8.522499999999999 -228.7356274282131
8.5275 242.03586565313262
8.532499999999999 -4.310628801763156
8.5375 -364.1098921409565
8.5425 118.76707177256985
8.5475 3.0570418280589564
8.5525 18.757487392924613
8.5575 55.08510457159531
8.5625 -89.61883887774107
8.567499999999999 145.00422003527495
8.5725 329.00437218954147
8.577499999999999 -176.52810344698534
8.5825 20.450037316159275
8.5875 -228.80908762539846
8.5925 349.40182992421757
8.5975 -352.2765956592665
8.6025 21.879489060390934
8.6075 45.2378108908176
8.612499999999999 -36.3391742440522
8.6175 62.41511993230557
8.6225 -48.04668885266575
8.6275 39.48342105833778
8.6325 101.6440250149685
8.6375 154.64782803770774
8.6425 -205.3235749152221
8.647499999999999 428.8392035559791
8.6525 -368.50957890167433
8.657499999999999 249.45863906274394
8.6625 -73.32903291473102
8.6675 71.00901394989452
8.6725 164.3055344624871
8.6775 -238.84092624468147
8.6825 -9.261219605164385
8.6875 89.05478138669527
8.692499999999999 -106.69039859984424
8.6975 71.62691867446283
8.702499999999999 -127.04563603774128
8.7075 16.975152243282686
8.7125 -245.58583632055456
8.7175 219.92303058705323
8.7225 56.70987591836159
8.7275 -109.61994466690008
8.7325 91.67325115749871
8.737499999999999 -97.45985283918864
8.7425 -137.65715076598025
8.747499999999999 23.223690226314424
8.7525 -195.59409663734567
8.7575 93.40040883259569
8.7625 132.00054771379646
8.7675 -220.13436875854242
8.772499999999999 309.58230807474047
8.7775 84.58341874731467
8.782499999999999 -31.27547785769544
8.7875 177.3408433458041
8.7925 -227.09264205824397
8.7975 1.70234217749358
8.8025 -151.39342115917964
8.8075 237.4725198000951
8.8125 -112.68456536658353
8.817499999999999 123.3347981718256
8.8225 -162.49673879123333
8.827499999999999 150.61515317180178
8.8325 -31.468090734462503
8.8375 -50.973427169965106
8.8425 -195.07489026104636
8.8475 178.51025003295896
8.8525 140.45786900938782
8.8575 -256.09792966022354
8.862499999999999 -24.071303122534584
8.8675 91.24001441526585
8.872499999999999 -73.79819649395144
8.8775 145.30393674567483
8.8825 107.11001599828296
8.8875 -207.61858559062358
8.8925 151.1641787801592
8.897499999999999 -82.95856802220739
8.9025 -9.672831995621578
8.907499999999999 -2.597215631978351
8.9125 -128.73482394446947
8.9175 143.26523460494926
8.9225 176.10117718828687
8.9275 -85.39842045185856
8.9325 51.96531326032026
8.9375 43.72302279164114
8.942499999999999 -96.10448146215967
8.9475 71.97836376275573
8.952499999999999 -83.7574761217437
8.9575 -71.52500125978307
8.9625 31.928648606075996
8.9675 27.371916024810602
8.9725 -69.1551644086499
8.9775 -58.10424164635747
8.9825 40.34594920404777
8.987499999999999 98.64165154051916
8.9925 -55.05429116940338
8.997499999999999 9.12122496282315
9.0025 37.92161637498131
9.0075 36.308613747241836
9.0125 -43.24309061772575
9.0175 -221.36356135022973
9.022499999999999 11.70915362496778
9.0275 50.53780791380149
9.032499999999999 192.3490880326782
9.0375 -80.78887406872543
9.0425 -149.07480768113132
9.0475 70.19367601409347
9.0525 101.32756669531304
9.0575 -217.13198745481617
9.0625 93.99976616466655
9.067499999999999 -77.30485769046173
9.0725 243.9206020865045
9.077499999999999 -183.64351872259743
9.0825 72.50000519220377
9.0875 -80.50498488305495
9.0925 80.16970682391268
9.0975 64.03300556162205
9.1025 70.69081308979065
9.1075 2.960200909942458
9.112499999999999 3.949644134320059
9.1175 164.94206263538558
9.122499999999999 -110.24074579627212
9.1275 -99.75951069620857
9.1325 60.24765212515316
9.1375 15.212104221220846
9.1425 251.30121194514615
9.147499999999999 -424.80938828411706
9.1525 69.8048156996868
9.157499999999999 -31.79060490111241
9.1625 150.22911652887436
9.1675 -70.5184096820564
9.1725 -151.74945499324332
9.1775 143.2836784075603
9.1825 -64.79768126637762
9.1875 -119.52613766884151
9.192499999999999 43.51041502724138
9.1975 -120.26711385635319
9.202499999999999 212.1002977774563
9.2075 -110.13136066596218
9.2125 204.4012339888485
9.2175 -180.4176792635705
9.2225 168.0279759417961
9.2275 16.688659000639642
9.2325 -126.7934814443512
9.237499999999999 169.2889055929729
9.2425 -16.61852078538093
9.247499999999999 176.31379679529036
9.2525 -130.73401651106224
9.2575 70.77580683163073
9.2625 -59.94377354550227
9.2675 -6.867019820706401
9.272499999999999 175.6546614208601
9.2775 -105.96316364859267
9.282499999999999 166.60716495598876
9.2875 -350.77524838896915
9.2925 39.76115840613151
9.2975 -56.95547899422353
9.3025 46.6886940977184
9.3075 -353.1913357983882
9.3125 84.12003092106274
9.317499999999999 165.77146807117913
9.3225 -245.99551389273358
9.327499999999999 342.613622894407
9.3325 7.518413553503324
9.3375 -222.536897840947
9.3425 145.48665244600366
9.3475 -82.83392593394623
9.3525 25.459700276946204
9.3575 -76.64375249628013
9.362499999999999 137.26558142307755
9.3675 85.93907649741675
9.372499999999999 -216.8933649770422
9.3775 44.25231079293157
9.3825 81.4203492657875
9.3875 1.4761485123191125
9.3925 -482.69516073515797
9.397499999999999 228.19843376522786
9.4025 166.7594788668451
9.407499999999999 -3.5691625936266203
9.4125 112.45468582258708
9.4175 -127.75480874849428
9.4225 166.62351577576985
9.4275 140.91661693640012
9.4325 255.23523305347572
9.4375 -357.578587239885
9.442499999999999 9.560352392960773
9.4475 -50.207567171941854
9.452499999999999 289.977340866855
9.4575 7.069269122805157
9.4625 53.92476178567471
9.4675 -139.48293948799378
9.4725 20.521971396479206
9.4775 112.58527158206857
9.4825 -173.45439144359847
9.487499999999999 -143.68712723073068
9.4925 129.33937386351616
9.497499999999999 -256.4003686727045
9.5025 191.21513004149784
9.5075 20.010268806407186
9.5125 23.674121964484534
9.5175 -62.097741310756895
9.522499999999999 135.47364521143444
9.5275 66.34841601011875
9.532499999999999 -84.05696004274024
9.5375 6.744534928504284
9.5425 -66.06575595512946
9.5475 153.95216323102548
9.5525 -446.297013745799
9.5575 209.0678261940794
9.5625 -139.81010404774608
9.567499999999999 370.19824024018675
9.5725 -56.11177646818204
9.577499999999999 241.66736514303372
9.5825 -87.43624438127833
9.5875 16.78367668412189
9.5925 -230.7903362788415
9.5975 -77.85906943815515
9.6025 14.249945566296923
9.6075 -66.37112538700367
9.612499999999999 -51.3113299448442
9.6175 -162.01359937706283
9.622499999999999 89.57728897102062
9.6275 -64.32927760401034
9.6325 -47.258582260393894
9.6375 154.24014798381424
9.6425 38.82302431502734
9.647499999999999 -13.875880085127589
9.6525 -174.76587532785408
9.657499999999999 139.98751309379804
9.6625 14.34132730726953
9.6675 -50.934700671554936
9.6725 -76.67400824342154
9.6775 165.41584178716386
9.6825 -195.03830227369826
9.6875 -65.84745518795468
9.692499999999999 166.8447883785548
9.6975 3.416072663265719
9.702499999999999 29.773062614815878
9.7075 -55.625392114801215
9.7125 21.316439309129102
9.7175 169.50811376676128
9.7225 -169.60498994951996
9.7275 646.1504073697587
9.7325 -49.19995160374726
9.737499999999999 -164.13303963643136
9.7425 -308.6301570120864
9.747499999999999 145.88853936132844
9.7525 -103.87819510328829
9.7575 269.1699877218837
9.7625 -171.79664272198022
9.7675 155.2972601089914
9.772499999999999 -538.1954169909153
9.7775 116.75404599216145
9.782499999999999 20.506083096165472
9.7875 14.076599322826297
9.7925 -171.56829416347523
9.7975 226.56064746277045
9.8025 -56.72054709119292
9.8075 -139.38550801870534
9.8125 -60.54256848548113
9.817499999999999 126.42607071696308
9.8225 21.068819413182304
9.827499999999999 135.87738325730447
9.8325 -104.78937687576524
9.8375 -14.542201551492429
9.8425 181.05006482789707
9.8475 -182.51026681376754
9.8525 287.7043541447523
9.8575 -251.25259384619034
9.862499999999999 165.15632718004517
9.8675 -74.25029438777595
9.872499999999999 -5.824530942597206
9.8775 -55.245500006811604
9.8825 87.44025849759996
9.8875 137.94377312589992
9.8925 -250.75766643586587
9.897499999999999 136.0043167578001
9.9025 64.63112320335674
9.907499999999999 87.69814461512325
9.9125 -11.179001310982843
9.9175 105.81983893187886
9.9225 15.515496727781468
9.9275 -21.572194547490533
9.9325 -147.05064880055443
9.9375 233.31879559583024
9.942499999999999 16.603963593724824
9.9475 -214.1455891264411
9.952499999999999 31.418384234432988
9.9575 65.75729665636139
9.9625 -72.54400257035876
9.9675 106.45076969813124
9.9725 -209.64041450471166
9.9775 -104.21466505470228
9.9825 -26.69757895791315
9.987499999999999 235.55013740721378
9.9925 -369.68916433961886
9.997499999999999 202.6185384293002
10.0025 -22.05162656877566
