0.0075 234.30912859450035
0.012499999999999999 -43.62753890432595
0.017499999999999998 15.822368064975771
0.0225 -105.57759241999126
0.0275 36.71447846157018
0.0325 438.4005637545161
0.0375 -393.1145779412907
0.042499999999999996 -203.83288796203612
0.0475 337.30544368493156
0.0525 -83.04515061381652
0.057499999999999996 21.223558031357136
0.0625 291.1463169108842
0.06749999999999999 -187.71734676799935
0.0725 -289.3458042856303
0.0775 4.686983063477244
0.08249999999999999 46.21040682714947
0.0875 101.3061021076631
0.0925 129.80257651750054
0.09749999999999999 165.77136911964584
0.1025 -201.6153272570119
0.1075 65.1275730461811
0.11249999999999999 -23.214345507339534
0.1175 102.88001072152377
0.1225 -10.491629221760181
0.1275 -74.99506152432147
0.1325 -64.5541552269508
0.13749999999999998 93.92374928092343
0.1425 2.358595062179472
0.1475 -196.28105668619938
0.1525 181.03559342932567
0.1575 -261.4665019050486
0.1625 174.14549184763976
0.16749999999999998 -147.04649599418485
0.1725 221.77900620462597
0.1775 54.424041484449134
0.1825 94.55464294035085
0.1875 -140.99455363779
0.1925 26.820704929729732
0.19749999999999998 -86.85367091353106
0.20249999999999999 117.08464543332919
0.2075 -297.66748928021667
0.2125 90.12271166457431
0.2175 -22.134768226083004
0.2225 -8.304108991658694
0.22749999999999998 123.78024119673245
0.23249999999999998 -125.8316535928244
0.2375 -125.89014631792719
0.2425 100.47235438384055
0.2475 -59.12717312235288
0.2525 451.6813608980072
0.2575 -111.97798812691538
0.2625 -347.7687848739499
0.2675 123.31793226457513
0.27249999999999996 -169.9189829022508
0.27749999999999997 -21.94328121907195
0.2825 4.329946983281879
0.2875 165.58092268274794
0.2925 84.01628464651195
0.2975 -73.79423940305632
0.3025 46.935942101598904
0.3075 -105.06020932767039
0.3125 99.47611245225436
0.3175 -137.81594432456342
0.3225 183.34186734195197
0.32749999999999996 -189.80584914625246
0.33249999999999996 211.78470449420993
0.33749999999999997 -393.0302525499497
0.34249999999999997 296.67140630268926
0.3475 2.463696854309984
0.3525 -39.65640886566929
0.3575 -136.45043895603004
0.3625 273.78218158486965
0.3675 -18.25915141808183
0.3725 113.81762187245214
0.3775 -23.495687480535288
0.3825 -25.34219901555656
0.38749999999999996 -56.818018693749515
0.39249999999999996 -119.57349459629384
0.39749999999999996 -113.89031396165015
0.40249999999999997 101.07892001272796
0.4075 18.200902148949726
0.4125 -157.8508469062872
0.4175 1.8352940891974294
0.4225 -40.702257490452574
0.4275 85.56422929543378
0.4325 94.78678594515857
0.4375 43.05782673859862
0.4425 -44.869440028445254
0.44749999999999995 79.23909540963358
0.45249999999999996 63.83739490242903
0.45749999999999996 -106.65143455854124
0.46249999999999997 -19.63882794228631
0.46749999999999997 -140.07010734319667
0.4725 102.5414319149012
0.4775 -2.9756440763890333
0.4825 135.16149619322223
0.4875 -92.66450622211649
0.4925 364.5588235857165
0.4975 -45.312466138302376
0.5025 -243.51882810356454
0.5075 -148.5284955586944
0.5125 296.01850926648706
0.5175 -161.8866391649166
0.5225 -58.29212823867004
0.5275 51.70441806877732
0.5325 -459.60624050693866
0.5375 211.54551396621116
0.5425 1.4309106214249274
0.5475 190.77931834302382
0.5525 16.57181092463715
0.5575 -232.310545395661
0.5625 -183.59822234239934
0.5675 334.696228403154
0.5725 45.85109426955877
0.5775 -102.15299558215561
0.5825 350.9408047650924
0.5875 -243.44270631409017
0.5925 207.83352490052593
0.5974999999999999 -194.12701641789306
0.6024999999999999 95.45374696763625
0.6074999999999999 -152.24197835501354
0.6124999999999999 32.67767894837461
0.6174999999999999 -140.20131222413156
0.6224999999999999 168.30727519743542
0.6275 -184.88082593214287
0.6325 120.04146975378336
0.6375 -196.88240607579965
0.6425 304.3743777557697
0.6475 -70.66882140758703
0.6525 -295.0724967023325
0.6575 309.14538040824306
0.6625 138.10255332865776
0.6675 -12.43571423862612
0.6725 -26.93383600717938
0.6775 157.09771944252856
0.6825 -387.2170828750192
0.6875 250.00326073574078
0.6925 -140.36932113769208
0.6975 -140.31027865260793
0.7025 141.15587694306342
0.7075 14.876070799282243
0.7125 17.977685097547063
0.7174999999999999 174.96181541703115
0.7224999999999999 -35.28353270708756
0.7274999999999999 12.332561706171065
0.7324999999999999 -75.79712580933244
0.7374999999999999 -103.25492781748474
0.7424999999999999 -191.91984996614997
0.7474999999999999 254.63613389016584
0.7525 71.1420675106136
0.7575 173.04079745657847
0.7625 -185.1034680662553
0.7675 0.8038080426158525
0.7725 -78.91971592261895
0.7775 -359.19896754657026
0.7825 503.3815211559953
0.7875 -50.90215561753082
0.7925 -173.49684428305997
0.7975 -18.0792075284968
0.8025 107.20520671536394
0.8075 -57.72803107490181
0.8125 68.49196175776578
0.8175 60.274125871005786
0.8225 14.614304849461003
0.8275 3.7922801424859776
0.8325 -50.316308590947614
0.8374999999999999 -197.86659394740175
0.8424999999999999 144.43387681913816
0.8474999999999999 88.6886107772929
0.8524999999999999 118.46049728997535
0.8574999999999999 -390.6032346078675
0.8624999999999999 177.12911426970388
0.8674999999999999 90.8853048145704
0.8724999999999999 222.98996559467165
0.8775 -91.36819671832326
0.8825 211.13638562767554
0.8875 -51.486053877880394
0.8925 -122.34977309393304
0.8975 -60.36264986011735
0.9025 35.209590121177484
0.9075 63.917240261456485
0.9125 -63.84570172410066
0.9175 77.01622554200318
0.9225 87.45019628430009
0.9275 -210.42971404193113
0.9325 -6.84183612915186
0.9375 -178.3569680550411
0.9425 -51.518054961640516
0.9475 66.3031801587841
0.9524999999999999 -13.916287049004993
0.9574999999999999 -95.7769341231384
0.9624999999999999 157.67271377548238
0.9674999999999999 10.783171755874069
0.9724999999999999 2.936699657622437
0.9774999999999999 -209.8100187485772
0.9824999999999999 -31.56310006232991
0.9874999999999999 -4.344196530410352
0.9924999999999999 102.43560833252228
0.9974999999999999 142.90451192221724
1.0025 -87.93951609018077
1.0075 -28.033855990969666
1.0125 70.46535744910052
1.0174999999999998 -103.29697537673019
1.0225 58.60648831211609
1.0274999999999999 -19.733623741429497
1.0325 18.96850943268687
1.0374999999999999 -20.793047542851905
1.0425 3.864081322475321
1.0474999999999999 53.04760855071399
1.0525 47.341871555494215
1.0574999999999999 60.792389000367244
1.0625 -328.346335282398
1.0675 364.29988882208215
1.0725 -206.55224557704682
1.0775 -72.64781825572575
1.0825 -92.67648362591363
1.0875 117.73356143025983
1.0925 71.37159953998324
1.0975 55.62903746560158
1.1025 32.01133498106272
1.1075 68.84437395913265
1.1125 -152.66227367672272
1.1175 -12.072515234561068
1.1225 239.42561920953258
1.1275 14.713701664628285
1.1324999999999998 123.67696053388444
1.1375 41.94096923279866
1.1424999999999998 -237.52430707849356
1.1475 -48.12943233531928
1.1524999999999999 301.99393953737484
1.1575 -69.64213964216388
1.1624999999999999 -9.295438611223693
1.1675 -99.64062911356363
1.1724999999999999 77.81266327440443
1.1775 -83.56309149277241
1.1824999999999999 -72.9306613447347
1.1875 99.75473839008019
1.1925 -137.71792572529966
1.1975 -10.35538217136473
1.2025 -32.51159630010068
1.2075 -145.11944251654077
1.2125 285.1456353962565
1.2175 -79.06035868434464
1.2225 -108.47362668180632
1.2275 -97.29690888798883
1.2325 140.3054912142637
1.2375 -135.12286255233883
1.2425 10.792193188215593
1.2475 18.43867344780562
1.2525 -69.71273892946058
1.2574999999999998 173.9198481398234
1.2625 39.2109788676265
1.2674999999999998 -237.56313483116554
1.2725 -21.099628867839662
1.2774999999999999 165.40594452848532
1.2825 -129.50651300362597
1.2874999999999999 -49.19460637876801
1.2925 216.6124384818602
1.2974999999999999 -146.97132230382627
1.3025 -120.77495049423452
1.3074999999999999 172.0585924315918
1.3125 -3.3649145231896522
1.3175 -64.1592414998627
1.3225 175.8560409495082
1.3275 141.4891784037973
1.3325 -121.99450208802924
1.3375 -220.42229831163945
1.3425 267.44087441759973
1.3475 124.81236674391468
1.3525 14.58908826178503
1.3575 -35.21703648722484
1.3625 -7.991058183845623
1.3675 -123.1256339076251
1.3724999999999998 13.768557146877985
1.3775 263.3941798826619
1.3824999999999998 -7.8823815044068475
1.3875 -58.114424969707976
1.3924999999999998 -172.32086320734854
1.3975 9.810832935627303
1.4024999999999999 57.57185081710133
1.4075 27.681841964256602
1.4124999999999999 -90.2651589759373
1.4175 7.1060040900238315
1.4224999999999999 -163.13588845604878
1.4275 251.10776222394597
1.4324999999999999 -158.6465537115423
1.4375 -74.44078503706108
1.4425 270.7789064935241
1.4475 -286.02395815412643
1.4525 68.51125467506326
1.4575 79.48466943822028
1.4625 76.50843864305746
1.4675 60.08595216134537
1.4725 12.906920354474321
1.4775 66.535687839714
1.4825 16.238133623659884
1.4874999999999998 55.39750676658211
1.4925 -230.9280744446292
1.4974999999999998 10.181494852488791
1.5025 -170.79587717894364
1.5074999999999998 -74.1066446573824
1.5125 -6.413297302580782
1.5174999999999998 28.439238842911276
1.5225 67.62206356501015
1.5274999999999999 -119.46148100008925
1.5325 -126.63171331977979
1.5374999999999999 220.84114699351252
1.5425 221.15383383863806
1.5474999999999999 -78.00699934870046
1.5525 163.87291947750936
1.5574999999999999 -113.85914493593748
1.5625 76.25254734633779
1.5675 -194.610272152749
1.5725 120.94003954805673
1.5775 134.869812691004
1.5825 -136.40051817066552
1.5875 -239.14956864326146
1.5925 -30.173055239884114
1.5975 165.3607268358097
1.6025 35.070346892042
1.6075 27.73221632134343
1.6124999999999998 185.77540318995025
1.6175 28.432740411499104
1.6224999999999998 41.06590121718327
1.6275 -172.42255301376412
1.6324999999999998 -148.34669308759263
1.6375 27.018991959794246
1.6424999999999998 77.94343917346778
1.6475 234.66891791969095
1.6524999999999999 -137.23127588788284
1.6575 -283.4105324813187
1.6624999999999999 282.53676743172895
1.6675 -7.757881395805805
1.6724999999999999 -121.19542536297446
1.6775 -13.033558480695596
1.6824999999999999 83.7685395808231
1.6875 -70.13431706832112
1.6925 211.43450975459658
1.6975 -6.270252334483639
1.7025 5.503608750847878
1.7075 -118.60500942508835
1.7125 -28.429500801460478
1.7175 -102.43601203372447
1.7225 -37.38202655851098
1.7274999999999998 268.02035722894624
1.7325 -33.50704030336542
1.7374999999999998 113.52618802712345
1.7425 6.570552605629651
1.7474999999999998 81.59546433370753
1.7525 -157.51275809561741
1.7574999999999998 -200.7115723760784
1.7625 109.64349407914189
1.7674999999999998 -78.49301533131349
1.7725 189.06685146306816
1.7774999999999999 168.89390870448983
1.7825 -14.033953843677686
1.7874999999999999 -45.37088833412083
1.7925 59.522956622891655
1.7974999999999999 -229.53975627380518
1.8025 -137.68809420654023
1.8074999999999999 85.6791235823761
1.8125 -30.98089068885465
1.8175 92.35253406990114
1.8225 -22.698390369857748
1.8275 112.97916131868874
1.8325 174.37925826576014
1.8375 115.55731377988168
1.8425 -344.0623767668502
1.8475 -154.43606675630463
1.8524999999999998 112.2404286466587
1.8575 -7.115682128949138
1.8624999999999998 -6.149936480944265
1.8675 -266.4760019642422
1.8724999999999998 420.5921257805403
1.8775 -345.11757723261866
1.8824999999999998 89.49784062705871
1.8875 -42.48500160467616
1.8924999999999998 -160.0526158816742
1.8975 322.60536156969823
1.9024999999999999 -277.7970857686013
1.9075 99.28490335167716
1.9124999999999999 -203.7135297803839
1.9175 283.26834217090436
1.9224999999999999 -135.18525254673995
1.9275 -14.292606309245878
1.9324999999999999 128.71241142218437
1.9375 23.541769025359716
1.9425 119.2735075620161
1.9475 -337.00097508044666
1.9525 522.8222707283153
1.9575 -118.5526577479345
1.9625 -505.79816734574354
1.9674999999999998 170.12271147713813
1.9725 91.50803155130657
1.9774999999999998 319.7366026376387
1.9825 -303.3755390043576
1.9874999999999998 -20.44779748504321
1.9925 50.031695822190116
1.9974999999999998 103.21215917525748
2.0025 23.159844266026813
2.0075 89.42790268338729
2.0124999999999997 119.39114330275018
2.0175 -77.29837662820167
2.0225 -211.91455495958522
2.0275 -44.45758673557881
2.0324999999999998 117.06809894741782
2.0375 -186.47338651527102
2.0425 -68.85969828834057
2.0475 202.23714053424817
2.0524999999999998 -402.57312052278485
2.0575 82.79887445863797
2.0625 94.09096631904885
2.0675 -72.33622935154912
2.0725 158.25197210369618
2.0775 275.09903701100166
2.0825 270.68237874648366
2.0875 -294.8076010134622
2.0925 6.980865138744577
2.0974999999999997 -102.86433058786646
2.1025 25.82372217748888
2.1075 5.457234430542701
2.1125 95.18058218072157
2.1174999999999997 84.41629964094277
2.1225 -226.48676040551337
2.1275 142.32078419536117
2.1325 -75.97498013728412
2.1374999999999997 79.6342054689984
2.1425 116.11886609969595
2.1475 -112.43932201803345
2.1525 -148.37610511501157
2.1574999999999998 -231.62663437316644
2.1625 162.0621911591215
2.1675 -76.51103901566441
2.1725 -10.894976198538602
2.1774999999999998 -87.38512301906601
2.1825 209.76958152026805
2.1875 -152.28793765785073
2.1925 79.57941842618268
2.1975 127.50758492184954
2.2024999999999997 -267.85430997689895
2.2075 70.37592078999596
2.2125 101.84709408841336
2.2175 106.94344385572211
2.2224999999999997 -122.56643273940183
2.2275 -130.06183269268922
2.2325 59.69185346856187
2.2375 96.50349417756269
2.2424999999999997 -36.29134486250385
2.2475 -128.54299087026095
2.2525 75.52602913577996
2.2575 -169.08348589427501
2.2624999999999997 169.0754452926901
2.2675 14.306164248317364
2.2725 49.113021102757855
2.2775 142.056516493449
2.2824999999999998 -194.53961391560267
2.2875 159.83808991564965
2.2925 -140.40106655279644
2.2975 -75.91534446933828
2.3024999999999998 114.51816977939971
2.3075 -50.44717620439753
2.3125 366.64461935333844
2.3175 -100.96639958598045
2.3225 53.71271138848441
2.3274999999999997 -31.51604878096581
2.3325 -13.522127564189082
2.3375 -69.3566978911463
2.3425 -109.91248382190888
2.3474999999999997 339.5597222511914
2.3525 -246.74499385921996
2.3575 -151.37034219437044
2.3625 83.63084000218582
2.3674999999999997 -132.57598403903785
2.3725 211.9397899690892
2.3775 -5.93671145372195
2.3825 38.73162836293027
2.3874999999999997 39.55435930726973
2.3925 -346.76468840124164
2.3975 149.95075060199233
2.4025 -160.43486108623802
2.4074999999999998 185.83129791096687
2.4125 302.2159567767646
2.4175 -149.5374976819593
2.4225 142.66652111576707
2.4274999999999998 -162.61048897368835
2.4325 -149.04774048924807
2.4375 305.9479650403162
2.4425 -239.9733422630658
2.4475 -60.76948448369
2.4524999999999997 98.87480845930163
2.4575 275.8369130022374
2.4625 -88.20178351053312
2.4675 27.948972023486803
2.4724999999999997 -164.73614627104632
2.4775 -203.7877694182705
2.4825 421.5039490273851
2.4875 -76.26426830019626
2.4924999999999997 -171.00756404932005
2.4975 86.6052001265073
2.5025 36.913399399894686
2.5075 100.26900450910317
2.5124999999999997 -152.04201743870607
2.5175 -146.90223729079133
2.5225 112.42433915056604
2.5275 -89.86354641426524
2.5324999999999998 -49.38985578097949
2.5375 -43.23943296377596
2.5425 -138.02989332962622
2.5475 160.92728075943347
2.5524999999999998 -13.062644277278286
2.5574999999999997 14.508063272515114
2.5625 292.4977045799438
2.5675 -92.99511624761126
2.5725 -187.52767010034293
2.5774999999999997 -114.79146641396908
2.5825 140.96093011732086
2.5875 -71.77754728412206
2.5925 -137.07097717959962
2.5974999999999997 13.07895733231195
2.6025 -113.32581538296016
2.6075 55.39103639556152
2.6125 98.00688903404239
2.6174999999999997 -61.02619357798847
2.6225 158.52087013207662
2.6275 21.005972952200217
2.6325 -55.60280965115279
2.6374999999999997 379.9195521710541
2.6425 -215.91076592231303
2.6475 -382.14462713972034
2.6525 72.39562369354815
2.6574999999999998 -71.87563049136833
2.6625 -37.7238447613474
2.6675 230.5847313091877
2.6725 344.59031464552476
2.6774999999999998 -169.1827600727016
2.6824999999999997 -151.9394554903191
2.6875 77.74926152689257
2.6925 120.19140409079976
2.6975 -167.32616561329243
2.7024999999999997 11.914863862210158
2.7075 85.56589565874498
2.7125 -172.50322943573133
2.7175 171.04433158369895
2.7224999999999997 -133.13320143955428
2.7275 -97.691955646992
2.7325 81.77316418147295
2.7375 21.586004207683214
2.7424999999999997 121.90965549054032
2.7475 27.78506433517746
2.7525 34.04685723465813
2.7575 182.8734993389803
2.7624999999999997 -115.40395837782084
2.7675 -124.26614020073768
2.7725 -243.54611514022733
2.7775 294.5471233394925
2.7824999999999998 -59.01222144195871
2.7875 -39.05927689042105
2.7925 76.68211960456365
2.7975 -103.34903115327178
2.8024999999999998 111.28339553641513
2.8074999999999997 211.99341196286824
2.8125 -43.8711773169036
2.8175 248.44119630460946
2.8225 -179.02541513718845
2.8274999999999997 -166.73139979026658
2.8325 -277.03233127763485
2.8375 68.91985318866708
2.8425 218.09039542555888
2.8474999999999997 3.5350298411977064
2.8525 -227.5674745767266
2.8575 180.23436338995418
2.8625 -135.78897901007494
2.8674999999999997 222.04922442015175
2.8725 -162.57461720069603
2.8775 -12.650480876787105
2.8825 -202.8063258069105
2.8874999999999997 71.68462929427858
2.8925 5.052836356892283
2.8975 -70.5744230922791
2.9025 305.56522564143216
2.9074999999999998 127.88530608320137
2.9125 -85.43863556555577
2.9175 46.380652940136336
2.9225 121.18856263991356
2.9274999999999998 -80.47630986034058
2.9324999999999997 -16.779733623422562
2.9375 -162.27693980618807
2.9425 -119.77705171351224
2.9475 34.68025974968265
2.9524999999999997 28.579546985289756
2.9575 23.181376751271372
2.9625 -71.85948823299714
2.9675 -282.06909458959547
2.9724999999999997 100.20059347180414
2.9775 26.501391753071886
2.9825 149.50888279335493
2.9875 -110.65708884636797
2.9924999999999997 -22.4662566520363
2.9975 73.26154619265196
3.0025 26.612156151961223
3.0075 36.80617153143602
3.0124999999999997 47.54487931056871
3.0175 80.00175304425167
3.0225 -34.18473014295923
3.0275 -122.19906490855605
3.0324999999999998 180.65712381541903
3.0374999999999996 37.21058065818324
3.0425 -65.19769968200507
3.0475 56.231983369767235
3.0524999999999998 -150.78103818017817
3.0574999999999997 316.4542323781912
3.0625 -357.05462202841903
3.0675 -2.600520968467599
3.0725 37.53003285385026
3.0774999999999997 104.58752798525656
3.0825 -68.80036947541545
3.0875 95.6041307972559
3.0925 152.61142285221308
3.0974999999999997 239.1628657818822
3.1025 0.1416957007804856
3.1075 -134.0603054611423
3.1125 -231.2808203442519
3.1174999999999997 243.0069115242226
3.1225 -238.59698367456508
3.1275 107.16622283769969
3.1325 151.89233705974712
3.1374999999999997 -59.47497144531219
3.1425 161.52429141378585
3.1475 -175.92155791762812
3.1525 175.48477005964676
3.1574999999999998 -90.05214948410259
3.1624999999999996 23.52379563728514
3.1675 -116.73832033027207
3.1725 173.06082329946142
3.1774999999999998 -278.7306267058544
3.1824999999999997 -7.097359778818406
3.1875 52.74364444114737
3.1925 -22.412940197433077
3.1975 -92.63027378621561
3.2024999999999997 12.47793150896205
3.2075 137.1630144744801
3.2125 106.16917942501092
3.2175 -6.220438922059472
3.2224999999999997 -229.36911303884037
3.2275 512.4904403377132
3.2325 -301.7986963196342
3.2375 9.692579142563774
3.2424999999999997 -283.8100903676941
3.2475 -2.261495448964032
3.2525 224.80580307547135
3.2575 87.43323478092074
3.2624999999999997 226.4663395460042
3.2675 -264.95459924455264
3.2725 102.32127062533851
3.2775 17.702230345827275
3.2824999999999998 42.34594443600349
3.2874999999999996 -135.15767743874179
3.2925 9.247909242302795
3.2975 -53.514502412692025
3.3024999999999998 -136.11613988546162
3.3074999999999997 61.05177912856242
3.3125 214.2253938011904
3.3175 37.96445712550675
3.3225 -198.90634823672855
3.3274999999999997 23.025450714697328
3.3325 151.3394032605791
3.3375 -115.40196408335515
3.3425 416.8474705373118
3.3474999999999997 -468.6338967946364
3.3525 17.048632309725434
3.3575 149.22551560333932
3.3625 -98.9851881051547
3.3674999999999997 -90.2898008025796
3.3725 64.11850294308125
3.3775 -262.5476571474579
3.3825 113.28590659794573
3.3874999999999997 -78.09128842272337
3.3924999999999996 87.49377509220596
3.3975 150.544831264601
3.4025 -48.570021307236004
3.4074999999999998 35.505604586934965
3.4124999999999996 -52.3367860007828
3.4175 98.16091972768399
3.4225 85.25131768139053
3.4274999999999998 42.5670284782204
3.4324999999999997 -111.47352399940327
3.4375 317.1344296917451
3.4425 -358.08347822746885
3.4475 100.11746760463507
3.4524999999999997 -62.66327827196797
3.4575 36.64090878609265
3.4625 54.27429755018358
3.4675 6.449068545025982
3.4724999999999997 -77.56299013414232
3.4775 -232.35137540366
3.4825 77.3632317263584
3.4875 23.280093274647434
3.4924999999999997 90.39795351259619
3.4975 -146.0172626739989
3.5025 206.18455694322483
3.5075 -50.52159881051155
3.5124999999999997 -57.38160899407872
3.5174999999999996 29.30810975558682
3.5225 -12.813985653401145
3.5275 126.74669500143672
3.5324999999999998 -109.24646473669223
3.5374999999999996 38.38759361943176
3.5425 113.01547047851159
3.5475 -78.26901537689284
3.5524999999999998 55.21910889601602
3.5574999999999997 -187.10249825759269
3.5625 62.94298688694238
3.5675 -103.80120488910427
3.5725 61.95896507496126
3.5774999999999997 -145.34486016221064
3.5825 309.22758242073775
3.5875 61.15217756483507
3.5925 -103.36196969127282
3.5974999999999997 -158.29960305584007
3.6025 89.04790484726338
3.6075 131.91459304335325
3.6125 -378.0324315583854
3.6174999999999997 29.742299741066464
3.6225 196.25959894094268
3.6275 -269.33400225679543
3.6325 297.01434626326653
3.6374999999999997 -36.780713091475285
3.6424999999999996 -38.37881272353015
3.6475 69.10620840073473
3.6525 211.78551979168353
3.6574999999999998 -127.63743170285917
3.6624999999999996 -87.94156091308898
3.6675 -222.9139750278257
3.6725 -107.82980037278362
3.6774999999999998 375.94739643133124
3.6824999999999997 196.42922581733973
3.6875 -106.48637343352611
3.6925 10.996993518739163
3.6975 -72.71887848347596
3.7024999999999997 -70.2087159892277
3.7075 -112.73996546151824
3.7125 -172.11932804714993
3.7175 108.49977373627702
3.7224999999999997 20.871148066926512
3.7275 -123.4071237817828
3.7325 162.20873311651135
3.7375 130.3493084766872
3.7424999999999997 38.45485066079097
3.7474999999999996 168.24510087000644
3.7525 -62.6935237555195
3.7575 -150.4190001789268
3.7624999999999997 40.179967744243356
3.7674999999999996 233.1203719152773
3.7725 -308.39947571148235
3.7775 335.9085127050504
3.7824999999999998 -168.3314930259686
3.7874999999999996 -218.75288965846795
3.7925 -78.76603892807498
3.7975 139.49149525106435
3.8024999999999998 145.09742288085795
3.8074999999999997 -76.47172844661823
3.8125 90.14984706656534
3.8175 -159.8611279905799
3.8225 31.085256265787518
3.8274999999999997 77.68947782640028
3.8325 -133.31928611391928
3.8375 286.0404501640607
3.8425 63.28033240152441
3.8474999999999997 -153.00040106631897
3.8525 -225.62378013551043
3.8575 224.89992545811268
3.8625 -123.58551510602072
3.8674999999999997 -185.49074278760892
3.8724999999999996 336.05717140860594
3.8775 -148.54619095809483
3.8825 -134.91899818226224
3.8874999999999997 176.73976814537588
3.8924999999999996 35.150043667512975
3.8975 -28.71403172466785
3.9025 -19.29177409145113
3.9074999999999998 -77.83034401858275
3.9124999999999996 -14.778208590235774
3.9175 -20.701160254285128
3.9225 117.97259070147139
3.9274999999999998 -38.520399998694394
3.9324999999999997 -282.6789360471512
3.9375 224.9478874768227
3.9425 185.75513996865502
3.9475 71.13338556624525
3.9524999999999997 47.132926445254704
3.9575 151.64563957104528
3.9625 -26.63338599288861
3.9675 2.4847464244919184
3.9724999999999997 -89.713850245168
3.9775 -71.29909833052982
3.9825 74.87700681858483
3.9875 77.44249874689898
3.9924999999999997 -86.69753539445573
3.9974999999999996 -62.30097065410536
4.0024999999999995 -57.41363178927899
4.007499999999999 -10.470372011259768
4.0125 46.49061441049377
4.0175 58.152926327063064
4.0225 57.25121995340341
4.0275 101.26811498247825
4.0325 144.65178362236273
4.0375 -7.029041640166287
4.0424999999999995 -301.4652651803336
4.047499999999999 -216.65774828367577
4.0525 -69.8393505743041
4.0575 101.41207788394783
4.0625 9.953984487157884
4.0675 -64.89135389324676
4.0725 -69.0563376174748
4.0775 68.73081996914588
4.0825 -2.703242989381475
4.0874999999999995 97.74764180659871
4.0925 -221.61847497422045
4.0975 52.11085938632211
4.1025 -18.09415894727215
4.1075 68.47014820805971
4.1125 11.168234015684677
4.1175 28.96634708140338
4.1225 15.120531419574958
4.1274999999999995 42.83606480189535
4.132499999999999 184.66601860147966
4.1375 152.9312386816064
4.1425 -169.17614268891433
4.1475 -70.83986926484545
4.1525 72.80633176962716
4.1575 21.392879105409335
4.1625 -78.75888757444461
4.1674999999999995 0.04820518683959784
4.172499999999999 -112.01401332741804
4.1775 -18.766547511104942
4.1825 15.366972844867577
4.1875 -27.54076707907978
4.1925 24.722581093880187
4.1975 -49.653063306690136
4.2025 -35.89179936151811
4.2075 -21.553418757221976
4.2124999999999995 38.550237833509144
4.2175 17.049937101485913
4.2225 33.459959900709826
4.2275 -19.69035349914265
4.2325 -52.415998019008356
4.2375 -16.68498700398091
4.2425 78.58617556819519
4.2475 -43.93504237338969
4.2524999999999995 54.42745031213642
4.257499999999999 33.101263487473545
4.2625 -67.12834331075776
4.2675 -96.76240402238497
4.2725 142.41552423557854
4.2775 -70.04187383530214
4.2825 65.15565475444932
4.2875 -46.98607947502693
4.2924999999999995 167.70129850780998
4.297499999999999 -144.37820342322658
4.3025 -62.28573343382701
4.3075 81.68493125724382
4.3125 296.0061246169306
4.3175 -109.5380591150935
4.3225 36.215417719380014
4.3275 11.149523491321046
4.3325 26.079962699433672
4.3374999999999995 144.54072184253562
4.342499999999999 -254.43066813689796
4.3475 19.150071021939443
4.3525 -224.96118829980907
4.3575 38.89732770559729
4.3625 172.10239769639762
4.3675 219.27853438141366
4.3725 52.91952263329236
4.3774999999999995 -256.75452515801413
4.382499999999999 82.11175764331763
4.3875 -86.77737191265057
4.3925 71.81173464411256
4.3975 8.883704965662902
4.4025 -93.42649098301878
4.4075 -70.14295598456263
4.4125 7.273121123940084
4.4174999999999995 -249.6220241632682
4.422499999999999 59.642140060346854
4.4275 78.66344434673552
4.4325 -312.07195661345594
4.4375 211.7255448989335
4.4425 -151.20768955888596
4.4475 166.33759189919652
4.4525 61.747900270241146
4.4575 -83.07509713741646
4.4624999999999995 -65.4543483790246
4.467499999999999 -135.04391212407094
4.4725 0.780516009628139
4.4775 11.513370647666676
4.4825 -9.444188293115094
4.4875 378.8746559547785
4.4925 -273.3696660642947
4.4975 305.69540480485267
4.5024999999999995 -207.18075439925488
4.507499999999999 70.8444749850149
4.5125 128.94124210624508
4.5175 -47.680224480898985
4.5225 -423.1708101062245
4.5275 348.6899402241071
4.5325 130.26120450525409
4.5375 -394.12124504851204
4.5424999999999995 15.980931580981753
4.547499999999999 446.4190191441352
4.5525 -311.4578589241249
4.5575 -224.66624299089423
4.5625 214.2030707563556
4.5675 55.130190679785215
4.5725 10.258156237042991
4.5775 111.74507832379709
4.5825 -59.34000286978007
4.5874999999999995 161.00748439834348
4.592499999999999 116.93746765970428
4.5975 -265.8097249734335
4.6025 117.39986922733955
4.6075 -36.510873576099456
4.6125 68.20128741808873
4.6175 -84.46963978075343
4.6225 56.91076114988904
4.6274999999999995 -52.64369944501254
4.632499999999999 150.50519735957724
4.6375 -8.180702218549566
4.6425 8.505580366277826
4.6475 83.4399953906341
4.6525 -51.04921549145649
4.6575 -77.12457826043808
4.6625 -303.02630588416594
4.6674999999999995 39.8380346681509
4.672499999999999 176.11649059598247
4.6775 183.0543626093671
4.6825 -239.1080103151339
4.6875 -204.4453355819162
4.6925 172.33624332837837
4.6975 -66.78617529056602
4.7025 199.36238789185563
4.7075 -66.3134170370203
4.7124999999999995 -80.21529545325356
4.717499999999999 112.35832189823135
4.7225 -300.3661323391461
4.7275 227.91109338166572
4.7325 -29.668517161891025
4.7375 -7.464738136423034
4.7425 131.66735118963393
4.7475 -6.239532883614514
4.7524999999999995 -31.527925687111967
4.757499999999999 -153.15367870194873
4.7625 134.6079378529648
4.7675 25.737684608819634
4.7725 85.34616272602752
4.7775 -56.88186019661268
4.7825 68.37426943570286
4.7875 -50.797044482901825
4.7924999999999995 -274.95875452759793
4.797499999999999 27.96271812837288
4.8025 136.35760004846247
4.8075 57.856318711340045
4.8125 43.0962941759405
4.8175 -372.78603389664903
4.8225 -22.535475683869954
4.8275 238.67843223429455
4.8325 184.4721856404648
4.8374999999999995 -9.148294523227147
4.842499999999999 185.0900200002294
4.8475 -365.5539775932228
4.8525 279.76367222596855
4.8575 -278.82046048693684
4.8625 -53.97974725789492
4.8675 106.7384626623229
4.8725 18.626043242050482
4.8774999999999995 -75.50837260314702
4.882499999999999 103.81082003064539
4.8875 -55.78886636381457
4.8925 -133.3932220548128
4.8975 44.763472504975006
4.9025 -125.32259532457758
4.9075 -58.5435617161822
4.9125 183.1215035274177
4.9174999999999995 4.7826627485071915
4.922499999999999 16.125296933600932
4.9275 -200.07604891652065
4.9325 286.03561640797744
4.9375 58.17328955256745
4.9425 -145.33825291042876
4.9475 159.0500079296766
4.9525 -76.54142108391214
4.9575 140.4015998647171
4.9624999999999995 111.40626669487509
4.967499999999999 -173.66178148838566
4.9725 375.64366443679734
4.9775 -189.08474840055655
4.9825 -69.21919881436914
4.9875 37.444101934406696
4.9925 48.47250157765375
4.9975 -100.38640030552749
5.0024999999999995 78.28598714386204
5.007499999999999 175.56558411898604
5.0125 -326.2182157103509
5.0175 139.9967923001471
5.0225 -125.8659183244925
5.0275 16.953236715600173
5.0325 -281.78588872215937
5.0375 512.6265484348917
5.0424999999999995 -101.37219199463391
5.047499999999999 -167.31664784427073
5.0525 177.00280684819134
5.0575 -121.8184038866241
5.0625 69.17751350721288
5.0675 -148.16399566105926
5.0725 -87.25091447552346
5.0775 91.68525769492338
5.0825 3.2256728730679964
5.0874999999999995 -14.298195228692695
5.092499999999999 -64.52351709529385
5.0975 72.20542068794882
5.1025 -42.702132848941794
5.1075 -27.047477369264673
5.1125 63.858016452950984
5.1175 -129.47083150180006
5.1225 286.1571495495943
5.1274999999999995 -177.399495386823
5.132499999999999 81.21854846940833
5.1375 -155.03222658537229
5.1425 68.31328871114391
5.1475 0.6558889219983679
5.1525 -26.836584282298436
5.1575 -69.68361480889642
5.1625 48.5295431232557
5.1674999999999995 181.0666973700621
5.172499999999999 43.361948251994285
5.177499999999999 -204.59044011038398
5.1825 115.62093961577274
5.1875 261.6647278799117
5.1925 -27.962823527545947
5.1975 -99.60541868419662
5.2025 -26.80244600332112
5.2075 -217.14452035074382
5.2124999999999995 94.85921523341051
5.217499999999999 -69.35133450750801
5.2225 120.08233081572101
5.2275 -156.8705636973867
5.2325 -101.71291923049915
5.2375 114.39377980701323
5.2425 234.03582972299472
5.2475 -289.7712158753136
5.2524999999999995 210.9143125964639
5.257499999999999 -194.88111855260962
5.2625 174.1502149411705
5.2675 -236.64612853722005
5.2725 -257.07935448789823
5.2775 212.06331806309416
5.2825 -29.075275876716805
5.2875 113.92851147397965
5.2924999999999995 -64.18261564156951
5.297499999999999 19.39016356158792
5.302499999999999 186.94325446624353
5.3075 -33.044894832035496
5.3125 -225.77715710097885
5.3175 -37.84328070943071
5.3225 261.4824808012807
5.3275 -5.421759187398145
5.3325 -176.04900380811117
5.3374999999999995 291.4078376550723
5.342499999999999 46.5260285326447
5.3475 -173.07541654526665
5.3525 -7.386739853493837
5.3575 -19.852008066302865
5.3625 -45.91410264525055
5.3675 -462.51767357478053
5.3725 213.97825392544755
5.3774999999999995 118.25138585694587
5.382499999999999 -26.065072599028674
5.3875 316.6524683534753
5.3925 -216.9068287674142
5.3975 -69.55184584171927
5.4025 71.39883305465645
5.4075 15.447829142826789
5.4125 -55.56022220076239
5.4174999999999995 85.77810485373746
5.422499999999999 5.006150312940417
5.427499999999999 392.5523557248595
5.4325 12.602256741781561
5.4375 -12.354582633026645
5.4425 -24.61714428764901
5.4475 -71.38267342713314
5.4525 -169.97041480384945
5.4575 -90.50085968599787
5.4624999999999995 104.7848264210798
5.467499999999999 -0.6393408570731941
5.4725 -6.210134277813127
5.4775 -317.56576442546884
5.4825 181.3969973249403
5.4875 23.199965165232243
5.4925 -157.70404219935145
5.4975 198.5833442468305
5.5024999999999995 -315.44318363917944
5.507499999999999 66.926481130216
5.5125 196.21270420399645
5.5175 -77.71617092359062
5.5225 146.42195865492502
5.5275 -104.90440829635777
5.5325 -16.85598814874689
5.5375 -121.38868593147639
5.5424999999999995 60.33778420826482
5.547499999999999 288.70069147509065
5.552499999999999 -165.07991238481722
5.5575 -89.09857158507748
5.5625 -59.118254852248185
5.5675 -125.42276493542954
5.5725 30.528238742104918
5.5775 320.0360493202258
5.5825 32.96546277165368
5.5874999999999995 -58.538925336827575
5.592499999999999 -30.548002205523343
5.5975 -322.73030008902157
5.6025 -87.4936362705735
5.6075 220.24652038687256
5.6125 25.510674790872436
5.6175 65.75115218721584
5.6225 -99.16722208271102
5.6274999999999995 -226.18974895700367
5.632499999999999 80.19426509440655
5.6375 280.2763991354697
5.6425 28.752191751866963
5.6475 58.37620519850193
5.6525 -221.58138051818676
5.6575 48.92031378122616
5.6625 160.3336184039049
5.6674999999999995 38.41831622832855
5.672499999999999 288.812226037975
5.677499999999999 -283.5664231381141
5.6825 -218.39658673413095
5.6875 305.4663608223406
5.6925 -17.2096539555093
5.6975 -53.38872185546037
5.7025 380.6770399745884
5.7075 -128.59546202612788
5.7124999999999995 -214.09060786492446
5.717499999999999 -3.477648610245855
5.7225 -192.6691032125674
5.7275 -100.10328569193226
5.7325 68.75135688617142
5.7375 294.5651451506578
5.7425 -19.867107945274235
5.7475 237.9988444529747
5.7524999999999995 -127.781738171421
5.757499999999999 245.3522944513591
5.7625 -85.5282524954058
5.7675 -158.41066088813258
5.7725 18.96498217896244
5.7775 26.518651558480364
5.7825 -475.6584208762387
5.7875 298.6472236748993
5.7924999999999995 -148.89574751295243
5.797499999999999 28.766335110315456
5.802499999999999 95.8070511802319
5.8075 -60.07987848465313
5.8125 -41.84488176744744
5.8175 28.674729149379164
5.8225 135.37815171845182
5.8275 -102.95786057715308
5.8325 -117.100560576878
5.8374999999999995 -1.010019616748856
5.842499999999999 141.56336560526634
5.8475 -110.97652979156145
5.8525 -88.7585149037515
5.8575 -95.2260250144523
5.8625 62.42985976322787
5.8675 200.58805454566334
5.8725 -76.12359665567595
5.8774999999999995 199.13585921258047
5.882499999999999 139.32776558834018
5.8875 -137.22249987294322
5.8925 130.04392325467472
5.8975 -162.13072193830254
5.9025 -431.3484214052043
5.9075 12.512389801408656
5.9125 243.50284555586293
5.9174999999999995 206.37327357047337
5.922499999999999 -87.3423327969831
5.927499999999999 -77.13763144142233
5.9325 47.065858622385974
5.9375 70.41069146401166
5.9425 -39.26246728476174
5.9475 -202.6985657449993
5.9525 96.06043342397768
5.9575 192.4747964816117
5.9624999999999995 49.60731927607159
5.967499999999999 -316.5781294350941
5.9725 84.40521048999251
5.9775 57.87270716428402
5.9825 -116.32775699712737
5.9875 -41.38422553643087
5.9925 122.09718825217074
5.9975 -279.60132677446603
6.0024999999999995 248.4946340801085
6.007499999999999 397.62326876364773
6.012499999999999 -130.3026641450173
6.0175 -313.40727702730123
6.0225 231.81146952125496
6.0275 29.887446113400685
6.0325 -111.34155265528707
6.0375 10.436369264302757
6.0424999999999995 117.72464026529643
6.047499999999999 1.5521792782254589
6.052499999999999 -94.6653868120604
6.0575 30.697361781506093
6.0625 -18.360645953120592
6.0675 51.379470707609556
6.0725 60.21112690360475
6.0775 -67.03475147676285
6.0825 75.17473513937281
6.0874999999999995 -22.725858631253505
6.092499999999999 62.80028166998738
6.0975 -153.44581481367774
6.1025 -19.27590368662746
6.1075 -52.98604148568664
6.1125 -131.88614434595434
6.1175 -13.26988457892071
6.1225 -42.047490163607755
6.1274999999999995 20.93432796299543
6.132499999999999 238.9913032977001
6.137499999999999 -253.69050277298732
6.1425 33.662630141578425
6.1475 339.24686710950857
6.1525 62.53093559643303
6.1575 -198.36315326851823
6.1625 -132.7216216162573
6.1674999999999995 -140.81722156866218
6.172499999999999 267.6722287605122
6.177499999999999 -110.88607058941827
6.1825 61.49052877964152
6.1875 -6.446423960031817
6.1925 86.16322132635618
6.1975 -165.40738958930757
6.2025 71.68559604549523
6.2075 -189.38288752810897
6.2124999999999995 183.20941966199743
6.217499999999999 220.07234687174017
6.2225 36.346755615781916
6.2275 -429.86391668591136
6.2325 118.60184021274958
6.2375 49.91656663432469
6.2425 185.88935048596485
6.2475 -174.51563097933945
6.2524999999999995 -33.51904304540009
6.257499999999999 23.760846141000307
6.262499999999999 -11.778969195067486
6.2675 -246.98949520285498
6.2725 147.51053934144855
6.2775 -189.46643433404782
6.2825 151.86051558881002
6.2875 147.61172175808719
6.2924999999999995 233.15945507343608
6.297499999999999 -89.94314279077359
6.302499999999999 -58.86897817604157
6.3075 6.651010992104021
6.3125 -66.76339676603386
6.3175 42.59329024146651
6.3225 -13.09374663900088
6.3275 -20.751362104111166
6.3325 -16.261657344030844
6.3374999999999995 39.76833041852612
6.342499999999999 -19.06266365877377
6.3475 87.78607818464735
6.3525 135.63015508837168
6.3575 -182.63882663271448
6.3625 49.56322222266867
6.3675 96.62682463167012
6.3725 -123.41216333600173
6.3774999999999995 -98.77276008516243
6.382499999999999 125.10435232299203
6.387499999999999 -261.2040888864627
6.3925 86.98525684668857
6.3975 -116.6231962742016
6.4025 -1.7403344344733869
6.4075 70.84772025318641
6.4125 20.14944269051869
6.4174999999999995 96.75578098046482
6.422499999999999 39.64786732194721
6.427499999999999 -151.8185127682897
6.4325 173.8446282633103
6.4375 -123.42684092746225
6.4425 -64.46950324291628
6.4475 -96.62237589179213
6.4525 13.226413143955183
6.4575 -25.06339030688004
6.4624999999999995 20.784086376204844
6.467499999999999 -1.249861685328749
6.4725 131.2108934248035
6.4775 -13.73712148165304
6.4825 63.19448681461985
6.4875 -224.72795414093346
6.4925 -121.15892218182739
6.4975 110.33508608282185
6.5024999999999995 4.370638301232941
6.507499999999999 7.325984796327916
6.512499999999999 230.5776308787533
6.5175 -442.2609110382476
6.5225 77.2484078802921
6.5275 40.167976450058944
6.5325 286.5030711488259
6.5375 -86.70014780704315
6.5424999999999995 261.4769356336754
6.547499999999999 -22.53227850982798
6.552499999999999 56.89747006415461
6.5575 -150.88820045377068
6.5625 132.7624520190098
6.5675 -260.3245505511137
6.5725 116.31904847269288
6.5775 84.48676352780365
6.5825 -95.21768163696572
6.5874999999999995 166.1517674989443
6.592499999999999 30.245064060191943
6.5975 -144.47422680693327
6.6025 -74.38305694940485
6.6075 -149.04979018078225
6.6125 26.925114850634284
6.6175 -218.20164158814663
6.6225 404.09103010202784
6.6274999999999995 -24.726135454008674
6.632499999999999 -72.56736552738427
6.637499999999999 114.68901802299328
6.6425 300.8903122964928
6.6475 -59.919899909087626
6.6525 -43.7041012057624
6.6575 -45.03649675965891
6.6625 -226.65476813481348
6.6674999999999995 6.691683230304653
6.672499999999999 -4.77614431625319
6.677499999999999 13.607574713270864
6.6825 144.11069492701543
6.6875 -4.226146693299704
6.6925 -81.0450556408206
6.6975 11.226345277363349
6.7025 300.30894058985365
6.7075 -271.8446080591761
6.7124999999999995 21.115325449557695
6.717499999999999 -108.37154120084217
6.722499999999999 -88.68870972882617
6.7275 -38.715108325500566
6.7325 0.06125192018403085
6.7375 -14.740269559180444
6.7425 -48.003982120939035
6.7475 15.183458541846795
6.7524999999999995 79.71372960562411
6.757499999999999 181.00566874875034
6.762499999999999 -95.04673674456741
6.7675 -82.13715548862268
6.7725 276.6094889737238
6.7775 -230.23459785504852
6.7825 71.94933767263343
6.7875 63.4691508751649
6.7924999999999995 -190.56621536041203
6.797499999999999 339.65853627867136
6.802499999999999 -151.9898402425803
6.8075 42.469296338382065
6.8125 -5.6185309563172545
6.8175 -18.357950971268394
6.8225 146.15255915806947
6.8275 -139.53225919542749
6.8325 -130.8728284062535
6.8374999999999995 43.24332799613801
6.842499999999999 3.091735656735015
6.847499999999999 51.44070328487418
6.8525 -122.17656422466551
6.8575 62.566728155564924
6.8625 61.87436059292608
6.8675 -217.85532079448143
6.8725 165.27041553462848
6.8774999999999995 -92.20359503793479
6.882499999999999 -67.75018198379976
6.887499999999999 96.9701072382482
6.8925 322.266975719388
6.8975 -230.63177881572184
6.9025 -213.756695652744
6.9075 -83.55990596395743
6.9125 106.86958995775542
6.9174999999999995 -178.19084606300595
6.922499999999999 149.58972645920352
6.927499999999999 -59.5852687192772
6.9325 210.50459035135196
6.9375 21.002354905180635
6.9425 -239.91336197535182
6.9475 82.61933532293104
6.9525 -67.18180661364704
6.9575 133.69029778234383
6.9624999999999995 -25.547122903912225
6.967499999999999 59.93345916400398
6.972499999999999 -163.9312403532738
6.9775 95.3731371274188
6.9825 181.60729749221386
6.9875 -72.21863887587816
6.9925 0.8224117203770716
6.9975 -220.04553850654034
7.0024999999999995 -297.2161252824133
7.007499999999999 86.52886092656641
7.012499999999999 133.224111844899
7.0175 144.38448026636482
7.0225 -6.13625774731488
7.0275 30.48996094679108
7.0325 -71.53271974254692
7.0375 86.455520734432
7.0424999999999995 -61.004091595089676
7.047499999999999 88.6509578767018
7.052499999999999 -213.71973093901332
7.0575 82.32742382591917
7.0625 5.536798832021034
7.0675 13.389102754680142
7.0725 -81.73807244131204
7.0775 -18.62342701351299
7.0825 17.129199121816043
7.0874999999999995 200.38587182531438
7.092499999999999 0.9092532702541153
7.097499999999999 -120.68525777172071
7.1025 -16.03604179529442
7.1075 -189.47314119528542
7.1125 118.71966977743114
7.1175 46.995288810014074
7.1225 34.596642217082675
7.1274999999999995 -278.12481094405496
7.132499999999999 68.48317678274512
7.137499999999999 131.16676946237325
7.1425 -87.41657894830178
7.1475 131.6126116488176
7.1525 -103.55769371872431
7.1575 -36.7400486167593
7.1625 47.63822034453382
7.1674999999999995 109.70328843797752
7.172499999999999 -118.88666772738779
7.177499999999999 -73.76303019473131
7.1825 23.811720387548412
7.1875 144.5696254275017
7.1925 -57.269627965034346
7.1975 249.00970839104284
7.2025 144.5730975473266
7.2075 -225.0034240248691
7.2124999999999995 157.879025485409
7.217499999999999 -262.2569076730395
7.222499999999999 -13.111000786276469
7.2275 62.00148475934152
7.2325 51.37151063572992
7.2375 -124.14829445116439
7.2425 1.114332954640885
7.2475 67.9017645480844
7.2524999999999995 10.888512242261694
7.257499999999999 182.718995467528
7.262499999999999 -75.07567439098207
7.2675 -47.73130649935007
7.2725 97.92413949850253
7.2775 -141.15752812892657
7.2825 101.96270434915861
7.2875 62.66136700731276
7.2924999999999995 166.5294318157983
7.297499999999999 -208.94490391504675
7.302499999999999 158.6977694198309
7.3075 -381.5115224661793
7.3125 67.06154326231747
7.3175 202.26531632542367
7.3225 -170.78107030572588
7.3275 -73.25423437174126
7.3325 -154.818927607669
7.3374999999999995 180.84571675325097
7.342499999999999 101.021176825752
7.347499999999999 -282.0855935406113
7.3525 61.45980942746076
7.3575 53.12505746841527
7.3625 -164.3996928334853
7.3675 143.92062192688803
7.3725 -71.21703448174507
7.3774999999999995 -228.67729063072588
7.382499999999999 160.20230774549157
7.387499999999999 -33.54653893953785
7.3925 -32.98582678666497
7.3975 272.8814826220327
7.4025 -79.53357741779817
7.4075 -6.083078403745786
7.4125 171.84700602597024
7.4174999999999995 -164.0648924260262
7.422499999999999 -98.96643415791078
7.427499999999999 84.25470968176504
7.4325 -38.91737262823069
7.4375 5.869846797299186
7.4425 276.88046238550925
7.4475 -84.15761401608417
7.4525 -37.57360172712747
7.4575 14.44584374581528
7.4624999999999995 235.70959602668393
7.467499999999999 -262.50788205228105
7.472499999999999 66.88184530413628
7.4775 68.44078591957638
7.4825 14.142597100657085
7.4875 311.01231898724427
7.4925 -243.19412335129235
7.4975 -228.6972717348837
7.5024999999999995 71.30660285691987
7.507499999999999 108.55897922164287
7.512499999999999 261.7359264029564
7.5175 -140.6652456983497
7.5225 19.851696211071694
7.5275 -46.36028063530246
7.5325 50.283190749657116
7.5375 -52.55068224046681
7.5424999999999995 -51.69454304787687
7.547499999999999 77.43230200193094
7.552499999999999 1.904972548263006
7.557499999999999 1.779627535679102
7.5625 -27.831405496192232
7.5675 96.4731782963113
7.5725 -141.55726758544427
7.5775 149.70080113431018
7.5825 -107.5523638271243
7.5874999999999995 6.450076745355632
7.592499999999999 -86.64582834969747
7.597499999999999 -310.78088898325245
7.6025 64.81557662485217
7.6075 -13.16648456894412
7.6125 323.1923482207282
7.6175 -363.12149935552844
7.6225 77.75761845758116
7.6274999999999995 172.34959494297627
7.632499999999999 -59.8227163449703
7.637499999999999 -30.178443492990194
7.6425 -15.174052356469003
7.6475 -175.39567104633258
7.6525 207.6650795212263
7.6575 125.64956145492536
7.6625 -235.27279336544788
7.6674999999999995 138.5806866439649
7.672499999999999 -128.24146502121488
7.677499999999999 -57.0872317353888
7.682499999999999 204.60951801863175
7.6875 -101.64232915411645
7.6925 -61.88360098185186
7.6975 69.37917186338623
7.7025 157.9174722352025
7.7075 -55.46622100743239
7.7124999999999995 -136.24282600712405
7.717499999999999 -3.591628210251718
7.722499999999999 195.81637699636266
7.7275 133.58749391587983
7.7325 90.39186417735016
7.7375 -205.68303715016535
7.7425 11.8648622839714
7.7475 -32.44533982717094
7.7524999999999995 -142.64192218566708
7.757499999999999 49.5657275254847
7.762499999999999 12.287344803002352
7.7675 17.838569505362738
7.7725 -68.47781721505692
7.7775 -56.378216629953556
7.7825 157.7809784638963
7.7875 -26.221339505213
7.7924999999999995 17.304388140217046
7.797499999999999 1.7718874730596
7.802499999999999 -228.0825169126309
7.807499999999999 -127.5414092402439
7.8125 104.19294558790351
7.8175 250.93183745089303
7.8225 -79.97606334455726
7.8275 -164.45468468755305
7.8325 273.8067291970202
7.8374999999999995 36.396167300771154
7.842499999999999 142.59334500948634
7.847499999999999 -169.19891312100063
7.8525 -90.58673106346163
7.8575 -154.4430580374081
7.8625 -104.54934341755086
7.8675 -0.6291812189301227
7.8725 78.82229988161144
7.8774999999999995 -9.974941010660348
7.882499999999999 82.35440793864774
7.887499999999999 -239.49271440197435
7.8925 334.37635572926285
7.8975 -1.0188389353203002
7.9025 41.82174993857111
7.9075 155.3984023430177
7.9125 -100.29547399490806
7.9174999999999995 72.57470570475165
7.922499999999999 49.80680898833565
7.927499999999999 -167.37385340993416
7.932499999999999 -178.58049298946833
7.9375 47.60911122460103
7.9425 151.63142265686926
7.9475 -28.492498716185633
7.9525 7.620153362023481
7.9575 -265.7848659008052
7.9624999999999995 148.93092123024792
7.967499999999999 84.01331241614832
7.972499999999999 -38.96572650553916
7.9775 96.26505633749434
7.9825 150.3396939873296
7.9875 -19.39080523333257
7.9925 -82.14285138625641
7.9975 -156.26490037621403
8.0025 2.6348736643644077
8.0075 -185.44977606332924
8.0125 99.79225062685607
8.0175 1.868884450376172
8.022499999999999 -15.070016530257375
8.0275 56.40691889065648
8.032499999999999 187.2200263622174
8.0375 -206.02744585677232
8.0425 143.20886762721338
8.0475 -28.81329840277875
8.0525 21.631604548043338
8.0575 -156.00669812696376
8.0625 42.53298336105898
8.067499999999999 171.48421154551045
8.0725 -250.82643472504367
8.077499999999999 1.7699583129143392
8.0825 102.96915986852702
8.0875 -74.77948902987376
8.0925 95.98223486946121
8.0975 23.519835207433694
8.1025 93.04866639626115
8.1075 -408.21448138737594
8.112499999999999 140.71218017381062
8.1175 -30.72125989263507
8.1225 -42.189761283344325
8.1275 77.64197924824906
8.1325 130.05561822059727
8.1375 1.2494975910567392
8.1425 -15.903019880644164
8.147499999999999 -81.77118936151113
8.1525 91.68670275574566
8.157499999999999 123.2009002334616
8.1625 72.2656809874484
8.1675 -62.239109497752416
8.1725 103.72283540634082
8.1775 -161.26250065823305
8.1825 79.50876334706405
8.1875 -139.39097798577706
8.192499999999999 179.5659292030865
8.1975 -89.58651120128738
8.202499999999999 47.46543820375351
8.2075 98.43270695661758
8.2125 26.079727689542164
8.2175 -103.85778661272083
8.2225 162.95197571520524
8.2275 -38.59266290864416
8.2325 58.93709959588753
8.237499999999999 -323.40772583855255
8.2425 330.4121714434776
8.2475 120.16432801696374
8.2525 -155.90814800861796
8.2575 -301.08945566194234
8.2625 225.76882176659402
8.2675 -15.723687332579825
8.272499999999999 -147.85261400244767
8.2775 184.08627196323928
8.282499999999999 106.90246055179723
8.2875 -87.00911956159088
8.2925 -307.8409226091874
8.2975 -9.777830362346307
8.3025 -151.8177502361949
8.3075 207.23951081966706
8.3125 -121.2316207680094
8.317499999999999 -85.08089932431184
8.3225 247.7407801137321
8.327499999999999 -149.92916929890356
8.3325 77.93051678746237
8.3375 93.14667657411785
8.3425 93.72959874075228
8.3475 24.704611653340177
8.3525 141.5640040531911
8.3575 -141.7152514717906
8.362499999999999 79.12890893802958
8.3675 -60.66931855720363
8.3725 -26.39873848505181
8.3775 66.69326289306319
8.3825 4.7419335342242395
8.3875 -223.39672297815116
8.3925 197.94652468008834
8.397499999999999 -84.30193824855156
8.4025 -261.9519254943068
8.407499999999999 1.976255022209609
8.4125 242.0715934069053
8.4175 -73.64300586662006
8.4225 -130.18836420258094
8.4275 -139.6139653646839
8.4325 357.5283060775102
8.4375 -37.143808045108244
8.442499999999999 130.11741529530568
8.4475 -199.20440920309645
8.452499999999999 -24.355907634365604
8.4575 -32.560667970778795
8.4625 -51.16841077151541
8.4675 84.9349585764373
8.4725 161.2948232028918
8.4775 -270.22900097971063
8.4825 56.69628054350391
8.487499999999999 168.0053747273585
8.4925 -225.6992634441639
8.4975 375.1050938737535
8.5025 -159.16812592755088
8.5075 128.6508969909513
8.5125 101.16993637647982
8.5175 -4.759454271667916
8.522499999999999 192.5947133709903
8.5275 -476.2460066602163
8.532499999999999 98.65356993689848
8.5375 217.92326549636306
8.5425 -228.91514524723337
8.5475 69.26000250547101
8.5525 -84.55321882489133
8.5575 294.38942314929733
8.5625 -331.53340310953615
8.567499999999999 243.2781158338844
8.5725 -157.9977100860788
8.577499999999999 -62.5033537776261
8.5825 173.5319506290988
8.5875 -78.99488079681694
8.5925 -187.87558355972723
8.5975 -162.23623348452162
8.6025 537.9456854271416
8.6075 -183.57910206394715
8.612499999999999 -126.91644767260213
8.6175 -2.0034693255479077
8.6225 -227.63275416643427
8.6275 331.38946836714655
8.6325 -151.73527702807507
8.6375 244.85326449993855
8.6425 -171.05567653488944
8.647499999999999 -27.802931534572057
8.6525 32.751457448431005
8.657499999999999 -22.9249359577393
8.6625 244.92941954739172
8.6675 -159.2158134610236
8.6725 -37.07591314795447
8.6775 -172.9180457110393
8.6825 157.5695799609204
8.6875 140.04439127726093
8.692499999999999 238.2110617733092
8.6975 -88.25070497752078
8.702499999999999 -149.3424274978174
8.7075 323.4076872842982
8.7125 -230.12587068006337
8.7175 -46.17527192727725
8.7225 -9.798073319630728
8.7275 -15.527592105294085
8.7325 -125.03363210955294
8.737499999999999 135.2238583821767
8.7425 -6.713313088068648
8.747499999999999 -178.20109781028904
8.7525 81.53087819423963
8.7575 28.646124524364662
8.7625 -85.47393244592993
8.7675 36.41133964989804
8.772499999999999 -315.03546134666607
8.7775 380.44587892928547
8.782499999999999 -186.77190197445262
8.7875 -61.97021725908933
8.7925 309.11931996926006
8.7975 -456.82923414971657
8.8025 138.3051249140582
8.8075 306.5956132207269
8.8125 83.13496755208483
8.817499999999999 120.64648035011457
8.8225 -42.390430518938466
8.827499999999999 -498.9727569079451
8.8325 306.26855261271834
8.8375 -277.80675808360144
8.8425 190.2903184848202
8.8475 -59.23363839292452
8.8525 -38.51312100811289
8.8575 -89.67687737319913
8.862499999999999 47.6488436864046
8.8675 175.68465794656464
8.872499999999999 -121.67307855938928
8.8775 2.5647258434382385
8.8825 207.84756378089276
8.8875 -50.32926834694698
8.8925 -138.3062802258429
8.897499999999999 57.14162244573351
8.9025 41.84212665148527
8.907499999999999 -205.47205932279033
8.9125 21.73962712100356
8.9175 197.83525354934446
8.9225 -28.669533535960188
8.9275 -68.55838021119744
8.9325 2.623962810392314
8.9375 88.01381342786438
8.942499999999999 -131.77364395294478
8.9475 -66.84306696143872
8.952499999999999 74.40863276272684
8.9575 -64.24987294609768
8.9625 34.487678321607675
8.9675 -106.32201460780746
8.9725 318.7733696940772
8.9775 203.94322934969998
8.9825 -287.4685293505217
8.987499999999999 144.23134424853777
8.9925 -297.4928798256831
8.997499999999999 156.70491619900704
9.0025 -127.79036156069317
9.0075 -63.28972069141214
9.0125 -20.819184827174517
9.0175 27.182669638422535
9.022499999999999 298.33746943675914
9.0275 -173.14311559536148
9.032499999999999 153.83755909815426
9.0375 -204.7864220434275
9.0425 32.314976182301365
9.0475 -31.3311134559635
9.0525 227.478001337135
9.0575 -173.1893402876583
9.0625 74.82753210462694
9.067499999999999 -214.3312035178541
9.0725 181.59104207118497
9.077499999999999 25.02286768023968
9.0825 162.93944229293962
9.0875 -81.68488388682896
9.0925 312.20998005440873
9.0975 198.9581841026984
9.1025 -302.67215124103905
9.1075 -2.6751123316845655
9.112499999999999 78.02881631960315
9.1175 -193.03373474403244
9.122499999999999 -212.2738329762484
9.1275 342.6732351403144
9.1325 -342.244118131513
9.1375 386.0270809460155
9.1425 90.89128690846057
9.147499999999999 -11.111386622991425
9.1525 -15.021117761593503
9.157499999999999 -143.5187725131417
9.1625 -331.6968257774311
9.1675 94.39115605922686
9.1725 115.73902195425138
9.1775 195.50412266944173
9.1825 -56.495403141253355
9.1875 -266.4074506578813
9.192499999999999 208.39567711401062
9.1975 -68.99820148632831
9.202499999999999 -91.72316271138914
9.2075 -135.03383880535048
9.2125 68.69301995709972
9.2175 -300.00695695838175
9.2225 125.49731609958612
9.2275 -156.05407696323297
9.2325 132.37872047310333
9.237499999999999 151.85625027770516
9.2425 -297.55998870291137
9.247499999999999 331.8677006010908
9.2525 -85.46177890807462
9.2575 -17.28170369859218
9.2625 0.6303304778284724
9.2675 88.92244456666997
9.272499999999999 64.06848531153524
9.2775 39.65194973061693
9.282499999999999 -41.26167037811337
9.2875 -86.12833617383788
9.2925 189.61071672264876
9.2975 -127.54123818041245
9.3025 -149.87138489308742
9.3075 195.63598348258986
9.3125 -54.41683907603832
9.317499999999999 78.45159174569935
9.3225 -2.2167604081820573
9.327499999999999 -78.9398349273178
9.3325 -104.95627074239368
9.3375 -84.97457708607621
9.3425 148.13380912735732
9.3475 -503.0234376632936
9.3525 645.7457592855855
9.3575 206.76134595697948
9.362499999999999 -373.1480991358889
9.3675 173.26140779464674
9.372499999999999 -23.691081888850036
9.3775 -132.99789284971104
9.3825 0.7525706228871349
9.3875 129.8228542130892
9.3925 -51.934260900702235
9.397499999999999 -303.2148590834832
9.4025 185.3771190578447
9.407499999999999 -14.456538998607506
9.4125 -134.6893603589661
9.4175 70.28647649899119
9.4225 -142.85095019413262
9.4275 87.11087937095286
9.4325 -118.80687686900954
9.4375 -9.18872622498787
9.442499999999999 304.0035217517917
9.4475 84.08456120446658
9.452499999999999 74.18644696361093
9.4575 -324.77256170522253
9.4625 149.90110403869605
9.4675 -146.63646334127105
9.4725 140.19900923246237
9.4775 125.4839547477363
9.4825 137.57808431309203
9.487499999999999 316.58848881848655
9.4925 -299.65658010584013
9.497499999999999 -49.361688937549
9.5025 -220.33012969544217
9.5075 -75.92502461361535
9.5125 89.08641067849099
9.5175 -3.068069923807834
9.522499999999999 9.409645786597622
9.5275 297.0615116694999
9.532499999999999 -251.0711985797277
9.5375 -44.33322465910329
9.5425 105.6353648516192
9.5475 71.63359793585452
9.5525 -244.22817608485258
9.5575 66.14845154103018
9.5625 8.242479160831651
9.567499999999999 -78.12029240665204
9.5725 -92.83933363812669
9.577499999999999 143.95448690488848
9.5825 24.916396488366196
9.5875 -174.6761819474179
9.5925 -121.98960517139287
9.5975 101.9402255082927
9.6025 167.86604794207454
9.6075 -164.32308526698574
9.612499999999999 212.93799237792828
9.6175 32.40086058662923
9.622499999999999 -151.46911266738562
9.6275 32.43891218821209
9.6325 149.68370462524848
9.6375 -79.2595237776824
9.6425 -102.07753273488966
9.647499999999999 171.9055488847621
9.6525 -81.1475225852089
9.657499999999999 -83.06544291528309
9.6625 -242.01683748382047
9.6675 -5.469740351650791
9.6725 216.14603977230195
9.6775 -23.071060660724907
9.6825 -7.670431925604697
9.6875 -143.55145059908085
9.692499999999999 249.43412388616915
9.6975 91.3774769773482
9.702499999999999 -61.05767411352305
9.7075 267.680441079851
9.7125 -45.930830191414245
9.7175 154.46130584492767
9.7225 -141.99894643876016
9.7275 41.914062968741455
9.7325 15.390785820834289
9.737499999999999 -69.10557653203426
9.7425 148.78480758035911
9.747499999999999 -164.74226580493183
9.7525 -79.65366891978938
9.7575 192.30282898038251
9.7625 -259.5277039857153
9.7675 253.54615775017118
9.772499999999999 -339.08884611633727
9.7775 66.97703615280174
9.782499999999999 -17.12335861283251
9.7875 200.940025939003
9.7925 -142.2358808849589
9.7975 -70.77999095510793
9.8025 134.27624876067077
9.8075 -73.89903091896947
9.8125 -33.263444260992195
9.817499999999999 -100.58895810745304
9.8225 203.08412289406078
9.827499999999999 200.17395251094388
9.8325 40.912801352193696
9.8375 -83.40473232747277
9.8425 -48.1258400788589
9.8475 -155.37773283817472
9.8525 -145.06123493501855
9.8575 13.850025181111349
9.862499999999999 77.24416684652485
9.8675 -154.84609875129598
9.872499999999999 -64.4567721807531
9.8775 -385.7898372762753
9.8825 304.16028598153986
9.8875 61.03176907581774
9.8925 -14.614087077137123
9.897499999999999 13.791105464352365
9.9025 202.64152255459132
9.907499999999999 -283.8275611030332
9.9125 219.18471595893436
9.9175 215.44459564342205
9.9225 220.08223347207536
9.9275 -57.5263058738097
9.9325 -325.2365263649638
9.9375 244.88322247138882
9.942499999999999 -73.67325602142084
9.9475 -72.78104175780815
9.952499999999999 221.59978155583997
9.9575 -250.4470607309666
9.9625 76.71688952196858
9.9675 -164.53460101173846
9.9725 -96.43011793127918
9.9775 26.129033975358336
9.9825 219.05020082354005
9.987499999999999 -133.00739956563592
9.9925 -122.06927628788912
9.997499999999999 79.73780377679499
10.0025 226.5330781444897
