0.0075 284.2986605367596
0.012499999999999999 -111.98477788637895
0.017499999999999998 -45.74139761297888
0.0225 25.566418452899402
0.0275 82.52645325565214
0.0325 -203.38734447237442
0.0375 149.64898869037881
0.042499999999999996 121.96236599858675
0.0475 -185.85264959912803
0.0525 293.1801351453894
0.057499999999999996 -109.28456160333819
0.0625 54.74115272632282
0.06749999999999999 -124.2805625182959
0.0725 97.73811719518375
0.0775 16.39663302512519
0.08249999999999999 -361.6110064371352
0.0875 124.44240248799652
0.0925 -51.13897347987522
0.09749999999999999 125.07187595606943
0.1025 -62.78586014193607
0.1075 171.53091110976823
0.11249999999999999 71.34659806004531
0.1175 5.227878132253757
0.1225 57.341805739821844
0.1275 84.84378579162802
0.1325 -53.71327998971933
0.13749999999999998 -353.38715398134974
0.1425 158.4079802489893
0.1475 100.62308599125599
0.1525 -12.107507233681787
0.1575 51.217582841156144
0.1625 -124.96619137625166
0.16749999999999998 93.77094205983012
0.1725 96.55566163643654
0.1775 143.21294937796068
0.1825 -416.31109769834853
0.1875 1.9228567220562636
0.1925 86.29188121530456
0.19749999999999998 -66.64618354308348
0.20249999999999999 10.517616368184578
0.2075 -4.653227432184427
0.2125 -49.650351350439266
0.2175 -150.5450627217114
0.2225 47.635088896942456
0.22749999999999998 85.11538722326775
0.23249999999999998 -65.203637826677
0.2375 28.010712385281856
0.2425 31.459911245452908
0.2475 213.14466278716299
0.2525 -78.303357874992
0.2575 130.40157172906666
0.2625 9.63040481513479
0.2675 137.30505782147188
0.27249999999999996 -149.56219635309947
0.27749999999999997 64.75688244390172
0.2825 -235.64042804963074
0.2875 -12.95368916506771
0.2925 -21.235434847038956
0.2975 338.9236841647099
0.3025 -133.01816607142717
0.3075 12.71166792581967
0.3125 -11.269314849100306
0.3175 -78.71038711201903
0.3225 -307.6746019574748
0.32749999999999996 308.98082693617386
0.33249999999999996 -338.2303299815971
0.33749999999999997 135.93885663417797
0.34249999999999997 102.7367973252849
0.3475 293.60083469463876
0.3525 -374.1887763587986
0.3575 29.618542426887355
0.3625 -70.09912519236659
0.3675 7.476544159651537
0.3725 -108.90633778925087
0.3775 -62.245593849624605
0.3825 366.914995996585
0.38749999999999996 -223.24256648974117
0.39249999999999996 67.32067719551894
0.39749999999999996 239.43950374129767
0.40249999999999997 -26.554227661133233
0.4075 -63.07832758340014
0.4125 14.605362630979887
0.4175 -67.03161529213
0.4225 223.02852695455223
0.4275 -122.63208839756972
0.4325 -200.72640036860614
0.4375 138.569073392008
0.4425 148.4622840054185
0.44749999999999995 -238.85221875945442
0.45249999999999996 195.06797668058172
0.45749999999999996 -12.820680672034994
0.46249999999999997 -113.38623134690636
0.46749999999999997 -38.17521941749417
0.4725 -134.33409040573818
0.4775 9.179024237686159
0.4825 148.98318277202907
0.4875 -28.25874887771047
0.4925 76.82699731427414
0.4975 -81.2187111078327
0.5025 -280.41113533280003
0.5075 103.98701126228195
0.5125 -37.1688233743133
0.5175 216.35401971033863
0.5225 -308.70171397127024
0.5275 185.28096843194035
0.5325 54.60878426022868
0.5375 -161.50932841557577
0.5425 69.24754961291066
0.5475 73.80347610761649
0.5525 -83.76147786912365
0.5575 5.3688022874021755
0.5625 154.61464427258989
0.5675 -190.31983577982774
0.5725 226.19388360471422
0.5775 140.0012823575536
0.5825 -122.4164248466579
0.5875 12.749897166458274
0.5925 32.76203894643532
0.5974999999999999 -27.0398136256469
0.6024999999999999 -115.00890675019171
0.6074999999999999 -68.52269805144908
0.6124999999999999 424.92414495630334
0.6174999999999999 -5.2942636237717435
0.6224999999999999 -74.79856430643183
0.6275 65.09478798205501
0.6325 -323.774082047872
0.6375 332.0693883006045
0.6425 176.00186366609907
0.6475 -373.25340830516893
0.6525 -277.96661770679185
0.6575 301.62062040340857
0.6625 -62.143211119307175
0.6675 -121.14876543854302
0.6725 228.51271146678587
0.6775 -321.02398682333325
0.6825 324.11596801671857
0.6875 -264.93521869198764
0.6925 -147.2356160594666
0.6975 185.197310437111
0.7025 195.68941204717495
0.7075 -154.0749636628244
0.7125 154.34231596825097
0.7174999999999999 -28.402383344303676
0.7224999999999999 -98.62385737051414
0.7274999999999999 190.11307234036158
0.7324999999999999 158.66508343882256
0.7374999999999999 -25.57397482357683
0.7424999999999999 -67.4628526533344
0.7474999999999999 -132.22660380739114
0.7525 -23.055742515987834
0.7575 243.44202220634892
0.7625 -88.61948918377094
0.7675 -115.52460082405379
0.7725 187.6758494950732
0.7775 -31.880763432705695
0.7825 -285.9225978352631
0.7875 312.7105845457855
0.7925 -268.5788281032737
0.7975 -53.07031891448254
0.8025 -213.80777286836138
0.8075 277.0144486828554
0.8125 105.78208550074068
0.8175 12.48114611794839
0.8225 -28.061704794698148
0.8275 146.5821690823544
0.8325 44.116795549653496
0.8374999999999999 -274.0441186623706
0.8424999999999999 228.72256951018736
0.8474999999999999 -25.633938926399036
0.8524999999999999 167.16842660567403
0.8574999999999999 -229.26559183955243
0.8624999999999999 -49.64417451151022
0.8674999999999999 -199.5116623984683
0.8724999999999999 -9.661338222377708
0.8775 -51.33330850149538
0.8825 213.50272180515043
0.8875 -61.00369263092895
0.8925 -107.21702037049262
0.8975 16.758643262050054
0.9025 257.69256700839384
0.9075 -418.88681650447796
0.9125 97.50635974319923
0.9175 -45.005515653039915
0.9225 94.39542275196881
0.9275 214.93121962765278
0.9325 -261.29352330863105
0.9375 89.00637783624344
0.9425 30.521811234730556
0.9475 77.12952899512914
0.9524999999999999 -59.11634345600849
0.9574999999999999 -182.39362374639379
0.9624999999999999 207.93108387518106
0.9674999999999999 -144.44739238800526
0.9724999999999999 59.74922272532552
0.9774999999999999 202.28645787316114
0.9824999999999999 -79.23351413031094
0.9874999999999999 -156.62723213982974
0.9924999999999999 120.42149377521991
0.9974999999999999 -82.73776425494506
1.0025 -119.83682758781164
1.0075 175.08737517549577
1.0125 -168.04277814376465
1.0174999999999998 -80.75112274293897
1.0225 -84.7108188792928
1.0274999999999999 101.07987153304039
1.0325 30.43276853957625
1.0374999999999999 -64.05900096497292
1.0425 107.38514270987984
1.0474999999999999 233.5763282774249
1.0525 39.9859351037714
1.0574999999999999 -71.46041801517386
1.0625 48.4222551864793
1.0675 225.07393804541906
1.0725 -208.0246593926997
1.0775 -304.47841884536075
1.0825 -101.7324426838156
1.0875 265.28086429276044
1.0925 42.367026375968905
1.0975 279.8475910870408
1.1025 -74.35780733402294
1.1075 -228.15666884945776
1.1125 99.65379045699514
1.1175 -66.1313550319685
1.1225 -29.204087350992733
1.1275 164.41715435791036
1.1324999999999998 -75.60173475642208
1.1375 -33.804271826927526
1.1424999999999998 53.433159778473566
1.1475 23.752615991963715
1.1524999999999999 -142.954115819244
1.1575 -83.29429008030061
1.1624999999999999 -127.14282776009675
1.1675 77.68558618233875
1.1724999999999999 32.11413693955167
1.1775 35.064087681224876
1.1824999999999999 166.3338841115577
1.1875 100.06197869017248
1.1925 -76.93722905916525
1.1975 -233.32289918960214
1.2025 130.8769848969887
1.2075 4.874856234172257
1.2125 -19.55345721089461
1.2175 -59.505512993956614
1.2225 -214.82017462484765
1.2275 158.3396602681544
1.2325 36.86230205185103
1.2375 18.423995461591616
1.2425 215.34459511863426
1.2475 -58.26280154379008
1.2525 -72.8947735842274
1.2574999999999998 -43.855118483096355
1.2625 148.45675982553865
1.2674999999999998 34.18200423875289
1.2725 -223.1706834642017
1.2774999999999999 -93.28468330384094
1.2825 178.60045211901704
1.2874999999999999 -156.3304551748736
1.2925 -123.46788996606179
1.2974999999999999 44.086908905218564
1.3025 295.6752995741621
1.3074999999999999 -218.00085060400704
1.3125 -61.72421611548596
1.3175 163.31612235784036
1.3225 -15.337297648477191
1.3275 142.22873242618724
1.3325 113.05209991497271
1.3375 -277.58185809129844
1.3425 187.18113183041896
1.3475 -134.64839705588304
1.3525 -27.62749204510247
1.3575 7.797010542742304
1.3625 19.00180899215215
1.3675 155.63466694194378
1.3724999999999998 -119.625864497899
1.3775 150.35911147401495
1.3824999999999998 -153.34792332502718
1.3875 318.54846420812186
1.3924999999999998 -113.17692674785181
1.3975 -218.1915944218427
1.4024999999999999 247.5913765885311
1.4075 -12.412631392074593
1.4124999999999999 152.01204867732804
1.4175 12.122263381080314
1.4224999999999999 -352.5268051378924
1.4275 -90.56444973090878
1.4324999999999999 51.77764115071944
1.4375 56.371921364987365
1.4425 67.15861195317878
1.4475 60.66159388996896
1.4525 -236.93112244044045
1.4575 5.165808414490926
1.4625 66.27541583229547
1.4675 190.38898875624957
1.4725 -281.2739526354174
1.4775 241.3184429569818
1.4825 66.37866754655664
1.4874999999999998 -366.0657738056563
1.4925 96.21802150419096
1.4974999999999998 130.57346356921653
1.5025 -114.0778419039988
1.5074999999999998 196.8798083348824
1.5125 -75.93666865634194
1.5174999999999998 -31.35355703218724
1.5225 9.646444174438138
1.5274999999999999 73.05996639241658
1.5325 -189.65943114144812
1.5374999999999999 70.9502415419673
1.5425 97.45510528327962
1.5474999999999999 -92.95076780204838
1.5525 292.1853811711678
1.5574999999999999 -214.47339766066654
1.5625 -291.0360527962096
1.5675 316.442349246454
1.5725 100.10231578268795
1.5775 -199.90107655197542
1.5825 -77.3227942348803
1.5875 144.82658729559725
1.5925 93.60438689166794
1.5975 -71.59104903971844
1.6025 -65.31721050166075
1.6075 -14.38501914624865
1.6124999999999998 -2.298652276043951
1.6175 118.83095472454603
1.6224999999999998 7.06868567719544
1.6275 8.619085275251425
1.6324999999999998 -300.47431623468583
1.6375 23.95271132182334
1.6424999999999998 170.5128407923252
1.6475 -97.80376311609972
1.6524999999999999 -43.92842525277139
1.6575 111.84406643755172
1.6624999999999999 234.70728219479608
1.6675 80.41659892606891
1.6724999999999999 51.4492996993268
1.6775 -252.71230975897052
1.6824999999999999 99.65163194509125
1.6875 157.80853186045434
1.6925 -89.10042811058663
1.6975 -31.522038070882548
1.7025 107.35388665747791
1.7075 13.516786023575435
1.7125 -211.0143525965974
1.7175 20.294220494708384
1.7225 38.44838459916229
1.7274999999999998 -129.30161727435026
1.7325 160.22632257205936
1.7374999999999998 58.236904335361686
1.7425 -34.81537142334299
1.7474999999999998 -202.37296440893752
1.7525 -33.85968751462381
1.7574999999999998 140.42220454775278
1.7625 220.66609094123436
1.7674999999999998 -104.56096699888988
1.7725 -298.49430565966907
1.7774999999999999 130.17687319261128
1.7825 9.200249736325512
1.7874999999999999 5.96307861614113
1.7925 135.88498936691752
1.7974999999999999 113.63211880151405
1.8025 -95.0542144935146
1.8074999999999999 -211.8604816310201
1.8125 398.4429932656572
1.8175 -73.9073286366395
1.8225 -69.46041567765592
1.8275 -173.27591603687418
1.8325 80.74921818909256
1.8375 7.543403815863845
1.8425 -211.79841480811595
1.8475 178.91984990449916
1.8524999999999998 -228.02234451156778
1.8575 196.33486368776536
1.8624999999999998 -5.892317479926983
1.8675 257.6782735120471
1.8724999999999998 -317.67868470457233
1.8775 41.66668242497419
1.8824999999999998 237.65177481200124
1.8875 -29.725364817753253
1.8924999999999998 -47.54931614205074
1.8975 -66.55300804240143
1.9024999999999999 -20.28321562362124
1.9075 -218.35403612739654
1.9124999999999999 -29.695344343672314
1.9175 156.93991977446223
1.9224999999999999 4.453960624039185
1.9275 118.59725304599263
1.9324999999999999 -207.3713692642945
1.9375 157.90971059272738
1.9425 -127.83355443130245
1.9475 53.450762887805304
1.9525 40.002833972935534
1.9575 44.13813144767637
1.9625 -123.5247730757189
1.9674999999999998 2.887786809418593
1.9725 5.314523687039308
1.9774999999999998 24.61368197086829
1.9825 -45.53498412245253
1.9874999999999998 137.48880871339802
1.9925 -91.57498068496918
1.9974999999999998 8.24299641944505
2.0025 73.5555130393309
2.0075 -94.0111163792365
2.0124999999999997 37.13802418324582
2.0175 130.90238228174806
2.0225 80.54970584429695
2.0275 72.56632219399694
2.0324999999999998 34.781788694064424
2.0375 -125.33955630161896
2.0425 75.9007917844508
2.0475 -292.6377805086011
2.0524999999999998 95.06726872717472
2.0575 -151.64293866789123
2.0625 -86.6937399715494
2.0675 97.24641156520008
2.0725 118.6613567309436
2.0775 -1.441689890911293
2.0825 -5.829710371124438
2.0875 -5.070898696079216
2.0925 -127.76555499027474
2.0974999999999997 86.9568573618873
2.1025 4.648567499206851
2.1075 -109.86077809299545
2.1125 -37.60739459682974
2.1174999999999997 214.05902390398407
2.1225 -119.63060206572314
2.1275 -69.56841917086571
2.1325 40.28112812048061
2.1374999999999997 230.8335085564787
2.1425 20.209484822940937
2.1475 8.751845731528539
2.1525 5.579905383207638
2.1574999999999998 -23.645636028676158
2.1625 17.00418333361543
2.1675 32.22393226804781
2.1725 182.9694682960541
2.1774999999999998 -182.03974618729774
2.1825 -141.2326167499151
2.1875 270.055532823214
2.1925 -46.15733669870353
2.1975 171.42030556624925
2.2024999999999997 32.88342800304029
2.2075 -144.0238277181637
2.2125 85.62439101553748
2.2175 -32.776002428891815
2.2224999999999997 140.12946827918438
2.2275 -242.62493386792644
2.2325 -121.2620888925108
2.2375 281.64671681181517
2.2424999999999997 -91.56739378669107
2.2475 -18.584615643109526
2.2525 -106.66384024516731
2.2575 220.8721525090536
2.2624999999999997 -189.91646853903848
2.2675 99.12574586330258
2.2725 -140.62753055829683
2.2775 172.42089294389217
2.2824999999999998 -124.4133286327059
2.2875 105.15218951488407
2.2925 -94.53272464939413
2.2975 -46.98851089315421
2.3024999999999998 -2.88896449056586
2.3075 98.16796423471195
2.3125 -75.14312091400073
2.3175 -44.745072519997684
2.3225 118.30310856025795
2.3274999999999997 16.633018764018463
2.3325 138.21228705916653
2.3375 -436.1273896561058
2.3425 391.28490224646475
2.3474999999999997 -550.9792805870126
2.3525 99.76427168607118
2.3575 68.08152737741707
2.3625 168.7546428428228
2.3674999999999997 -38.89069532117865
2.3725 42.676645986732126
2.3775 98.38595498883835
2.3825 57.647095826251146
2.3874999999999997 -68.02756010594744
2.3925 81.74133415754427
2.3975 -120.37750534480998
2.4025 -58.49358592850265
2.4074999999999998 76.14693948027517
2.4125 -156.790347952704
2.4175 137.12505761372697
2.4225 -43.48430155971068
2.4274999999999998 148.6928718687016
2.4325 -98.15165433770592
2.4375 294.75797997755615
2.4425 -226.56935467136006
2.4475 230.4749282665511
2.4524999999999997 183.8213746295629
2.4575 5.395723946844214
2.4625 -43.894982792554615
2.4675 -120.17116981809141
2.4724999999999997 -58.71359018842968
2.4775 -70.40713736705214
2.4825 30.721079095551683
2.4875 -65.92985181390381
2.4924999999999997 189.3948763221881
2.4975 25.356061441128023
2.5025 45.62694016391309
2.5075 -393.3494020355073
2.5124999999999997 217.9100952051865
2.5175 31.905318676756398
2.5225 -168.51847000762743
2.5275 119.58734208702619
2.5324999999999998 -52.31723780958303
2.5375 -165.25329362976103
2.5425 144.98681509217872
2.5475 106.68027935813829
2.5524999999999998 -6.824465924359855
2.5574999999999997 -18.766733045229817
2.5625 16.548399149767423
2.5675 15.738732176340038
2.5725 -11.35398551813181
2.5774999999999997 -50.355830254405035
2.5825 -46.4959164757617
2.5875 -123.1284911331482
2.5925 -121.77449940711604
2.5974999999999997 10.871240725833987
2.6025 0.05669264933803576
2.6075 151.24141282039528
2.6125 -48.341948648501464
2.6174999999999997 -111.51695135356607
2.6225 29.513156149098695
2.6275 47.02024788685147
2.6325 -133.63839493987078
2.6374999999999997 72.3744210906093
2.6425 0.42244962290952154
2.6475 -59.466628067825624
2.6525 286.372299435794
2.6574999999999998 19.141146657828237
2.6625 75.27936480636853
2.6675 -96.16197440833992
2.6725 154.30106410039073
2.6774999999999998 -296.0251031130995
2.6824999999999997 94.23792572821966
2.6875 37.64824723736031
2.6925 -137.90037393081707
2.6975 234.4316921742249
2.7024999999999997 -86.33729181083626
2.7075 -46.960189174784034
2.7125 82.47718749785759
2.7175 -142.61047296724013
2.7224999999999997 -203.37785729674565
2.7275 59.28264525824341
2.7325 95.72464136293803
2.7375 96.50542240839252
2.7424999999999997 18.173678624417384
2.7475 -67.742798356824
2.7525 202.94315209221213
2.7575 -42.460829271478914
2.7624999999999997 84.19012275279023
2.7675 -88.93804574963585
2.7725 37.82949881356451
2.7775 77.78356836559611
2.7824999999999998 -176.71789275096157
2.7875 149.45098956716907
2.7925 -42.55742517928299
2.7975 325.71986447170775
2.8024999999999998 -290.54778171868014
2.8074999999999997 -91.0752764946438
2.8125 -82.1951561535411
2.8175 192.05825947598385
2.8225 62.090765227661535
2.8274999999999997 -199.11128580987074
2.8325 187.90945301160022
2.8375 202.23775187576882
2.8425 -293.01409105136975
2.8474999999999997 -141.021503193143
2.8525 120.31163494076137
2.8575 -108.26814494102344
2.8625 89.12688297406555
2.8674999999999997 -0.9241396862935137
2.8725 90.50212184438496
2.8775 -45.46837006868282
2.8825 100.39501402334
2.8874999999999997 -13.102144097711077
2.8925 44.23049217722279
2.8975 -127.69468411259949
2.9025 197.7160377421058
2.9074999999999998 -65.66118747957003
2.9125 -90.50856566823555
2.9175 51.33896058149534
2.9225 -9.904223182190064
2.9274999999999998 -25.941244755565215
2.9324999999999997 165.53913898329247
2.9375 -33.572460458199984
2.9425 -159.0240485475787
2.9475 113.86188136690268
2.9524999999999997 -271.5321145116601
2.9575 61.500512620911664
2.9625 301.1326834188884
2.9675 -124.78384343811236
2.9724999999999997 -116.02416053461383
2.9775 -135.6426267975135
2.9825 109.38136015125029
2.9875 191.82035051508382
2.9924999999999997 -174.97885034455354
2.9975 27.26079240027523
3.0025 114.2483523702175
3.0075 -19.384510363119823
3.0124999999999997 -182.26316746604624
3.0175 -11.974348207997402
3.0225 -40.06588004758246
3.0275 38.18274420789502
3.0324999999999998 78.02984855337652
3.0374999999999996 180.78977576101258
3.0425 -51.62201924906807
3.0475 -137.36323338478792
3.0524999999999998 -164.06232810756833
3.0574999999999997 -19.02353188014756
3.0625 94.80883469185284
3.0675 71.84867593580485
3.0725 -81.63801375618155
3.0774999999999997 16.47703193541201
3.0825 -90.38945789185965
3.0875 262.1586260363888
3.0925 -76.25957079984802
3.0974999999999997 71.51232756845567
3.1025 -77.275701989621
3.1075 199.8204701329546
3.1125 -78.92163968780028
3.1174999999999997 -138.46620485176925
3.1225 98.10628163850613
3.1275 -32.6896769533678
3.1325 133.68579154004559
3.1374999999999997 216.27648513113715
3.1425 -233.64653807464381
3.1475 -67.27771972955468
3.1525 -172.28324662407547
3.1574999999999998 87.88660942256222
3.1624999999999996 31.063715720993205
3.1675 -145.01270855044928
3.1725 -60.948524519442564
3.1774999999999998 284.4677379163443
3.1824999999999997 219.76830789060114
3.1875 -164.32568116572017
3.1925 -58.446532895420084
3.1975 27.512978277876794
3.2024999999999997 -84.43073156416847
3.2075 95.22452903043406
3.2125 193.77451881819496
3.2175 -151.9697084741863
3.2224999999999997 -19.776050263993856
3.2275 208.69200195467383
3.2325 -286.92440394841276
3.2375 -55.6184391247831
3.2424999999999997 94.79403538474298
3.2475 -178.26707058706754
3.2525 311.9179148667175
3.2575 -93.05545299769707
3.2624999999999997 126.02798764595173
3.2675 -34.948258924441085
3.2725 -39.76613631301884
3.2775 157.671933479482
3.2824999999999998 -31.47022167941663
3.2874999999999996 -19.59321046304692
3.2925 7.3787916242179135
3.2975 -206.96945497939666
3.3024999999999998 205.5090292999005
3.3074999999999997 33.77214461943784
3.3125 285.04225262384756
3.3175 -273.40255797502317
3.3225 -209.649031972682
3.3274999999999997 156.71528479331346
3.3325 213.55952498545645
3.3375 -216.04662835125677
3.3425 -285.6315226892425
3.3474999999999997 238.12826039348198
3.3525 -125.12502779848101
3.3575 190.03003910867045
3.3625 -27.940494692993763
3.3674999999999997 39.2640839317534
3.3725 -158.50659018893197
3.3775 -130.69855317631362
3.3825 -99.10314070133037
3.3874999999999997 -26.737493006307016
3.3924999999999996 160.0234021890834
3.3975 -158.57613943203253
3.4025 375.12936594799095
3.4074999999999998 -57.08538718406786
3.4124999999999996 -67.04098384434488
3.4175 -30.685846033653107
3.4225 199.62851007971736
3.4274999999999998 -189.79385350978
3.4324999999999997 150.50683321790382
3.4375 72.69195353442178
3.4425 -288.5378468578415
3.4475 91.81378863107575
3.4524999999999997 -24.10372386211581
3.4575 -23.301229328732617
3.4625 69.39826885138444
3.4675 146.86755382439355
3.4724999999999997 -79.91929615260807
3.4775 17.251563943174933
3.4825 116.6918781781645
3.4875 -7.731641672961053
3.4924999999999997 -53.25683446224605
3.4975 -45.08320701515614
3.5025 86.2611953184793
3.5075 270.62061535740355
3.5124999999999997 -119.29836439770811
3.5174999999999996 -93.98903176548983
3.5225 10.920827023435786
3.5275 -80.04286951167613
3.5324999999999998 -60.10043303399976
3.5374999999999996 -70.33146128712708
3.5425 53.32622764614657
3.5475 -298.4932256142102
3.5524999999999998 40.39218114993939
3.5574999999999997 307.412160483744
3.5625 -11.016985807578271
3.5675 -219.6992718269949
3.5725 84.8284009335567
3.5774999999999997 -83.23722185594418
3.5825 165.9846659919974
3.5875 73.09387281953006
3.5925 196.9792179137448
3.5974999999999997 32.060717322711646
3.6025 -32.70493285864312
3.6075 -73.10561515586747
3.6125 -57.156869403263784
3.6174999999999997 -61.69131762553318
3.6225 253.8266777150846
3.6275 -55.142645677697324
3.6325 44.456015090481266
3.6374999999999997 -214.8241672928981
3.6424999999999996 -68.38640560440605
3.6475 123.8441999413724
3.6525 -268.5383471889153
3.6574999999999998 197.70449844062986
3.6624999999999996 19.774865872037818
3.6675 161.1329856017119
3.6725 -60.10149149960295
3.6774999999999998 16.091814405908245
3.6824999999999997 64.51312271042823
3.6875 -135.32586846523054
3.6925 -212.044787809476
3.6975 -6.447424791630265
3.7024999999999997 268.0970094025864
3.7075 -128.05835389305835
3.7125 131.2375453360498
3.7175 -58.728014216586224
3.7224999999999997 103.8583113716499
3.7275 -146.25647590032153
3.7325 222.20558442235972
3.7375 81.63326066138808
3.7424999999999997 19.989531091456428
3.7474999999999996 -157.10395273120196
3.7525 199.09201868313247
3.7575 71.70516436912132
3.7624999999999997 -105.76889468238436
3.7674999999999996 46.89286245943963
3.7725 -59.822064804389214
3.7775 -135.97246910155033
3.7824999999999998 91.90352635548365
3.7874999999999996 -249.76036630184544
3.7925 -82.50446404065764
3.7975 155.9051833279142
3.8024999999999998 -98.94549985573833
3.8074999999999997 -122.44008031599519
3.8125 313.852286580016
3.8175 57.06462759319635
3.8225 108.65437284200085
3.8274999999999997 -143.13276363454077
3.8325 16.391882562021433
3.8375 136.34085881751224
3.8425 -105.89440917578588
3.8474999999999997 16.774531299194813
3.8525 144.3028107762838
3.8575 -183.7470155129633
3.8625 65.4871632470367
3.8674999999999997 -102.8494225919714
3.8724999999999996 86.73721838049266
3.8775 -149.86311030139078
3.8825 171.64170929297424
3.8874999999999997 -174.7661578726411
3.8924999999999996 -216.66933515294332
3.8975 327.98169861913806
3.9025 147.54095680592295
3.9074999999999998 -273.3628791996898
3.9124999999999996 316.51337934135705
3.9175 -152.25785665490636
3.9225 -123.42129129009645
3.9274999999999998 107.8955359068464
3.9324999999999997 210.90789081301466
3.9375 -60.138724382515626
3.9425 -8.71768666220248
3.9475 -114.59543224188472
3.9524999999999997 30.611316054598735
3.9575 -223.90443750562972
3.9625 97.65474210699874
3.9675 -128.924720621386
3.9724999999999997 -57.33763658407992
3.9775 187.76057421243218
3.9825 26.175242301834764
3.9875 -64.59133843672011
3.9924999999999997 -36.99390627525205
3.9974999999999996 -17.58836811918268
4.0024999999999995 21.79103171059736
4.007499999999999 11.461223724196634
4.0125 350.99458732484027
4.0175 -59.89253740872228
4.0225 -187.83900820448974
4.0275 -271.2383571474825
4.0325 371.22118197977204
4.0375 70.47891117746846
4.0424999999999995 142.10493695250724
4.047499999999999 -253.60749691086923
4.0525 -18.24103118172118
4.0575 309.44846855988817
4.0625 -241.66777266018596
4.0675 205.4546403001541
4.0725 -18.967777822946218
4.0775 -286.36460222859665
4.0825 325.0691894533719
4.0874999999999995 -100.82299572119851
4.0925 -189.0117046682685
4.0975 -2.2199384366813644
4.1025 90.69805476529154
4.1075 -72.81522971301284
4.1125 103.37013003473973
4.1175 99.47891467546242
4.1225 51.440147735175444
4.1274999999999995 -184.68635050987643
4.132499999999999 91.25378927136207
4.1375 -135.71721388423467
4.1425 191.5211673962216
4.1475 -314.5601966060439
4.1525 -70.96855441801507
4.1575 200.9751241268037
4.1625 94.08304532776148
4.1674999999999995 5.25722153836338
4.172499999999999 214.88011109492783
4.1775 -377.6658074430529
4.1825 196.64199556224142
4.1875 201.1042099547324
4.1925 -110.00346765139663
4.1975 176.57992510183072
4.2025 -3.4601266885418074
4.2075 57.10211078269699
4.2124999999999995 77.2344402529243
4.2175 -299.4645812351796
4.2225 -229.02126445060748
4.2275 236.67137433665184
4.2325 14.243374500248628
4.2375 -49.31858080734857
4.2425 196.4034763124965
4.2475 -206.9418146054936
4.2524999999999995 -358.12469180424375
4.257499999999999 130.30363787021173
4.2625 -61.44685430981452
4.2675 -162.2781528146857
4.2725 65.71515652743022
4.2775 24.666262144481617
4.2825 106.3211821385585
4.2875 192.82934545054613
4.2924999999999995 25.522724344087905
4.297499999999999 14.382140406662135
4.3025 11.638039315993934
4.3075 66.25488602083215
4.3125 7.605890393277463
4.3175 -70.15171135307402
4.3225 -184.6582506429492
4.3275 -51.067542052290776
4.3325 -34.48207871092139
4.3374999999999995 -8.485515574387081
4.342499999999999 152.46986110443905
4.3475 -169.10023344128055
4.3525 149.34460193144406
4.3575 -44.604976886563655
4.3625 -100.21241554833989
4.3675 6.434315029317169
4.3725 57.858690784864265
4.3774999999999995 226.52782634449528
4.382499999999999 -198.48421994313316
4.3875 43.88043770667119
4.3925 250.83802100218102
4.3975 29.20295134923132
4.4025 -260.1714681539646
4.4075 32.90256380846179
4.4125 103.69625376120992
4.4174999999999995 316.9727834144074
4.422499999999999 -77.59227584045496
4.4275 -31.97827122099586
4.4325 84.14358816258145
4.4375 -13.386331848579674
4.4425 -1.1091824747005135
4.4475 -57.00830288697652
4.4525 -90.36148197751795
4.4575 397.25525037910444
4.4624999999999995 -6.355903044764843
4.467499999999999 -362.1023281693817
4.4725 -70.768253355812
4.4775 358.9848401129448
4.4825 -370.4369776570089
4.4875 190.8048838269637
4.4925 -16.014401147602594
4.4975 -140.58195600849592
4.5024999999999995 -60.80444424461171
4.507499999999999 62.26091081010131
4.5125 -37.034618778305315
4.5175 -24.172469518762057
4.5225 75.82317190560644
4.5275 -30.497945230216093
4.5325 -153.42633820443822
4.5375 9.481412228282734
4.5424999999999995 -61.58107614339013
4.547499999999999 9.735931361985232
4.5525 426.63499749199593
4.5575 -353.08386753188455
4.5625 -91.30460719975027
4.5675 -76.57090732498102
4.5725 188.94051667198264
4.5775 -194.03077039323657
4.5825 132.9831422288609
4.5874999999999995 -218.91969612010178
4.592499999999999 380.1030987122739
4.5975 -133.5296933909642
4.6025 182.57238337560727
4.6075 -349.56726136087167
4.6125 121.90418776040485
4.6175 14.801117317616562
4.6225 221.93329940931662
4.6274999999999995 -113.33815313909548
4.632499999999999 -160.15726861296307
4.6375 58.66947445002978
4.6425 197.50358287887843
4.6475 101.90922071646627
4.6525 -217.55787386711617
4.6575 198.7406015894389
4.6625 90.78921530965965
4.6674999999999995 -12.10620250771355
4.672499999999999 155.00154851782392
4.6775 -5.197369874484226
4.6825 -291.7226501159803
4.6875 79.08101192205555
4.6925 150.6577366746576
4.6975 -31.231556634061572
4.7025 259.6437033417848
4.7075 -64.42675203563337
4.7124999999999995 20.987115513758273
4.717499999999999 164.64517596186445
4.7225 -241.87267171196999
4.7275 74.76634255548915
4.7325 -199.98505791567842
4.7375 31.541992266013036
4.7425 -66.85689030641792
4.7475 -102.85323709462818
4.7524999999999995 -236.77516686314937
4.757499999999999 64.97187557185877
4.7625 44.3540831028197
4.7675 2.6659485907217273
4.7725 135.1144793047531
4.7775 -81.70117332244743
4.7825 23.043821816880023
4.7875 153.68285452746508
4.7924999999999995 -137.97659766537174
4.797499999999999 -103.39461093355601
4.8025 188.37181470913634
4.8075 -315.22097849714413
4.8125 372.177812638866
4.8175 -51.558659368038754
4.8225 231.21786604978377
4.8275 169.80062336460497
4.8325 -376.24893173801223
4.8374999999999995 -64.44124751416568
4.842499999999999 123.23172271498305
4.8475 536.1941288098029
4.8525 -379.963076239814
4.8575 -55.438822919631676
4.8625 66.45395621502762
4.8675 47.9997320736345
4.8725 -223.4817851110277
4.8774999999999995 -58.60336357533351
4.882499999999999 -132.71769273378632
4.8875 -161.62552728662178
4.8925 174.9468214306747
4.8975 96.84876010363797
4.9025 10.904339343453517
4.9075 161.96048543098314
4.9125 -10.15508676729455
4.9174999999999995 -29.118948504361015
4.922499999999999 191.44422521037487
4.9275 183.97181596160283
4.9325 -281.82143627097884
4.9375 5.670673940476753
4.9425 50.21630043425964
4.9475 -286.39209970174824
4.9525 -3.026903191109835
4.9575 68.1554104871396
4.9624999999999995 -255.84031404750678
4.967499999999999 168.54708463306287
4.9725 25.723227947710622
4.9775 60.10682619782335
4.9825 208.23093077198152
4.9875 -41.12999016467184
4.9925 -290.51596169517245
4.9975 2.7483809418587493
5.0024999999999995 -76.34917430808049
5.007499999999999 -64.11741842374988
5.0125 390.6504127777959
5.0175 -61.253854475971046
5.0225 103.4114842753299
5.0275 -65.0796841884452
5.0325 79.77131676629612
5.0375 96.69828421833448
5.0424999999999995 -58.53995077472485
5.047499999999999 -62.78853354393261
5.0525 233.83573103773068
5.0575 -308.0694894663542
5.0625 97.33054319838581
5.0675 71.42844045214056
5.0725 -281.7412269410398
5.0775 159.52031943550247
5.0825 -76.41530024920037
5.0874999999999995 228.1534600301888
5.092499999999999 -198.96631339222665
5.0975 -102.77064296036595
5.1025 44.82674069423385
5.1075 80.52626801569905
5.1125 -167.95259803231568
5.1175 50.81357188906274
5.1225 274.76475399374044
5.1274999999999995 -203.4176283785958
5.132499999999999 197.8611347702579
5.1375 -57.9210776212377
5.1425 -78.0174671577091
5.1475 117.68070104748413
5.1525 -7.970949179567674
5.1575 -343.1295088184493
5.1625 193.0455618207787
5.1674999999999995 -298.0642315053185
5.172499999999999 114.17506428553942
5.177499999999999 -276.3300596139242
5.1825 388.85009687134817
5.1875 181.43702479916087
5.1925 310.4830360519565
5.1975 -104.9889284327376
5.2025 82.07301574952263
5.2075 2.8457939893191933
5.2124999999999995 -130.09578175317608
5.217499999999999 -73.9898584260882
5.2225 197.71628262083374
5.2275 -49.016886530160754
5.2325 -300.5898938624786
5.2375 258.33589145418796
5.2425 -62.45291520731024
5.2475 -122.46807386265797
5.2524999999999995 -102.01007042173272
5.257499999999999 37.84892278900976
5.2625 398.0689684769901
5.2675 -286.98125900590236
5.2725 -111.78545199679962
5.2775 92.78963865173968
5.2825 -144.38216780061262
5.2875 247.49836030507677
5.2924999999999995 -144.7961236449684
5.297499999999999 -31.07922061701165
5.302499999999999 65.58674605687455
5.3075 100.66867619961072
5.3125 -118.90097925080906
5.3175 -119.98393983236264
5.3225 169.87006663285035
5.3275 -9.84599073120004
5.3325 -195.60372886842188
5.3374999999999995 385.7674713677942
5.342499999999999 -239.25578574549297
5.3475 53.03448023498841
5.3525 -115.94003094098767
5.3575 253.45558867498244
5.3625 -130.26392698826382
5.3675 21.657748411590237
5.3725 75.03943865530225
5.3774999999999995 -120.77504724172763
5.382499999999999 -129.51938292031772
5.3875 -79.18436778543717
5.3925 185.7807981538651
5.3975 16.71255711176862
5.4025 76.19095001687872
5.4075 -286.99444294896927
5.4125 21.360821177151383
5.4174999999999995 162.77384242814378
5.422499999999999 -251.5823561468599
5.427499999999999 61.66887589149224
5.4325 155.39328980875337
5.4375 8.526348345660303
5.4425 -73.00501342156437
5.4475 13.472785372256368
5.4525 -63.76794070444729
5.4575 123.24829012282763
5.4624999999999995 -5.781399916696258
5.467499999999999 504.41280298345504
5.4725 -349.84243136376426
5.4775 284.4022748978635
5.4825 161.4930300980045
5.4875 -366.44719735968306
5.4925 -26.964986528823747
5.4975 420.61739112026817
5.5024999999999995 -323.8865376363642
5.507499999999999 6.447614799627657
5.5125 67.30199614608013
5.5175 -69.54507897795621
5.5225 -135.30535391756757
5.5275 63.531769563402186
5.5325 154.0721240696224
5.5375 -225.04998177394737
5.5424999999999995 36.58698809553097
5.547499999999999 -188.95170030059361
5.552499999999999 199.68887064659506
5.5575 23.470936833523275
5.5625 1.3813963005368202
5.5675 -55.32078238595537
5.5725 81.57229941133302
5.5775 -26.49445672433607
5.5825 80.51752975317082
5.5874999999999995 -172.29764065096927
5.592499999999999 -356.28578966844765
5.5975 41.828190801770766
5.6025 364.86405677830373
5.6075 -139.8937903003437
5.6125 167.7879293580293
5.6175 88.11029538350381
5.6225 -37.98548643167788
5.6274999999999995 107.61046772007178
5.632499999999999 1.9537653914158657
5.6375 37.216005886529814
5.6425 -37.75390931623105
5.6475 71.18517906201066
5.6525 -172.6910819476621
5.6575 14.538599557780106
5.6625 93.02698100984419
5.6674999999999995 238.95019735703454
5.672499999999999 -191.05120893157098
5.677499999999999 -27.61668580079653
5.6825 225.0238572533199
5.6875 -163.8020349150476
5.6925 -112.02058597248016
5.6975 -32.424116039129906
5.7025 26.088635169719048
5.7075 -90.77643996931702
5.7124999999999995 120.94427604215922
5.717499999999999 -26.614337559565627
5.7225 -36.72547629288734
5.7275 14.5071284963285
5.7325 29.629187611782758
5.7375 269.3878768927871
5.7425 -4.8574318165721335
5.7475 55.771196343771834
5.7524999999999995 -320.527111699451
5.757499999999999 -95.39009889396712
5.7625 179.76546918062414
5.7675 -307.9128436626432
5.7725 -92.01717061242763
5.7775 209.58702067843083
5.7825 -46.8398314773782
5.7875 -66.22272650935122
5.7924999999999995 81.26716630519519
5.797499999999999 -79.2151744110281
5.802499999999999 188.55751739373926
5.8075 -28.728907877117365
5.8125 80.40376075413437
5.8175 -122.01493952718356
5.8225 240.12599395129698
5.8275 -142.60539170073923
5.8325 -66.51962242668246
5.8374999999999995 79.87966658987234
5.842499999999999 -163.30563454798988
5.8475 -25.69002207639918
5.8525 -133.6831985361698
5.8575 10.727460989968538
5.8625 267.33766507354295
5.8675 104.892567797994
5.8725 -311.8000972762242
5.8774999999999995 21.638075478297992
5.882499999999999 -25.676427030502722
5.8875 -123.4966984730129
5.8925 180.20902679722724
5.8975 -67.74726357149079
5.9025 21.936491196439402
5.9075 215.42095122718155
5.9125 -40.61528080330869
5.9174999999999995 -60.49993274358445
5.922499999999999 243.98963657109684
5.927499999999999 -105.17127742355278
5.9325 130.96567915642478
5.9375 -253.0318179438362
5.9425 5.665723468954688
5.9475 -71.22660291079377
5.9525 102.6819510694506
5.9575 58.33649010585048
5.9624999999999995 -142.56189486996797
5.967499999999999 26.479797159950067
5.9725 -60.85244679134329
5.9775 1.922957121018874
5.9825 47.20399219955331
5.9875 230.80365746452702
5.9925 -204.14617677328778
5.9975 132.6119834489813
6.0024999999999995 219.76798129790757
6.007499999999999 -154.38457458901155
6.012499999999999 -211.95995950223056
6.0175 79.30154673062903
6.0225 113.5272385976575
6.0275 -26.101660717961273
6.0325 -84.29823125041962
6.0375 64.68617341514393
6.0424999999999995 -70.42677003549177
6.047499999999999 -85.3571216083369
6.052499999999999 64.00123642841415
6.0575 139.70797369647227
6.0625 91.86165275092833
6.0675 -151.12362075729217
6.0725 -171.10038604828122
6.0775 -53.78004148390528
6.0825 97.3629508782068
6.0874999999999995 92.39365040574113
6.092499999999999 75.0302903755165
6.0975 42.52813894663242
6.1025 149.8437329397496
6.1075 -274.3994457232653
6.1125 369.0901104413721
6.1175 -45.082143286173526
6.1225 -299.1246453484115
6.1274999999999995 12.49511117941872
6.132499999999999 -92.64405173454723
6.137499999999999 -238.93516040834345
6.1425 147.8150899230681
6.1475 137.32183247488146
6.1525 -16.502807230814387
6.1575 -10.222400192605889
6.1625 -241.635252015084
6.1674999999999995 449.9141333579252
6.172499999999999 103.66436110306603
6.177499999999999 -133.078613089312
6.1825 -25.636382976636952
6.1875 250.22134912555558
6.1925 -193.04203193536452
6.1975 -37.243285718942005
6.2025 63.93434887629086
6.2075 -171.82749875754556
6.2124999999999995 -49.69862969825293
6.217499999999999 266.80113064883125
6.2225 -148.84809603362876
6.2275 141.82235479553353
6.2325 -158.21396603034538
6.2375 133.5362526144088
6.2425 75.88705143638599
6.2475 162.7940419625479
6.2524999999999995 -312.4439070056017
6.257499999999999 432.6873380230446
6.262499999999999 -285.7195874484989
6.2675 -157.4329810536101
6.2725 247.73103075601554
6.2775 -60.52274804598038
6.2825 -29.385078389915193
6.2875 230.77945450504075
6.2924999999999995 -287.74955341559996
6.297499999999999 -143.7048506082824
6.302499999999999 241.76413553186583
6.3075 -41.15309580823553
6.3125 -231.00278758928775
6.3175 72.0535217945605
6.3225 164.7175491725094
6.3275 70.77515384362032
6.3325 -183.60389863394468
6.3374999999999995 -124.99705899125169
6.342499999999999 162.2917371364466
6.3475 128.49517780518883
6.3525 -67.96103756918757
6.3575 33.797643850589154
6.3625 -11.661036336564647
6.3675 -261.7951149468197
6.3725 -4.862334654510365
6.3774999999999995 110.76912829892403
6.382499999999999 -17.15457150552312
6.387499999999999 -74.59639790255908
6.3925 -14.994905342529538
6.3975 6.419185181979174
6.4025 45.63853433611957
6.4075 184.9603101986694
6.4125 2.3730327751225375
6.4174999999999995 -149.28961751189973
6.422499999999999 42.03070906255836
6.427499999999999 -99.43384672593153
6.4325 268.6779343798965
6.4375 -213.85704171839134
6.4425 285.5045781356501
6.4475 -175.15397297858146
6.4525 -22.199893861942385
6.4575 -1.6390992524559966
6.4624999999999995 -90.09045293839114
6.467499999999999 -20.77023171411804
6.4725 153.74143699318716
6.4775 -181.4075140792656
6.4825 13.587987305782326
6.4875 -5.750402296224303
6.4925 210.39435860646086
6.4975 -8.578847792191638
6.5024999999999995 93.41082795534462
6.507499999999999 152.16219308897593
6.512499999999999 -234.06391202339313
6.5175 99.07011898250673
6.5225 -52.62793845268874
6.5275 -101.86614232435961
6.5325 6.39035192892072
6.5375 -8.452488230326649
6.5424999999999995 -120.16662044897797
6.547499999999999 5.01168891365749
6.552499999999999 19.035055362701094
6.5575 -65.11834494395669
6.5625 106.89392571888392
6.5675 87.52236195331488
6.5725 258.51432922774933
6.5775 -77.82298318245111
6.5825 -107.3503186125629
6.5874999999999995 87.88535381050329
6.592499999999999 -54.49505973674841
6.5975 78.54853398386986
6.6025 -73.92377169714506
6.6075 36.84288491879904
6.6125 -242.43496455637376
6.6175 91.85491509892111
6.6225 -3.3819526087396774
6.6274999999999995 16.404578359542427
6.632499999999999 -97.74708454630164
6.637499999999999 -109.31655294984638
6.6425 102.66427782558796
6.6475 84.51874421596848
6.6525 -58.64523704830435
6.6575 156.94558317072799
6.6625 -389.73348431607377
6.6674999999999995 -57.862748324066175
6.672499999999999 287.600799523005
6.677499999999999 -39.97446672633328
6.6825 226.1496041094218
6.6875 -47.90700007846159
6.6925 -7.71005530386959
6.6975 -79.1145321487034
6.7025 98.6815976297353
6.7075 64.73715865320575
6.7124999999999995 235.7516367270881
6.717499999999999 -130.32317969601198
6.722499999999999 -12.12503228051737
6.7275 -322.6944820682917
6.7325 242.21659464155175
6.7375 65.61135630324029
6.7425 -469.4416196072871
6.7475 161.0996011044611
6.7524999999999995 -14.307983617657346
6.757499999999999 47.63083426062899
6.762499999999999 22.54732881434435
6.7675 -2.7196096650930723
6.7725 220.21601528713066
6.7775 -101.15558728568791
6.7825 252.70920772051173
6.7875 30.303395331130744
6.7924999999999995 -219.61238553839272
6.797499999999999 -77.14007075461875
6.802499999999999 -22.60993954172025
6.8075 216.79082651648596
6.8125 -137.2914188263572
6.8175 37.79371783386736
6.8225 -386.8741602835941
6.8275 186.95137872574927
6.8325 -87.30795212601903
6.8374999999999995 241.16969419618178
6.842499999999999 -88.85812949124265
6.847499999999999 91.80148942919472
6.8525 -68.71343081618794
6.8575 157.88168230776034
6.8625 24.35790495527447
6.8675 -60.36691530280671
6.8725 -82.9034809667642
6.8774999999999995 -83.3207456345981
6.882499999999999 108.13611168640668
6.887499999999999 -142.7239201106245
6.8925 254.881796072134
6.8975 -394.1193710222663
6.9025 -17.603604089408414
6.9075 168.7772785323957
6.9125 -34.998519921493454
6.9174999999999995 -135.4024253717031
6.922499999999999 287.97141207486726
6.927499999999999 118.66824737073256
6.9325 15.318670548677511
6.9375 -277.33627946547875
6.9425 245.58114786663972
6.9475 4.703819199737799
6.9525 -121.71815604879535
6.9575 169.8568963252258
6.9624999999999995 -151.9658521934553
6.967499999999999 246.66486635838302
6.972499999999999 -50.827252004329225
6.9775 -150.2897174183672
6.9825 61.31790001702739
6.9875 106.84898132718516
6.9925 194.06010804252494
6.9975 -211.2585003727193
7.0024999999999995 -21.765087271562617
7.007499999999999 -25.56771903395634
7.012499999999999 76.37823079421898
7.0175 -227.4338299056015
7.0225 173.10061023724208
7.0275 -298.1912938188016
7.0325 398.79016290261586
7.0375 110.43429367949864
7.0424999999999995 109.8856695354072
7.047499999999999 -109.59456386178593
7.052499999999999 -11.467028170807044
7.0575 159.2697202036298
7.0625 -43.04049814328821
7.0675 -121.99391916875747
7.0725 272.1946158172353
7.0775 -229.57909240313768
7.0825 -90.60823525804174
7.0874999999999995 15.779584422117146
7.092499999999999 125.52744605195917
7.097499999999999 -294.0024050176909
7.1025 184.8476430881164
7.1075 -73.36112248905778
7.1125 189.17098795141138
7.1175 113.54783762256031
7.1225 -66.18035077839835
7.1274999999999995 -331.6927658697085
7.132499999999999 221.65796084669776
7.137499999999999 174.38409767997626
7.1425 -173.6794469687636
7.1475 79.59661046558101
7.1525 17.18410577492929
7.1575 -439.1960084845958
7.1625 315.7787090771549
7.1674999999999995 -282.5465502776972
7.172499999999999 139.58563584993294
7.177499999999999 -84.17645934875343
7.1825 211.61362242498527
7.1875 -201.2841935828321
7.1925 -68.46188101799038
7.1975 83.54811204650161
7.2025 -13.620181954432965
7.2075 143.4423174530611
7.2124999999999995 -49.0767977360197
7.217499999999999 156.17435492044046
7.222499999999999 61.49278032177682
7.2275 -262.67093680995384
7.2325 92.61552948142081
7.2375 62.16418673900814
7.2425 15.830089705767273
7.2475 -100.32602717233142
7.2524999999999995 18.875096027254617
7.257499999999999 256.928957236661
7.262499999999999 -301.9226525895557
7.2675 196.3179319224798
7.2725 -123.91961811570545
7.2775 -99.26028915777684
7.2825 0.9203124199416244
7.2875 -170.1085521969669
7.2924999999999995 81.05783907360912
7.297499999999999 -186.88727340935623
7.302499999999999 81.46654838134994
7.3075 203.1661588469345
7.3125 -187.5757952838152
7.3175 243.08340290162124
7.3225 69.22251987520443
7.3275 -45.487142437754756
7.3325 -305.5492783912688
7.3374999999999995 315.32889790786754
7.342499999999999 181.30774777897443
7.347499999999999 -66.29646935001198
7.3525 -62.55690274201561
7.3575 9.684520250735352
7.3625 -31.059281751473748
7.3675 -266.83962911132767
7.3725 144.1876919835927
7.3774999999999995 -121.31216284221671
7.382499999999999 336.51706997615366
7.387499999999999 -10.096683914395504
7.3925 -232.65124197234104
7.3975 -39.98246258919304
7.4025 -135.4590572290087
7.4075 281.9687856307731
7.4125 69.577046112919
7.4174999999999995 263.94475858270437
7.422499999999999 -154.26002224136968
7.427499999999999 -100.40410835348662
7.4325 248.9737024018751
7.4375 202.37037851062396
7.4425 -67.49061119010567
7.4475 -70.6855898765258
7.4525 -95.15138332016953
7.4575 -167.78976117855123
7.4624999999999995 85.68590255191185
7.467499999999999 -92.1369177578197
7.472499999999999 -346.6986653591896
7.4775 153.0611319119395
7.4825 192.18856535526422
7.4875 -118.78637837465382
7.4925 16.00532076541147
7.4975 19.787406005112196
7.5024999999999995 -81.17592246476362
7.507499999999999 9.049386676008831
7.512499999999999 -54.68814786378179
7.5175 113.34160025786811
7.5225 -131.61394591550285
7.5275 53.768610476461106
7.5325 333.973885828874
7.5375 -55.37461702026338
7.5424999999999995 34.450228159812944
7.547499999999999 -126.9242285264122
7.552499999999999 -4.902101065111244
7.557499999999999 31.291666269325003
7.5625 6.09362884781147
7.5675 -24.000479911339294
7.5725 226.4370625242677
7.5775 -3.8314073156551895
7.5825 -28.886916632931513
7.5874999999999995 -11.672898546368556
7.592499999999999 73.17706414998077
7.597499999999999 240.95812759402534
7.6025 32.13387198072119
7.6075 -301.3343444067515
7.6125 -10.482967015064697
7.6175 -131.57589089272338
7.6225 -95.4302771640083
7.6274999999999995 91.25243184580728
7.632499999999999 -15.564824593453297
7.637499999999999 -205.20265429938635
7.6425 71.67492493845613
7.6475 71.33515405863317
7.6525 -160.86135433329005
7.6575 198.45446753954582
7.6625 27.30695579064978
7.6674999999999995 234.03265379984717
7.672499999999999 -408.3725259341702
7.677499999999999 222.61706226768024
7.682499999999999 -153.54616636475333
7.6875 24.760632917511874
7.6925 -127.27263976990601
7.6975 284.20968363384816
7.7025 82.00011952344305
7.7075 -170.05609498905545
7.7124999999999995 165.82009406520405
7.717499999999999 -74.65780653986562
7.722499999999999 231.98550053038932
7.7275 -405.5635355991712
7.7325 413.1931048838244
7.7375 -311.5318072997523
7.7425 -34.58208055155405
7.7475 9.430993000886273
7.7524999999999995 216.45978653046004
7.757499999999999 -221.4335119260118
7.762499999999999 45.801446719378866
7.7675 4.301101558658494
7.7725 -183.73436570422004
7.7775 20.129341712894373
7.7825 -108.05372821890612
7.7875 -10.811098194449128
7.7924999999999995 148.40365153759186
7.797499999999999 38.75563463650652
7.802499999999999 157.7493185787077
7.807499999999999 -264.56742321156327
7.8125 252.3514193060192
7.8175 -86.8599927585634
7.8225 22.81850700448573
7.8275 -25.963138308638612
7.8325 92.80222181294089
7.8374999999999995 12.262060844069683
7.842499999999999 -216.0122274296459
7.847499999999999 87.05358695952887
7.8525 108.60897718130828
7.8575 170.35407088605334
7.8625 -93.89464996403484
7.8675 -73.30648117606
7.8725 15.947262400696056
7.8774999999999995 91.06155052218404
7.882499999999999 323.84944061443304
7.887499999999999 -398.3182151190378
7.8925 218.56693100914413
7.8975 -89.14555211510842
7.9025 -382.50673389386554
7.9075 228.75668482767196
7.9125 113.51480439009414
7.9174999999999995 -34.21361030588685
7.922499999999999 -203.55416333584603
7.927499999999999 540.3543033842465
7.932499999999999 -500.1655923772645
7.9375 368.9471265284763
7.9425 -369.17120569675734
7.9475 63.46560467327453
7.9525 -28.978578648858722
7.9575 -288.5458553528119
7.9624999999999995 256.63751760161495
7.967499999999999 -368.5413173428009
7.972499999999999 384.21839060814256
7.9775 23.043327256590413
7.9825 3.262940231115927
7.9875 105.91611758948787
7.9925 73.58739924983499
7.9975 12.223083150876263
8.0025 -16.134223559320485
8.0075 -200.9326353647776
8.0125 296.340756596248
8.0175 159.31262622006014
8.022499999999999 8.388537018898512
8.0275 16.839296656732273
8.032499999999999 -5.896619766272352
8.0375 -208.17937774686376
8.0425 -206.21569983296902
8.0475 94.76096872981745
8.0525 120.97651792552823
8.0575 17.66052622208956
8.0625 -86.44954495659714
8.067499999999999 160.39819138492425
8.0725 -184.83027104114163
8.077499999999999 113.69698811079523
8.0825 55.327921896982
8.0875 -152.99443213087736
8.0925 241.72147873645147
8.0975 -255.01771389814613
8.1025 -285.5311160947318
8.1075 16.682553217332885
8.112499999999999 85.49826978607227
8.1175 107.35168617012307
8.1225 83.82864016965314
8.1275 63.72312077522396
8.1325 -86.3660501265301
8.1375 244.61408416973742
8.1425 -306.23731866650996
8.147499999999999 -153.16858551358342
8.1525 114.77567482825236
8.157499999999999 -231.34436038705826
8.1625 87.65597626131989
8.1675 202.20469706344701
8.1725 -233.956895874372
8.1775 421.599721084724
8.1825 -200.17678170897153
8.1875 152.97793748925338
8.192499999999999 69.88235659494362
8.1975 150.7396598596271
8.202499999999999 -390.3220988275608
8.2075 278.7858171867033
8.2125 -161.51762350155607
8.2175 76.82178156842885
8.2225 -124.19794904111428
8.2275 136.32443470517265
8.2325 -53.907098410648516
8.237499999999999 -10.31670962259371
8.2425 7.018197038982756
8.2475 151.276453308399
8.2525 190.518899158358
8.2575 -342.02070938618675
8.2625 178.06798549709708
8.2675 -96.5913226110827
8.272499999999999 53.163796269974846
8.2775 59.60368554706868
8.282499999999999 -62.147416510126874
8.2875 -332.78461624977365
8.2925 35.04769695844851
8.2975 336.2496237194043
8.3025 -98.6995758206436
8.3075 -112.67038411180313
8.3125 284.19616819656557
8.317499999999999 -154.11797165723118
8.3225 -142.5185530457209
8.327499999999999 86.96774650441927
8.3325 251.9175928884736
8.3375 -200.26422459994836
8.3425 232.94454458053605
8.3475 1.7488322921461972
8.3525 143.5022733976452
8.3575 -89.26106118738413
8.362499999999999 341.87439460941147
8.3675 -301.04179113930655
8.3725 -10.916997224082548
8.3775 -166.26122921142493
8.3825 79.30054010931322
8.3875 -3.8229088000599507
8.3925 157.2314919150854
8.397499999999999 -120.04278744082345
8.4025 81.15433366135917
8.407499999999999 112.31166585554224
8.4125 -125.47668654708262
8.4175 167.6120539620546
8.4225 -317.5615842495263
8.4275 227.94622236023608
8.4325 -300.1272909705802
8.4375 146.78141983719237
8.442499999999999 -1.9776006051606652
8.4475 -65.07225966542246
8.452499999999999 -119.35861324935745
8.4575 338.1350075484459
8.4625 -282.54362640463205
8.4675 107.71507896523948
8.4725 -9.265602881760719
8.4775 -61.25947339668061
8.4825 23.48588535743994
8.487499999999999 -39.01468869792516
8.4925 11.234406800881485
8.4975 28.084414961089976
8.5025 139.94091481669813
8.5075 -114.01799451661545
8.5125 -35.831246812875726
8.5175 102.5742481152062
8.522499999999999 -361.43540957262064
8.5275 -62.7860339650417
8.532499999999999 426.38263002780405
8.5375 -198.21112055370793
8.5425 402.79356085369756
8.5475 -38.31392999263142
8.5525 -323.42716178818597
8.5575 -11.761620701715625
8.5625 117.53294035458747
8.567499999999999 -78.55453206527504
8.5725 -114.10640461935458
8.577499999999999 69.31025619958442
8.5825 231.2491669067031
8.5875 -204.05132741925888
8.5925 100.25254513212138
8.5975 -111.12307556490138
8.6025 76.56868065231353
8.6075 13.31050207797528
8.612499999999999 117.4255987313409
8.6175 -184.51356771117372
8.6225 179.53015822381028
8.6275 -385.2206472665714
8.6325 17.28846161461021
8.6375 393.4099659004154
8.6425 -205.23877108269107
8.647499999999999 -63.55216884305565
8.6525 122.18424902180102
8.657499999999999 -86.58908793519112
8.6625 -76.72280056023646
8.6675 365.32383349861766
8.6725 -107.42145976477184
8.6775 -26.776842557257105
8.6825 47.95815091559871
8.6875 40.58354657288562
8.692499999999999 -232.7424150203193
8.6975 18.791844102148236
8.702499999999999 37.372795380499205
8.7075 147.65539109611922
8.7125 -85.7631894891112
8.7175 -423.2363518122278
8.7225 232.32225602013736
8.7275 -38.98082727270581
8.7325 2.613217621287752
8.737499999999999 93.89861295978378
8.7425 78.42974529987184
8.747499999999999 115.42756621357431
8.7525 20.463617098255394
8.7575 22.290711368640185
8.7625 148.6956538278989
8.7675 68.61793469151559
8.772499999999999 36.06630433797006
8.7775 -118.58325114086628
8.782499999999999 158.20534935188195
8.7875 -60.003477637380676
8.7925 -21.41841965408917
8.7975 73.72210610382498
8.8025 16.2886369006466
8.8075 -96.70433236763651
8.8125 157.47564021754525
8.817499999999999 -112.86170492760871
8.8225 84.86606975587056
8.827499999999999 -250.8506898248824
8.8325 56.16173330769564
8.8375 -126.41362414045807
8.8425 70.26530113404091
8.8475 73.888792066966
8.8525 -90.84233853244557
8.8575 -22.103095050861313
8.862499999999999 -64.62587692991076
8.8675 148.03388518474023
8.872499999999999 15.788803494356232
8.8775 -123.0953318427447
8.8825 353.07507505654826
8.8875 -194.41820696350763
8.8925 264.9474861820076
8.897499999999999 -312.4732167918752
8.9025 137.04188121811538
8.907499999999999 -114.6511111643447
8.9125 -121.50542150274362
8.9175 109.78191806326923
8.9225 71.8209634536036
8.9275 10.574352177233935
8.9325 -112.49611230305992
8.9375 -158.80984847931714
8.942499999999999 -15.846792250878691
8.9475 240.37224273690245
8.952499999999999 -193.0142055009986
8.9575 278.6823204621297
8.9625 85.9175309853081
8.9675 -288.6913020009425
8.9725 15.858196415087779
8.9775 -253.28494175565206
8.9825 28.41040578722955
8.987499999999999 299.7745848094722
8.9925 200.33516416472517
8.997499999999999 -95.43433338736536
9.0025 26.488553317968364
9.0075 139.8720353386299
9.0125 11.46179979285112
9.0175 -156.81709828914563
9.022499999999999 17.064836939142857
9.0275 -103.43167525674245
9.032499999999999 -243.3954184027006
9.0375 -241.1089269016587
9.0425 312.1604045467348
9.0475 119.86110913613201
9.0525 -224.62048501232022
9.0575 84.98323666108199
9.0625 15.477177483354625
9.067499999999999 56.89426019220976
9.0725 -38.52187348176558
9.077499999999999 237.52599451793853
9.0825 -97.16031024384749
9.0875 -89.70483433937487
9.0925 12.3998369061893
9.0975 -138.57347515622456
9.1025 -309.0881907643024
9.1075 627.0564731842895
9.112499999999999 -223.2847372120653
9.1175 -95.48711218775992
9.122499999999999 88.64341861200751
9.1275 210.0413395374458
9.1325 -63.70210515383935
9.1375 -287.39630144204517
9.1425 160.7177274657009
9.147499999999999 -74.74388279437366
9.1525 122.37842482619344
9.157499999999999 -1.644525270309483
9.1625 -138.5328439723835
9.1675 -6.802011171678861
9.1725 -47.658342893789765
9.1775 88.00977036295588
9.1825 87.16185197690406
9.1875 104.05640707787217
9.192499999999999 -19.404567720487126
9.1975 -193.27283875523187
9.202499999999999 -150.4956359045063
9.2075 238.826637682753
9.2125 -208.0222182373205
9.2175 138.36262943967319
9.2225 29.63917434791159
9.2275 -88.75218161086892
9.2325 154.31097728079203
9.237499999999999 -93.1243924782908
9.2425 71.82476519256525
9.247499999999999 -310.54472127985207
9.2525 332.62647964318353
9.2575 -182.0153704573817
9.2625 -177.52688364330123
9.2675 332.40630142856645
9.272499999999999 60.2088694401676
9.2775 -22.29427862404828
9.282499999999999 -19.536753086769362
9.2875 0.8520458624079109
9.2925 117.01850659692968
9.2975 80.52218758079663
9.3025 5.986916461575645
9.3075 116.24419084826906
9.3125 -58.3660737194388
9.317499999999999 -20.256474432301378
9.3225 -110.0379338389124
9.327499999999999 120.29852991548975
9.3325 -126.17098682264783
9.3375 -78.05294101921656
9.3425 -20.175826300998587
9.3475 -87.29665982198686
9.3525 -128.15339605125496
9.3575 178.09638590298974
9.362499999999999 -193.95273237179265
9.3675 141.02973077628212
9.372499999999999 -2.879438036968113
9.3775 170.571001135017
9.3825 -54.40815555265615
9.3875 -5.147377704536196
9.3925 -57.896394082313414
9.397499999999999 57.30777269553698
9.4025 -244.65271977616408
9.407499999999999 27.44025265108297
9.4125 -24.380126285301813
9.4175 15.022447159652813
9.4225 223.3564991798779
9.4275 173.3124236261015
9.4325 234.38431307478675
9.4375 -356.56302712678007
9.442499999999999 11.747595374550833
9.4475 -24.831608840726883
9.452499999999999 107.48891974230416
9.4575 -30.257604620915895
9.4625 81.40687968569817
9.4675 31.33050632514635
9.4725 -168.4681942073204
9.4775 21.667956209655085
9.4825 113.17010382909784
9.487499999999999 -91.07590810017531
9.4925 -1.1466961589057267
9.497499999999999 25.641935315596736
9.5025 56.76054745900943
9.5075 -32.368585412385336
9.5125 -140.19376953824064
9.5175 53.937427318763994
9.522499999999999 -44.984260745267996
9.5275 98.21601230967558
9.532499999999999 -143.57586860051296
9.5375 138.91407843950424
9.5425 -149.36223583154546
9.5475 147.83774245545513
9.5525 -231.86649473198983
9.5575 78.75554059146562
9.5625 194.2452065240655
9.567499999999999 67.6502344875597
9.5725 131.77488532098315
9.577499999999999 23.560721928346062
9.5825 162.41435413947238
9.5875 -290.59244386165705
9.5925 -133.40719955101704
9.5975 -19.59424919097726
9.6025 -78.24727972520233
9.6075 112.2106137075445
9.612499999999999 0.36144731849491696
9.6175 219.71272397213986
9.622499999999999 -240.9775584776561
9.6275 339.6447684623451
9.6325 76.06845749277643
9.6375 -349.354989794833
9.6425 -157.86856886108166
9.647499999999999 18.416014336194262
9.6525 -124.5483111561935
9.657499999999999 252.68131292800547
9.6625 -224.9111293507345
9.6675 -136.31549248669154
9.6725 135.8197024084786
9.6775 -38.32699264769864
9.6825 113.83340069447372
9.6875 144.5351302913991
9.692499999999999 -159.512090141765
9.6975 83.8778340823185
9.702499999999999 -94.9835349396816
9.7075 94.83959493391252
9.7125 26.505215071889207
9.7175 172.2090735021464
9.7225 -97.87991711087693
9.7275 24.001608116719922
9.7325 0.45971277025390833
9.737499999999999 108.08505322157856
9.7425 -83.22859307170808
9.747499999999999 -84.76905317246562
9.7525 -163.1369219205997
9.7575 -10.560006047092937
9.7625 95.90460923379561
9.7675 160.84711764854507
9.772499999999999 207.06340130199615
9.7775 -243.97322166967126
9.782499999999999 -38.50445827507946
9.7875 -130.38601028461548
9.7925 -42.03071034550709
9.7975 240.2692225784401
9.8025 84.19786755245121
9.8075 -49.91210289381533
9.8125 53.26878786009858
9.817499999999999 -81.18963593669724
9.8225 50.4690818632436
9.827499999999999 164.70103038513227
9.8325 -84.46795997320861
9.8375 108.59446466258507
9.8425 11.284785796321433
9.8475 243.46795905460363
9.8525 94.17211894526992
9.8575 -288.77693349988886
9.862499999999999 -167.66806605643245
9.8675 -30.01565993094243
9.872499999999999 -188.26459743322877
9.8775 -167.17488582490947
9.8825 229.6351981856694
9.8875 -23.911945921806815
9.8925 22.42067947054566
9.897499999999999 83.22295967670509
9.9025 31.760940231480884
9.907499999999999 -1.1812234016228536
9.9125 -31.08318775767187
9.9175 -91.83485721521585
9.9225 -65.75207926571002
9.9275 247.1116148165247
9.9325 -87.97293670737294
9.9375 5.43035961517758
9.942499999999999 -123.45006835246748
9.9475 -59.103706345168135
9.952499999999999 89.44944569539068
9.9575 143.2440238437723
9.9625 -131.85448946097617
9.9675 120.46079385040338
9.9725 325.17248143248565
9.9775 -80.47376633223145
9.9825 -91.81094614301503
9.987499999999999 -263.45089911206605
9.9925 296.90113649829436
9.997499999999999 -76.81500602008973
10.0025 168.39781677146664
