0.0075 150.61819553669628
0.012499999999999999 -318.50075825282113
0.017499999999999998 -223.08024623666768
0.0225 130.68594869842573
0.0275 -119.38746051616361
0.0325 1.2487009785801408
0.0375 22.829683790703477
0.042499999999999996 5.735137706372922
0.0475 223.53615911014273
0.0525 26.256507761752346
0.057499999999999996 -146.38962413607808
0.0625 1.7421138514738888
0.06749999999999999 68.42553080380797
0.0725 -9.465757095677711
0.0775 223.20996617023306
0.08249999999999999 230.6093315551325
0.0875 -373.21349478311305
0.0925 -201.2698135038938
0.09749999999999999 -9.565380762498389
0.1025 -110.12216396308567
0.1075 467.63170961281605
0.11249999999999999 -307.22879723971283
0.1175 368.0573948693558
0.1225 -56.97676208574749
0.1275 -63.59597937124091
0.1325 -163.65343787115964
0.13749999999999998 151.45533919292654
0.1425 -137.53710600937762
0.1475 -59.95758333727943
0.1525 270.5278551373585
0.1575 -139.58746257155607
0.1625 219.37660429862686
0.16749999999999998 58.95321501102363
0.1725 102.80358303101622
0.1775 -38.2957855447254
0.1825 -279.16764588936167
0.1875 261.29031212084135
0.1925 -151.2117597301985
0.19749999999999998 32.49371765285582
0.20249999999999999 -19.693573108339447
0.2075 319.9523422443833
0.2125 -252.0111702481751
0.2175 -222.52286093434748
0.2225 -154.2429946825785
0.22749999999999998 124.84522602169073
0.23249999999999998 169.85462966732268
0.2375 31.356711901817057
0.2425 -246.8223376409171
0.2475 41.067829587821606
0.2525 102.78877451299239
0.2575 252.72778751568876
0.2625 17.2616770662023
0.2675 -336.4089548993
0.27249999999999996 110.86731980020203
0.27749999999999997 79.61682552695444
0.2825 6.262625171352892
0.2875 -279.5029250011798
0.2925 157.52081396100263
0.2975 162.14378169851108
0.3025 -152.55660291327592
0.3075 -63.89639096286184
0.3125 -1.7592922060857001
0.3175 109.34549495748229
0.3225 113.53869513249191
0.32749999999999996 -184.81253213662058
0.33249999999999996 -66.66154655813017
0.33749999999999997 -152.88966930038208
0.34249999999999997 51.74499056593776
0.3475 66.46923583223848
0.3525 -144.7892251967196
0.3575 38.49664715683767
0.3625 -62.8053118817078
0.3675 -24.27882899540716
0.3725 -26.402813393405836
0.3775 -146.2413207887623
0.3825 139.50159369419754
0.38749999999999996 112.1184737767651
0.39249999999999996 32.62308967704095
0.39749999999999996 61.36895142563747
0.40249999999999997 -44.40756147213262
0.4075 211.55950238392768
0.4125 -104.3074655396
0.4175 -58.67552529681374
0.4225 -222.65562336439186
0.4275 216.35984982414777
0.4325 -108.65061386799705
0.4375 -191.703735869959
0.4425 150.64148914869784
0.44749999999999995 332.22025333468844
0.45249999999999996 -228.16198433634324
0.45749999999999996 141.05412667152063
0.46249999999999997 -295.28742384066993
0.46749999999999997 109.2119495997478
0.4725 284.5455125056477
0.4775 -230.37613989804584
0.4825 47.22111489392767
0.4875 38.53296342222275
0.4925 127.74797556615042
0.4975 96.89002123586843
0.5025 55.22952222904757
0.5075 -90.64390465409498
0.5125 -5.926505234670931
0.5175 -242.50614018371797
0.5225 182.4443387757142
0.5275 -155.16319525570725
0.5325 -33.33846873454393
0.5375 56.25797341105031
0.5425 -68.16151416509459
0.5475 -20.77504599569738
0.5525 112.9883538108617
0.5575 -63.72980974097147
0.5625 147.7032202144986
0.5675 -11.666526304478197
0.5725 97.28627528252817
0.5775 190.5150334693363
0.5825 -96.47393082798517
0.5875 -207.92382699079317
0.5925 -157.87018024469387
0.5974999999999999 231.67231208520414
0.6024999999999999 -35.72750849918633
0.6074999999999999 295.45058465543826
0.6124999999999999 89.4093224276645
0.6174999999999999 -176.4247490968253
0.6224999999999999 -140.64493865942075
0.6275 112.0236347850145
0.6325 13.556912712498237
0.6375 2.3840027105287227
0.6425 176.85706124010915
0.6475 -267.9696727272265
0.6525 125.33234784032182
0.6575 -21.05231898184096
0.6625 -3.190903778066102
0.6675 -11.266791848170957
0.6725 -30.835123632501254
0.6775 119.76152678683987
0.6825 -5.470804738555846
0.6875 22.61362601267241
0.6925 -192.4356798352013
0.6975 113.16430463764283
0.7025 61.53838566234739
0.7075 -250.1055489883974
0.7125 75.14840455744066
0.7174999999999999 196.39102868331565
0.7224999999999999 21.61830385664145
0.7274999999999999 -34.90518441407675
0.7324999999999999 -23.513720213212935
0.7374999999999999 189.04316915049577
0.7424999999999999 -21.827996629928876
0.7474999999999999 -72.27051448036265
0.7525 -243.9428214427645
0.7575 87.72255511623966
0.7625 100.24410530320677
0.7675 -185.58030471514394
0.7725 238.43268189072094
0.7775 -140.5142731597409
0.7825 -146.52639962976824
0.7875 -80.48993648651361
0.7925 206.2791888209949
0.7975 145.73530422748755
0.8025 -73.59887012737833
0.8075 -144.26923541573643
0.8125 249.2839115111344
0.8175 -178.66789219439588
0.8225 63.415920476815344
0.8275 86.59787988418951
0.8325 -304.84560666863007
0.8374999999999999 -109.62577991250417
0.8424999999999999 94.87243736887442
0.8474999999999999 329.98992998722446
0.8524999999999999 -215.33642187988772
0.8574999999999999 13.670825928131048
0.8624999999999999 -98.61612467662583
0.8674999999999999 -79.57525851425086
0.8724999999999999 166.0169526140915
0.8775 68.86967344503465
0.8825 -186.15384411843903
0.8875 112.48412600908595
0.8925 -88.91533347789225
0.8975 -62.58146851282517
0.9025 116.95844327940523
0.9075 42.5437077598148
0.9125 -40.72282532983226
0.9175 148.19767839454698
0.9225 -146.52150968710959
0.9275 10.784966305090432
0.9325 -205.76732385566748
0.9375 206.31164492390667
0.9425 10.13644400894107
0.9475 -89.06514504658347
0.9524999999999999 75.90698174893231
0.9574999999999999 -138.68622648084838
0.9624999999999999 117.6700063868221
0.9674999999999999 252.5769424824466
0.9724999999999999 -300.83789298491325
0.9774999999999999 38.203446921372574
0.9824999999999999 369.64930463561757
0.9874999999999999 -394.5431146470085
0.9924999999999999 -162.46738979278308
0.9974999999999999 304.4935093489375
1.0025 47.61330534849913
1.0075 72.58559905798714
1.0125 -360.7958337056559
1.0174999999999998 -8.519333576726135
1.0225 -92.19819744233021
1.0274999999999999 -119.79524320595596
1.0325 95.47034621892635
1.0374999999999999 -11.617529768541429
1.0425 -134.15574447814782
1.0474999999999999 171.71988080687893
1.0525 3.7636365684637
1.0574999999999999 107.27828321218895
1.0625 -247.38859647461692
1.0675 233.2809571611143
1.0725 68.96619803404745
1.0775 -266.73545946369404
1.0825 235.27637141078384
1.0875 -57.742567213040196
1.0925 -184.0962117237067
1.0975 32.88726000643366
1.1025 140.81173594303664
1.1075 -48.24792705957618
1.1125 28.497393132716777
1.1175 201.20596818508054
1.1225 -471.4319574590818
1.1275 232.27589380560482
1.1324999999999998 -34.36839629447654
1.1375 148.2607476280634
1.1424999999999998 -51.38808449121429
1.1475 -29.230714524355715
1.1524999999999999 141.65634162386806
1.1575 -69.00046302888451
1.1624999999999999 -76.13776304140946
1.1675 72.0057525471221
1.1724999999999999 -85.59416507228207
1.1775 65.23076791594444
1.1824999999999999 36.47996825392021
1.1875 21.088913622429637
1.1925 -299.3455700747123
1.1975 6.865966454002026
1.2025 148.93011659111772
1.2075 -95.60188649226733
1.2125 62.26398357101203
1.2175 13.655009472946524
1.2225 151.41478380174922
1.2275 118.63617573687101
1.2325 4.611110922668443
1.2375 -24.65279789356397
1.2425 -161.80461031760507
1.2475 -106.74740165698412
1.2525 -129.64772210497827
1.2574999999999998 240.50419802771145
1.2625 242.66201753403232
1.2674999999999998 8.337475396042727
1.2725 -113.06091633868547
1.2774999999999999 115.33318276731326
1.2825 10.752331247278075
1.2874999999999999 -156.53033437721544
1.2925 -54.89153142414752
1.2974999999999999 149.53872378619732
1.3025 -204.84246045470246
1.3074999999999999 -174.03080491523085
1.3125 428.86945153963586
1.3175 101.2096272575859
1.3225 -74.84524363957492
1.3275 -70.23224526904319
1.3325 -40.070482346555295
1.3375 188.51401372057472
1.3425 127.84069736352568
1.3475 -3.3044332933385316
1.3525 131.50877490993287
1.3575 -185.2862699708703
1.3625 -59.38634087276719
1.3675 80.67090962994601
1.3724999999999998 -178.990862893419
1.3775 333.0550445234828
1.3824999999999998 -268.9832240715723
1.3875 -28.666830659038844
1.3924999999999998 -157.75211080149484
1.3975 119.4228068723044
1.4024999999999999 -59.42482104502008
1.4075 320.7784531994077
1.4124999999999999 -193.31106089030828
1.4175 219.45323791885457
1.4224999999999999 -193.98576797277957
1.4275 -243.09055386049818
1.4324999999999999 -54.15022298580938
1.4375 -45.94132615950284
1.4425 160.94203976879456
1.4475 -9.02694115891393
1.4525 -10.417915527063023
1.4575 -15.428709653881516
1.4625 -239.90845203185134
1.4675 137.12327214384013
1.4725 -144.9987861223523
1.4775 8.883968266218844
1.4825 70.39200146682781
1.4874999999999998 -56.63130649297208
1.4925 -42.326821525861575
1.4974999999999998 139.81862335369007
1.5025 123.52868008226915
1.5074999999999998 -111.8576659573207
1.5125 71.58395347791001
1.5174999999999998 -86.00755740607771
1.5225 86.88266055475079
1.5274999999999999 235.10088797209602
1.5325 -43.828512100082115
1.5374999999999999 114.98929566160776
1.5425 -156.13554381320597
1.5474999999999999 -147.64876818578355
1.5525 -33.53167607712139
1.5574999999999999 101.6108584874183
1.5625 -166.50184565470332
1.5675 172.6774001289933
1.5725 34.91832963121273
1.5775 -117.88278547422229
1.5825 -25.247099749693156
1.5875 -118.82672480966781
1.5925 6.410917728740874
1.5975 185.91983242683725
1.6025 -92.40320633426366
1.6075 143.3800648328631
1.6124999999999998 -67.38627021947164
1.6175 -126.89238008065551
1.6224999999999998 74.21838436047996
1.6275 -63.090856531793236
1.6324999999999998 48.08116477743344
1.6375 30.124613464139184
1.6424999999999998 160.81947832731785
1.6475 -61.97310738073387
1.6524999999999999 -144.1281163181724
1.6575 120.00647735990918
1.6624999999999999 66.26709442941802
1.6675 -210.37330456240636
1.6724999999999999 169.35801481755323
1.6775 -51.78624756559297
1.6824999999999999 93.55339632443444
1.6875 44.88325412550231
1.6925 125.20503511333831
1.6975 -209.57110132417847
1.7025 136.0820697672479
1.7075 -142.97775737352194
1.7125 -17.51783969013154
1.7175 114.81148528287432
1.7225 -298.70509558439846
1.7274999999999998 238.2674875693102
1.7325 13.967772637073793
1.7374999999999998 -427.1874073217418
1.7425 187.1556965493277
1.7474999999999998 11.78580106156649
1.7525 -120.04766067225238
1.7574999999999998 292.31954971302673
1.7625 -73.9357553594293
1.7674999999999998 -175.45750943856947
1.7725 73.44769744876675
1.7774999999999999 153.60476334588898
1.7825 178.17278635550875
1.7874999999999999 96.05173095242957
1.7925 -195.58321836698187
1.7974999999999999 148.11495886026987
1.8025 -17.392606787529477
1.8074999999999999 -41.41324807377204
1.8125 -18.77250170908414
1.8175 94.69830030264455
1.8225 -2.215045599164048
1.8275 -292.2911674657931
1.8325 63.55318546479238
1.8375 43.0300558616698
1.8425 17.216773070940647
1.8475 -8.568782236955863
1.8524999999999998 -239.71968606042068
1.8575 122.52398042627827
1.8624999999999998 235.15972781707214
1.8675 80.26406776922666
1.8724999999999998 -196.83771722117214
1.8775 -83.85112743192613
1.8824999999999998 146.07387031975918
1.8875 -16.4101206980813
1.8924999999999998 132.9609852436471
1.8975 -224.12021053483372
1.9024999999999999 195.9863848098459
1.9075 -166.0102104882118
1.9124999999999999 -60.5471122293578
1.9175 -34.53700589121441
1.9224999999999999 0.7455799339138549
1.9275 166.7993202806028
1.9324999999999999 22.673998158984862
1.9375 -19.051053696429
1.9425 74.46346757071089
1.9475 -140.7061653153835
1.9525 222.6102030316082
1.9575 -64.5310199110856
1.9625 15.179656013378223
1.9674999999999998 138.02032792702067
1.9725 -357.9672124128156
1.9774999999999998 85.45865976363268
1.9825 -33.87426944416323
1.9874999999999998 -117.06758964966582
1.9925 249.42750064687226
1.9974999999999998 62.80343966474874
2.0025 132.16052059833297
2.0075 -104.60701959512747
2.0124999999999997 -142.8907452901514
2.0175 116.67184483496584
2.0225 -269.35464674413805
2.0275 -166.91872109562846
2.0324999999999998 20.649653217945154
2.0375 247.09341707690197
2.0425 -45.66025498717872
2.0475 -268.62711250397365
2.0524999999999998 79.46511203610652
2.0575 148.23294093137036
2.0625 -105.99477497910607
2.0675 184.19909500140787
2.0725 -59.156439354161634
2.0775 311.6157924136132
2.0825 111.68901043759732
2.0875 -156.57549417271733
2.0925 124.2644473663288
2.0974999999999997 152.4565871246878
2.1025 117.9065089727387
2.1075 -249.94746759794717
2.1125 -135.46404191249707
2.1174999999999997 57.522014508976646
2.1225 -189.17576104704668
2.1275 346.7822751940971
2.1325 -150.46181605998444
2.1374999999999997 -36.88050729178946
2.1425 -148.97277457079247
2.1475 -13.936134463325315
2.1525 37.11352315200324
2.1574999999999998 37.68129329931384
2.1625 -70.42824154479567
2.1675 -59.64983551582569
2.1725 -57.341016364491956
2.1774999999999998 -119.59382788632773
2.1825 211.83192148156175
2.1875 -155.70074314412807
2.1925 182.32237982670154
2.1975 224.816863343627
2.2024999999999997 -158.3274324508569
2.2075 -9.073967776410981
2.2125 -140.07742477289608
2.2175 34.428622908347776
2.2224999999999997 157.13709109967226
2.2275 -158.90453723448118
2.2325 243.08963688111325
2.2375 -40.22197615710431
2.2424999999999997 48.92417697014267
2.2475 -291.0230437618203
2.2525 204.28200508895353
2.2575 -263.20996258952607
2.2624999999999997 60.38159039416203
2.2675 -3.755777290300128
2.2725 -131.78136829121826
2.2775 387.1912438269335
2.2824999999999998 -129.79189957139988
2.2875 89.84862798207566
2.2925 31.029764571602655
2.2975 15.514087597747833
2.3024999999999998 -72.51112891697765
2.3075 -194.7850340150132
2.3125 -100.33061236532109
2.3175 72.88323369062128
2.3225 54.45325245077389
2.3274999999999997 173.4078739593728
2.3325 -293.59981886240894
2.3375 310.86358206904794
2.3425 -241.23184707533957
2.3474999999999997 62.96378539392554
2.3525 -32.53110317377193
2.3575 211.36931332628387
2.3625 -249.2049258182243
2.3674999999999997 225.54274777750928
2.3725 149.57799122842832
2.3775 -161.95938472676002
2.3825 -222.54088037699205
2.3874999999999997 16.72025506735269
2.3925 -18.242231758568963
2.3975 115.67844782575334
2.4025 129.13257410673194
2.4074999999999998 26.337285109020126
2.4125 -195.34098869790847
2.4175 4.549325164225813
2.4225 -66.59884760335659
2.4274999999999998 -173.51161937862443
2.4325 -142.6304156487281
2.4375 247.17750837944286
2.4425 163.54051443402847
2.4475 -93.34858586190546
2.4524999999999997 163.32318133916172
2.4575 -40.39694161346406
2.4625 35.16943974704725
2.4675 135.07874069526036
2.4724999999999997 -250.35600847754623
2.4775 7.134359230853393
2.4825 3.467256462316502
2.4875 66.65523181866008
2.4924999999999997 216.17120175241632
2.4975 118.63263979857054
2.5025 98.12359763049001
2.5075 -173.01325577103967
2.5124999999999997 -154.31743202615493
2.5175 85.56378978063536
2.5225 102.70496888037005
2.5275 -52.37432073850573
2.5324999999999998 -243.90134127582152
2.5375 179.40299300303528
2.5425 -464.7945885543279
2.5475 261.6303664994388
2.5524999999999998 69.49989207605024
2.5574999999999997 -84.41675808129104
2.5625 11.478071793525237
2.5675 10.272294200527567
2.5725 -269.24278210157127
2.5774999999999997 -58.89511414451933
2.5825 93.3888709785491
2.5875 37.90625993915889
2.5925 83.63309562344017
2.5974999999999997 212.98415234710617
2.6025 -17.97168668718066
2.6075 13.00479736883144
2.6125 48.656194506613915
2.6174999999999997 -135.0522869502496
2.6225 -58.64710028462226
2.6275 155.9272068864595
2.6325 -72.5319628530836
2.6374999999999997 18.224156260933455
2.6425 -32.21796973090183
2.6475 -241.84825828309877
2.6525 279.55813416702574
2.6574999999999998 -190.58589934680109
2.6625 226.2946320557189
2.6675 -92.28018010348727
2.6725 30.38020290604859
2.6774999999999998 -194.94794136516592
2.6824999999999997 73.48091384683704
2.6875 116.95906646352965
2.6925 -4.004533813034647
2.6975 -32.4137253386299
2.7024999999999997 -3.099875473022159
2.7075 19.671360331303674
2.7125 -238.2342985408129
2.7175 39.28810231110233
2.7224999999999997 87.28601674244324
2.7275 156.21919312345926
2.7325 -20.970975294946612
2.7375 -32.83629101905583
2.7424999999999997 -160.4219050146042
2.7475 147.6237542382156
2.7525 113.93946805356052
2.7575 -219.44181414855714
2.7624999999999997 -86.60592338063312
2.7675 294.6977784963217
2.7725 -157.77032367333345
2.7775 14.931240820799683
2.7824999999999998 -10.159063118868769
2.7875 74.10091257401511
2.7925 190.01005405697808
2.7975 -53.65959562489402
2.8024999999999998 27.345187005055674
2.8074999999999997 -65.49925211111727
2.8125 -234.56303191280966
2.8175 383.19871690084483
2.8225 -37.52561602321007
2.8274999999999997 -55.82893745829215
2.8325 -152.2890795480179
2.8375 85.2431557589098
2.8425 -45.172482351681225
2.8474999999999997 34.61629383368823
2.8525 -78.89293874294223
2.8575 3.5874323099630607
2.8625 2.5000231201159866
2.8674999999999997 154.6809125881233
2.8725 93.48394734871198
2.8775 -116.95993939500798
2.8825 -151.36427772859219
2.8874999999999997 49.133201688996046
2.8925 143.81833354264685
2.8975 37.03931423909404
2.9025 109.40249604085487
2.9074999999999998 -435.6961804539813
2.9125 252.0039362594877
2.9175 -262.58928442585596
2.9225 62.777953624942114
2.9274999999999998 -51.234527501721296
2.9324999999999997 208.29829933119237
2.9375 -198.5173916024783
2.9425 -53.2289430251442
2.9475 207.45653363831644
2.9524999999999997 -70.87642659300839
2.9575 -33.71578329983486
2.9625 -40.26508290566765
2.9675 133.44559037740416
2.9724999999999997 -80.17661514099788
2.9775 -204.63155210393592
2.9825 425.4834379704976
2.9875 -251.78156479466242
2.9924999999999997 234.64054201729675
2.9975 -423.32193357223844
3.0025 233.17591589784718
3.0075 8.979640845686562
3.0124999999999997 -144.79652155645323
3.0175 205.1640200417007
3.0225 -88.55309191544148
3.0275 78.68963097524028
3.0324999999999998 -13.102526219057632
3.0374999999999996 -94.10095700271225
3.0425 177.91068927127316
3.0475 -57.465203959939394
3.0524999999999998 158.05489328237965
3.0574999999999997 -138.7833200411775
3.0625 -3.1036743171251313
3.0675 -48.51197712074893
3.0725 145.13623743396116
3.0774999999999997 -142.68043775414665
3.0825 145.07741758982684
3.0875 -395.7589421366882
3.0925 51.30838613672949
3.0974999999999997 263.96367306302085
3.1025 -186.44340420069094
3.1075 -71.65914243206892
3.1125 7.079291913083072
3.1174999999999997 87.9165388072829
3.1225 103.4355480513264
3.1275 -304.04621433818625
3.1325 137.07897409513524
3.1374999999999997 7.9519491693354425
3.1425 32.105662109163866
3.1475 -44.103383932530136
3.1525 -186.68614915461046
3.1574999999999998 -4.753759558294572
3.1624999999999996 77.86788980940247
3.1675 78.4605694919916
3.1725 -92.73130935456815
3.1774999999999998 -223.82276972614702
3.1824999999999997 336.80720626686866
3.1875 38.46573532945041
3.1925 -33.225448451231266
3.1975 90.45703836788478
3.2024999999999997 48.84249997974596
3.2075 -48.25332070764617
3.2125 29.637781657714637
3.2175 -121.10427244742253
3.2224999999999997 -29.549547746601867
3.2275 160.011189569794
3.2325 -141.75706231054625
3.2375 204.4682065445496
3.2424999999999997 257.92736004867186
3.2475 168.11566936963376
3.2525 -70.99320045536092
3.2575 -465.74748004288324
3.2624999999999997 21.700277570053466
3.2675 134.60433993837154
3.2725 -4.84643688011366
3.2775 -41.62308940594386
3.2824999999999998 212.3354183315193
3.2874999999999996 -69.345526105139
3.2925 -97.14503312057386
3.2975 -24.463413573738734
3.3024999999999998 -194.61483132490665
3.3074999999999997 56.10931379873939
3.3125 131.02867292623864
3.3175 -215.54381919471774
3.3225 200.26866755010897
3.3274999999999997 153.3564960542724
3.3325 295.33921207305593
3.3375 -216.96559676726113
3.3425 -25.171942902148775
3.3474999999999997 -93.57274503355386
3.3525 -0.6598643524811869
3.3575 -10.51340750682408
3.3625 137.7675936052826
3.3674999999999997 -17.058051127213854
3.3725 -290.72547340820745
3.3775 129.34971508824952
3.3825 -204.77509288237525
3.3874999999999997 233.97186032001144
3.3924999999999996 171.51150861549027
3.3975 -55.62971907323766
3.4025 -150.7579233914927
3.4074999999999998 -94.30512270126114
3.4124999999999996 152.78971983037474
3.4175 15.163433751639712
3.4225 -30.874316597913325
3.4274999999999998 -271.76693439517317
3.4324999999999997 199.83039660338898
3.4375 16.060788626356345
3.4425 -185.28427172887007
3.4475 80.05974785366048
3.4524999999999997 -1.7149598138300537
3.4575 -72.31452922766975
3.4625 135.60566524181039
3.4675 19.610796466395517
3.4724999999999997 6.500187801886516
3.4775 -71.91386789024506
3.4825 169.97669691036708
3.4875 -300.73115533445616
3.4924999999999997 -62.29382535336135
3.4975 179.20473110560755
3.5025 -24.50104492737031
3.5075 47.551694334253554
3.5124999999999997 -4.230685436965924
3.5174999999999996 -16.11080731057825
3.5225 -165.59461325898104
3.5275 64.37648774896886
3.5324999999999998 88.2602353786531
3.5374999999999996 160.22345560928431
3.5425 -226.3695541565407
3.5475 -116.26944849030457
3.5524999999999998 167.23159163269608
3.5574999999999997 -5.518388320284865
3.5625 204.25816401969908
3.5675 -68.07965506176964
3.5725 -29.693563084489007
3.5774999999999997 -254.15075214477403
3.5825 -37.86763068168367
3.5875 12.186988736934113
3.5925 68.9775758813594
3.5974999999999997 240.9369749273988
3.6025 -30.884282280524435
3.6075 -376.8102326163223
3.6125 224.8831630420603
3.6174999999999997 68.24127028516862
3.6225 -66.60614962122311
3.6275 0.04621477411623079
3.6325 95.8486560234751
3.6374999999999997 -184.92480120410426
3.6424999999999996 195.9265137372551
3.6475 -156.89216894885186
3.6525 -43.07106332779588
3.6574999999999998 54.65153627346654
3.6624999999999996 97.2716733521469
3.6675 77.54104013132455
3.6725 -155.69869450526974
3.6774999999999998 -112.83796103349701
3.6824999999999997 309.17030751005035
3.6875 -222.81046106568448
3.6925 294.44759493983946
3.6975 -231.22604672305374
3.7024999999999997 141.34914527299398
3.7075 24.6122625032285
3.7125 -37.467817801022946
3.7175 94.46598512981728
3.7224999999999997 -371.3356204806719
3.7275 26.230701017657882
3.7325 68.26581585775963
3.7375 236.7110171236284
3.7424999999999997 -100.06923570614487
3.7474999999999996 -65.63103515783439
3.7525 173.729004975701
3.7575 -98.06371629430933
3.7624999999999997 64.08688332274527
3.7674999999999996 6.649632973577233
3.7725 88.8680017488689
3.7775 -51.1315733657746
3.7824999999999998 -29.0750758682985
3.7874999999999996 -1.3003328228048288
3.7925 -79.55828118783714
3.7975 -42.76461755127649
3.8024999999999998 85.03156909011928
3.8074999999999997 187.0804239074359
3.8125 -137.422195120174
3.8175 52.24383972027488
3.8225 10.128672366044992
3.8274999999999997 -323.2983133386696
3.8325 158.14848353736073
3.8375 240.14358363901118
3.8425 -274.46174018732984
3.8474999999999997 55.45638467237075
3.8525 78.0859939893556
3.8575 -18.25063237530682
3.8625 -196.21446809402764
3.8674999999999997 -63.80593899786538
3.8724999999999996 199.31725447904307
3.8775 -122.18434297312383
3.8825 -48.8943668996544
3.8874999999999997 -39.09179141684449
3.8924999999999996 13.092347369579645
3.8975 -26.63385232830603
3.9025 12.64869632799166
3.9074999999999998 247.97954292636004
3.9124999999999996 -44.95955075786207
3.9175 39.876008371718214
3.9225 41.22851292989267
3.9274999999999998 57.62835030041431
3.9324999999999997 48.71321874885598
3.9375 -43.886409010633535
3.9425 -205.04988813265257
3.9475 220.1257618831232
3.9524999999999997 -195.65783782348655
3.9575 -105.97913668931523
3.9625 105.92007788775481
3.9675 53.16720792672857
3.9724999999999997 -155.9472175971266
3.9775 187.7076855718882
3.9825 186.33722525796023
3.9875 -242.6563365054455
3.9924999999999997 -74.00457965425383
3.9974999999999996 66.63704297743818
4.0024999999999995 -86.56924315256049
4.007499999999999 89.66465291130599
4.0125 21.06509636174311
4.0175 3.7713511036929708
4.0225 13.020511977624013
4.0275 208.54517603796376
4.0325 -82.3361926160481
4.0375 149.22368973701538
4.0424999999999995 -296.68451238063676
4.047499999999999 -128.93260963764337
4.0525 56.24508760553193
4.0575 -130.9852010307274
4.0625 21.81574348261787
4.0675 220.91603672455088
4.0725 -63.67296497996792
4.0775 87.2163774955544
4.0825 87.95061418887605
4.0874999999999995 15.511967105536295
4.0925 -94.95408317374799
4.0975 -253.85500469683421
4.1025 21.886637519162605
4.1075 85.7879660582669
4.1125 117.7259313722704
4.1175 -118.0969380404845
4.1225 51.75775189253265
4.1274999999999995 -62.71053973487593
4.132499999999999 -6.460135589782635
4.1375 303.9671702217645
4.1425 -233.12880154639427
4.1475 88.88952397052357
4.1525 -62.08327780725463
4.1575 105.84098219021466
4.1625 -56.089929759185566
4.1674999999999995 253.07806199550052
4.172499999999999 -30.306807448430163
4.1775 82.44565880240123
4.1825 14.904359163041304
4.1875 114.75741090163329
4.1925 79.55419315393065
4.1975 -237.97633373576713
4.2025 167.03688606916413
4.2075 86.8718511524172
4.2124999999999995 -211.74921747425395
4.2175 82.36430695726875
4.2225 -385.01887114228333
4.2275 -70.98918423368754
4.2325 85.12787143293568
4.2375 154.0689152503534
4.2425 -194.04557150963308
4.2475 121.58545089089837
4.2524999999999995 220.85486507090312
4.257499999999999 -114.10945455035706
4.2625 -260.37789477004344
4.2675 109.90786211422439
4.2725 -152.05504713185962
4.2775 199.09735364452183
4.2825 15.979966803532394
4.2875 -67.93341956464705
4.2924999999999995 140.05968244717846
4.297499999999999 -3.822771557441336
4.3025 90.93856597079349
4.3075 158.4195874151638
4.3125 -141.89355970042578
4.3175 -53.04993667501998
4.3225 -131.74206341320107
4.3275 108.29918124733418
4.3325 -51.47491768547649
4.3374999999999995 185.17838543003566
4.342499999999999 -176.5114287977849
4.3475 -35.477281388239305
4.3525 -150.56114339854324
4.3575 339.47363099605195
4.3625 -85.72980597874403
4.3675 -127.34131739737315
4.3725 100.56086995154503
4.3774999999999995 0.7706728979654867
4.382499999999999 91.19985417229918
4.3875 -132.14148614586162
4.3925 77.95198663849173
4.3975 186.7930718128545
4.4025 -105.41167727876767
4.4075 35.86505823599049
4.4125 73.98566193366936
4.4174999999999995 -370.1786534289404
4.422499999999999 264.0477031129836
4.4275 -191.3825420878311
4.4325 106.77827210105062
4.4375 -40.87382359320802
4.4425 83.88827978513355
4.4475 166.02821677240777
4.4525 165.609522307552
4.4575 -139.33335398144905
4.4624999999999995 -121.8689886473036
4.467499999999999 -5.308446325981468
4.4725 8.230132720120265
4.4775 -46.24017229049707
4.4825 63.046602827060056
4.4875 -53.76084909715492
4.4925 -399.37207691004073
4.4975 411.97419443543646
4.5024999999999995 -306.7960371828396
4.507499999999999 540.3977304752403
4.5125 26.87577172116211
4.5175 -199.35530002773964
4.5225 151.37380786655552
4.5275 -386.4725960134283
4.5325 282.8356608015536
4.5375 71.42121162814423
4.5424999999999995 -195.75785703327134
4.547499999999999 99.04235524814827
4.5525 -369.0250269125481
4.5575 -3.0561883710845237
4.5625 209.51459052459973
4.5675 97.5082219926335
4.5725 -135.97121878576695
4.5775 -34.90698264765871
4.5825 -71.15793449424065
4.5874999999999995 170.40374593739074
4.592499999999999 -34.84741671949031
4.5975 21.624803340729507
4.6025 -234.5627740072176
4.6075 224.88580907448377
4.6125 303.0150459365532
4.6175 -31.050501645079045
4.6225 -96.74730233412691
4.6274999999999995 179.1203812395523
4.632499999999999 -97.86714052048171
4.6375 -78.23293412139925
4.6425 -50.60936855735092
4.6475 -56.035064292016344
4.6525 177.26498314628734
4.6575 77.9159934130191
4.6625 114.22358895951037
4.6674999999999995 59.73665035405213
4.672499999999999 -8.147814255355641
4.6775 83.50870670372956
4.6825 -247.77244894666575
4.6875 -242.0798519781908
4.6925 99.55437890436545
4.6975 -170.7679175810782
4.7025 90.07020813892392
4.7075 72.99701913771844
4.7124999999999995 -68.83734550541197
4.717499999999999 -135.6812548707283
4.7225 383.2816382857231
4.7275 108.21338836001615
4.7325 -438.1886698359514
4.7375 362.6647265774392
4.7425 -71.00245610808705
4.7475 -230.3081341409628
4.7524999999999995 -90.97282165602819
4.757499999999999 85.5233880801374
4.7625 -89.36244229659619
4.7675 459.9937739233912
4.7725 -193.26705798560488
4.7775 -104.72209417543131
4.7825 5.444708903346237
4.7875 248.20632424784773
4.7924999999999995 -411.1389537540388
4.797499999999999 214.7429658488328
4.8025 -480.9846455820869
4.8075 520.5795673860962
4.8125 -214.73216697325805
4.8175 -158.74074399177832
4.8225 202.07617086433615
4.8275 250.58994253430143
4.8325 -132.03155980856187
4.8374999999999995 30.45235725879763
4.842499999999999 131.6794297243324
4.8475 26.826067260692128
4.8525 170.18691312673877
4.8575 -74.61241041862733
4.8625 -214.06397779670277
4.8675 201.35638451606818
4.8725 10.02861947063187
4.8774999999999995 -80.834802317624
4.882499999999999 -98.9445274463888
4.8875 -158.1378191411304
4.8925 -84.93404801179605
4.8975 56.37801662153527
4.9025 102.20649079428269
4.9075 91.14345818018421
4.9125 96.99108930558894
4.9174999999999995 85.37239508014105
4.922499999999999 -47.49508859646834
4.9275 -117.14132137143751
4.9325 -201.298125748181
4.9375 80.71004417184643
4.9425 117.06196395235523
4.9475 -62.326258823741576
4.9525 377.2787785215187
4.9575 -145.09604613705588
4.9624999999999995 -125.35937095140234
4.967499999999999 -32.996786195312296
4.9725 154.6191956483667
4.9775 -82.02145765840218
4.9825 100.95111071879147
4.9875 -207.38953568680967
4.9925 5.12365670612501
4.9975 9.355239022945657
5.0024999999999995 -37.41486794079696
5.007499999999999 128.1272249497195
5.0125 -88.55601414370052
5.0175 19.102660342224674
5.0225 167.47862834620213
5.0275 -154.55407909183685
5.0325 188.88732995968235
5.0375 160.4480584838186
5.0424999999999995 -209.2216826698619
5.047499999999999 -138.88884079831055
5.0525 35.780769161967605
5.0575 -79.52324053535281
5.0625 7.872882157213161
5.0675 93.50024487677634
5.0725 -50.15371095777818
5.0775 84.28777081014218
5.0825 -222.26544904731074
5.0874999999999995 294.75169313399704
5.092499999999999 -220.59068855703958
5.0975 113.5355355258206
5.1025 74.3482403524036
5.1075 -189.1502689214576
5.1125 -4.590896124463969
5.1175 167.48551021480571
5.1225 29.047348385465863
5.1274999999999995 -133.2777514709992
5.132499999999999 61.28826197680617
5.1375 -73.08698331902629
5.1425 114.30616954057055
5.1475 -152.4117718173695
5.1525 176.09337120184006
5.1575 -480.0277509645145
5.1625 414.48271797912275
5.1674999999999995 195.87070217763346
5.172499999999999 61.655258870986664
5.177499999999999 -176.86376889085358
5.1825 89.72711435608285
5.1875 -141.68304445831032
5.1925 -24.484159348239242
5.1975 -377.5195049036348
5.2025 29.07080101731841
5.2075 369.3512486694601
5.2124999999999995 316.61213882706767
5.217499999999999 -519.2624006968631
5.2225 97.74056940365979
5.2275 16.519832289500325
5.2325 298.7292302844328
5.2375 -79.48040254810158
5.2425 -195.49622773188253
5.2475 -339.3528085422425
5.2524999999999995 219.3750963404204
5.257499999999999 -139.31343195872532
5.2625 189.65668839442762
5.2675 -221.42446799272318
5.2725 335.8963576663095
5.2775 -172.84056376563208
5.2825 326.393446769995
5.2875 -89.86813831806369
5.2924999999999995 -41.513835991704134
5.297499999999999 29.942231248241363
5.302499999999999 -11.541169251913848
5.3075 99.83988197375339
5.3125 -102.47489630193306
5.3175 -29.63394162766763
5.3225 -84.78456737808644
5.3275 99.26180645848177
5.3325 -44.8777399460434
5.3374999999999995 106.47548073821305
5.342499999999999 141.1992431741766
5.3475 -33.057016493549135
5.3525 -96.20649082149883
5.3575 286.8916752682388
5.3625 -248.56156489063147
5.3675 34.5262250098181
5.3725 124.93031890421676
5.3774999999999995 -231.5189259571379
5.382499999999999 104.74880839912763
5.3875 -1.4361773891545615
5.3925 -90.69243307822379
5.3975 -66.85659855071694
5.4025 -37.74722255452369
5.4075 79.90745720858604
5.4125 138.28744880000897
5.4174999999999995 -45.832612833784786
5.422499999999999 107.94375326113891
5.427499999999999 -84.99953405756183
5.4325 -139.61360623772626
5.4375 86.90453608074964
5.4425 -119.61448586108013
5.4475 -29.091879141333745
5.4525 231.9344539081649
5.4575 -80.39369585682101
5.4624999999999995 -152.84292588559444
5.467499999999999 -337.80835774720185
5.4725 271.46051347167355
5.4775 -156.81484187838436
5.4825 304.91464977200627
5.4875 1.1814318972404898
5.4925 -104.01904287364275
5.4975 16.18068762024493
5.5024999999999995 -103.18494079280013
5.507499999999999 151.09039988534937
5.5125 23.089994352376333
5.5175 134.6607304697303
5.5225 107.78055066829633
5.5275 112.33437470608919
5.5325 46.64024834012926
5.5375 -296.1823949308431
5.5424999999999995 -147.2456474027361
5.547499999999999 115.18482165440822
5.552499999999999 96.86472438165616
5.5575 -80.0955585714514
5.5625 -242.87649846937865
5.5675 -144.32063369749895
5.5725 67.69573732381589
5.5775 130.82295354387452
5.5825 -20.82396608104794
5.5874999999999995 -11.381070079167179
5.592499999999999 95.19670022754741
5.5975 72.15063206611927
5.6025 -55.731581732323306
5.6075 19.964016382679976
5.6125 -163.6673238832502
5.6175 65.6981936424138
5.6225 -11.19142903801029
5.6274999999999995 -77.15307936135844
5.632499999999999 109.78963628286411
5.6375 -240.11776656553457
5.6425 78.94122807806045
5.6475 262.22950369066507
5.6525 92.84636011808009
5.6575 -163.98403415429968
5.6625 -71.37405714342317
5.6674999999999995 130.04042929182518
5.672499999999999 -189.91896943377427
5.677499999999999 176.39434544872194
5.6825 -112.93450891296379
5.6875 34.97841118038448
5.6925 92.70529010152923
5.6975 153.23739340969144
5.7025 -73.3347987495189
5.7075 -182.6104326086694
5.7124999999999995 315.8467891794723
5.717499999999999 -138.94602031024579
5.7225 162.55858968399642
5.7275 9.708710216253674
5.7325 51.568082198854
5.7375 61.229301732025576
5.7425 -123.30907126661783
5.7475 -30.026468116119542
5.7524999999999995 -125.45829945738491
5.757499999999999 244.70525524394836
5.7625 -462.0828401411657
5.7675 230.35312274504875
5.7725 191.71806194708697
5.7775 -72.23750195317793
5.7825 -181.75560549433084
5.7875 -140.76188624619056
5.7924999999999995 200.9881841830773
5.797499999999999 118.07768787992087
5.802499999999999 213.74572607097116
5.8075 -219.50745987209635
5.8125 -189.64149459702958
5.8175 25.889889172968317
5.8225 152.12538581608234
5.8275 -164.95828463395512
5.8325 129.15896600703442
5.8374999999999995 -12.399153982708373
5.842499999999999 -121.60287349921181
5.8475 230.80520374671497
5.8525 -134.12439500076104
5.8575 9.30488690363692
5.8625 45.525220356234755
5.8675 -144.7116787749144
5.8725 102.89583322959464
5.8774999999999995 156.30101683055753
5.882499999999999 -13.78242904653242
5.8875 242.85217290604777
5.8925 -107.28873154669374
5.8975 -236.42037377209772
5.9025 239.40856559701325
5.9075 152.87784853969117
5.9125 -239.10017077464317
5.9174999999999995 109.42575096701759
5.922499999999999 -230.48076403849313
5.927499999999999 23.107266263557502
5.9325 -36.45562940878031
5.9375 -97.30648639636703
5.9425 255.93503935026175
5.9475 -41.18365393652514
5.9525 -151.73728974436875
5.9575 -15.862612653597788
5.9624999999999995 154.94390128883418
5.967499999999999 -116.8067092613775
5.9725 -174.43423715875602
5.9775 360.3903816402748
5.9825 -113.44677547414165
5.9875 -426.53490643708193
5.9925 157.5296072258459
5.9975 -147.1740532051428
6.0024999999999995 106.2650063530804
6.007499999999999 -55.67088080572521
6.012499999999999 149.12285575609496
6.0175 -36.940991153330295
6.0225 125.6913897944176
6.0275 73.56013481280763
6.0325 16.21452049163087
6.0375 -1.1333662557480066
6.0424999999999995 81.83940710120065
6.047499999999999 -81.03942431827328
6.052499999999999 124.9417754472752
6.0575 -339.19670302442995
6.0625 11.067754523368825
6.0675 95.63098324325847
6.0725 -111.78012979910538
6.0775 97.93981147392171
6.0825 41.257530467023386
6.0874999999999995 -165.6143909335239
6.092499999999999 10.417679793456841
6.0975 221.75189322134167
6.1025 -236.82364890374694
6.1075 174.4295330791835
6.1125 -143.41413264834833
6.1175 206.5599209000993
6.1225 65.09094782042352
6.1274999999999995 -34.741900962567705
6.132499999999999 -225.4277982024669
6.137499999999999 202.73192188579347
6.1425 121.30171187602224
6.1475 -13.534147017453437
6.1525 -65.61360179248923
6.1575 139.231784328117
6.1625 17.245330045923257
6.1674999999999995 192.3186809633782
6.172499999999999 23.507968129003814
6.177499999999999 -171.04954522419246
6.1825 184.31052363878115
6.1875 -17.82812880275815
6.1925 87.0855769901922
6.1975 -56.33315578598492
6.2025 70.24356495601243
6.2075 -279.00837050128786
6.2124999999999995 111.61702661834178
6.217499999999999 -200.1466735996231
6.2225 164.91601311791496
6.2275 -227.95387294540532
6.2325 -153.06378241823552
6.2375 170.5192013231963
6.2425 183.70164116895742
6.2475 -245.6626977793193
6.2524999999999995 -130.35227333831966
6.257499999999999 121.76865731911867
6.262499999999999 72.15106149208844
6.2675 -126.90473737708697
6.2725 122.42139663486667
6.2775 -2.2298518802516383
6.2825 168.03317293685217
6.2875 -229.49628799686727
6.2924999999999995 -1.3974041453558368
6.297499999999999 139.3887964465882
6.302499999999999 147.70485344113547
6.3075 -123.41269467415509
6.3125 58.54792400505306
6.3175 -244.85385610378643
6.3225 172.9884181466826
6.3275 58.29462965974373
6.3325 -65.38653236677001
6.3374999999999995 73.7041687698995
6.342499999999999 -1.1201437255306408
6.3475 -239.27052189204966
6.3525 158.0270707955483
6.3575 276.5540927276353
6.3625 -306.20823375812256
6.3675 197.42828786762405
6.3725 -127.21216748779993
6.3774999999999995 -80.72624169570163
6.382499999999999 -232.1056253232554
6.387499999999999 35.77891487339472
6.3925 -374.21113322084625
6.3975 122.33991438950883
6.4025 14.845685640855116
6.4075 -1.53168183654564
6.4125 225.27513493480095
6.4174999999999995 -106.48338212341206
6.422499999999999 -79.29172763313503
6.427499999999999 -67.5986088935981
6.4325 171.69403340317837
6.4375 38.411627788918985
6.4425 163.69757420253154
6.4475 41.56193012123778
6.4525 -5.517502493526942
6.4575 -74.63765634964362
6.4624999999999995 94.70898864725129
6.467499999999999 78.56752123040698
6.4725 -96.73172167834083
6.4775 -209.1614938207381
6.4825 -90.19837616506464
6.4875 147.6629545723589
6.4925 -13.850819293482715
6.4975 -85.34012141911877
6.5024999999999995 146.90480792530454
6.507499999999999 20.355083155087513
6.512499999999999 -61.2820869471638
6.5175 179.80180982203518
6.5225 73.32843384346361
6.5275 -40.01921403736855
6.5325 -18.053764451024765
6.5375 396.0664538955745
6.5424999999999995 -118.03289393040944
6.547499999999999 93.2201178231373
6.552499999999999 -71.66528163783506
6.5575 107.96043886474779
6.5625 -81.77246645473735
6.5675 5.44889736911145
6.5725 -40.89425017664228
6.5775 -120.0046174132034
6.5825 96.84443958050528
6.5874999999999995 29.90445130282928
6.592499999999999 22.86535555527747
6.5975 63.41807451484671
6.6025 -239.57760981730746
6.6075 96.81610996706594
6.6125 12.703140987975516
6.6175 130.48775640919095
6.6225 57.8732274493406
6.6274999999999995 -138.79959283135852
6.632499999999999 45.62501245119717
6.637499999999999 -4.2674561951647165
6.6425 -63.03351253925084
6.6475 113.8453067219114
6.6525 -44.131909080515264
6.6575 -12.615625725531542
6.6625 -3.456896552586152
6.6674999999999995 -19.343377579219144
6.672499999999999 -6.7841608068744055
6.677499999999999 -35.07736902970737
6.6825 104.89315729649007
6.6875 57.42997642458922
6.6925 -162.7180495535192
6.6975 55.60322243168452
6.7025 17.978798960218754
6.7075 52.097277235705256
6.7124999999999995 -160.40932330083234
6.717499999999999 6.163102627209496
6.722499999999999 -59.12429990931477
6.7275 -122.35438170896118
6.7325 130.7341736229382
6.7375 164.77315473661855
6.7425 -77.56586025494502
6.7475 147.11802742597845
6.7524999999999995 -46.66312667149384
6.757499999999999 93.76790956377202
6.762499999999999 -67.09320156849228
6.7675 -65.80877171767133
6.7725 15.409398577925021
6.7775 165.2689621839836
6.7825 -203.05468389182224
6.7875 -221.91940500871513
6.7924999999999995 66.25289488439412
6.797499999999999 -1.2369204827418698
6.802499999999999 21.025177576307758
6.8075 158.73971000088946
6.8125 19.891781187712517
6.8175 -153.0934134022387
6.8225 129.49950244539536
6.8275 -6.100095962116038
6.8325 20.95234003690882
6.8374999999999995 -297.11426336349035
6.842499999999999 -86.61654172229343
6.847499999999999 -108.56599056938042
6.8525 229.55932288683294
6.8575 -137.4342566804738
6.8625 107.93277997032834
6.8675 114.30442394078288
6.8725 -126.45437822420881
6.8774999999999995 294.10409061340295
6.882499999999999 -400.92107098841245
6.887499999999999 311.01049535785654
6.8925 68.03345351189422
6.8975 13.58781822383018
6.9025 -32.67738248852827
6.9075 11.255188465050475
6.9125 -145.66572932541223
6.9174999999999995 74.75279474842306
6.922499999999999 24.683190883324006
6.927499999999999 178.7163816037246
6.9325 -322.28494305457616
6.9375 26.291425284054146
6.9425 13.921879126479467
6.9475 -58.9037074009443
6.9525 138.7422104161463
6.9575 -63.81791002803899
6.9624999999999995 100.60721506009436
6.967499999999999 54.01696540334519
6.972499999999999 -209.4423898541117
6.9775 19.169287620235185
6.9825 119.15964355898096
6.9875 -39.44963832064091
6.9925 147.73441652754403
6.9975 12.756793246186316
7.0024999999999995 -6.938511513985311
7.007499999999999 -124.13192889392091
7.012499999999999 79.74068521386347
7.0175 105.11558297412346
7.0225 -230.04329509921362
7.0275 207.34454524054087
7.0325 191.50565384852325
7.0375 -226.64637580789824
7.0424999999999995 -63.102825456615065
7.047499999999999 -98.35462367011061
7.052499999999999 -24.279095585575245
7.0575 267.82373053192265
7.0625 -150.84489823645382
7.0675 33.48095394223879
7.0725 44.76949249519706
7.0775 40.61527948746383
7.0825 3.106398115979704
7.0874999999999995 139.48985267370497
7.092499999999999 92.20237235489341
7.097499999999999 -410.2532016703125
7.1025 156.16005168684183
7.1075 101.61189603108826
7.1125 -120.74830226735382
7.1175 15.956431076077111
7.1225 77.31772454781418
7.1274999999999995 -39.02653103847172
7.132499999999999 -151.07932520869252
7.137499999999999 -159.774773566469
7.1425 199.10065904680334
7.1475 37.20349404411987
7.1525 -111.23194962106875
7.1575 -151.12488686321385
7.1625 393.8322239363137
7.1674999999999995 -81.03668765703522
7.172499999999999 -81.23312145120273
7.177499999999999 51.13445250011458
7.1825 235.88025235430501
7.1875 90.01959192955232
7.1925 -151.25329042558403
7.1975 -63.49004846526581
7.2025 -16.092448643129455
7.2075 86.38528514665384
7.2124999999999995 121.5929741351815
7.217499999999999 -15.080604212732519
7.222499999999999 -161.6449017534043
7.2275 18.006914485699806
7.2325 -26.862278784826575
7.2375 -242.60358086392046
7.2425 -69.95029077006636
7.2475 179.94452066422696
7.2524999999999995 -24.7471925245063
7.257499999999999 -305.5764583510563
7.262499999999999 254.37358389213037
7.2675 -11.73290646682451
7.2725 15.806801883483102
7.2775 25.273040578378577
7.2825 13.33001553087082
7.2875 -108.93776779634295
7.2924999999999995 334.6225112872602
7.297499999999999 -33.408476681161765
7.302499999999999 -69.21033015161554
7.3075 -248.0421258236172
7.3125 127.32787209462144
7.3175 -179.2325920151087
7.3225 221.1796575571312
7.3275 -165.59914476550054
7.3325 -103.4052005240062
7.3374999999999995 353.4239309240193
7.342499999999999 -234.24927745695913
7.347499999999999 -78.63900147583563
7.3525 167.3568526943781
7.3575 -19.124053347914355
7.3625 28.27351555186786
7.3675 68.61775547344602
7.3725 -129.61031368836163
7.3774999999999995 -36.26040777089533
7.382499999999999 177.8602918869013
7.387499999999999 -226.96155065247996
7.3925 50.39020591179461
7.3975 -1.7600127627295479
7.4025 232.9413838553966
7.4075 12.208147588031444
7.4125 -103.13645519942145
7.4174999999999995 88.62740714861513
7.422499999999999 -25.25231470603154
7.427499999999999 -6.0080762995566195
7.4325 70.95083235630823
7.4375 21.934915077469352
7.4425 -54.859432704698996
7.4475 -194.96989939463734
7.4525 71.19411312225365
7.4575 -82.16444880844466
7.4624999999999995 104.68577935747555
7.467499999999999 233.820192752149
7.472499999999999 -215.3277380933366
7.4775 -32.55861354220312
7.4825 315.63669323132063
7.4875 -46.840165175634
7.4925 -2.2620752102081507
7.4975 9.517549801936202
7.5024999999999995 16.006178696258413
7.507499999999999 92.44628288418753
7.512499999999999 -41.7320060954846
7.5175 225.56156870125645
7.5225 -222.30384211063406
7.5275 -67.77540751922075
7.5325 -134.05460153685493
7.5375 -104.21118017118228
7.5424999999999995 -198.05436079783232
7.547499999999999 266.99051888329495
7.552499999999999 131.19914398290388
7.557499999999999 -216.74036597156098
7.5625 -44.95267336313101
7.5675 405.70373518434894
7.5725 -299.8074211915477
7.5775 109.24393436703168
7.5825 -211.09635762711704
7.5874999999999995 78.65591455612422
7.592499999999999 158.20580568687848
7.597499999999999 -81.13419544532539
7.6025 -25.37990060240739
7.6075 -89.70274556724843
7.6125 247.80496794696168
7.6175 -76.76331437071627
7.6225 -245.4149184029758
7.6274999999999995 262.5588665666281
7.632499999999999 -176.0256983535059
7.637499999999999 36.36241916979402
7.6425 2.123106729478867
7.6475 149.06841635949053
7.6525 266.4467583649649
7.6575 -357.5608249133255
7.6625 164.0211128201951
7.6674999999999995 -99.57052747879197
7.672499999999999 34.37780616421993
7.677499999999999 10.193219556505115
7.682499999999999 -134.77980153403473
7.6875 147.35748697845833
7.6925 21.41226123698812
7.6975 138.7018881926777
7.7025 -147.73334279814048
7.7075 -101.23627522129762
7.7124999999999995 36.61683198323205
7.717499999999999 118.81190444904023
7.722499999999999 -264.246988671918
7.7275 227.02969088890737
7.7325 -206.9361019966302
7.7375 -96.76041183327106
7.7425 190.71703249774325
7.7475 254.47527422488392
7.7524999999999995 87.7078039690516
7.757499999999999 -281.8129089383812
7.762499999999999 -48.674611992327826
7.7675 146.5061669360737
7.7725 -161.75401292481493
7.7775 167.08591392220848
7.7825 79.29645072666577
7.7875 -110.8745143135437
7.7924999999999995 80.22592958505217
7.797499999999999 -71.89978098154094
7.802499999999999 -190.22603920037304
7.807499999999999 360.2236051470077
7.8125 105.84764668124781
7.8175 -158.65601963627665
7.8225 4.213757092876997
7.8275 -263.7744014124115
7.8325 219.4271890593064
7.8374999999999995 225.43350160041632
7.842499999999999 -240.76885153533573
7.847499999999999 -83.4125044967068
7.8525 63.824243189337075
7.8575 -64.10016032893972
7.8625 -153.27953070955616
7.8675 -131.65795908379616
7.8725 158.79957699436122
7.8774999999999995 -23.522225044863486
7.882499999999999 -0.8910227660944214
7.887499999999999 -105.57368251858234
7.8925 -132.60753826188446
7.8975 -129.3454188547905
7.9025 273.2498826015846
7.9075 -6.9566793839297985
7.9125 -60.8646602001396
7.9174999999999995 6.6644291226594214
7.922499999999999 205.82112062653977
7.927499999999999 -288.84154802870955
7.932499999999999 30.23242010695832
7.9375 169.81552565302297
7.9425 282.688296704297
7.9475 -70.98859578786735
7.9525 -360.9826794646864
7.9575 131.73917802859802
7.9624999999999995 285.19981951895863
7.967499999999999 186.05873116778912
7.972499999999999 -139.98769257503656
7.9775 -72.91680194560641
7.9825 -32.762912667420544
7.9875 151.2368302590953
7.9925 -113.06802295359067
7.9975 -69.25072448338231
8.0025 -53.356831302668255
8.0075 254.55508179449188
8.0125 -86.0551773051248
8.0175 -172.34511764926486
8.022499999999999 31.46960954838902
8.0275 96.61758713760301
8.032499999999999 173.3905684941478
8.0375 -312.2209855176261
8.0425 78.68761062704641
8.0475 54.1627802248669
8.0525 -153.78883004058085
8.0575 -10.852582045757734
8.0625 -18.296863531691525
8.067499999999999 70.31005433348192
8.0725 -180.88682927314082
8.077499999999999 51.72231040080868
8.0825 -6.593040657409564
8.0875 143.82250503401343
8.0925 -348.81141902133135
8.0975 317.245104876353
8.1025 13.69436165558633
8.1075 188.12270461888866
8.112499999999999 -84.05493364166003
8.1175 68.73921190130768
8.1225 -142.88012905384284
8.1275 2.012195219134485
8.1325 -156.91582165491494
8.1375 -225.46186700483574
8.1425 64.17058513520834
8.147499999999999 153.60635288647657
8.1525 -188.09187332120666
8.157499999999999 205.26068095224073
8.1625 -77.2955117707784
8.1675 13.598233399044538
8.1725 -35.58536198995774
8.1775 215.41541652054283
8.1825 195.68027718900672
8.1875 -63.84512617356008
8.192499999999999 -178.07414562479644
8.1975 81.54504405363518
8.202499999999999 387.08668396550746
8.2075 -185.0689550346626
8.2125 87.70911086616384
8.2175 -288.8659267192765
8.2225 395.7934593789844
8.2275 -33.808292193512216
8.2325 -78.26527153510489
8.237499999999999 168.07947810951012
8.2425 -129.7877816842632
8.2475 95.41723135175529
8.2525 -168.91934240656727
8.2575 22.539685795283074
8.2625 47.16310876825308
8.2675 -17.097214617701127
8.272499999999999 -101.96905106365874
8.2775 158.9225948037305
8.282499999999999 -73.6331610443591
8.2875 -258.7296882921612
8.2925 89.35805974371455
8.2975 -160.88741802898906
8.3025 -41.66931016715418
8.3075 -66.68781713753683
8.3125 48.77744961021241
8.317499999999999 178.01840038375565
8.3225 -88.45922164867477
8.327499999999999 108.65953503296046
8.3325 -112.89318927909338
8.3375 15.006009494111167
8.3425 78.51625552001383
8.3475 -172.0245562621754
8.3525 225.7587600273083
8.3575 65.15039742790654
8.362499999999999 -146.91797953232592
8.3675 222.69845016696178
8.3725 -372.43405539774716
8.3775 -2.598657403188474
8.3825 191.50941098034426
8.3875 -147.96964471771633
8.3925 22.637190409097524
8.397499999999999 101.70343608464526
8.4025 82.44382293565634
8.407499999999999 42.64694065749451
8.4125 -53.49684259044694
8.4175 182.62843336631704
8.4225 117.01702521878934
8.4275 207.17386884628564
8.4325 -85.33494462228124
8.4375 -259.18694306422174
8.442499999999999 108.04323093497266
8.4475 -256.6914235547143
8.452499999999999 -75.77601676296295
8.4575 341.5568757845933
8.4625 -19.443769173098527
8.4675 62.37584327916057
8.4725 -34.0371949858711
8.4775 -89.2736456644302
8.4825 1.0725948821058549
8.487499999999999 107.56876228048921
8.4925 -36.683257805394916
8.4975 88.81782766336936
8.5025 17.219972679295616
8.5075 -214.83486642743264
8.5125 86.44109683785993
8.5175 -277.9749085820686
8.522499999999999 108.72527082608016
8.5275 -62.24686219248254
8.532499999999999 52.000473161244756
8.5375 208.4377220415664
8.5425 9.758585210217163
8.5475 2.5914985492424334
8.5525 166.05638558960558
8.5575 -165.44322583448874
8.5625 -219.87870668199687
8.567499999999999 98.77058371580462
8.5725 85.61245777786738
8.577499999999999 -8.365150376665559
8.5825 22.2910690152724
8.5875 -23.873379035377834
8.5925 259.7205734193334
8.5975 -146.84755946309878
8.6025 -89.04800169344487
8.6075 10.777603626775997
8.612499999999999 21.227164762110945
8.6175 -147.86771898031785
8.6225 77.55162202408232
8.6275 -151.2401211870834
8.6325 -156.7413356266289
8.6375 27.200612498896422
8.6425 16.945632448169942
8.647499999999999 62.78504050217447
8.6525 146.1414981661992
8.657499999999999 -58.098232972401185
8.6625 31.53762451638602
8.6675 51.7514321528521
8.6725 -17.099771304258827
8.6775 12.804519991835807
8.6825 19.76993579611104
8.6875 -9.487393006328052
8.692499999999999 -151.5867899888172
8.6975 -2.303362474295076
8.702499999999999 -163.23548054259288
8.7075 142.04033712825284
8.7125 34.84008535828348
8.7175 78.8677945267334
8.7225 106.75699653451446
8.7275 141.38700568231909
8.7325 -106.46767830454732
8.737499999999999 -86.99546082880332
8.7425 43.247009730048674
8.747499999999999 -106.00549437765142
8.7525 -187.9955458457535
8.7575 268.0672520974769
8.7625 -162.34673024056698
8.7675 58.00937344285101
8.772499999999999 17.45911162617602
8.7775 -155.96038321705387
8.782499999999999 215.2535537867262
8.7875 -54.17210022240654
8.7925 -54.08438034608726
8.7975 -182.08083268635556
8.8025 254.21243210929012
8.8075 -74.0972726839709
8.8125 30.17672434168416
8.817499999999999 128.8735439936897
8.8225 -158.2034116387451
8.827499999999999 -26.534837371316332
8.8325 155.87667318056043
8.8375 -354.0485718202694
8.8425 306.1679991699215
8.8475 77.6268757178082
8.8525 -200.09127889965234
8.8575 188.2885476518141
8.862499999999999 -0.36356398653234023
8.8675 -74.39557287093383
8.872499999999999 -106.21835360000344
8.8775 166.65360809497997
8.8825 42.56334082300786
8.8875 287.86591476058976
8.8925 -280.9836791020839
8.897499999999999 146.00321800391472
8.9025 26.62918874385897
8.907499999999999 -96.09141015541253
8.9125 23.346026872145316
8.9175 -114.03182118410288
8.9225 22.88637680189885
8.9275 -319.829899294736
8.9325 330.8277175850317
8.9375 -143.86320993806265
8.942499999999999 -76.46498734051825
8.9475 174.94781588042557
8.952499999999999 -22.773574586975165
8.9575 58.682126232540305
8.9625 -52.00297405598051
8.9675 11.20641825442916
8.9725 47.36336246004128
8.9775 -146.29144684592455
8.9825 37.60999510102119
8.987499999999999 100.95743848512566
8.9925 -8.73930651954556
8.997499999999999 -160.96429336991704
9.0025 12.522815240212898
9.0075 171.55100764641614
9.0125 -121.18442641318917
9.0175 77.18476974125164
9.022499999999999 96.63427573475894
9.0275 -10.647019972646284
9.032499999999999 -94.56434571715945
9.0375 185.6535614827144
9.0425 -241.91910626507348
9.0475 74.5580449725039
9.0525 -117.3523901236922
9.0575 39.797708760316695
9.0625 -92.07363746278816
9.067499999999999 22.687824925160694
9.0725 71.13752600367317
9.077499999999999 -58.605698542032755
9.0825 203.79627464467455
9.0875 -60.844992859188
9.0925 14.733221433579144
9.0975 -76.19563074020503
9.1025 -51.53968192454582
9.1075 308.49898491213645
9.112499999999999 52.7356117346316
9.1175 -146.4326662108667
9.122499999999999 6.885997198407088
9.1275 -73.02941405384435
9.1325 151.45922777764878
9.1375 -339.5012095252467
9.1425 198.10312337655344
9.147499999999999 -97.16505912793745
9.1525 8.870599414053348
9.157499999999999 -6.915404225615561
9.1625 119.49156700324407
9.1675 74.33450016881936
9.1725 0.2930850990400792
9.1775 -66.83852900727942
9.1825 -71.62363202297055
9.1875 -56.320709776937996
9.192499999999999 -61.247375445046494
9.1975 248.24498462505386
9.202499999999999 25.830896953157694
9.2075 12.35637639273609
9.2125 -136.36648594878372
9.2175 -84.02143354743849
9.2225 -83.19616591738317
9.2275 165.3544507821784
9.2325 71.77915300960142
9.237499999999999 -29.05517318849417
9.2425 -223.39915150141977
9.247499999999999 240.46704435865917
9.2525 299.1641793808106
9.2575 -149.72958050352176
9.2625 -199.9006883119503
9.2675 -81.50770386357438
9.272499999999999 -7.63113581440387
9.2775 129.00863943311413
9.282499999999999 -96.80553083758238
9.2875 -9.634327611823318
9.2925 160.46939148698277
9.2975 -199.9452214363389
9.3025 -122.80277610809068
9.3075 76.05922631476466
9.3125 213.4109339944548
9.317499999999999 -221.5886729303858
9.3225 150.97429394584637
9.327499999999999 33.035023857357984
9.3325 67.50825877499359
9.3375 -55.58524930677891
9.3425 184.93872665864436
9.3475 -7.331359364647483
9.3525 17.33672706714427
9.3575 -144.49745791630409
9.362499999999999 -75.97732523598876
9.3675 217.7189045264373
9.372499999999999 -59.28770803712405
9.3775 127.72143971242053
9.3825 -96.57035672863368
9.3875 9.135027912207063
9.3925 8.275396467365894
9.397499999999999 -73.24811668003855
9.4025 23.997957502540128
9.407499999999999 -48.63213250700796
9.4125 80.08600869581518
9.4175 -80.37753886098743
9.4225 -125.75504352621964
9.4275 62.209817606968954
9.4325 99.0959453984818
9.4375 -348.9491108693801
9.442499999999999 135.9817094904761
9.4475 -38.30944190899221
9.452499999999999 204.9144482214926
9.4575 -114.95067824673623
9.4625 34.48111182812026
9.4675 196.33789986818908
9.4725 -52.34566716406253
9.4775 170.71375977527325
9.4825 20.133668210785114
9.487499999999999 -48.4462830399112
9.4925 -58.25143915765522
9.497499999999999 -201.9273319681634
9.5025 144.66805167550226
9.5075 -281.4087386374756
9.5125 131.04939399575196
9.5175 103.9513455505943
9.522499999999999 -71.56877915501585
9.5275 -76.25220680568872
9.532499999999999 -9.502429955019123
9.5375 7.302826847931159
9.5425 0.8221098655668111
9.5475 220.80974198747273
9.5525 -117.7674125918893
9.5575 -89.67377961123611
9.5625 -139.13099520105817
9.567499999999999 47.936793964058104
9.5725 -95.6734742422208
9.577499999999999 67.34221257562218
9.5825 120.0806483764865
9.5875 -5.094197308291217
9.5925 -43.752027301907766
9.5975 170.51021647134183
9.6025 -3.32841298684866
9.6075 16.248996284814076
9.612499999999999 -270.5035322715095
9.6175 -74.77152132609395
9.622499999999999 73.53593800489605
9.6275 10.465296534476263
9.6325 -66.44514060754987
9.6375 274.8297364656794
9.6425 20.81356709072533
9.647499999999999 82.8858589092665
9.6525 29.9010387907764
9.657499999999999 -26.953726054873076
9.6625 156.56308312402345
9.6675 -11.962628241022566
9.6725 -164.31482570881658
9.6775 20.12345278082009
9.6825 -135.47789617983042
9.6875 -216.8966907091268
9.692499999999999 -90.11015955731173
9.6975 90.57438067521565
9.702499999999999 309.7867827994541
9.7075 -240.41827783240345
9.7125 79.43840749106593
9.7175 -37.48826524059818
9.7225 89.37384443769382
9.7275 88.48160254133911
9.7325 331.13673901272284
9.737499999999999 -240.63318371984647
9.7425 10.981730771070582
9.747499999999999 56.472396909768634
9.7525 -182.14468787400526
9.7575 30.77984183201919
9.7625 108.94879589209182
9.7675 -160.64099028848293
9.772499999999999 104.49075904385374
9.7775 -366.2587854821035
9.782499999999999 172.43162997475864
9.7875 15.509641744504506
9.7925 -275.55658416378947
9.7975 199.31798766779755
9.8025 18.001236351971663
9.8075 81.39173628515815
9.8125 25.883612066661136
9.817499999999999 -179.7255177622363
9.8225 111.78448761410371
9.827499999999999 78.84476461004128
9.8325 48.04653463564848
9.8375 240.74899254158066
9.8425 -93.54740594072167
9.8475 164.44306439582613
9.8525 -84.00515549387804
9.8575 -210.01432287400505
9.862499999999999 154.06022409507105
9.8675 -36.35429909117974
9.872499999999999 96.69312952769057
9.8775 98.34031043609103
9.8825 -108.01204646453098
9.8875 85.94460449324667
9.8925 63.70992416715028
9.897499999999999 1.5209392791307927
9.9025 -63.01156635238315
9.907499999999999 -202.52699826060677
9.9125 13.401574069068483
9.9175 104.68007806487795
9.9225 -35.757201591066774
9.9275 58.99481518301762
9.9325 -250.98601762606054
9.9375 167.73933747728222
9.942499999999999 87.14428722444991
9.9475 -185.11725746243715
9.952499999999999 4.469531575469462
9.9575 176.89745892728033
9.9625 -128.59134616210264
9.9675 35.44728834952365
9.9725 14.424488143015664
9.9775 89.142388149701
9.9825 -45.07536249090304
9.987499999999999 -281.90074987242735
9.9925 28.375754065588925
9.997499999999999 -61.37914790743655
10.0025 122.34495868076922
