0.0075 306.5248799804237
0.012499999999999999 6.460131379079091
0.017499999999999998 -12.1712993923628
0.0225 154.78774997962057
0.0275 -71.668481509359
0.0325 -50.264213240371944
0.0375 96.94055336275365
0.042499999999999996 -251.1741752824137
0.0475 38.01599666321469
0.0525 -258.72371646186093
0.057499999999999996 424.22054192076615
0.0625 -277.8390586536511
0.06749999999999999 208.43171126225832
0.0725 -249.8836646493383
0.0775 27.828441555651207
0.08249999999999999 171.1235491284729
0.0875 -295.5522068274282
0.0925 171.10449122106695
0.09749999999999999 -89.47938485025945
0.1025 107.50802261870811
0.1075 -20.116148526017323
0.11249999999999999 164.91557546791543
0.1175 -363.9967921174455
0.1225 248.41850929708713
0.1275 -108.08702777837141
0.1325 -25.107144385320915
0.13749999999999998 252.20943043500452
0.1425 -104.30805793295477
0.1475 -195.360870850533
0.1525 374.0310932745866
0.1575 142.68865132353804
0.1625 -135.99017320197487
0.16749999999999998 7.216353208276213
0.1725 122.57252352207722
0.1775 -105.80448356518039
0.1825 -276.3220628793173
0.1875 -47.723481367360534
0.1925 -159.58364946946958
0.19749999999999998 364.8522486497235
0.20249999999999999 31.48815717115932
0.2075 288.9083603474031
0.2125 -357.93971875561414
0.2175 -109.73424237240019
0.2225 102.65806032705282
0.22749999999999998 109.85854523585714
0.23249999999999998 -48.73743950514396
0.2375 207.36959840028553
0.2425 -206.29467420961333
0.2475 -51.477980906511995
0.2525 185.06545199248356
0.2575 181.83730375207003
0.2625 -263.8255135637099
0.2675 17.500745023252655
0.27249999999999996 -2.4655161414096622
0.27749999999999997 150.557116650111
0.2825 -41.41677743284824
0.2875 -244.47535754129288
0.2925 -188.17566184784584
0.2975 53.58129469764764
0.3025 105.73066149421118
0.3075 83.67971863842338
0.3125 -137.16103781233548
0.3175 158.70403165709115
0.3225 -69.91059488874984
0.32749999999999996 84.90877089525664
0.33249999999999996 -117.99252798799546
0.33749999999999997 -49.07061813381645
0.34249999999999997 -10.179128173928484
0.3475 44.290116265733886
0.3525 -76.10683673972876
0.3575 -0.7797878210841195
0.3625 -101.19844389214387
0.3675 1.169563700342481
0.3725 186.59068487338368
0.3775 -51.93112392656248
0.3825 54.94702218079293
0.38749999999999996 146.83614714065158
0.39249999999999996 13.345566448563149
0.39749999999999996 -148.52169071635916
0.40249999999999997 61.855272157919444
0.4075 -23.72824740050601
0.4125 114.45756064942846
0.4175 -176.15668544566887
0.4225 285.6529322745774
0.4275 96.84649703552412
0.4325 -438.3950398378052
0.4375 90.57527571288759
0.4425 -47.87294259235851
0.44749999999999995 -52.01309474511581
0.45249999999999996 93.79539282579917
0.45749999999999996 235.09639462507735
0.46249999999999997 -112.96475492285326
0.46749999999999997 11.726521724408009
0.4725 92.29448044222721
0.4775 -184.6533020136099
0.4825 -34.65822349323447
0.4875 69.95274139952858
0.4925 -229.92361769359903
0.4975 269.011910015799
0.5025 77.52930371628901
0.5075 -120.4374923433327
0.5125 98.1904251800878
0.5175 -308.14941493566135
0.5225 -108.42189739926998
0.5275 129.9364289934247
0.5325 -9.285748729694673
0.5375 139.17826666438702
0.5425 -149.71035232579126
0.5475 -106.6609130166978
0.5525 164.60039272826458
0.5575 -74.62308060457502
0.5625 281.2455762436934
0.5675 -371.40058374127585
0.5725 151.74040145428728
0.5775 -54.43954397905072
0.5825 -91.23017064568077
0.5875 202.28487359595294
0.5925 -246.55041159035113
0.5974999999999999 -77.8857926681927
0.6024999999999999 201.31395509864512
0.6074999999999999 -12.645047358617932
0.6124999999999999 -116.11459091975465
0.6174999999999999 5.129433001879503
0.6224999999999999 87.76537849761297
0.6275 101.42626137566447
0.6325 136.90990855815434
0.6375 -235.49723597007852
0.6425 215.38867328966347
0.6475 -278.4312546316707
0.6525 251.46616757229984
0.6575 22.36088248002033
0.6625 -236.33466095393925
0.6675 111.33135854200874
0.6725 -91.04208272910505
0.6775 62.00562138081936
0.6825 262.1553616884669
0.6875 -171.26492402627719
0.6925 8.528927401580574
0.6975 190.67794532625766
0.7025 -121.677995345283
0.7075 245.28077328315536
0.7125 -158.83043908281286
0.7174999999999999 -84.65001131991707
0.7224999999999999 145.75356104854438
0.7274999999999999 -45.04723418527881
0.7324999999999999 -74.64725056925153
0.7374999999999999 -16.544039492586275
0.7424999999999999 -16.481238428251768
0.7474999999999999 168.00779325020613
0.7525 -211.99200637739173
0.7575 -60.88831830116662
0.7625 -40.67886426899534
0.7675 173.759527444595
0.7725 -134.6939121294964
0.7775 112.80735987708056
0.7825 -80.67345315805514
0.7875 3.0243691370836823
0.7925 6.0641276061112155
0.7975 183.13386069226468
0.8025 -60.346837878805346
0.8075 231.37360135464576
0.8125 -459.96654040871806
0.8175 54.718885473309946
0.8225 -102.65228771566393
0.8275 7.775560429385813
0.8325 172.71651249171185
0.8374999999999999 79.92317052620585
0.8424999999999999 -263.8889191271718
0.8474999999999999 96.69848659527354
0.8524999999999999 8.401199657129103
0.8574999999999999 -116.77623087328624
0.8624999999999999 -0.5230841217495626
0.8674999999999999 -142.68896258663904
0.8724999999999999 449.3312685621265
0.8775 -32.79363501314836
0.8825 -8.661112438901599
0.8875 -184.92895229987553
0.8925 -237.74939076273867
0.8975 35.742816511917994
0.9025 71.8087405707243
0.9075 -234.5122234585044
0.9125 312.382997599834
0.9175 165.79315635245476
0.9225 -70.08801709325037
0.9275 -20.792021183863227
0.9325 -249.1203759437507
0.9375 -66.7283912137111
0.9425 147.25180753043549
0.9475 -59.411268500912506
0.9524999999999999 -9.009040767332806
0.9574999999999999 25.644418051673455
0.9624999999999999 154.78589542787873
0.9674999999999999 -191.76877308104397
0.9724999999999999 108.18899391220701
0.9774999999999999 -42.45281446045321
0.9824999999999999 -32.52205726671606
0.9874999999999999 159.91726166902257
0.9924999999999999 -141.31401629442362
0.9974999999999999 8.04643367248152
1.0025 373.25122189735407
1.0075 -125.03439845759782
1.0125 61.891372361578966
1.0174999999999998 -218.02720750283635
1.0225 40.16179197922972
1.0274999999999999 -137.37016793036196
1.0325 131.8398333177868
1.0374999999999999 -93.9056603616704
1.0425 83.47031535100454
1.0474999999999999 -100.71694836295354
1.0525 230.41827614523467
1.0574999999999999 61.605580332660374
1.0625 -62.61025156640231
1.0675 -279.6043503227791
1.0725 139.88358161408357
1.0775 86.34738013018806
1.0825 90.26068773511224
1.0875 12.31628654746929
1.0925 -136.3045341307201
1.0975 47.863684834280626
1.1025 164.57054357718408
1.1075 -165.32984553602313
1.1125 -32.88779897648721
1.1175 -37.56118252019547
1.1225 164.82755807907392
1.1275 -175.01560294409327
1.1324999999999998 117.44891629171885
1.1375 -75.79114029424564
1.1424999999999998 75.47079260036101
1.1475 -260.81189777396884
1.1524999999999999 151.17250044620562
1.1575 -67.51032570409541
1.1624999999999999 303.6200264000372
1.1675 -137.57840143170264
1.1724999999999999 -63.599215296913925
1.1775 -6.3249741113944395
1.1824999999999999 152.43544544536584
1.1875 -208.83635776741778
1.1925 102.8234530778681
1.1975 13.787898487266196
1.2025 -43.70968854619539
1.2075 91.50888724521727
1.2125 -166.15241699996588
1.2175 107.73972447624739
1.2225 57.08573746196887
1.2275 -280.43291335469496
1.2325 102.17224566870296
1.2375 27.310710817119006
1.2425 94.7889820141531
1.2475 -105.75571728564559
1.2525 -5.459588476992378
1.2574999999999998 317.80245254551033
1.2625 -79.82542957020696
1.2674999999999998 -9.170958635048967
1.2725 -163.40544664379414
1.2774999999999999 86.57055004967276
1.2825 26.5253264446879
1.2874999999999999 -50.86221314688804
1.2925 -223.5189752289825
1.2974999999999999 165.00713142674715
1.3025 -86.60410830423696
1.3074999999999999 128.89615994558974
1.3125 186.3217490802558
1.3175 82.25464286784909
1.3225 -170.53924045611234
1.3275 -104.22770810368112
1.3325 168.81466563232564
1.3375 47.943608987742934
1.3425 -2.7743665092693175
1.3475 -15.112477133203539
1.3525 92.1096397675903
1.3575 -81.23918275895332
1.3625 14.148559720043371
1.3675 54.36047775643535
1.3724999999999998 91.2802803863668
1.3775 -299.00842598308185
1.3824999999999998 -1.42585580340568
1.3875 -89.60553068602349
1.3924999999999998 22.49431888580063
1.3975 5.086471983134117
1.4024999999999999 122.59204960708338
1.4075 -259.27106739446845
1.4124999999999999 143.8104245255477
1.4175 -4.287818631162178
1.4224999999999999 -28.809168097356228
1.4275 36.56981105676401
1.4324999999999999 171.06257261461747
1.4375 17.586623111525196
1.4425 -116.35673111137777
1.4475 -120.76342895666414
1.4525 -184.9784206977781
1.4575 11.654952922620463
1.4625 204.294610816894
1.4675 -201.4049794561545
1.4725 102.60117056415518
1.4775 28.34688574526502
1.4825 81.4000411083904
1.4874999999999998 175.55807998734946
1.4925 -187.91591933639788
1.4974999999999998 -280.0340481455005
1.5025 297.38412287970806
1.5074999999999998 -188.1047891279878
1.5125 215.132567773401
1.5174999999999998 -25.334052620045128
1.5225 -79.45512661582254
1.5274999999999999 67.43298297507411
1.5325 17.702160079711895
1.5374999999999999 -86.76686725998591
1.5425 -144.04105791706286
1.5474999999999999 146.4633427651935
1.5525 -9.895735982860598
1.5574999999999999 -21.516766425060343
1.5625 -148.62412844899163
1.5675 60.05391344442234
1.5725 -14.601192060704733
1.5775 184.81600938824045
1.5825 -6.2084704577833385
1.5875 -355.9958568073477
1.5925 -63.543587560818885
1.5975 108.03380481454528
1.6025 96.43374584713519
1.6075 99.05097074235131
1.6124999999999998 305.8549255979924
1.6175 -211.08992229046575
1.6224999999999998 7.279425534028048
1.6275 60.55320261727973
1.6324999999999998 -200.92981524607947
1.6375 296.80940382149834
1.6424999999999998 -24.67134443076226
1.6475 84.97161706017364
1.6524999999999999 -87.22902079086559
1.6575 -145.35422187203227
1.6624999999999999 -60.698392149325265
1.6675 82.96309163365774
1.6724999999999999 28.436483858533585
1.6775 72.37546434175634
1.6824999999999999 -60.20419935873656
1.6875 4.309610415971908
1.6925 58.15928612188347
1.6975 -61.622954476762914
1.7025 -99.68346533264834
1.7075 -204.92417234788402
1.7125 320.05842207110015
1.7175 80.27082798797318
1.7225 10.869635000354645
1.7274999999999998 -132.26479992163544
1.7325 1.1375139467707047
1.7374999999999998 3.086953498218257
1.7425 -1.635135006654464
1.7474999999999998 -10.354304494426616
1.7525 -132.92997153697175
1.7574999999999998 35.040118580265855
1.7625 -182.01060134217707
1.7674999999999998 -52.30367390808953
1.7725 143.99257610262615
1.7774999999999999 -12.879283208503148
1.7825 1.6979294259724436
1.7874999999999999 18.98049533190736
1.7925 104.20936851598276
1.7974999999999999 -83.00061038386566
1.8025 -12.227536496211243
1.8074999999999999 70.72056398015646
1.8125 62.88434573453968
1.8175 112.30060065296837
1.8225 -42.966422657047545
1.8275 -19.93731968336435
1.8325 409.21591537959995
1.8375 -222.8005244632447
1.8425 122.32099319838355
1.8475 -130.3107905396869
1.8524999999999998 26.30667599174228
1.8575 112.41394641050648
1.8624999999999998 -245.13500109500706
1.8675 -125.57570755695868
1.8724999999999998 261.1000704294032
1.8775 -21.130430690596857
1.8824999999999998 92.21581660496922
1.8875 -9.70145543721754
1.8924999999999998 1.9896547967292508
1.8975 -113.55442974212632
1.9024999999999999 -24.803594503715356
1.9075 124.56772539438684
1.9124999999999999 -28.26723423485714
1.9175 -21.4206376421806
1.9224999999999999 175.4205291978694
1.9275 -53.650232862396514
1.9324999999999999 -282.67949712339833
1.9375 230.07317688324662
1.9425 -86.58302373258184
1.9475 183.88244114720658
1.9525 -111.06549550979162
1.9575 40.67164475460138
1.9625 -134.5559231636789
1.9674999999999998 163.6751740491881
1.9725 -102.06536222263567
1.9774999999999998 -63.907015620577475
1.9825 -5.659229774584002
1.9874999999999998 -168.1175302374309
1.9925 62.79519198207942
1.9974999999999998 0.5887568859006026
2.0025 67.97184065546584
2.0075 -120.86843837648568
2.0124999999999997 71.05439092559013
2.0175 -130.60781593615212
2.0225 21.60569990509149
2.0275 -143.42884162270872
2.0324999999999998 108.55873789569605
2.0375 -58.59188743441072
2.0425 176.03469715331588
2.0475 -189.63150733456277
2.0524999999999998 127.90080963047883
2.0575 -0.6472604009312294
2.0625 15.659286727236804
2.0675 -165.21444331034976
2.0725 139.4481206540563
2.0775 24.37960376330899
2.0825 151.86828894230442
2.0875 -94.14864611519883
2.0925 90.29370570377806
2.0974999999999997 -65.64716491567944
2.1025 -53.579668050235064
2.1075 -119.56533931882963
2.1125 79.20635232918247
2.1174999999999997 -33.870150586590974
2.1225 105.1813766644169
2.1275 -182.83250142917754
2.1325 4.956278213835615
2.1374999999999997 126.22244227786942
2.1425 144.42438740657317
2.1475 -247.51586216014672
2.1525 257.36887891075446
2.1574999999999998 -275.6203680326479
2.1625 169.0139756001822
2.1675 -131.8314477016803
2.1725 79.78971385641474
2.1774999999999998 -71.55318349859837
2.1825 52.72688057766559
2.1875 231.43392994649344
2.1925 -97.73003869726695
2.1975 -44.764119111137866
2.2024999999999997 120.47950674328776
2.2075 77.77269211834376
2.2125 -374.2060641917025
2.2175 138.39253517208257
2.2224999999999997 231.38651742459584
2.2275 -371.8731699481065
2.2325 333.9284702331318
2.2375 -322.88169053995705
2.2424999999999997 -49.87105274497168
2.2475 112.46163295709559
2.2525 15.026274820758161
2.2575 -82.13162597957117
2.2624999999999997 91.87851688178822
2.2675 29.187090056633284
2.2725 -75.57586307538392
2.2775 308.4848739892637
2.2824999999999998 -325.6281859419276
2.2875 120.15558189226248
2.2925 -114.76602976768879
2.2975 242.1243049100594
2.3024999999999998 16.835540980564648
2.3075 -195.22990165386008
2.3125 75.22693194158697
2.3175 -84.42456133735982
2.3225 17.392168084854063
2.3274999999999997 37.92163348096446
2.3325 54.61247559980681
2.3375 -96.1031775914906
2.3425 98.98496678004969
2.3474999999999997 4.2069296344582625
2.3525 261.1029821966957
2.3575 92.59054132441204
2.3625 -38.92868928875677
2.3674999999999997 -104.53501959098018
2.3725 66.59800098877542
2.3775 -58.86704822638941
2.3825 -157.43379871960443
2.3874999999999997 69.39918836377072
2.3925 100.45131481407952
2.3975 -172.47570682994296
2.4025 -224.0578463309918
2.4074999999999998 274.91634445309427
2.4125 9.727272181732918
2.4175 -21.24743087826485
2.4225 108.63241047024144
2.4274999999999998 72.53663173380622
2.4325 -243.01179304547412
2.4375 112.32033043075846
2.4425 -231.59788105768305
2.4475 224.65015126096557
2.4524999999999997 -38.25029941969889
2.4575 -25.332117538598006
2.4625 155.89770748694204
2.4675 -238.44441343713055
2.4724999999999997 11.29326954155815
2.4775 -125.55244894643033
2.4825 174.08767599313157
2.4875 -49.37623191808065
2.4924999999999997 136.74417158232438
2.4975 -206.42579393893794
2.5025 76.29968301447738
2.5075 111.76692529596255
2.5124999999999997 20.740586387405916
2.5175 -27.767989537555916
2.5225 29.86943430265627
2.5275 -70.89628716577728
2.5324999999999998 25.706457505004572
2.5375 17.261090462564923
2.5425 83.55680372812189
2.5475 -136.274727086675
2.5524999999999998 191.0212791192007
2.5574999999999997 -222.0519207178488
2.5625 1.625807903552595
2.5675 -266.9820951076876
2.5725 239.60859612151367
2.5774999999999997 -14.808173272494761
2.5825 106.80584595899619
2.5875 -60.47503077441386
2.5925 75.58501977657677
2.5974999999999997 -338.8864385181021
2.6025 -72.77895594633263
2.6075 132.5787240885764
2.6125 -5.030780954901443
2.6174999999999997 133.24436848696996
2.6225 -146.64428748637695
2.6275 90.94425723007409
2.6325 7.637116378624398
2.6374999999999997 -203.70413451651842
2.6425 -63.54570139978987
2.6475 262.90368101399685
2.6525 -69.85569520961434
2.6574999999999998 -188.5398616506132
2.6625 -7.080526701897145
2.6675 160.44864429794902
2.6725 -118.83622705172016
2.6774999999999998 -49.16019914110186
2.6824999999999997 134.4397139303546
2.6875 241.97111345404372
2.6925 28.762968784417072
2.6975 34.24405027130829
2.7024999999999997 34.919408696983965
2.7075 -31.242195897655126
2.7125 -116.20553698449501
2.7175 144.83734906434702
2.7224999999999997 -227.19754650654204
2.7275 129.91711357518017
2.7325 2.9486443708988963
2.7375 280.5756918642085
2.7424999999999997 -106.3135277374392
2.7475 120.39742315683016
2.7525 97.71791989771589
2.7575 -52.297766595307394
2.7624999999999997 -81.65877094563619
2.7675 -73.24789167056795
2.7725 191.2491684478505
2.7775 52.13272241179482
2.7824999999999998 -363.07039654672866
2.7875 225.04831762495638
2.7925 -107.0253984893837
2.7975 77.91442426802679
2.8024999999999998 122.80872609536635
2.8074999999999997 -47.53131176582978
2.8125 257.1896043914483
2.8175 -163.46197402301806
2.8225 -5.076535775447811
2.8274999999999997 -129.6044075187197
2.8325 -135.58314955728846
2.8375 352.64084835899706
2.8425 -165.15437722955116
2.8474999999999997 -141.43779821490156
2.8525 296.87329651072645
2.8575 73.50328926229717
2.8625 -393.9874317847646
2.8674999999999997 58.52732892768483
2.8725 -83.74075699698707
2.8775 193.10662873317574
2.8825 -47.32726120370587
2.8874999999999997 -85.78879359309764
2.8925 203.48644982790583
2.8975 -146.84273294416226
2.9025 109.76872908709572
2.9074999999999998 -237.42644717011962
2.9125 -29.429000501744333
2.9175 -14.17911495347431
2.9225 139.37514679313014
2.9274999999999998 -5.38657935142405
2.9324999999999997 180.31628210105117
2.9375 -243.38197665273
2.9425 -106.76785843905785
2.9475 -60.69289517453785
2.9524999999999997 201.96272566182296
2.9575 236.60013441383833
2.9625 -171.3315457777393
2.9675 -224.93186996054396
2.9724999999999997 18.427185283350457
2.9775 -12.562386264300534
2.9825 -117.45361732840014
2.9875 -49.47955021409159
2.9924999999999997 333.31185240072193
2.9975 4.3984312843553655
3.0025 -68.79926235644865
3.0075 -110.6899538316211
3.0124999999999997 96.11553147906146
3.0175 -28.725731686688842
3.0225 -61.690326925940134
3.0275 -213.91008300721887
3.0324999999999998 219.88052573265568
3.0374999999999996 -76.75224269994256
3.0425 392.307774900083
3.0475 -78.44438979783422
3.0524999999999998 -11.760076870288758
3.0574999999999997 -156.37832023226568
3.0625 136.3951216935291
3.0675 -82.49632471781231
3.0725 -327.5558261876896
3.0774999999999997 131.02264675154575
3.0825 77.01635140256379
3.0875 20.924642917196262
3.0925 -129.23470922794334
3.0974999999999997 153.84684570613064
3.1025 -161.2408071793702
3.1075 38.946702875891745
3.1125 -165.19045822187573
3.1174999999999997 56.1743659446635
3.1225 -82.58615261048908
3.1275 119.49366919698807
3.1325 18.1828411667278
3.1374999999999997 306.03196679550246
3.1425 -207.5903971303293
3.1475 91.93798530585269
3.1525 -20.438121518573556
3.1574999999999998 -92.28258362570357
3.1624999999999996 33.62215817496508
3.1675 64.78474170859681
3.1725 126.64448122559898
3.1774999999999998 6.966047738767944
3.1824999999999997 -62.629629224108584
3.1875 173.40030818040466
3.1925 -132.4052002718423
3.1975 290.47715019318446
3.2024999999999997 7.630467480352796
3.2075 4.686516728059824
3.2125 -116.63451253997422
3.2175 229.6870966858544
3.2224999999999997 -94.28018428318799
3.2275 -210.9730763856073
3.2325 6.834158174409621
3.2375 63.67474531805983
3.2424999999999997 -20.637943646144688
3.2475 -298.8723381499141
3.2525 19.196661667139157
3.2575 -74.67827950683109
3.2624999999999997 -192.33233627496907
3.2675 116.74253892888451
3.2725 -123.19885093668088
3.2775 278.6911487284462
3.2824999999999998 -148.09674993596585
3.2874999999999996 39.475109129543306
3.2925 -118.67513185020879
3.2975 -98.1068608734123
3.3024999999999998 378.72695236954866
3.3074999999999997 -288.784114591613
3.3125 189.78665307513646
3.3175 115.58045633289363
3.3225 -67.46558211032186
3.3274999999999997 -120.20910996761486
3.3325 -80.51335747229734
3.3375 320.17280678684136
3.3425 97.49776207869401
3.3474999999999997 -361.2742096298586
3.3525 241.60328560383587
3.3575 -180.17728177687638
3.3625 88.61010063071424
3.3674999999999997 83.93011654603286
3.3725 -86.22729060196416
3.3775 -109.05799390926305
3.3825 -197.49066733526627
3.3874999999999997 96.45398367262469
3.3924999999999996 -34.40710371313629
3.3975 -13.02948367102993
3.4025 278.7478934852406
3.4074999999999998 -25.262655141257998
3.4124999999999996 272.5846574971548
3.4175 -173.13722283088902
3.4225 163.05070460752293
3.4274999999999998 -77.87981162697842
3.4324999999999997 -84.61973109806131
3.4375 155.30526807762385
3.4425 -203.3705024477081
3.4475 -235.92302994427735
3.4524999999999997 336.8348265083454
3.4575 -115.12596694038518
3.4625 -185.75265121258806
3.4675 197.26988439124884
3.4724999999999997 -223.2138742294592
3.4775 76.68830252927516
3.4825 232.33087743564224
3.4875 43.86954356392879
3.4924999999999997 41.030476699857964
3.4975 -29.6269560704893
3.5025 -153.0765093354874
3.5075 -79.72147341840146
3.5124999999999997 224.96503109313028
3.5174999999999996 125.26972230969125
3.5225 -207.2236114662565
3.5275 -269.0123016112285
3.5324999999999998 91.0011254789083
3.5374999999999996 -87.61474794708258
3.5425 218.29547984698715
3.5475 17.06319529109891
3.5524999999999998 208.30522646485903
3.5574999999999997 -245.8454649456301
3.5625 -148.49632320127805
3.5675 20.654926482658773
3.5725 -48.777226722541656
3.5774999999999997 222.61809586381565
3.5825 164.90260176396058
3.5875 128.7411686852023
3.5925 -420.48683713844
3.5974999999999997 78.13642005914531
3.6025 -122.90058535643767
3.6075 416.54788016446633
3.6125 -61.20635721366467
3.6174999999999997 38.241489312041445
3.6225 -75.09290511621921
3.6275 -285.2130103373149
3.6325 3.4072792010457205
3.6374999999999997 80.20479869565806
3.6424999999999996 -86.76817757829477
3.6475 -59.63311994385019
3.6525 -96.305319520649
3.6574999999999998 -0.6282319684500798
3.6624999999999996 86.1055591625273
3.6675 -22.682632601353863
3.6725 167.27583323165655
3.6774999999999998 -112.51317091578971
3.6824999999999997 -41.61753983025827
3.6875 2.0985806971839946
3.6925 3.8878791662261736
3.6975 236.17390234554236
3.7024999999999997 -324.44335311206896
3.7075 318.99799733939085
3.7125 -30.125669561221635
3.7175 164.47975765076282
3.7224999999999997 -82.25772878720838
3.7275 64.9997534557586
3.7325 -82.72347944317441
3.7375 177.5902244671962
3.7424999999999997 79.93932883788429
3.7474999999999996 198.5292281533075
3.7525 -395.165958493937
3.7575 207.80970613484186
3.7624999999999997 -74.35533065083257
3.7674999999999996 -16.610839409442065
3.7725 -71.71307786009301
3.7775 -25.614927599901034
3.7824999999999998 -93.29141266602558
3.7874999999999996 206.72895854116925
3.7925 40.77337561537651
3.7975 56.18575576616364
3.8024999999999998 -300.6889797435061
3.8074999999999997 179.01531208037426
3.8125 94.8138599033628
3.8175 -215.15435790106864
3.8225 62.08232645142281
3.8274999999999997 65.77274954361185
3.8325 -57.33807643811957
3.8375 -71.37469855199886
3.8425 149.02074830052166
3.8474999999999997 -95.33671875247279
3.8525 160.58920600363152
3.8575 -183.6232918515164
3.8625 18.400690171466966
3.8674999999999997 -69.8917029093804
3.8724999999999996 94.79130000645368
3.8775 -20.44815921079448
3.8825 -133.18257917574618
3.8874999999999997 161.1619964280339
3.8924999999999996 73.62699341634405
3.8975 -14.233444740202124
3.9025 22.936167351518623
3.9074999999999998 -164.92370896814725
3.9124999999999996 -101.6184555177018
3.9175 97.31502030818893
3.9225 76.73577360626889
3.9274999999999998 -70.01349856204627
3.9324999999999997 194.0139598830546
3.9375 -302.5282077482811
3.9425 144.47522612531014
3.9475 -85.72893337622692
3.9524999999999997 193.1502116202007
3.9575 -271.63030917096575
3.9625 238.61403228687394
3.9675 -267.96536945399754
3.9724999999999997 144.18690092233663
3.9775 225.7658977033482
3.9825 35.024679740687255
3.9875 -106.10273504943557
3.9924999999999997 164.09026152012112
3.9974999999999996 -64.46439301138048
4.0024999999999995 -178.5680564956245
4.007499999999999 9.960337597897622
4.0125 79.28183605109345
4.0175 -180.34828328349965
4.0225 -29.029842994062832
4.0275 27.933310147176886
4.0325 -131.93235821542723
4.0375 89.67793287815141
4.0424999999999995 236.30552979360513
4.047499999999999 -112.41117149107919
4.0525 21.849190416707167
4.0575 104.14774829082317
4.0625 1.3089177236149483
4.0675 -48.590926233172
4.0725 -6.248823800982809
4.0775 10.613082754763163
4.0825 114.33146165774134
4.0874999999999995 -156.211579908284
4.0925 -66.47116538713719
4.0975 -110.41607686012547
4.1025 214.5071848722359
4.1075 -260.5993082998126
4.1125 10.616753172408062
4.1175 282.81832059802434
4.1225 14.772242549652859
4.1274999999999995 181.97140360682735
4.132499999999999 -351.8250692862077
4.1375 35.357647866050684
4.1425 -93.97470168865607
4.1475 210.77096689202466
4.1525 -83.62509765522864
4.1575 3.8339840030547188
4.1625 108.5799569466956
4.1674999999999995 -193.73229309355582
4.172499999999999 362.9771102519096
4.1775 -390.66817234108123
4.1825 55.188903940486085
4.1875 115.4647417256512
4.1925 153.71148520620775
4.1975 -193.7871506656559
4.2025 109.82825527674942
4.2075 -91.3339186966221
4.2124999999999995 7.128271869374638
4.2175 -77.639287556009
4.2225 20.101824238900953
4.2275 208.87250113078866
4.2325 93.15257234858537
4.2375 -137.08829859944353
4.2425 -107.06840664827111
4.2475 31.083995094284052
4.2524999999999995 -292.5830111967948
4.257499999999999 0.5531017009718139
4.2625 229.93250938363764
4.2675 46.219143247494905
4.2725 -110.83994206893246
4.2775 -32.70959621281733
4.2825 133.47238229454322
4.2875 1.5094428741972092
4.2924999999999995 104.10008167928366
4.297499999999999 -267.07768886804837
4.3025 37.45845714387721
4.3075 -128.56726440837576
4.3125 245.82468211364883
4.3175 -1.9546559552152742
4.3225 -266.4950348705958
4.3275 396.4633907341307
4.3325 -252.71220791257855
4.3374999999999995 41.65120861579051
4.342499999999999 279.8082383780631
4.3475 -70.85840451867408
4.3525 -22.832155473683404
4.3575 -133.24181837963653
4.3625 258.468997846078
4.3675 -459.1097511887686
4.3725 225.6678569906948
4.3774999999999995 -55.34701454269219
4.382499999999999 -2.5570642051722308
4.3875 -35.31175468441757
4.3925 23.414938160762972
4.3975 128.92528538199878
4.4025 77.61832956862914
4.4075 -68.67606450660674
4.4125 132.490330170729
4.4174999999999995 80.86240769005387
4.422499999999999 -32.36620649646785
4.4275 10.427740480066646
4.4325 -330.9087136586109
4.4375 135.34146227946522
4.4425 23.71851093806904
4.4475 -162.3651110142094
4.4525 -184.7982712732264
4.4575 325.09289939868626
4.4624999999999995 -78.89259135989992
4.467499999999999 207.8971719215192
4.4725 -141.75719573721477
4.4775 -256.3384300130894
4.4825 164.35058616133398
4.4875 -96.13535368261674
4.4925 -14.395663015299203
4.4975 -70.66133681624656
4.5024999999999995 -7.018696007352638
4.507499999999999 224.66499109609703
4.5125 137.40503492422124
4.5175 209.4012927953989
4.5225 -165.62269437511907
4.5275 -77.9822234374672
4.5325 137.08446643156952
4.5375 -200.90913384928865
4.5424999999999995 45.34346086391565
4.547499999999999 -295.5042411243526
4.5525 254.80413096112264
4.5575 37.93834944769342
4.5625 -191.11797937350195
4.5675 9.987379576959805
4.5725 -32.26424115213916
4.5775 162.19771449484546
4.5825 -231.9720254895438
4.5874999999999995 330.2137126298669
4.592499999999999 -83.66767643749105
4.5975 -35.771079527159486
4.6025 -109.15397637019467
4.6075 222.86584083081613
4.6125 147.0044980422905
4.6175 -96.67804152421904
4.6225 -177.14170239821945
4.6274999999999995 298.0666697000468
4.632499999999999 -141.3806657773161
4.6375 -135.1404536874824
4.6425 82.33650447127927
4.6475 58.44790874280285
4.6525 -310.70549541521825
4.6575 177.333941838216
4.6625 89.11160700215615
4.6674999999999995 99.78987486896624
4.672499999999999 -379.7303838142661
4.6775 73.9666916615309
4.6825 34.68737156217504
4.6875 283.5360197531797
4.6925 -117.08833216745032
4.6975 -15.975286869712985
4.7025 -64.21958561867969
4.7075 72.80056547429359
4.7124999999999995 198.40099644027575
4.717499999999999 -172.03804182977973
4.7225 27.981862486785957
4.7275 275.68567196548537
4.7325 -216.3640611856135
4.7375 -159.44000526562445
4.7425 -75.17229714202124
4.7475 84.95041633231372
4.7524999999999995 3.034216393657635
4.757499999999999 117.87996575027762
4.7625 -1.2258334371433863
4.7675 -75.08497978264381
4.7725 -59.60126623471409
4.7775 43.788061976493395
4.7825 66.89697909900885
4.7875 2.191510924384652
4.7924999999999995 -65.97257255937828
4.797499999999999 239.13153156829577
4.8025 -128.5021259923732
4.8075 -231.46136241690905
4.8125 76.21029162043591
4.8175 -4.806096497986035
4.8225 -54.367553448986406
4.8275 -51.1904989380432
4.8325 -4.956530987632698
4.8374999999999995 90.3463647622906
4.842499999999999 227.39181086729332
4.8475 62.659617328406036
4.8525 -249.75271729569005
4.8575 -159.73878836765002
4.8625 358.33266950534414
4.8675 -213.67119626462144
4.8725 41.129719561176934
4.8774999999999995 -106.2060930839612
4.882499999999999 47.02058592739532
4.8875 203.49303049962157
4.8925 -159.65819523866224
4.8975 101.28631101150268
4.9025 2.92995437371504
4.9075 131.8984060462569
4.9125 -55.441591154978276
4.9174999999999995 -182.2508161567089
4.922499999999999 136.52710310385845
4.9275 76.25035192498567
4.9325 -230.61680127742608
4.9375 -45.85637942622029
4.9425 -174.61254584793696
4.9475 304.2883224231948
4.9525 58.06122549371256
4.9575 158.29642936962878
4.9624999999999995 -164.82624855027194
4.967499999999999 11.417498454534107
4.9725 -52.51345804213021
4.9775 5.273761971388382
4.9825 -142.48210993289155
4.9875 256.816272493787
4.9925 -265.29807159595913
4.9975 -59.128916353619815
5.0024999999999995 33.88506187209817
5.007499999999999 137.306926255377
5.0125 -233.29145033303254
5.0175 10.961653544445936
5.0225 64.12693681779788
5.0275 59.458023881664325
5.0325 204.6845878312629
5.0375 -187.64488983672535
5.0424999999999995 187.25004759290914
5.047499999999999 -66.57743745878766
5.0525 -207.60952599878118
5.0575 266.7253208132764
5.0625 65.9573654061549
5.0675 98.18354943016278
5.0725 -384.1287795338021
5.0775 71.03842091131075
5.0825 -20.70351903777629
5.0874999999999995 -151.5054374857623
5.092499999999999 389.27850154753605
5.0975 -165.17956190798935
5.1025 144.62765300144744
5.1075 -385.96743896201434
5.1125 -69.12303621427657
5.1175 189.80278000391507
5.1225 89.816988402018
5.1274999999999995 185.86913114809565
5.132499999999999 -134.6982440552472
5.1375 -124.4288260942009
5.1425 -74.2399639529704
5.1475 34.461323692610755
5.1525 117.08134940644229
5.1575 -43.89020160447344
5.1625 -18.662726200501172
5.1674999999999995 2.101396276217363
5.172499999999999 -140.71949475799553
5.177499999999999 169.8752871157371
5.1825 -73.83289629327354
5.1875 -217.00314255808084
5.1925 298.8201251628082
5.1975 -74.03485637267266
5.2025 15.749418152426022
5.2075 -199.15580215723742
5.2124999999999995 105.46143779422857
5.217499999999999 159.2452257516115
5.2225 295.8569691284853
5.2275 -190.79223724204041
5.2325 -23.19663213020875
5.2375 -11.246997988736327
5.2425 -104.71624366602687
5.2475 42.743895264606685
5.2524999999999995 40.14052818950503
5.257499999999999 -429.01699923014627
5.2625 18.032154001972415
5.2675 452.3240675546408
5.2725 -148.46560332275934
5.2775 164.29382558150516
5.2825 -367.54191514662097
5.2875 419.40408959216876
5.2924999999999995 153.13870208474438
5.297499999999999 -415.7486263266937
5.302499999999999 177.5291889705951
5.3075 3.5378142676040785
5.3125 -116.51398819081722
5.3175 166.42738982350664
5.3225 78.06079352077913
5.3275 -12.121049382614988
5.3325 -180.27748823138432
5.3374999999999995 245.1265311332452
5.342499999999999 -204.91501403478122
5.3475 -290.4916488297444
5.3525 392.8212777016164
5.3575 -74.32154291292524
5.3625 85.92362308382835
5.3675 -25.74159740508725
5.3725 -17.64796148271635
5.3774999999999995 201.89924789137444
5.382499999999999 7.978450284761094
5.3875 27.277469417996414
5.3925 -184.8850130820632
5.3975 -6.410728247081425
5.4025 152.6775937952271
5.4075 -6.682123617416502
5.4125 -149.55085219141586
5.4174999999999995 -152.30455269927913
5.422499999999999 168.1951177793879
5.427499999999999 280.9797832802149
5.4325 -106.38450457352158
5.4375 -329.01116194900504
5.4425 207.04348793095232
5.4475 -339.38458481390876
5.4525 203.74083369275695
5.4575 -154.91934420260068
5.4624999999999995 -5.63822481154273
5.467499999999999 51.094565689709256
5.4725 -87.72323475010845
5.4775 7.984228949036332
5.4825 169.31418047257606
5.4875 292.81893257403794
5.4925 -237.7344279619053
5.4975 241.8354345196654
5.5024999999999995 -191.46847438891174
5.507499999999999 102.01426540092997
5.5125 -46.754139383776234
5.5175 11.098778197568953
5.5225 -56.36846898283531
5.5275 188.99376865018783
5.5325 -301.6808353062606
5.5375 154.49971522472723
5.5424999999999995 31.959557012266636
5.547499999999999 93.67629991847015
5.552499999999999 238.8556960110743
5.5575 -96.56763977217238
5.5625 -141.8841797661529
5.5675 230.44260006375944
5.5725 -178.52959163651613
5.5775 -132.46245478693442
5.5825 -111.18189093516321
5.5874999999999995 -141.71421366495167
5.592499999999999 25.617311647613455
5.5975 -93.28575058560469
5.6025 225.4123199194107
5.6075 183.17635616509958
5.6125 -52.774911809815066
5.6175 15.167218910956167
5.6225 102.19089119033063
5.6274999999999995 -164.94114996539258
5.632499999999999 66.60632633918745
5.6375 -57.40984952482121
5.6425 232.52371002560437
5.6475 93.79137555144989
5.6525 -245.86319121804053
5.6575 11.610647899937847
5.6625 3.0479514454469125
5.6674999999999995 5.179361155975226
5.672499999999999 -172.99578819372823
5.677499999999999 21.4466266307878
5.6825 -168.95027976134472
5.6875 245.74286944319925
5.6925 24.93162370822363
5.6975 218.04304080083506
5.7025 -181.2319561678709
5.7075 -112.23780564152021
5.7124999999999995 9.089997332670142
5.717499999999999 219.92396944235887
5.7225 27.47874288954901
5.7275 -107.32117264897413
5.7325 -91.74394213862188
5.7375 140.23216233839503
5.7425 194.47521344184415
5.7475 25.985042783224323
5.7524999999999995 9.23659541084316
5.757499999999999 -21.6916892151506
5.7625 -8.791628952047471
5.7675 -93.1261660397817
5.7725 -57.727572897722496
5.7775 56.45724206137835
5.7825 86.94669877642012
5.7875 -81.22705856443832
5.7924999999999995 -57.64238089095853
5.797499999999999 -23.81830276986248
5.802499999999999 62.36797636909683
5.8075 -59.09332222389241
5.8125 -69.21300763273113
5.8175 100.85339357958452
5.8225 -140.64055347484936
5.8275 386.2245513627616
5.8325 -58.84217165302455
5.8374999999999995 -224.1378868051395
5.842499999999999 62.17771546632379
5.8475 8.995279924984326
5.8525 -118.74103383453397
5.8575 224.76597508333117
5.8625 -341.2493381035633
5.8675 121.37266670459938
5.8725 -205.47729059560493
5.8774999999999995 133.08958223521128
5.882499999999999 192.710665356645
5.8875 -176.65448034510635
5.8925 38.197756681871745
5.8975 193.24609762970428
5.9025 -269.8327540386131
5.9075 -5.650176235627962
5.9125 -153.54710434008774
5.9174999999999995 93.24761371727504
5.922499999999999 82.05723903285279
5.927499999999999 85.3599364636556
5.9325 -86.64947600322633
5.9375 241.6402491990985
5.9425 -233.74177688585436
5.9475 154.39468685673975
5.9525 30.515688740194108
5.9575 -30.829026599562795
5.9624999999999995 -62.90603852258397
5.967499999999999 -2.37381525049095
5.9725 225.61346036727224
5.9775 -142.33611954476976
5.9825 -152.3247020999942
5.9875 399.2514049230907
5.9925 -153.11468613970845
5.9975 -92.92757866812852
6.0024999999999995 95.95365103479546
6.007499999999999 -217.6634785093589
6.012499999999999 3.808350292558987
6.0175 -164.39781420178255
6.0225 29.59926635240406
6.0275 210.75951555477738
6.0325 -13.055720827977211
6.0375 40.78754068526514
6.0424999999999995 -203.2685447352796
6.047499999999999 -97.86903849510384
6.052499999999999 106.30575201542406
6.0575 -14.167486042963596
6.0625 251.60471182464713
6.0675 -44.93416863690306
6.0725 74.6761883661839
6.0775 58.63637667537336
6.0825 -88.15543833619155
6.0874999999999995 -121.53981926632679
6.092499999999999 -57.256292535328214
6.0975 6.405476183918071
6.1025 -218.07834123399033
6.1075 18.192703884478824
6.1125 -158.67631575369327
6.1175 -10.139803360861707
6.1225 0.041420427586482345
6.1274999999999995 248.3954617480739
6.132499999999999 46.0350391828091
6.137499999999999 295.92490935649437
6.1425 -155.16742438107858
6.1475 23.03495822012913
6.1525 72.74652004163943
6.1575 -391.9519232159558
6.1625 228.37574096488785
6.1674999999999995 -152.07846463065445
6.172499999999999 -20.577509786708433
6.177499999999999 110.08157120191443
6.1825 -5.315613206581137
6.1875 213.47201367054703
6.1925 -113.36699395826187
6.1975 115.57768674263802
6.2025 -194.56851592155493
6.2075 -62.76596890998199
6.2124999999999995 333.05072986819584
6.217499999999999 -151.9620670999311
6.2225 21.078021642607215
6.2275 -7.8676127248976915
6.2325 75.76864066303098
6.2375 108.89644658345871
6.2425 225.6620535885362
6.2475 -99.434727815648
6.2524999999999995 -107.87566730331186
6.257499999999999 -116.07142883991507
6.262499999999999 -32.99772570854039
6.2675 -190.64626794033245
6.2725 17.3882216029581
6.2775 -25.782630974285688
6.2825 -180.86934432667726
6.2875 95.73655163397535
6.2924999999999995 187.34305193507137
6.297499999999999 22.41144000271129
6.302499999999999 15.010590213228337
6.3075 -4.525041773722624
6.3125 -139.71181885831422
6.3175 257.9799796318386
6.3225 -291.27159507854935
6.3275 -127.55852627648537
6.3325 -40.48896785524777
6.3374999999999995 52.26149809509064
6.342499999999999 207.11814992214204
6.3475 158.59068425474698
6.3525 -74.72848925172627
6.3575 69.19819148280712
6.3625 8.113151743787185
6.3675 85.19716013875454
6.3725 -236.84905076237882
6.3774999999999995 235.70030122757333
6.382499999999999 -92.92586714872265
6.387499999999999 -93.16252046466764
6.3925 244.80338911122163
6.3975 142.37162146666878
6.4025 -137.16317675104713
6.4075 -19.067718411000772
6.4125 8.653526922260586
6.4174999999999995 -55.287842348201224
6.422499999999999 127.44242836363603
6.427499999999999 -152.51702197100767
6.4325 -261.8905182386374
6.4375 136.66591980188346
6.4425 258.2713879497771
6.4475 -310.0774929301113
6.4525 495.5176278639635
6.4575 -59.7600341014264
6.4624999999999995 -392.24211279838744
6.467499999999999 131.46648391938882
6.4725 -256.5027077169726
6.4775 -16.035836523496684
6.4825 117.01629045102105
6.4875 90.0793240489262
6.4925 -8.642787457081154
6.4975 -11.865546260128214
6.5024999999999995 -115.15082588142894
6.507499999999999 -27.03898490655578
6.512499999999999 -236.70543445444468
6.5175 123.54400599049086
6.5225 -24.097635842714627
6.5275 183.85215776732318
6.5325 -139.4001283709146
6.5375 -3.2695128761780485
6.5424999999999995 145.3325385909671
6.547499999999999 -260.6313772811673
6.552499999999999 171.3567813135812
6.5575 9.046643928988313
6.5625 -67.374797368161
6.5675 -59.42900740543352
6.5725 127.44498255008848
6.5775 78.5427335094661
6.5825 97.47694863687171
6.5874999999999995 56.12618171265324
6.592499999999999 -160.8704086288569
6.5975 173.39887068569033
6.6025 244.12885795720774
6.6075 -316.0773436202961
6.6125 -139.5802791113112
6.6175 95.78300148377534
6.6225 -244.85646200294178
6.6274999999999995 286.1464230454867
6.632499999999999 -100.40000054901115
6.637499999999999 -24.97703680386056
6.6425 28.683879666101188
6.6475 148.96014627611265
6.6525 -85.5884158171394
6.6575 -86.2730464751864
6.6625 -67.92694560794922
6.6674999999999995 169.64168702040675
6.672499999999999 -86.94592979668553
6.677499999999999 44.27907448519849
6.6825 -79.06188032733759
6.6875 94.69416486542708
6.6925 -120.89916545925497
6.6975 -11.761879265230082
6.7025 -55.81086432917739
6.7075 14.476434572849609
6.7124999999999995 -230.22952293749907
6.717499999999999 402.34289425366853
6.722499999999999 -63.22471032356226
6.7275 34.699914195354644
6.7325 -4.388357862834552
6.7375 -148.19870501670465
6.7425 131.3255479874289
6.7475 211.67714970409648
6.7524999999999995 -100.48522334654476
6.757499999999999 105.73533379613043
6.762499999999999 -209.0623759646805
6.7675 -99.15400863182319
6.7725 -4.833294221679131
6.7775 12.961131188827034
6.7825 13.82779042946646
6.7875 171.69093268056443
6.7924999999999995 -93.28508272854735
6.797499999999999 117.07631034566519
6.802499999999999 -64.74713150717132
6.8075 58.1158179230739
6.8125 9.659513671898601
6.8175 -230.07003148769974
6.8225 96.86585679774035
6.8275 80.63378306729781
6.8325 135.35139164475828
6.8374999999999995 -370.81135420390257
6.842499999999999 212.13357233586927
6.847499999999999 134.68640497141664
6.8525 171.11935158337815
6.8575 -272.51384241130154
6.8625 -19.0154161438213
6.8675 45.93485996628968
6.8725 -61.02601699160862
6.8774999999999995 159.8553811697502
6.882499999999999 -153.33854029851886
6.887499999999999 29.830561877051423
6.8925 -17.369407126850746
6.8975 98.11254795488547
6.9025 -136.8887279298246
6.9075 -138.712866549491
6.9125 343.45791599629257
6.9174999999999995 -20.26380428028662
6.922499999999999 -36.72860550354244
6.927499999999999 56.848503003142646
6.9325 -195.04888745606812
6.9375 -55.66360207831266
6.9425 32.514660376435344
6.9475 7.849548280358986
6.9525 21.790932964664854
6.9575 -15.4884195354773
6.9624999999999995 93.61116875606236
6.967499999999999 181.86087105980187
6.972499999999999 -159.48348920111613
6.9775 73.01598559390682
6.9825 -76.45484007131684
6.9875 -54.75296690778943
6.9925 -180.68624425161755
6.9975 99.25877146231846
7.0024999999999995 10.619656189332199
7.007499999999999 -1.6093301047428
7.012499999999999 -13.31527648945544
7.0175 -67.86998413150685
7.0225 -44.65685683333619
7.0275 13.08979120935989
7.0325 254.3782027707484
7.0375 7.470648385184
7.0424999999999995 -80.11430699214691
7.047499999999999 14.206222673379168
7.052499999999999 -146.96783742030627
7.0575 58.03640010671266
7.0625 7.912006435523687
7.0675 -17.816420941556
7.0725 174.28583564941385
7.0775 -308.6511552643189
7.0825 229.85122543609975
7.0874999999999995 49.89691304395184
7.092499999999999 56.052135800025745
7.097499999999999 -57.9014144251974
7.1025 91.41097812424563
7.1075 -90.9344420143224
7.1125 31.067389197977402
7.1175 91.90416454023944
7.1225 44.63853014091743
7.1274999999999995 28.063251701912364
7.132499999999999 -356.2565950185991
7.137499999999999 167.11779736943836
7.1425 -279.42039494856215
7.1475 187.48725813625506
7.1525 149.33720319898052
7.1575 -54.91083934207636
7.1625 37.117740961108765
7.1674999999999995 -9.971689969219524
7.172499999999999 -3.3039951170010564
7.177499999999999 -90.7804469800764
7.1825 173.36003589324844
7.1875 -315.71251036981437
7.1925 32.050147140973095
7.1975 130.1614942558418
7.2025 19.49997522300834
7.2075 -66.53937273165234
7.2124999999999995 -36.9531982460713
7.217499999999999 65.48874219507319
7.222499999999999 -102.33313665109249
7.2275 -70.15564599236626
7.2325 46.77538613331003
7.2375 218.2161369021983
7.2425 -39.55458708001452
7.2475 81.31803291984312
7.2524999999999995 -292.57691311118043
7.257499999999999 289.87578632929075
7.262499999999999 81.36116282727595
7.2675 -115.15967414858727
7.2725 133.18734924493833
7.2775 -236.34598248309132
7.2825 212.33756092170037
7.2875 -144.85010591706938
7.2924999999999995 -30.71205897905502
7.297499999999999 -112.23499710225683
7.302499999999999 136.26731361674908
7.3075 -151.33955247738592
7.3125 -71.43348003925558
7.3175 353.6402151589503
7.3225 -109.60886341101896
7.3275 246.63030876899387
7.3325 -162.9590512761718
7.3374999999999995 -120.84822068342254
7.342499999999999 293.35355560250997
7.347499999999999 55.556449673556564
7.3525 102.1444510777826
7.3575 -174.97673775563516
7.3625 26.445744279303987
7.3675 -269.86361520597336
7.3725 87.06340033309777
7.3774999999999995 -91.90525741518564
7.382499999999999 -161.15027330303135
7.387499999999999 103.71356606882819
7.3925 31.5465522605737
7.3975 -88.64345914002912
7.4025 15.761703406351545
7.4075 2.445847155651988
7.4125 89.17580759908084
7.4174999999999995 48.49871314141856
7.422499999999999 -153.80692422321331
7.427499999999999 58.311500369827904
7.4325 22.7434206862257
7.4375 179.99925323106558
7.4425 -205.3599635520744
7.4475 93.88471263788041
7.4525 -57.10366505864241
7.4575 68.53174869554644
7.4624999999999995 4.478312175305981
7.467499999999999 185.36470221943344
7.472499999999999 164.78062873540793
7.4775 -87.44583189007746
7.4825 10.630343086509582
7.4875 -284.37927827204624
7.4925 -39.72992485467663
7.4975 238.43230898028844
7.5024999999999995 26.138070934669173
7.507499999999999 68.85079554520516
7.512499999999999 129.80147515535498
7.5175 -206.39300729579801
7.5225 -88.4252839044537
7.5275 92.93079432979073
7.5325 -223.68513090664604
7.5375 45.67059621191209
7.5424999999999995 330.4006170097857
7.547499999999999 -241.63409032145174
7.552499999999999 -76.4701822960148
7.557499999999999 -106.8126657197225
7.5625 -61.030483758561154
7.5675 286.81400535439377
7.5725 -241.17793638519885
7.5775 69.86208942611383
7.5825 55.63195337780532
7.5874999999999995 217.56058181004022
7.592499999999999 -59.606245917991984
7.597499999999999 167.9087296069567
7.6025 -165.962053198125
7.6075 68.28930085939567
7.6125 -54.136628861004326
7.6175 -40.1437009546249
7.6225 40.872480576154445
7.6274999999999995 -39.31025561195055
7.632499999999999 -64.36922112732901
7.637499999999999 -58.11444733907055
7.6425 84.35787797146227
7.6475 26.277192316570876
7.6525 -178.04592785817002
7.6575 86.778381955163
7.6625 -172.59565793128792
7.6674999999999995 103.13036520625299
7.672499999999999 117.25279645813427
7.677499999999999 -91.07326351518114
7.682499999999999 -56.383140258240545
7.6875 183.53388016056797
7.6925 31.66557963882883
7.6975 -13.529792097313777
7.7025 -134.18180241702555
7.7075 -2.1991204551943113
7.7124999999999995 34.24581087172733
7.717499999999999 139.12301749685744
7.722499999999999 -139.83101124351444
7.7275 -205.010496737836
7.7325 -24.28184885935462
7.7375 170.60936485500002
7.7425 -0.12892805813028202
7.7475 78.05944866154273
7.7524999999999995 -62.29435300714912
7.757499999999999 133.0315329498254
7.762499999999999 -374.6278195748654
7.7675 362.8663250626716
7.7725 -112.81735108708189
7.7775 245.89877929488156
7.7825 -102.5369657565269
7.7875 -49.86500880637322
7.7924999999999995 -68.6569271221714
7.797499999999999 141.5221579497933
7.802499999999999 112.56725713963442
7.807499999999999 -82.84387345789831
7.8125 -14.684124893433223
7.8175 -142.01781039063414
7.8225 -85.38374904486884
7.8275 -82.22630430666473
7.8325 -7.849624599360708
7.8374999999999995 84.80527496018995
7.842499999999999 79.03984966323007
7.847499999999999 -7.654690341992552
7.8525 109.93337549070795
7.8575 74.7010091477268
7.8625 -347.14883693838334
7.8675 454.85399311755407
7.8725 -160.77969112636825
7.8774999999999995 -181.0915965759585
7.882499999999999 119.82088481152081
7.887499999999999 -164.10680090047023
7.8925 122.06514716672696
7.8975 16.912413681578897
7.9025 -43.17705625940794
7.9075 203.89340485128287
7.9125 -32.40630936859874
7.9174999999999995 71.96892231273577
7.922499999999999 -280.4321620072815
7.927499999999999 61.10262890039619
7.932499999999999 40.24550102883952
7.9375 248.8771122837884
7.9425 7.588640588289901
7.9475 22.26540096122589
7.9525 188.05968933501137
7.9575 -138.46904608977735
7.9624999999999995 45.5656173854835
7.967499999999999 -115.52025800968683
7.972499999999999 9.595081486279007
7.9775 -68.70585128664102
7.9825 -133.50016872722549
7.9875 71.24798986359711
7.9925 -17.118703153727452
7.9975 -55.96056089302809
8.0025 6.12376195821219
8.0075 37.92493230402166
8.0125 103.39738697145143
8.0175 -33.60881853455541
8.022499999999999 75.84923089716007
8.0275 65.63066211581736
8.032499999999999 29.35451552458408
8.0375 -243.42521281463505
8.0425 89.89537235907484
8.0475 -48.09250736010321
8.0525 125.98463766346653
8.0575 -13.746408583071247
8.0625 -174.59759587659093
8.067499999999999 208.08437374816805
8.0725 -156.56932075498491
8.077499999999999 7.079896149041535
8.0825 -61.52937265141296
8.0875 90.58972868963099
8.0925 11.446502306878308
8.0975 -107.7691449250734
8.1025 -5.200778899548228
8.1075 245.23838807811953
8.112499999999999 -61.58948636579544
8.1175 -70.40190254145642
8.1225 -10.876334624445494
8.1275 76.85601761467906
8.1325 -260.89296868622426
8.1375 -120.35477869746131
8.1425 125.3064309929089
8.147499999999999 296.1590734887228
8.1525 -201.06446038694568
8.157499999999999 60.411384542927514
8.1625 -38.02241311749225
8.1675 -90.28044001384937
8.1725 128.79161429528816
8.1775 -2.391550922968033
8.1825 40.25674406784584
8.1875 -55.58727597102809
8.192499999999999 163.88063717076628
8.1975 -92.46132509625801
8.202499999999999 33.377886972595576
8.2075 -24.971859217516133
8.2125 142.93054788648584
8.2175 -78.83028150045062
8.2225 -58.10197155080969
8.2275 -15.25555631326697
8.2325 205.31109649527156
8.237499999999999 8.097230021014077
8.2425 -228.52222949897654
8.2475 160.67447380305927
8.2525 -88.6807859742646
8.2575 14.196352257935729
8.2625 -52.14856334169369
8.2675 -67.38263032942743
8.272499999999999 172.07443546684243
8.2775 -157.004368539727
8.282499999999999 138.7954516044237
8.2875 -305.2631784546536
8.2925 36.12507628535157
8.2975 -149.52878073611777
8.3025 67.24513112106578
8.3075 1.353381700356323
8.3125 49.908468003981575
8.317499999999999 24.938131218965317
8.3225 -42.19181163280094
8.327499999999999 210.56210356154298
8.3325 144.63585216233764
8.3375 -367.9095770687924
8.3425 164.23798115865824
8.3475 257.5574068458505
8.3525 -441.4730530748616
8.3575 246.05465375033722
8.362499999999999 82.30569633246677
8.3675 -10.16834640433689
8.3725 -196.4825030597662
8.3775 106.60896214588747
8.3825 -156.40891321399596
8.3875 196.60234047211546
8.3925 96.45896782977508
8.397499999999999 126.68381858031205
8.4025 23.077410163171326
8.407499999999999 -252.45843308651956
8.4125 101.16764101671079
8.4175 -89.21991813989358
8.4225 185.97205936189866
8.4275 27.062822028275622
8.4325 -145.7291369284337
8.4375 136.9550578268974
8.442499999999999 -66.23592364376285
8.4475 163.67696859840444
8.452499999999999 -157.35635414419116
8.4575 -2.2916122428885224
8.4625 368.5152225602672
8.4675 -137.8052659803776
8.4725 -84.002316163845
8.4775 -179.21973647402206
8.4825 33.281435544556835
8.487499999999999 -161.09223849193893
8.4925 81.02709646387049
8.4975 62.78370781450301
8.5025 128.50425029231081
8.5075 27.945808337696437
8.5125 -74.49505732136862
8.5175 245.33171858532575
8.522499999999999 -34.806842906485016
8.5275 -429.9512894423572
8.532499999999999 153.16361030417804
8.5375 -47.662328464502025
8.5425 150.5204061576067
8.5475 -71.7725248358863
8.5525 130.6801431909154
8.5575 0.9767282155216881
8.5625 -395.15452617064807
8.567499999999999 111.67882369305018
8.5725 -1.2362772977756307
8.577499999999999 172.1537330149837
8.5825 -65.69177126683437
8.5875 154.5939197160877
8.5925 26.82076572176214
8.5975 -91.96040848648114
8.6025 -20.698939897672954
8.6075 5.913354417998288
8.612499999999999 46.9984371004196
8.6175 33.59248863670758
8.6225 -4.39347334130172
8.6275 -89.63111465758362
8.6325 -73.50591095159083
8.6375 -68.50352513920261
8.6425 165.7845902024339
8.647499999999999 77.09981774458964
8.6525 -58.33109277341489
8.657499999999999 -27.649542578467337
8.6625 -90.69690491117899
8.6675 78.26331197894342
8.6725 61.2179905980479
8.6775 -228.43964681256458
8.6825 61.15526716855996
8.6875 244.92363325121627
8.692499999999999 -3.13601173083077
8.6975 -214.70224518754142
8.702499999999999 244.36818197766732
8.7075 61.72827391785685
8.7125 -145.34809240351808
8.7175 80.1062129672608
8.7225 -142.15597015311414
8.7275 -23.34357752563185
8.7325 140.24645872960042
8.737499999999999 -116.23074344016557
8.7425 207.9403947933912
8.747499999999999 -57.8219713446149
8.7525 -85.86872787856537
8.7575 -45.752020165342735
8.7625 -57.91740799309971
8.7675 -81.91100682534235
8.772499999999999 238.21581065739912
8.7775 -122.33057070676178
8.782499999999999 -170.0433839277341
8.7875 -30.263303775265637
8.7925 -59.453643442358455
8.7975 244.43048854750447
8.8025 -112.2891133273643
8.8075 110.61069926226244
8.8125 39.0340297751444
8.817499999999999 -202.79961289278657
8.8225 86.85364328078906
8.827499999999999 -117.55175667287764
8.8325 195.39711290226816
8.8375 195.33408393360432
8.8425 28.231741688352706
8.8475 -140.84330648235948
8.8525 55.131894435706414
8.8575 -171.69060036394572
8.862499999999999 13.636824497018893
8.8675 -9.779163181602248
8.872499999999999 -59.035559266347455
8.8775 -117.69983764241256
8.8825 293.9309546419405
8.8875 -33.73760027073756
8.8925 -236.90009745039546
8.897499999999999 218.9431711213169
8.9025 -66.26374823594594
8.907499999999999 -46.33871643819683
8.9125 70.26790203298582
8.9175 -7.140805028471274
8.9225 159.2956834016778
8.9275 -232.01866771586197
8.9325 245.2823412438873
8.9375 -63.106117437279
8.942499999999999 149.27853046630125
8.9475 -369.57040381470074
8.952499999999999 -120.99736959264361
8.9575 -83.219115830708
8.9625 126.6195707034368
8.9675 45.51920530043091
8.9725 150.14053122139245
8.9775 55.864403753691676
8.9825 187.63159631667796
8.987499999999999 -233.53992911381377
8.9925 153.54362708846787
8.997499999999999 -57.443311985879824
9.0025 26.316966095902956
9.0075 84.54270627715752
9.0125 69.6892205711574
9.0175 -21.133592928957874
9.022499999999999 -9.859763152983263
9.0275 207.66361656491395
9.032499999999999 -360.4520863426743
9.0375 222.51421793898692
9.0425 88.17088003876071
9.0475 -101.65975488756143
9.0525 13.601090624567638
9.0575 -44.37493299354454
9.0625 125.221772133585
9.067499999999999 -131.60867885170813
9.0725 -63.56472621369766
9.077499999999999 -16.578504890595113
9.0825 -45.84019940310169
9.0875 114.00951100165156
9.0925 -1.8590016659910724
9.0975 16.22706404590188
9.1025 -48.390201468924886
9.1075 66.08318168857444
9.112499999999999 -36.126660299390764
9.1175 -164.37558510827054
9.122499999999999 236.8637208535237
9.1275 -61.33716666677189
9.1325 -224.0234693577574
9.1375 243.52357248088586
9.1425 -59.3113250837915
9.147499999999999 4.993769133924798
9.1525 1.4241573108639012
9.157499999999999 -18.267012012090262
9.1625 38.933348958565375
9.1675 7.445049149823529
9.1725 -27.55740672680702
9.1775 -39.973470368607344
9.1825 -60.534398931100206
9.1875 145.1338925984255
9.192499999999999 -174.8734230124053
9.1975 134.0026904045593
9.202499999999999 -126.10284921791013
9.2075 -1.8012529195705824
9.2125 -154.376871896386
9.2175 86.4309541741155
9.2225 -60.48107379192093
9.2275 48.873830245797826
9.2325 255.08755736415682
9.237499999999999 5.517838165550035
9.2425 -153.03704260855275
9.247499999999999 -48.10187314904388
9.2525 136.3608388689942
9.2575 -86.47666609811954
9.2625 -130.3141046265445
9.2675 129.21848667013973
9.272499999999999 -84.71260790196075
9.2775 152.22508132803222
9.282499999999999 -56.416491661993206
9.2875 -48.221146985040775
9.2925 247.43833830508086
9.2975 -255.50580654711294
9.3025 6.692380628079013
9.3075 83.46175446436307
9.3125 -232.84772813713388
9.317499999999999 35.24738486984421
9.3225 31.08713792393343
9.327499999999999 37.484621403019396
9.3325 -231.87071175158846
9.3375 196.87837524824835
9.3425 157.65496355469557
9.3475 -19.414976119100466
9.3525 -3.3051070059054592
9.3575 -128.48781249518467
9.362499999999999 266.20955864444295
9.3675 20.23002989820459
9.372499999999999 -115.10124589988246
9.3775 -66.95327436319998
9.3825 83.4128584589734
9.3875 -40.87696602810395
9.3925 15.363413747697601
9.397499999999999 -133.6784154401136
9.4025 80.0863479206194
9.407499999999999 101.26680650635215
9.4125 217.20313071237686
9.4175 -56.88352105599154
9.4225 -80.63090741994672
9.4275 44.653869733925674
9.4325 -86.04936258670047
9.4375 80.49981084949162
9.442499999999999 -122.80262557543904
9.4475 -1.7652706156102735
9.452499999999999 -42.47427694275136
9.4575 226.38162361190967
9.4625 -5.987261212928253
9.4675 -43.99031338394392
9.4725 3.003895643780266
9.4775 80.25102182538913
9.4825 -236.64470222718703
9.487499999999999 189.97963863206323
9.4925 -73.94013935974031
9.497499999999999 -32.947334377054915
9.5025 -203.80962882516988
9.5075 34.27485472575519
9.5125 171.65306904741942
9.5175 -200.13266616794837
9.522499999999999 157.10481987296293
9.5275 -123.89772956284251
9.532499999999999 22.15529119515305
9.5375 154.6616678307476
9.5425 -213.06117374681332
9.5475 31.512233184513
9.5525 147.4294371120855
9.5575 21.981915476757624
9.5625 -54.733374857835756
9.567499999999999 -153.43847441426155
9.5725 -60.95753884622186
9.577499999999999 174.63449164005115
9.5825 87.55684103611024
9.5875 -229.7937448588612
9.5925 322.522309887395
9.5975 -130.8707870045419
9.6025 -196.94374615758912
9.6075 239.32395019346575
9.612499999999999 -67.0103718980006
9.6175 449.595787721991
9.622499999999999 90.25965532323723
9.6275 -272.86553747722115
9.6325 231.89835896788483
9.6375 -121.53316056501097
9.6425 33.45302829317064
9.647499999999999 178.22815421224445
9.6525 -188.29660246452343
9.657499999999999 -169.59366763086098
9.6625 1.4850419787482645
9.6675 -159.47076445500826
9.6725 -64.66379378898024
9.6775 210.75552407098732
9.6825 -225.16499477271194
9.6875 1.1447326552096908
9.692499999999999 -58.435295317169924
9.6975 157.99699426647646
9.702499999999999 -14.095580384892585
9.7075 -12.296846518716782
9.7125 -6.63225862387393
9.7175 234.95903436993262
9.7225 116.1353386351263
9.7275 -58.43171885084784
9.7325 -140.65201527306317
9.737499999999999 95.44618441248801
9.7425 -244.6501591091757
9.747499999999999 171.60407882753796
9.7525 -36.68672966205086
9.7575 -42.53999839316212
9.7625 13.066143371922768
9.7675 252.68989118379906
9.772499999999999 -127.19803426135684
9.7775 -37.82959065953555
9.782499999999999 233.9508124604278
9.7875 -243.17942246937784
9.7925 -65.54612303127158
9.7975 267.7220973068359
9.8025 -380.58027866508576
9.8075 122.88399334229426
9.8125 137.84587295267332
9.817499999999999 14.609278585275158
9.8225 178.41199194993118
9.827499999999999 22.473261683718526
9.8325 -85.0870097130756
9.8375 133.939085095848
9.8425 -380.0300195837592
9.8475 78.35486714826824
9.8525 -237.1736474508921
9.8575 64.8051956616041
9.862499999999999 -72.46197464413862
9.8675 61.178623414776716
9.872499999999999 14.358266178117317
9.8775 137.0894271666815
9.8825 14.16092866170182
9.8875 95.57632804809744
9.8925 20.878558510409267
9.897499999999999 -44.73722271591709
9.9025 -164.57291709813762
9.907499999999999 239.62883144689792
9.9125 -213.34015101521604
9.9175 316.842353977295
9.9225 -269.3070832290431
9.9275 36.810993050162075
9.9325 -174.08713912842975
9.9375 64.59241262666934
9.942499999999999 -131.8104449755753
9.9475 -173.095042108144
9.952499999999999 10.584231869383618
9.9575 156.5543786129158
9.9625 314.81723545106365
9.9675 -170.4485247958065
9.9725 -41.427280901252516
9.9775 -73.18664225048916
9.9825 117.80818772915775
9.987499999999999 -283.889128562814
9.9925 39.103059259526354
9.997499999999999 82.17401184252944
10.0025 -126.81028294099589
